2 0.13701923076923078 0.8064903846153846 0.1971153846153846 0.28846153846153844
2 0.13581730769230768 0.49158653846153844 0.20192307692307693 0.3076923076923077
2 0.14302884615384615 0.19110576923076922 0.1875 0.2644230769230769
2 0.34615384615384615 0.8317307692307693 0.18269230769230768 0.24759615384615385
2 0.36658653846153844 0.4879807692307692 0.2091346153846154 0.2932692307692308
2 0.359375 0.2091346153846154 0.15384615384615385 0.18269230769230768
2 0.5841346153846154 0.828125 0.21153846153846154 0.27884615384615385
2 0.5853365384615384 0.48197115384615385 0.21634615384615385 0.30288461538461536
2 0.6105769230769231 0.20192307692307693 0.20432692307692307 0.22596153846153846
2 0.8485576923076923 0.6670673076923077 0.2403846153846154 0.3076923076923077
2 0.8509615384615384 0.3004807692307692 0.22596153846153846 0.28125
