3 0.07109375 0.25703125 0.13203125 0.3671875
3 0.25390625 0.19609375 0.13046875 0.371875
3 0.409375 0.1671875 0.13203125 0.31015625
3 0.62109375 0.15 0.1265625 0.3
3 0.76328125 0.15390625 0.1484375 0.3078125
3 0.9359375 0.1734375 0.121875 0.346875
3 0.9359375 0.7390625 0.12421875 0.30078125
3 0.8015625 0.7484375 0.11953125 0.290625
3 0.67734375 0.73671875 0.12265625 0.34453125
3 0.5390625 0.74140625 0.12265625 0.325
3 0.36328125 0.7609375 0.12265625 0.30078125
3 0.203125 0.79453125 0.13203125 0.3421875
3 0.0703125 0.784375 0.13671875 0.3375
