3 0.0578125 0.4890625 0.0890625 0.29765625
3 0.4453125 0.4921875 0.08203125 0.29375
3 0.31484375 0.496875 0.0859375 0.309375
3 0.18359375 0.496875 0.08203125 0.309375
3 0.5734375 0.496875 0.0875 0.3203125
3 0.8296875 0.53828125 0.3171875 0.86796875
3 0.21171875 0.76796875 0.1171875 0.1265625
3 0.05625 0.83125 0.08203125 0.303125
3 0.4953125 0.90703125 0.225 0.1234375
3 0.57265625 0.15703125 0.0890625 0.28671875
3 0.06953125 0.17734375 0.12265625 0.2640625
3 0.2 0.1796875 0.10078125 0.2640625
3 0.31328125 0.18125 0.0921875 0.2671875
3 0.44375 0.19375 0.0953125 0.24140625
