0 0.9362980769230769 0.3293269230769231 0.02403846153846154 0.019230769230769232
0 0.8533653846153846 0.33774038461538464 0.019230769230769232 0.03365384615384615
0 0.96875 0.3329326923076923 0.03365384615384615 0.03365384615384615
0 0.9831730769230769 0.33774038461538464 0.02403846153846154 0.055288461538461536
0 0.6983173076923077 0.35216346153846156 0.019230769230769232 0.02403846153846154
0 0.7548076923076923 0.3545673076923077 0.028846153846153848 0.03365384615384615
0 0.9375 0.3473557692307692 0.02403846153846154 0.028846153846153848
0 0.9002403846153846 0.35336538461538464 0.03365384615384615 0.055288461538461536
0 0.7295673076923077 0.36177884615384615 0.02403846153846154 0.02403846153846154
0 0.875 0.359375 0.03365384615384615 0.055288461538461536
0 0.6850961538461539 0.36899038461538464 0.02403846153846154 0.038461538461538464
0 0.8329326923076923 0.36778846153846156 0.019230769230769232 0.028846153846153848
0 0.7776442307692307 0.3701923076923077 0.019230769230769232 0.02403846153846154
0 0.5576923076923077 0.37740384615384615 0.04807692307692308 0.04807692307692308
0 0.41586538461538464 0.38461538461538464 0.02403846153846154 0.03365384615384615
0 0.8028846153846154 0.3737980769230769 0.016826923076923076 0.038461538461538464
0 0.5961538461538461 0.38341346153846156 0.038461538461538464 0.02403846153846154
0 0.8233173076923077 0.3786057692307692 0.014423076923076924 0.03365384615384615
0 0.46875 0.390625 0.028846153846153848 0.038461538461538464
0 0.34134615384615385 0.3954326923076923 0.03365384615384615 0.02403846153846154
0 0.5108173076923077 0.390625 0.028846153846153848 0.03365384615384615
0 0.2091346153846154 0.40024038461538464 0.019230769230769232 0.028846153846153848
0 0.5360576923076923 0.3918269230769231 0.028846153846153848 0.038461538461538464
0 0.3870192307692308 0.39903846153846156 0.038461538461538464 0.038461538461538464
0 0.71875 0.38822115384615385 0.019230769230769232 0.038461538461538464
0 0.2764423076923077 0.4026442307692308 0.02403846153846154 0.038461538461538464
0 0.23918269230769232 0.4050480769230769 0.014423076923076924 0.02403846153846154
0 0.9615384615384616 0.38221153846153844 0.05048076923076923 0.07692307692307693
0 0.7668269230769231 0.390625 0.03365384615384615 0.05048076923076923
0 0.18629807692307693 0.41346153846153844 0.019230769230769232 0.02403846153846154
0 0.15625 0.41466346153846156 0.019230769230769232 0.02403846153846154
0 0.22596153846153846 0.41225961538461536 0.019230769230769232 0.019230769230769232
0 0.6682692307692307 0.39903846153846156 0.038461538461538464 0.0673076923076923
0 0.036057692307692304 0.4206730769230769 0.03365384615384615 0.05048076923076923
0 0.8557692307692307 0.40024038461538464 0.028846153846153848 0.05048076923076923
0 0.10697115384615384 0.42788461538461536 0.019230769230769232 0.03365384615384615
0 0.8269230769230769 0.4026442307692308 0.03365384615384615 0.04807692307692308
0 0.4254807692307692 0.41947115384615385 0.028846153846153848 0.038461538461538464
0 0.2848557692307692 0.42427884615384615 0.038461538461538464 0.052884615384615384
0 0.015625 0.4362980769230769 0.03125 0.06009615384615385
0 0.37740384615384615 0.42427884615384615 0.04807692307692308 0.04807692307692308
0 0.2548076923076923 0.43028846153846156 0.02403846153846154 0.038461538461538464
0 0.5396634615384616 0.4206730769230769 0.038461538461538464 0.052884615384615384
0 0.8004807692307693 0.41225961538461536 0.03365384615384615 0.038461538461538464
0 0.7319711538461539 0.4170673076923077 0.02403846153846154 0.03365384615384615
0 0.11778846153846154 0.4387019230769231 0.02403846153846154 0.03365384615384615
0 0.04807692307692308 0.44350961538461536 0.02403846153846154 0.04326923076923077
0 0.19951923076923078 0.4387019230769231 0.03365384615384615 0.04807692307692308
0 0.0829326923076923 0.44711538461538464 0.019230769230769232 0.02403846153846154
0 0.6081730769230769 0.42908653846153844 0.038461538461538464 0.057692307692307696
0 0.16466346153846154 0.44711538461538464 0.03365384615384615 0.038461538461538464
0 0.3401442307692308 0.4411057692307692 0.038461538461538464 0.057692307692307696
0 0.8882211538461539 0.4266826923076923 0.03365384615384615 0.05048076923076923
0 0.3076923076923077 0.4495192307692308 0.038461538461538464 0.052884615384615384
0 0.5805288461538461 0.4423076923076923 0.04567307692307692 0.07692307692307693
0 0.18389423076923078 0.4579326923076923 0.019230769230769232 0.03365384615384615
0 0.26322115384615385 0.46033653846153844 0.03365384615384615 0.05048076923076923
0 0.1310096153846154 0.4651442307692308 0.019230769230769232 0.03365384615384615
0 0.49158653846153844 0.453125 0.0625 0.0889423076923077
0 0.23317307692307693 0.4675480769230769 0.038461538461538464 0.0625
0 0.7692307692307693 0.45552884615384615 0.057692307692307696 0.07211538461538461
0 0.0889423076923077 0.4795673076923077 0.019230769230769232 0.03365384615384615
0 0.8257211538461539 0.45913461538461536 0.038461538461538464 0.0673076923076923
0 0.6838942307692307 0.4639423076923077 0.07211538461538461 0.0889423076923077
0 0.4338942307692308 0.47475961538461536 0.038461538461538464 0.052884615384615384
0 0.5576923076923077 0.4831730769230769 0.07692307692307693 0.09615384615384616
0 0.9326923076923077 0.4795673076923077 0.05048076923076923 0.07692307692307693
0 0.37259615384615385 0.5024038461538461 0.057692307692307696 0.07211538461538461
0 0.8653846153846154 0.48677884615384615 0.052884615384615384 0.07692307692307693
0 0.8076923076923077 0.7668269230769231 0.07211538461538461 0.0889423076923077