0 0.51640625 0.11328125 0.0234375 0.028125
0 0.91875 0.01171875 0.0234375 0.0234375
0 0.6921875 0.0140625 0.0234375 0.028125
0 0.67578125 0.11796875 0.0375 0.065625
0 0.5484375 0.12734375 0.0375 0.0234375
0 0.40078125 0.1296875 0.0375 0.065625
0 0.63203125 0.13203125 0.040625 0.05
0 0.98828125 0.13671875 0.0140625 0.059375
0 0.4375 0.13671875 0.03125 0.06875
0 0.75234375 0.0140625 0.028125 0.028125
0 0.490625 0.1484375 0.046875 0.05625
0 0.84296875 0.15078125 0.040625 0.05625
0 0.71328125 0.01640625 0.03125 0.03125
0 0.90703125 0.16875 0.046875 0.046875
0 0.346875 0.17109375 0.05 0.05625
0 0.28671875 0.1734375 0.05 0.06875
0 0.75234375 0.17578125 0.0375 0.05
0 0.95859375 0.178125 0.040625 0.075
0 0.40078125 0.18046875 0.0375 0.0375
0 0.81015625 0.1828125 0.0375 0.040625
0 0.553125 0.1828125 0.05 0.06875
0 0.59296875 0.18515625 0.0375 0.078125
0 0.70390625 0.18984375 0.040625 0.065625
0 0.20390625 0.1921875 0.05 0.059375
0 0.98359375 0.1921875 0.03125 0.06875
0 0.52109375 0.196875 0.0375 0.05625
0 0.25234375 0.20859375 0.046875 0.075
0 0.8515625 0.215625 0.0375 0.078125
0 0.4953125 0.2265625 0.040625 0.084375
0 0.45625 0.2265625 0.046875 0.0875
0 0.4140625 0.23125 0.046875 0.084375
0 0.89375 0.2359375 0.05 0.084375
0 0.31953125 0.2359375 0.0234375 0.09375
0 0.81484375 0.24296875 0.040625 0.0875
0 0.8703125 0.02578125 0.028125 0.0375
0 0.678125 0.24765625 0.0375 0.05625
0 0.3796875 0.24765625 0.0234375 0.046875
0 0.33828125 0.25234375 0.03125 0.075
0 0.18984375 0.2546875 0.05625 0.06875
0 0.759375 0.25703125 0.040625 0.05625
0 0.115625 0.26640625 0.05625 0.084375
0 0.028125 0.26640625 0.05625 0.05625
0 0.39375 0.26875 0.046875 0.0234375
0 0.53671875 0.278125 0.040625 0.078125
0 0.73359375 0.278125 0.0375 0.03125
0 0.5671875 0.284375 0.0375 0.06875
0 0.6921875 0.29609375 0.040625 0.040625
0 0.26875 0.2984375 0.05 0.06875
0 0.89140625 0.03046875 0.03125 0.01875
0 0.66171875 0.31953125 0.040625 0.03125
0 0.72890625 0.33125 0.059375 0.06875
0 0.625 0.33828125 0.046875 0.096875
0 0.65078125 0.034375 0.028125 0.0375
0 0.3890625 0.34453125 0.046875 0.078125
0 0.2265625 0.346875 0.040625 0.065625
0 0.321875 0.35390625 0.05 0.096875
0 0.04375 0.35859375 0.065625 0.1109375
0 0.91640625 0.35859375 0.059375 0.046875
0 0.08359375 0.3609375 0.040625 0.078125
0 0.98828125 0.36328125 0.0234375 0.096875
0 0.965625 0.37265625 0.03125 0.078125
0 0.81015625 0.0390625 0.0234375 0.040625
0 0.95625 0.0390625 0.03125 0.05625
0 0.68515625 0.0390625 0.03125 0.01875
0 0.6734375 0.3984375 0.059375 0.10625
0 0.29609375 0.403125 0.065625 0.1203125
0 0.48359375 0.41171875 0.040625 0.075
0 0.52109375 0.43046875 0.06875 0.1015625
0 0.9859375 0.04375 0.028125 0.046875
0 0.259375 0.43984375 0.075 0.1203125
0 0.159375 0.45390625 0.05 0.09375
0 0.94921875 0.45390625 0.05625 0.115625
0 0.01640625 0.0484375 0.028125 0.065625
0 0.34921875 0.4859375 0.06875 0.125
0 0.85390625 0.5 0.065625 0.10625
0 0.79375 0.05078125 0.028125 0.046875
0 0.596875 0.053125 0.0375 0.059375
0 0.56953125 0.54140625 0.065625 0.10625
0 0.1921875 0.5484375 0.05 0.096875
0 0.2453125 0.5765625 0.084375 0.1296875
0 0.97890625 0.60625 0.040625 0.075
0 0.46953125 0.62734375 0.078125 0.10625
0 0.75234375 0.64375 0.084375 0.065625
0 0.61328125 0.65546875 0.065625 0.10625
0 0.89375 0.66171875 0.084375 0.125
0 0.77578125 0.0671875 0.028125 0.040625
0 0.89609375 0.06953125 0.03125 0.040625
0 0.63203125 0.06953125 0.0375 0.0375
0 0.12734375 0.68515625 0.059375 0.10625
0 0.04140625 0.696875 0.0828125 0.14375
0 0.21953125 0.70859375 0.078125 0.1296875
0 0.98125 0.72421875 0.028125 0.125
0 0.78203125 0.7453125 0.06875 0.1296875
0 0.68984375 0.0765625 0.040625 0.046875
0 0.52578125 0.80078125 0.1109375 0.171875
0 0.85390625 0.08359375 0.040625 0.06875
0 0.5484375 0.08359375 0.040625 0.040625
0 0.7359375 0.0859375 0.03125 0.059375
0 0.909375 0.8515625 0.125 0.1015625
0 0.47890625 0.875 0.1203125 0.059375
0 0.79375 0.009375 0.0234375 0.01875
0 0.8171875 0.01171875 0.0234375 0.0234375
0 0.88203125 0.10390625 0.040625 0.05625
0 0.7640625 0.10390625 0.040625 0.05625