0 0.41484375 0.16328125 0.040625 0.053125
0 0.28125 0.1796875 0.0515625 0.0640625
0 0.4515625 0.16484375 0.0578125 0.0875
0 0.6546875 0.146875 0.0734375 0.0984375
0 0.7875 0.14453125 0.0453125 0.1
0 0.35390625 0.20625 0.0375 0.0578125
0 0.3984375 0.2140625 0.046875 0.0734375
0 0.8859375 0.184375 0.115625 0.115625
0 0.54296875 0.21953125 0.05625 0.0734375
0 0.225 0.3640625 0.096875 0.1046875
0 0.6359375 0.328125 0.0546875 0.1
0 0.8921875 0.3140625 0.109375 0.15625
0 0.2828125 0.46328125 0.125 0.1203125
0 0.6296875 0.04921875 0.040625 0.0484375
0 0.365625 0.64453125 0.1875 0.21875
0 0.521875 0.06328125 0.0328125 0.0484375
0 0.7328125 0.82578125 0.171875 0.234375
0 0.403125 0.10625 0.0421875 0.0578125
0 0.55703125 0.13984375 0.04375 0.0765625