0 0.7295673076923077 0.7199519230769231 0.06490384615384616 0.042067307692307696
0 0.3870192307692308 0.7644230769230769 0.09254807692307693 0.06490384615384616
0 0.6646634615384616 0.8197115384615384 0.09254807692307693 0.037259615384615384
0 0.8930288461538461 0.8401442307692307 0.11057692307692307 0.06971153846153846
0 0.030048076923076924 0.8569711538461539 0.06009615384615385 0.07451923076923077
0 0.22716346153846154 0.8629807692307693 0.10697115384615384 0.07451923076923077
0 0.35216346153846156 0.8822115384615384 0.15264423076923078 0.078125
0 0.703125 0.8846153846153846 0.1346153846153846 0.078125
0 0.31009615384615385 0.44711538461538464 0.004807692307692308 0.004807692307692308
0 0.43509615384615385 0.4519230769230769 0.009615384615384616 0.004807692307692308
0 0.375 0.4519230769230769 0.009615384615384616 0.004807692307692308
0 0.453125 0.4519230769230769 0.009615384615384616 0.004807692307692308
0 0.4423076923076923 0.453125 0.009615384615384616 0.009615384615384616
0 0.49038461538461536 0.453125 0.009615384615384616 0.004807692307692308
0 0.5576923076923077 0.453125 0.009615384615384616 0.004807692307692308
0 0.5444711538461539 0.45552884615384615 0.009615384615384616 0.004807692307692308
0 0.5072115384615384 0.45552884615384615 0.004807692307692308 0.004807692307692308
0 0.3425480769230769 0.45552884615384615 0.009615384615384616 0.004807692307692308
0 0.4170673076923077 0.45552884615384615 0.009615384615384616 0.004807692307692308
0 0.5324519230769231 0.45552884615384615 0.014423076923076924 0.004807692307692308
0 0.46274038461538464 0.45552884615384615 0.009615384615384616 0.004807692307692308
0 0.453125 0.4579326923076923 0.009615384615384616 0.004807692307692308
0 0.3245192307692308 0.4579326923076923 0.009615384615384616 0.009615384615384616
0 0.44711538461538464 0.4579326923076923 0.009615384615384616 0.004807692307692308
0 0.27283653846153844 0.4579326923076923 0.004807692307692308 0.004807692307692308
0 0.3125 0.4579326923076923 0.009615384615384616 0.009615384615384616
0 0.4723557692307692 0.4579326923076923 0.009615384615384616 0.004807692307692308
0 0.5528846153846154 0.4579326923076923 0.014423076923076924 0.009615384615384616
0 0.7920673076923077 0.46033653846153844 0.009615384615384616 0.004807692307692308
0 0.7728365384615384 0.46033653846153844 0.014423076923076924 0.009615384615384616
0 0.4230769230769231 0.46033653846153844 0.009615384615384616 0.004807692307692308
0 0.4326923076923077 0.46033653846153844 0.009615384615384616 0.004807692307692308
0 0.5396634615384616 0.46033653846153844 0.014423076923076924 0.009615384615384616
0 0.328125 0.46274038461538464 0.009615384615384616 0.009615384615384616
0 0.3401442307692308 0.46274038461538464 0.009615384615384616 0.004807692307692308
0 0.2824519230769231 0.46274038461538464 0.009615384615384616 0.004807692307692308
0 0.3954326923076923 0.46274038461538464 0.009615384615384616 0.004807692307692308
0 0.8149038461538461 0.46274038461538464 0.018028846153846152 0.009615384615384616
0 0.515625 0.46274038461538464 0.009615384615384616 0.004807692307692308
0 0.4423076923076923 0.4651442307692308 0.009615384615384616 0.004807692307692308
0 0.5024038461538461 0.4651442307692308 0.009615384615384616 0.004807692307692308
0 0.25961538461538464 0.4651442307692308 0.004807692307692308 0.004807692307692308
0 0.4170673076923077 0.4651442307692308 0.009615384615384616 0.004807692307692308
0 0.5504807692307693 0.4651442307692308 0.009615384615384616 0.009615384615384616
0 0.4723557692307692 0.4651442307692308 0.009615384615384616 0.004807692307692308
0 0.5204326923076923 0.4675480769230769 0.004807692307692308 0.004807692307692308
0 0.4519230769230769 0.4675480769230769 0.009615384615384616 0.004807692307692308
0 0.29447115384615385 0.4675480769230769 0.009615384615384616 0.004807692307692308
0 0.4074519230769231 0.4675480769230769 0.009615384615384616 0.004807692307692308
0 0.46274038461538464 0.4675480769230769 0.009615384615384616 0.004807692307692308
0 0.4326923076923077 0.4675480769230769 0.009615384615384616 0.004807692307692308
0 0.546875 0.4675480769230769 0.009615384615384616 0.004807692307692308
0 0.35216346153846156 0.4675480769230769 0.014423076923076924 0.004807692307692308
0 0.36538461538461536 0.4675480769230769 0.009615384615384616 0.004807692307692308
0 0.31009615384615385 0.4699519230769231 0.009615384615384616 0.004807692307692308
0 0.8894230769230769 0.4699519230769231 0.014423076923076924 0.004807692307692308
0 0.23557692307692307 0.4699519230769231 0.009615384615384616 0.004807692307692308
0 0.7980769230769231 0.4699519230769231 0.009615384615384616 0.004807692307692308
0 0.29447115384615385 0.4699519230769231 0.014423076923076924 0.004807692307692308
0 0.33533653846153844 0.4699519230769231 0.009615384615384616 0.004807692307692308
0 0.37259615384615385 0.4699519230769231 0.009615384615384616 0.004807692307692308
0 0.25721153846153844 0.4723557692307692 0.009615384615384616 0.004807692307692308
0 0.48197115384615385 0.4723557692307692 0.009615384615384616 0.004807692307692308
0 0.5180288461538461 0.4723557692307692 0.014423076923076924 0.004807692307692308
0 0.5276442307692307 0.4723557692307692 0.009615384615384616 0.004807692307692308
0 0.5024038461538461 0.4723557692307692 0.009615384615384616 0.009615384615384616
0 0.20552884615384615 0.4723557692307692 0.014423076923076924 0.009615384615384616
0 0.5372596153846154 0.47475961538461536 0.009615384615384616 0.009615384615384616
0 0.21995192307692307 0.47475961538461536 0.009615384615384616 0.004807692307692308
0 0.8076923076923077 0.47475961538461536 0.009615384615384616 0.009615384615384616
0 0.4651442307692308 0.47475961538461536 0.018028846153846152 0.009615384615384616
0 0.8197115384615384 0.47475961538461536 0.018028846153846152 0.009615384615384616
0 0.2848557692307692 0.47475961538461536 0.009615384615384616 0.009615384615384616
0 0.9026442307692307 0.47475961538461536 0.014423076923076924 0.009615384615384616
0 0.22956730769230768 0.47475961538461536 0.009615384615384616 0.009615384615384616
0 0.2980769230769231 0.47475961538461536 0.009615384615384616 0.009615384615384616
0 0.41466346153846156 0.47475961538461536 0.009615384615384616 0.009615384615384616
0 0.5180288461538461 0.47475961538461536 0.004807692307692308 0.004807692307692308
0 0.859375 0.47475961538461536 0.018028846153846152 0.009615384615384616
0 0.23798076923076922 0.47716346153846156 0.014423076923076924 0.009615384615384616
0 0.31009615384615385 0.47716346153846156 0.009615384615384616 0.009615384615384616
0 0.828125 0.47716346153846156 0.014423076923076924 0.009615384615384616
0 0.8870192307692307 0.47716346153846156 0.014423076923076924 0.009615384615384616
0 0.3894230769230769 0.47716346153846156 0.009615384615384616 0.009615384615384616
0 0.43990384615384615 0.47716346153846156 0.009615384615384616 0.009615384615384616
0 0.5252403846153846 0.47716346153846156 0.009615384615384616 0.004807692307692308
0 0.26802884615384615 0.47716346153846156 0.014423076923076924 0.009615384615384616
0 0.4230769230769231 0.47716346153846156 0.009615384615384616 0.004807692307692308
0 0.3245192307692308 0.4795673076923077 0.014423076923076924 0.009615384615384616
0 0.3701923076923077 0.4795673076923077 0.014423076923076924 0.009615384615384616
0 0.4026442307692308 0.4795673076923077 0.014423076923076924 0.009615384615384616
0 0.2776442307692308 0.4795673076923077 0.009615384615384616 0.004807692307692308
0 0.48197115384615385 0.4795673076923077 0.009615384615384616 0.009615384615384616
0 0.49759615384615385 0.4795673076923077 0.009615384615384616 0.004807692307692308
0 0.5096153846153846 0.4795673076923077 0.004807692307692308 0.004807692307692308
0 0.5396634615384616 0.4795673076923077 0.009615384615384616 0.004807692307692308
0 0.796875 0.4795673076923077 0.014423076923076924 0.009615384615384616
0 0.2548076923076923 0.4795673076923077 0.014423076923076924 0.009615384615384616
0 0.47716346153846156 0.48197115384615385 0.014423076923076924 0.004807692307692308
0 0.7752403846153846 0.48197115384615385 0.018028846153846152 0.014423076923076924
0 0.38461538461538464 0.48197115384615385 0.009615384615384616 0.004807692307692308
0 0.6346153846153846 0.48197115384615385 0.018028846153846152 0.014423076923076924
0 0.8100961538461539 0.48197115384615385 0.014423076923076924 0.009615384615384616
0 0.359375 0.48197115384615385 0.009615384615384616 0.004807692307692308
0 0.39783653846153844 0.48197115384615385 0.014423076923076924 0.009615384615384616
0 0.8269230769230769 0.48197115384615385 0.014423076923076924 0.004807692307692308
0 0.296875 0.484375 0.014423076923076924 0.004807692307692308
0 0.5228365384615384 0.484375 0.014423076923076924 0.009615384615384616
0 0.8401442307692307 0.484375 0.014423076923076924 0.009615384615384616
0 0.1622596153846154 0.484375 0.009615384615384616 0.009615384615384616
0 0.2824519230769231 0.484375 0.009615384615384616 0.004807692307692308
0 0.20793269230769232 0.484375 0.014423076923076924 0.009615384615384616
0 0.4254807692307692 0.484375 0.014423076923076924 0.009615384615384616
0 0.5 0.484375 0.014423076923076924 0.009615384615384616
0 0.8653846153846154 0.484375 0.009615384615384616 0.009615384615384616
0 0.2620192307692308 0.4855769230769231 0.014423076923076924 0.009615384615384616
0 0.9555288461538461 0.4855769230769231 0.018028846153846152 0.009615384615384616
0 0.16947115384615385 0.4855769230769231 0.014423076923076924 0.004807692307692308
0 0.35216346153846156 0.4855769230769231 0.014423076923076924 0.009615384615384616
0 0.4495192307692308 0.4855769230769231 0.014423076923076924 0.009615384615384616
0 0.9326923076923077 0.4855769230769231 0.018028846153846152 0.009615384615384616
0 0.4795673076923077 0.4855769230769231 0.014423076923076924 0.009615384615384616
0 0.4855769230769231 0.4855769230769231 0.009615384615384616 0.009615384615384616
0 0.3798076923076923 0.4855769230769231 0.009615384615384616 0.009615384615384616
0 0.41225961538461536 0.4879807692307692 0.014423076923076924 0.009615384615384616
0 0.46033653846153844 0.4879807692307692 0.014423076923076924 0.009615384615384616
0 0.3629807692307692 0.4879807692307692 0.009615384615384616 0.009615384615384616
0 0.3870192307692308 0.4879807692307692 0.009615384615384616 0.004807692307692308
0 0.19471153846153846 0.4879807692307692 0.014423076923076924 0.009615384615384616
0 0.9855769230769231 0.4879807692307692 0.018028846153846152 0.014423076923076924
0 0.3449519230769231 0.4879807692307692 0.009615384615384616 0.009615384615384616
0 0.4699519230769231 0.4879807692307692 0.014423076923076924 0.009615384615384616
0 0.23197115384615385 0.4879807692307692 0.018028846153846152 0.014423076923076924
0 0.23798076923076922 0.49038461538461536 0.014423076923076924 0.014423076923076924
0 0.2980769230769231 0.49038461538461536 0.009615384615384616 0.004807692307692308
0 0.9050480769230769 0.49038461538461536 0.014423076923076924 0.009615384615384616
0 0.5504807692307693 0.49038461538461536 0.014423076923076924 0.009615384615384616
0 0.8846153846153846 0.49038461538461536 0.014423076923076924 0.009615384615384616
0 0.2704326923076923 0.49038461538461536 0.014423076923076924 0.009615384615384616
0 0.31490384615384615 0.49038461538461536 0.014423076923076924 0.004807692307692308
0 0.8401442307692307 0.49038461538461536 0.018028846153846152 0.014423076923076924
0 0.8653846153846154 0.49038461538461536 0.009615384615384616 0.009615384615384616
0 0.2824519230769231 0.49278846153846156 0.009615384615384616 0.004807692307692308
0 0.4855769230769231 0.49278846153846156 0.014423076923076924 0.004807692307692308
0 0.36778846153846156 0.49278846153846156 0.014423076923076924 0.004807692307692308
0 0.5120192307692307 0.49278846153846156 0.014423076923076924 0.009615384615384616
0 0.4423076923076923 0.49278846153846156 0.014423076923076924 0.009615384615384616
0 0.828125 0.49278846153846156 0.014423076923076924 0.009615384615384616
0 0.25961538461538464 0.49278846153846156 0.009615384615384616 0.004807692307692308
0 0.38461538461538464 0.49278846153846156 0.014423076923076924 0.009615384615384616
0 0.203125 0.4951923076923077 0.014423076923076924 0.009615384615384616
0 0.39302884615384615 0.4951923076923077 0.014423076923076924 0.009615384615384616
0 0.5300480769230769 0.4951923076923077 0.009615384615384616 0.009615384615384616
0 0.9230769230769231 0.4951923076923077 0.018028846153846152 0.009615384615384616
0 0.8197115384615384 0.4951923076923077 0.014423076923076924 0.009615384615384616
0 0.4170673076923077 0.49759615384615385 0.014423076923076924 0.009615384615384616
0 0.8100961538461539 0.49759615384615385 0.018028846153846152 0.014423076923076924
0 0.9399038461538461 0.49759615384615385 0.018028846153846152 0.009615384615384616
0 0.33774038461538464 0.49759615384615385 0.014423076923076924 0.009615384615384616
0 0.890625 0.49759615384615385 0.014423076923076924 0.009615384615384616
0 0.4326923076923077 0.49759615384615385 0.018028846153846152 0.009615384615384616
0 0.28725961538461536 0.5 0.014423076923076924 0.009615384615384616
0 0.4519230769230769 0.5 0.014423076923076924 0.009615384615384616
0 0.47716346153846156 0.5 0.009615384615384616 0.009615384615384616
0 0.4879807692307692 0.5 0.014423076923076924 0.009615384615384616
0 0.9951923076923077 0.5 0.004807692307692308 0.014423076923076924
0 0.8401442307692307 0.5 0.014423076923076924 0.009615384615384616
0 0.859375 0.5 0.018028846153846152 0.009615384615384616
0 0.875 0.5 0.009615384615384616 0.009615384615384616
0 0.515625 0.5 0.018028846153846152 0.009615384615384616
0 0.6899038461538461 0.5 0.018028846153846152 0.018028846153846152
0 0.5396634615384616 0.5 0.014423076923076924 0.009615384615384616
0 0.9423076923076923 0.5 0.018028846153846152 0.009615384615384616
0 0.31490384615384615 0.5 0.009615384615384616 0.009615384615384616
0 0.16466346153846154 0.5 0.018028846153846152 0.014423076923076924
0 0.2848557692307692 0.5 0.009615384615384616 0.009615384615384616
0 0.5504807692307693 0.5 0.014423076923076924 0.009615384615384616
0 0.27524038461538464 0.5024038461538461 0.014423076923076924 0.009615384615384616
0 0.4050480769230769 0.5024038461538461 0.018028846153846152 0.014423076923076924
0 0.4651442307692308 0.5024038461538461 0.014423076923076924 0.004807692307692308
0 0.9002403846153846 0.5024038461538461 0.014423076923076924 0.004807692307692308
0 0.14783653846153846 0.5024038461538461 0.018028846153846152 0.014423076923076924
0 0.30288461538461536 0.5024038461538461 0.014423076923076924 0.004807692307692308
0 0.3269230769230769 0.5048076923076923 0.014423076923076924 0.009615384615384616
0 0.421875 0.5048076923076923 0.014423076923076924 0.009615384615384616
0 0.49759615384615385 0.5048076923076923 0.014423076923076924 0.009615384615384616
0 0.828125 0.5048076923076923 0.018028846153846152 0.009615384615384616
0 0.9795673076923077 0.5048076923076923 0.014423076923076924 0.009615384615384616
0 0.09495192307692307 0.5048076923076923 0.02283653846153846 0.009615384615384616
0 0.9555288461538461 0.5048076923076923 0.018028846153846152 0.009615384615384616
0 0.9675480769230769 0.5048076923076923 0.018028846153846152 0.009615384615384616
0 0.33774038461538464 0.5072115384615384 0.014423076923076924 0.004807692307692308
0 0.11057692307692307 0.5072115384615384 0.014423076923076924 0.014423076923076924
0 0.24278846153846154 0.5072115384615384 0.014423076923076924 0.009615384615384616
0 0.39783653846153844 0.5072115384615384 0.018028846153846152 0.009615384615384616
0 0.1346153846153846 0.5072115384615384 0.018028846153846152 0.009615384615384616
0 0.36778846153846156 0.5072115384615384 0.018028846153846152 0.009615384615384616
0 0.9002403846153846 0.5072115384615384 0.009615384615384616 0.004807692307692308
0 0.4423076923076923 0.5072115384615384 0.014423076923076924 0.009615384615384616
0 0.859375 0.5072115384615384 0.009615384615384616 0.004807692307692308
0 0.22956730769230768 0.5096153846153846 0.014423076923076924 0.009615384615384616
0 0.9098557692307693 0.5096153846153846 0.014423076923076924 0.004807692307692308
0 0.3545673076923077 0.5096153846153846 0.014423076923076924 0.009615384615384616
0 0.5120192307692307 0.5096153846153846 0.014423076923076924 0.009615384615384616
0 0.19951923076923078 0.5096153846153846 0.018028846153846152 0.009615384615384616
0 0.296875 0.5120192307692307 0.018028846153846152 0.009615384615384616
0 0.8846153846153846 0.5120192307692307 0.014423076923076924 0.009615384615384616
0 0.2620192307692308 0.5120192307692307 0.014423076923076924 0.009615384615384616
0 0.4170673076923077 0.5120192307692307 0.018028846153846152 0.014423076923076924
0 0.8377403846153846 0.5120192307692307 0.014423076923076924 0.009615384615384616
0 0.9447115384615384 0.5120192307692307 0.018028846153846152 0.009615384615384616
0 0.27524038461538464 0.5120192307692307 0.018028846153846152 0.009615384615384616
0 0.14783653846153846 0.5120192307692307 0.014423076923076924 0.004807692307692308
0 0.21754807692307693 0.5120192307692307 0.014423076923076924 0.009615384615384616
0 0.49759615384615385 0.5120192307692307 0.014423076923076924 0.009615384615384616
0 0.25240384615384615 0.5144230769230769 0.018028846153846152 0.009615384615384616
0 0.6454326923076923 0.5144230769230769 0.018028846153846152 0.014423076923076924
0 0.9879807692307693 0.5144230769230769 0.014423076923076924 0.009615384615384616
0 0.16466346153846154 0.5144230769230769 0.018028846153846152 0.009615384615384616
0 0.3425480769230769 0.515625 0.018028846153846152 0.009615384615384616
0 0.8173076923076923 0.515625 0.014423076923076924 0.009615384615384616
0 0.09254807692307693 0.515625 0.014423076923076924 0.014423076923076924
0 0.4675480769230769 0.515625 0.018028846153846152 0.014423076923076924
0 0.5396634615384616 0.515625 0.014423076923076924 0.014423076923076924
0 0.203125 0.515625 0.018028846153846152 0.009615384615384616
0 0.8653846153846154 0.515625 0.018028846153846152 0.009615384615384616
0 0.9771634615384616 0.515625 0.014423076923076924 0.009615384615384616
0 0.9074519230769231 0.515625 0.018028846153846152 0.009615384615384616
0 0.24278846153846154 0.5180288461538461 0.018028846153846152 0.009615384615384616
0 0.9399038461538461 0.5180288461538461 0.014423076923076924 0.004807692307692308
0 0.1045673076923077 0.5180288461538461 0.014423076923076924 0.014423076923076924
0 0.3076923076923077 0.5180288461538461 0.02283653846153846 0.014423076923076924
0 0.11538461538461539 0.5180288461538461 0.018028846153846152 0.014423076923076924
0 0.265625 0.5204326923076923 0.018028846153846152 0.009615384615384616
0 0.39783653846153844 0.5204326923076923 0.02283653846153846 0.009615384615384616
0 0.5204326923076923 0.5204326923076923 0.018028846153846152 0.004807692307692308
0 0.14783653846153846 0.5204326923076923 0.014423076923076924 0.014423076923076924
0 0.1346153846153846 0.5228365384615384 0.018028846153846152 0.014423076923076924
0 0.28725961538461536 0.5228365384615384 0.018028846153846152 0.009615384615384616
0 0.8329326923076923 0.5228365384615384 0.014423076923076924 0.009615384615384616
0 0.4795673076923077 0.5228365384615384 0.018028846153846152 0.014423076923076924
0 0.8052884615384616 0.5228365384615384 0.014423076923076924 0.009615384615384616
0 0.3401442307692308 0.5228365384615384 0.018028846153846152 0.009615384615384616
0 0.8449519230769231 0.5228365384615384 0.014423076923076924 0.009615384615384616
0 0.042067307692307696 0.5252403846153846 0.018028846153846152 0.014423076923076924
0 0.890625 0.5252403846153846 0.018028846153846152 0.009615384615384616
0 0.15745192307692307 0.5252403846153846 0.014423076923076924 0.014423076923076924
0 0.018028846153846152 0.5252403846153846 0.018028846153846152 0.014423076923076924
0 0.4423076923076923 0.5252403846153846 0.018028846153846152 0.009615384615384616
0 0.9495192307692307 0.5252403846153846 0.02283653846153846 0.014423076923076924
0 0.20552884615384615 0.5276442307692307 0.018028846153846152 0.014423076923076924
0 0.46033653846153844 0.5276442307692307 0.014423076923076924 0.009615384615384616
0 0.23798076923076922 0.5276442307692307 0.02283653846153846 0.018028846153846152
0 0.7055288461538461 0.5276442307692307 0.02283653846153846 0.014423076923076924
0 0.9627403846153846 0.5276442307692307 0.018028846153846152 0.014423076923076924
0 0.9194711538461539 0.5300480769230769 0.02283653846153846 0.014423076923076924
0 0.9350961538461539 0.5300480769230769 0.018028846153846152 0.009615384615384616
0 0.8629807692307693 0.5324519230769231 0.018028846153846152 0.014423076923076924
0 0.4170673076923077 0.5324519230769231 0.018028846153846152 0.009615384615384616
0 0.03245192307692308 0.5324519230769231 0.02283653846153846 0.009615384615384616
0 0.5528846153846154 0.5324519230769231 0.02283653846153846 0.014423076923076924
0 0.07451923076923077 0.5324519230769231 0.014423076923076924 0.004807692307692308
0 0.13942307692307693 0.5324519230769231 0.018028846153846152 0.014423076923076924
0 0.30288461538461536 0.5324519230769231 0.02283653846153846 0.014423076923076924
0 0.09014423076923077 0.5324519230769231 0.014423076923076924 0.014423076923076924
0 0.9819711538461539 0.5324519230769231 0.018028846153846152 0.014423076923076924
0 0.25 0.5348557692307693 0.018028846153846152 0.018028846153846152
0 0.3425480769230769 0.5348557692307693 0.014423076923076924 0.009615384615384616
0 0.40024038461538464 0.5348557692307693 0.014423076923076924 0.009615384615384616
0 0.5348557692307693 0.5348557692307693 0.018028846153846152 0.014423076923076924
0 0.9927884615384616 0.5348557692307693 0.009615384615384616 0.014423076923076924
0 0.10216346153846154 0.5348557692307693 0.018028846153846152 0.014423076923076924
0 0.8269230769230769 0.5348557692307693 0.018028846153846152 0.009615384615384616
0 0.8425480769230769 0.5348557692307693 0.009615384615384616 0.009615384615384616
0 0.3629807692307692 0.5348557692307693 0.018028846153846152 0.009615384615384616
0 0.7944711538461539 0.5348557692307693 0.018028846153846152 0.009615384615384616
0 0.8822115384615384 0.5348557692307693 0.018028846153846152 0.014423076923076924
0 0.8100961538461539 0.5372596153846154 0.018028846153846152 0.014423076923076924
0 0.2247596153846154 0.5372596153846154 0.02283653846153846 0.014423076923076924
0 0.4795673076923077 0.5372596153846154 0.02283653846153846 0.014423076923076924
0 0.12259615384615384 0.5372596153846154 0.018028846153846152 0.014423076923076924
0 0.8569711538461539 0.5396634615384616 0.027644230769230768 0.014423076923076924
0 0.28725961538461536 0.5396634615384616 0.014423076923076924 0.004807692307692308
0 0.31971153846153844 0.5396634615384616 0.02283653846153846 0.018028846153846152
0 0.41466346153846156 0.5396634615384616 0.018028846153846152 0.014423076923076924
0 0.042067307692307696 0.5396634615384616 0.027644230769230768 0.018028846153846152
0 0.9122596153846154 0.5420673076923077 0.018028846153846152 0.014423076923076924
0 0.8329326923076923 0.5420673076923077 0.018028846153846152 0.014423076923076924
0 0.06490384615384616 0.5420673076923077 0.018028846153846152 0.014423076923076924
0 0.01201923076923077 0.5420673076923077 0.018028846153846152 0.014423076923076924
0 0.4879807692307692 0.5420673076923077 0.02283653846153846 0.014423076923076924
0 0.36538461538461536 0.5420673076923077 0.02283653846153846 0.014423076923076924
0 0.40024038461538464 0.5420673076923077 0.018028846153846152 0.014423076923076924
0 0.9254807692307693 0.5420673076923077 0.02283653846153846 0.018028846153846152
0 0.9819711538461539 0.5444711538461539 0.018028846153846152 0.009615384615384616
0 0.1622596153846154 0.5444711538461539 0.02283653846153846 0.018028846153846152
0 0.3449519230769231 0.5444711538461539 0.018028846153846152 0.009615384615384616
0 0.1971153846153846 0.5444711538461539 0.018028846153846152 0.014423076923076924
0 0.9579326923076923 0.5444711538461539 0.014423076923076924 0.009615384615384616
0 0.11298076923076923 0.5444711538461539 0.02283653846153846 0.018028846153846152
0 0.8894230769230769 0.5444711538461539 0.018028846153846152 0.014423076923076924
0 0.44471153846153844 0.546875 0.018028846153846152 0.018028846153846152
0 0.5576923076923077 0.5480769230769231 0.027644230769230768 0.014423076923076924
0 0.9423076923076923 0.5480769230769231 0.027644230769230768 0.018028846153846152
0 0.28966346153846156 0.5480769230769231 0.02283653846153846 0.018028846153846152
0 0.03245192307692308 0.5480769230769231 0.027644230769230768 0.018028846153846152
0 0.9723557692307693 0.5528846153846154 0.02283653846153846 0.018028846153846152
0 0.38221153846153844 0.5528846153846154 0.027644230769230768 0.018028846153846152
0 0.7620192307692307 0.5552884615384616 0.027644230769230768 0.018028846153846152
0 0.4230769230769231 0.5552884615384616 0.027644230769230768 0.018028846153846152
0 0.4699519230769231 0.5552884615384616 0.02283653846153846 0.018028846153846152
0 0.23557692307692307 0.5552884615384616 0.03245192307692308 0.018028846153846152
0 0.7848557692307693 0.5552884615384616 0.027644230769230768 0.018028846153846152
0 0.020432692307692308 0.5576923076923077 0.027644230769230768 0.018028846153846152
0 0.3629807692307692 0.5576923076923077 0.027644230769230768 0.014423076923076924
0 0.203125 0.5576923076923077 0.027644230769230768 0.018028846153846152
0 0.921875 0.5576923076923077 0.02283653846153846 0.018028846153846152
0 0.06009615384615385 0.5600961538461539 0.018028846153846152 0.018028846153846152
0 0.32211538461538464 0.5600961538461539 0.03245192307692308 0.014423076923076924
0 0.042067307692307696 0.5600961538461539 0.027644230769230768 0.014423076923076924
0 0.125 0.5600961538461539 0.027644230769230768 0.014423076923076924
0 0.8954326923076923 0.5600961538461539 0.027644230769230768 0.014423076923076924
0 0.8798076923076923 0.5625 0.027644230769230768 0.018028846153846152
0 0.6021634615384616 0.5649038461538461 0.03245192307692308 0.018028846153846152
0 0.15504807692307693 0.5649038461538461 0.037259615384615384 0.014423076923076924
0 0.3473557692307692 0.5673076923076923 0.02283653846153846 0.014423076923076924
0 0.0829326923076923 0.5697115384615384 0.027644230769230768 0.018028846153846152
0 0.49759615384615385 0.5697115384615384 0.046875 0.018028846153846152
0 0.6850961538461539 0.5697115384615384 0.03245192307692308 0.018028846153846152
0 0.5552884615384616 0.5697115384615384 0.027644230769230768 0.014423076923076924
0 0.8521634615384616 0.5721153846153846 0.037259615384615384 0.027644230769230768
0 0.3269230769230769 0.5721153846153846 0.03245192307692308 0.018028846153846152
0 0.8221153846153846 0.5721153846153846 0.02283653846153846 0.018028846153846152
0 0.11057692307692307 0.5721153846153846 0.03245192307692308 0.018028846153846152
0 0.5348557692307693 0.5721153846153846 0.03245192307692308 0.018028846153846152
0 0.4074519230769231 0.5745192307692307 0.027644230769230768 0.018028846153846152
0 0.8930288461538461 0.5745192307692307 0.027644230769230768 0.018028846153846152
0 0.796875 0.5745192307692307 0.03245192307692308 0.02283653846153846
0 0.36778846153846156 0.578125 0.037259615384615384 0.027644230769230768
0 0.6622596153846154 0.578125 0.03245192307692308 0.018028846153846152
0 0.75 0.578125 0.042067307692307696 0.027644230769230768
0 0.03485576923076923 0.5805288461538461 0.03245192307692308 0.027644230769230768
0 0.015625 0.5793269230769231 0.03125 0.028846153846153848
0 0.15745192307692307 0.5805288461538461 0.03245192307692308 0.018028846153846152
0 0.09495192307692307 0.5805288461538461 0.027644230769230768 0.018028846153846152
0 0.30288461538461536 0.5829326923076923 0.03245192307692308 0.02283653846153846
0 0.921875 0.5829326923076923 0.03245192307692308 0.02283653846153846
0 0.5649038461538461 0.5877403846153846 0.037259615384615384 0.02283653846153846
0 0.0673076923076923 0.5877403846153846 0.037259615384615384 0.018028846153846152
0 0.6899038461538461 0.5901442307692307 0.037259615384615384 0.02283653846153846
0 0.26802884615384615 0.5901442307692307 0.042067307692307696 0.027644230769230768
0 0.21514423076923078 0.5925480769230769 0.03245192307692308 0.027644230769230768
0 0.4098557692307692 0.5949519230769231 0.037259615384615384 0.02283653846153846
0 0.49038461538461536 0.5949519230769231 0.042067307692307696 0.027644230769230768
0 0.1778846153846154 0.5949519230769231 0.02283653846153846 0.018028846153846152
0 0.3401442307692308 0.5949519230769231 0.037259615384615384 0.027644230769230768
0 0.8846153846153846 0.5973557692307693 0.037259615384615384 0.027644230769230768
0 0.234375 0.5973557692307693 0.03245192307692308 0.03245192307692308
0 0.14543269230769232 0.6021634615384616 0.042067307692307696 0.018028846153846152
0 0.9170673076923077 0.6021634615384616 0.027644230769230768 0.009615384615384616
0 0.9555288461538461 0.6021634615384616 0.042067307692307696 0.027644230769230768
0 0.8425480769230769 0.609375 0.042067307692307696 0.037259615384615384
0 0.9146634615384616 0.6177884615384616 0.018028846153846152 0.02283653846153846
0 0.7379807692307693 0.6177884615384616 0.055288461538461536 0.037259615384615384
0 0.1502403846153846 0.6201923076923077 0.03245192307692308 0.027644230769230768
0 0.5444711538461539 0.6225961538461539 0.042067307692307696 0.03245192307692308
0 0.890625 0.6274038461538461 0.042067307692307696 0.027644230769230768
0 0.37259615384615385 0.6274038461538461 0.046875 0.03245192307692308
0 0.6622596153846154 0.6274038461538461 0.05048076923076923 0.02283653846153846
0 0.9399038461538461 0.6274038461538461 0.042067307692307696 0.03245192307692308
0 0.17307692307692307 0.6322115384615384 0.05048076923076923 0.042067307692307696
0 0.4026442307692308 0.6370192307692307 0.042067307692307696 0.027644230769230768
0 0.47475961538461536 0.640625 0.05048076923076923 0.03245192307692308
0 0.328125 0.6478365384615384 0.05048076923076923 0.027644230769230768
0 0.14543269230769232 0.6478365384615384 0.042067307692307696 0.037259615384615384
0 0.05048076923076923 0.6502403846153846 0.05048076923076923 0.03245192307692308
0 0.6598557692307693 0.6550480769230769 0.046875 0.037259615384615384
0 0.7980769230769231 0.6598557692307693 0.06009615384615385 0.042067307692307696
0 0.39302884615384615 0.6622596153846154 0.046875 0.03245192307692308
0 0.75 0.6646634615384616 0.055288461538461536 0.046875
0 0.5625 0.6694711538461539 0.055288461538461536 0.042067307692307696
0 0.8930288461538461 0.6730769230769231 0.06009615384615385 0.042067307692307696
0 0.4855769230769231 0.6802884615384616 0.05048076923076923 0.037259615384615384
0 0.1346153846153846 0.6826923076923077 0.05048076923076923 0.042067307692307696
0 0.4699519230769231 0.7055288461538461 0.06490384615384616 0.042067307692307696
0 0.8425480769230769 0.7127403846153846 0.078125 0.05048076923076923
0 0.9675480769230769 0.7151442307692307 0.06009615384615385 0.06490384615384616