0 0.6478365384615384 0.125 0.019230769230769232 0.028846153846153848
0 0.9158653846153846 0.17067307692307693 0.021634615384615384 0.03125
0 0.9423076923076923 0.1778846153846154 0.040865384615384616 0.055288461538461536
0 0.5817307692307693 0.12860576923076922 0.02403846153846154 0.04326923076923077
0 0.8725961538461539 0.17908653846153846 0.03125 0.026442307692307692
0 0.421875 0.11538461538461539 0.04567307692307692 0.06009615384615385
0 0.6947115384615384 0.16105769230769232 0.036057692307692304 0.055288461538461536
0 0.7956730769230769 0.20192307692307693 0.0673076923076923 0.09615384615384616
0 0.75 0.19951923076923078 0.06971153846153846 0.11057692307692307
0 0.3737980769230769 0.15865384615384615 0.0889423076923077 0.10336538461538461
0 0.19951923076923078 0.13341346153846154 0.057692307692307696 0.08173076923076923
0 0.25600961538461536 0.14543269230769232 0.07932692307692307 0.11057692307692307
0 0.7055288461538461 0.22115384615384615 0.040865384615384616 0.055288461538461536
0 0.9663461538461539 0.2704326923076923 0.0673076923076923 0.13701923076923078
0 0.578125 0.21394230769230768 0.052884615384615384 0.07932692307692307
0 0.4987980769230769 0.2091346153846154 0.0673076923076923 0.08653846153846154
0 0.5829326923076923 0.054086538461538464 0.02403846153846154 0.038461538461538464
0 0.6778846153846154 0.09735576923076923 0.026442307692307692 0.03125
0 0.7956730769230769 0.1201923076923077 0.021634615384615384 0.03125
0 0.6069711538461539 0.09495192307692307 0.02403846153846154 0.036057692307692304
0 0.8233173076923077 0.13341346153846154 0.021634615384615384 0.026442307692307692
0 0.7884615384615384 0.1310096153846154 0.021634615384615384 0.03125
0 0.7055288461538461 0.1201923076923077 0.026442307692307692 0.03125
0 0.21394230769230768 0.051682692307692304 0.08173076923076923 0.0985576923076923
0 0.8569711538461539 0.15384615384615385 0.03365384615384615 0.05048076923076923
0 0.6189903846153846 0.11658653846153846 0.02403846153846154 0.038461538461538464
0 0.9050480769230769 0.16346153846153846 0.02403846153846154 0.038461538461538464