0 0.6081730769230769 0.11538461538461539 0.01201923076923077 0.019230769230769232
0 0.17427884615384615 0.07932692307692307 0.01201923076923077 0.014423076923076924
0 0.3004807692307692 0.09014423076923077 0.016826923076923076 0.02403846153846154
0 0.3449519230769231 0.09495192307692307 0.019230769230769232 0.019230769230769232
0 0.41225961538461536 0.09975961538461539 0.016826923076923076 0.02403846153846154
0 0.2848557692307692 0.09014423076923077 0.01201923076923077 0.019230769230769232
0 0.5805288461538461 0.11658653846153846 0.019230769230769232 0.019230769230769232
0 0.5637019230769231 0.1141826923076923 0.016826923076923076 0.019230769230769232
0 0.4855769230769231 0.10817307692307693 0.02403846153846154 0.019230769230769232
0 0.23798076923076922 0.0889423076923077 0.019230769230769232 0.02403846153846154
0 0.2692307692307692 0.09134615384615384 0.016826923076923076 0.03365384615384615
0 0.7175480769230769 0.13341346153846154 0.019230769230769232 0.028846153846153848
0 0.3737980769230769 0.10336538461538461 0.02403846153846154 0.028846153846153848
0 0.6875 0.1346153846153846 0.016826923076923076 0.019230769230769232
0 0.5276442307692307 0.12379807692307693 0.019230769230769232 0.02403846153846154
0 0.2956730769230769 0.10576923076923077 0.014423076923076924 0.01201923076923077
0 0.3870192307692308 0.11658653846153846 0.016826923076923076 0.02403846153846154
0 0.4951923076923077 0.12980769230769232 0.021634615384615384 0.03365384615384615
0 0.40024038461538464 0.12259615384615384 0.02403846153846154 0.02403846153846154
0 0.3076923076923077 0.1141826923076923 0.02403846153846154 0.02403846153846154
0 0.21514423076923078 0.10817307692307693 0.02403846153846154 0.019230769230769232
0 0.6081730769230769 0.140625 0.016826923076923076 0.03365384615384615
0 0.171875 0.10697115384615384 0.021634615384615384 0.04326923076923077
0 0.421875 0.12620192307692307 0.019230769230769232 0.028846153846153848
0 0.3605769230769231 0.12379807692307693 0.021634615384615384 0.03365384615384615
0 0.7151442307692307 0.16346153846153846 0.019230769230769232 0.02403846153846154
0 0.6478365384615384 0.15745192307692307 0.016826923076923076 0.03365384615384615
0 0.3737980769230769 0.13581730769230768 0.019230769230769232 0.028846153846153848
0 0.6201923076923077 0.15985576923076922 0.026442307692307692 0.03365384615384615
0 0.27884615384615385 0.13221153846153846 0.02403846153846154 0.028846153846153848
0 0.5697115384615384 0.15985576923076922 0.016826923076923076 0.02403846153846154
0 0.5396634615384616 0.15504807692307693 0.019230769230769232 0.028846153846153848
0 0.5204326923076923 0.15264423076923078 0.019230769230769232 0.028846153846153848
0 0.8569711538461539 0.18269230769230768 0.03125 0.038461538461538464
0 0.5925480769230769 0.1622596153846154 0.026442307692307692 0.03365384615384615
0 0.4675480769230769 0.15625 0.026442307692307692 0.03365384615384615
0 0.6814903846153846 0.17908653846153846 0.021634615384615384 0.03365384615384615
0 0.21514423076923078 0.140625 0.03125 0.038461538461538464
0 0.39903846153846156 0.15985576923076922 0.03125 0.03365384615384615
0 0.7572115384615384 0.19110576923076922 0.02403846153846154 0.02403846153846154
0 0.3389423076923077 0.15625 0.019230769230769232 0.028846153846153848
0 0.31850961538461536 0.15625 0.016826923076923076 0.03365384615384615
0 0.7295673076923077 0.19951923076923078 0.02403846153846154 0.028846153846153848
0 0.5721153846153846 0.18990384615384615 0.026442307692307692 0.038461538461538464
0 0.7716346153846154 0.21033653846153846 0.038461538461538464 0.026442307692307692
0 0.7019230769230769 0.21153846153846154 0.03125 0.04807692307692308
0 0.6141826923076923 0.20552884615384615 0.03125 0.03365384615384615
0 0.359375 0.18870192307692307 0.021634615384615384 0.03365384615384615
0 0.4110576923076923 0.1935096153846154 0.03125 0.03365384615384615
0 0.42908653846153844 0.19471153846153846 0.021634615384615384 0.03365384615384615
0 0.6526442307692307 0.21754807692307693 0.036057692307692304 0.04567307692307692
0 0.4483173076923077 0.20192307692307693 0.02403846153846154 0.019230769230769232
0 0.2548076923076923 0.1971153846153846 0.026442307692307692 0.04326923076923077
0 0.5168269230769231 0.21995192307692307 0.026442307692307692 0.04326923076923077
0 0.32211538461538464 0.20552884615384615 0.03125 0.04807692307692308
0 0.8870192307692307 0.2620192307692308 0.019230769230769232 0.016826923076923076
0 0.7632211538461539 0.25600961538461536 0.04326923076923077 0.07211538461538461
0 0.49038461538461536 0.24278846153846154 0.03125 0.04807692307692308
0 0.5745192307692307 0.24879807692307693 0.036057692307692304 0.052884615384615384
0 0.9134615384615384 0.2800480769230769 0.03125 0.04807692307692308
0 0.71875 0.265625 0.03365384615384615 0.026442307692307692
0 0.39302884615384615 0.2548076923076923 0.036057692307692304 0.057692307692307696
0 0.8737980769230769 0.29927884615384615 0.026442307692307692 0.038461538461538464
0 0.43990384615384615 0.2644230769230769 0.036057692307692304 0.052884615384615384
0 0.1778846153846154 0.24639423076923078 0.04326923076923077 0.07211538461538461
0 0.6430288461538461 0.3016826923076923 0.040865384615384616 0.052884615384615384
0 0.7199519230769231 0.3076923076923077 0.036057692307692304 0.04567307692307692
0 0.5144230769230769 0.3004807692307692 0.04567307692307692 0.057692307692307696
0 0.828125 0.33052884615384615 0.038461538461538464 0.08173076923076923
0 0.8990384615384616 0.35336538461538464 0.03125 0.057692307692307696
0 0.8509615384615384 0.36778846153846156 0.040865384615384616 0.057692307692307696
0 0.20673076923076922 0.34615384615384615 0.04326923076923077 0.0625
0 0.7055288461538461 0.46274038461538464 0.0673076923076923 0.0889423076923077
0 0.26802884615384615 0.4567307692307692 0.0673076923076923 0.0889423076923077
0 0.9050480769230769 0.5192307692307693 0.0673076923076923 0.08413461538461539
0 0.4579326923076923 0.4963942307692308 0.052884615384615384 0.06971153846153846
0 0.4579326923076923 0.09254807692307693 0.016826923076923076 0.019230769230769232
0 0.3605769230769231 0.08413461538461539 0.019230769230769232 0.01201923076923077
0 0.3233173076923077 0.0829326923076923 0.019230769230769232 0.016826923076923076
0 0.5276442307692307 0.10576923076923077 0.016826923076923076 0.016826923076923076
0 0.4699519230769231 0.10096153846153846 0.019230769230769232 0.02403846153846154
0 0.3329326923076923 0.09134615384615384 0.016826923076923076 0.028846153846153848
0 0.4254807692307692 0.0985576923076923 0.016826923076923076 0.019230769230769232