0 0.5168269230769231 0.34375 0.004807692307692308 0.004807692307692308
0 0.5288461538461539 0.3449519230769231 0.004807692307692308 0.009615384615384616
0 0.3870192307692308 0.375 0.004807692307692308 0.004807692307692308
0 0.3870192307692308 0.38221153846153844 0.004807692307692308 0.009615384615384616
0 0.3894230769230769 0.3870192307692308 0.004807692307692308 0.009615384615384616
0 0.8581730769230769 0.38221153846153844 0.004807692307692308 0.004807692307692308
0 0.6826923076923077 0.3942307692307692 0.009615384615384616 0.009615384615384616
0 0.6358173076923077 0.39783653846153844 0.009615384615384616 0.009615384615384616
0 0.6334134615384616 0.40024038461538464 0.004807692307692308 0.009615384615384616
0 0.703125 0.3954326923076923 0.004807692307692308 0.009615384615384616
0 0.6935096153846154 0.39903846153846156 0.004807692307692308 0.009615384615384616
0 0.6610576923076923 0.4026442307692308 0.004807692307692308 0.009615384615384616
0 0.6490384615384616 0.40384615384615385 0.004807692307692308 0.009615384615384616
0 0.7584134615384616 0.39663461538461536 0.004807692307692308 0.004807692307692308
0 0.6538461538461539 0.40384615384615385 0.004807692307692308 0.004807692307692308
0 0.7512019230769231 0.39663461538461536 0.004807692307692308 0.004807692307692308
0 0.6141826923076923 0.40625 0.004807692307692308 0.004807692307692308
0 0.7211538461538461 0.39903846153846156 0.004807692307692308 0.009615384615384616
0 0.7632211538461539 0.3954326923076923 0.004807692307692308 0.009615384615384616
0 0.8533653846153846 0.3894230769230769 0.004807692307692308 0.009615384615384616
0 0.7139423076923077 0.39903846153846156 0.004807692307692308 0.004807692307692308
0 0.7848557692307693 0.3942307692307692 0.004807692307692308 0.004807692307692308
0 0.4891826923076923 0.41466346153846156 0.004807692307692308 0.009615384615384616
0 0.7680288461538461 0.3954326923076923 0.004807692307692308 0.009615384615384616
0 0.5036057692307693 0.4170673076923077 0.004807692307692308 0.009615384615384616
0 0.6262019230769231 0.4074519230769231 0.004807692307692308 0.009615384615384616
0 0.7295673076923077 0.40024038461538464 0.004807692307692308 0.009615384615384616
0 0.7415865384615384 0.40024038461538464 0.009615384615384616 0.009615384615384616
0 0.6033653846153846 0.4098557692307692 0.004807692307692308 0.009615384615384616
0 0.8605769230769231 0.3918269230769231 0.009615384615384616 0.009615384615384616
0 0.42427884615384615 0.421875 0.004807692307692308 0.004807692307692308
0 0.6117788461538461 0.40865384615384615 0.004807692307692308 0.009615384615384616
0 0.4495192307692308 0.4230769230769231 0.004807692307692308 0.004807692307692308
0 0.7487980769230769 0.4014423076923077 0.004807692307692308 0.004807692307692308
0 0.7043269230769231 0.4050480769230769 0.009615384615384616 0.009615384615384616
0 0.4423076923076923 0.4254807692307692 0.004807692307692308 0.009615384615384616
0 0.4098557692307692 0.42908653846153844 0.004807692307692308 0.009615384615384616
0 0.4699519230769231 0.4254807692307692 0.009615384615384616 0.009615384615384616
0 0.4879807692307692 0.42427884615384615 0.004807692307692308 0.009615384615384616
0 0.7584134615384616 0.4050480769230769 0.004807692307692308 0.009615384615384616
0 0.7920673076923077 0.4050480769230769 0.009615384615384616 0.014423076923076924
0 0.8569711538461539 0.40024038461538464 0.004807692307692308 0.009615384615384616
0 0.42788461538461536 0.4326923076923077 0.009615384615384616 0.009615384615384616
0 0.4098557692307692 0.4362980769230769 0.004807692307692308 0.004807692307692308
0 0.6454326923076923 0.41947115384615385 0.009615384615384616 0.004807692307692308
0 0.46033653846153844 0.4326923076923077 0.009615384615384616 0.009615384615384616
0 0.49759615384615385 0.43028846153846156 0.004807692307692308 0.004807692307692308
0 0.453125 0.4362980769230769 0.009615384615384616 0.009615384615384616
0 0.4699519230769231 0.43509615384615385 0.009615384615384616 0.009615384615384616
0 0.5348557692307693 0.43028846153846156 0.004807692307692308 0.009615384615384616
0 0.8641826923076923 0.4074519230769231 0.004807692307692308 0.009615384615384616
0 0.4423076923076923 0.4362980769230769 0.009615384615384616 0.009615384615384616
0 0.7596153846153846 0.4170673076923077 0.009615384615384616 0.009615384615384616
0 0.765625 0.41586538461538464 0.009615384615384616 0.009615384615384616
0 0.49278846153846156 0.4375 0.004807692307692308 0.009615384615384616
0 0.8004807692307693 0.41586538461538464 0.004807692307692308 0.009615384615384616
0 0.703125 0.4230769230769231 0.009615384615384616 0.009615384615384616
0 0.8774038461538461 0.41346153846153844 0.009615384615384616 0.009615384615384616
0 0.7752403846153846 0.4206730769230769 0.009615384615384616 0.014423076923076924
0 0.7427884615384616 0.4230769230769231 0.009615384615384616 0.014423076923076924
0 0.6129807692307693 0.43149038461538464 0.009615384615384616 0.009615384615384616
0 0.6875 0.4266826923076923 0.009615384615384616 0.009615384615384616
0 0.6646634615384616 0.43028846153846156 0.009615384615384616 0.009615384615384616
0 0.7475961538461539 0.42427884615384615 0.004807692307692308 0.009615384615384616
0 0.5444711538461539 0.4411057692307692 0.009615384615384616 0.014423076923076924
0 0.8557692307692307 0.41947115384615385 0.009615384615384616 0.004807692307692308
0 0.6995192307692307 0.4326923076923077 0.004807692307692308 0.009615384615384616
0 0.7548076923076923 0.42908653846153844 0.004807692307692308 0.009615384615384616
0 0.8653846153846154 0.421875 0.004807692307692308 0.009615384615384616
0 0.7596153846153846 0.42908653846153844 0.009615384615384616 0.009615384615384616
0 0.5709134615384616 0.4423076923076923 0.009615384615384616 0.009615384615384616
0 0.6742788461538461 0.43509615384615385 0.004807692307692308 0.009615384615384616
0 0.6862980769230769 0.4338942307692308 0.009615384615384616 0.009615384615384616
0 0.6983173076923077 0.4326923076923077 0.004807692307692308 0.009615384615384616
0 0.7896634615384616 0.4266826923076923 0.004807692307692308 0.009615384615384616
0 0.5612980769230769 0.4423076923076923 0.004807692307692308 0.009615384615384616
0 0.5492788461538461 0.44591346153846156 0.004807692307692308 0.009615384615384616
0 0.8076923076923077 0.42788461538461536 0.009615384615384616 0.009615384615384616
0 0.5360576923076923 0.44711538461538464 0.009615384615384616 0.014423076923076924
0 0.6310096153846154 0.43990384615384615 0.009615384615384616 0.009615384615384616
0 0.6117788461538461 0.4411057692307692 0.004807692307692308 0.009615384615384616
0 0.7139423076923077 0.4338942307692308 0.009615384615384616 0.009615384615384616
0 0.7463942307692307 0.4326923076923077 0.004807692307692308 0.009615384615384616
0 0.7283653846153846 0.4338942307692308 0.009615384615384616 0.014423076923076924
0 0.7319711538461539 0.43509615384615385 0.009615384615384616 0.009615384615384616
0 0.6165865384615384 0.44350961538461536 0.009615384615384616 0.014423076923076924
0 0.5444711538461539 0.4495192307692308 0.004807692307692308 0.014423076923076924
0 0.5733173076923077 0.4483173076923077 0.004807692307692308 0.009615384615384616
0 0.5793269230769231 0.44711538461538464 0.004807692307692308 0.009615384615384616
0 0.7319711538461539 0.4362980769230769 0.009615384615384616 0.009615384615384616
0 0.6838942307692307 0.43990384615384615 0.009615384615384616 0.009615384615384616
0 0.7764423076923077 0.4362980769230769 0.009615384615384616 0.004807692307692308
0 0.5588942307692307 0.45072115384615385 0.009615384615384616 0.014423076923076924
0 0.7139423076923077 0.43990384615384615 0.009615384615384616 0.009615384615384616
0 0.7463942307692307 0.4387019230769231 0.004807692307692308 0.009615384615384616
0 0.8617788461538461 0.4326923076923077 0.004807692307692308 0.009615384615384616
0 0.6033653846153846 0.45072115384615385 0.009615384615384616 0.009615384615384616
0 0.6394230769230769 0.4483173076923077 0.009615384615384616 0.014423076923076924
0 0.7668269230769231 0.4387019230769231 0.004807692307692308 0.009615384615384616
0 0.6141826923076923 0.4519230769230769 0.009615384615384616 0.009615384615384616
0 0.8786057692307693 0.4338942307692308 0.009615384615384616 0.014423076923076924
0 0.7367788461538461 0.44350961538461536 0.004807692307692308 0.009615384615384616
0 0.8665865384615384 0.4375 0.009615384615384616 0.009615384615384616
0 0.7932692307692307 0.44471153846153844 0.009615384615384616 0.009615384615384616
0 0.7836538461538461 0.44471153846153844 0.009615384615384616 0.009615384615384616
0 0.5721153846153846 0.46033653846153844 0.009615384615384616 0.009615384615384616
0 0.6646634615384616 0.45552884615384615 0.009615384615384616 0.004807692307692308
0 0.6526442307692307 0.4567307692307692 0.009615384615384616 0.009615384615384616
0 0.7175480769230769 0.4519230769230769 0.009615384615384616 0.014423076923076924
0 0.8016826923076923 0.44591346153846156 0.009615384615384616 0.009615384615384616
0 0.6322115384615384 0.4579326923076923 0.009615384615384616 0.014423076923076924
0 0.8870192307692307 0.43990384615384615 0.009615384615384616 0.014423076923076924
0 0.578125 0.4639423076923077 0.004807692307692308 0.004807692307692308
0 0.9182692307692307 0.4411057692307692 0.009615384615384616 0.014423076923076924
0 0.7271634615384616 0.4543269230769231 0.009615384615384616 0.009615384615384616
0 0.8653846153846154 0.44471153846153844 0.004807692307692308 0.004807692307692308
0 0.7355769230769231 0.45552884615384615 0.009615384615384616 0.009615384615384616
0 0.7728365384615384 0.453125 0.009615384615384616 0.014423076923076924
0 0.6754807692307693 0.46033653846153844 0.009615384615384616 0.009615384615384616
0 0.7896634615384616 0.4543269230769231 0.004807692307692308 0.009615384615384616
0 0.7403846153846154 0.4579326923076923 0.009615384615384616 0.009615384615384616
0 0.6947115384615384 0.46153846153846156 0.009615384615384616 0.009615384615384616
0 0.7848557692307693 0.4543269230769231 0.004807692307692308 0.009615384615384616
0 0.7475961538461539 0.4579326923076923 0.009615384615384616 0.009615384615384616
0 0.6274038461538461 0.46634615384615385 0.009615384615384616 0.009615384615384616
0 0.7319711538461539 0.4579326923076923 0.004807692307692308 0.009615384615384616
0 0.7620192307692307 0.45913461538461536 0.004807692307692308 0.004807692307692308
0 0.6526442307692307 0.46634615384615385 0.009615384615384616 0.009615384615384616
0 0.7007211538461539 0.46274038461538464 0.014423076923076924 0.014423076923076924
0 0.6153846153846154 0.46875 0.009615384615384616 0.014423076923076924
0 0.8653846153846154 0.4519230769230769 0.009615384615384616 0.014423076923076924
0 0.6370192307692307 0.4675480769230769 0.009615384615384616 0.009615384615384616
0 0.6454326923076923 0.46634615384615385 0.009615384615384616 0.014423076923076924
0 0.5757211538461539 0.4723557692307692 0.009615384615384616 0.014423076923076924
0 0.8125 0.4579326923076923 0.009615384615384616 0.009615384615384616
0 0.765625 0.46033653846153844 0.004807692307692308 0.009615384615384616
0 0.2536057692307692 0.4987980769230769 0.004807692307692308 0.014423076923076924
0 0.6862980769230769 0.46875 0.009615384615384616 0.004807692307692308
0 0.6610576923076923 0.47115384615384615 0.004807692307692308 0.004807692307692308
0 0.6009615384615384 0.47475961538461536 0.009615384615384616 0.004807692307692308
0 0.5432692307692307 0.47836538461538464 0.004807692307692308 0.009615384615384616
0 0.5637019230769231 0.47716346153846156 0.004807692307692308 0.004807692307692308
0 0.8798076923076923 0.45552884615384615 0.009615384615384616 0.009615384615384616
0 0.7451923076923077 0.4651442307692308 0.009615384615384616 0.014423076923076924
0 0.36177884615384615 0.49158653846153844 0.009615384615384616 0.009615384615384616
0 0.5516826923076923 0.4807692307692308 0.009615384615384616 0.009615384615384616
0 0.5564903846153846 0.4807692307692308 0.004807692307692308 0.009615384615384616
0 0.5685096153846154 0.4795673076923077 0.004807692307692308 0.009615384615384616
0 0.7536057692307693 0.46634615384615385 0.009615384615384616 0.014423076923076924
0 0.828125 0.46153846153846156 0.009615384615384616 0.009615384615384616
0 0.44350961538461536 0.4879807692307692 0.004807692307692308 0.014423076923076924
0 0.7235576923076923 0.46875 0.009615384615384616 0.009615384615384616
0 0.5865384615384616 0.4795673076923077 0.009615384615384616 0.009615384615384616
0 0.6634615384615384 0.4735576923076923 0.009615384615384616 0.009615384615384616
0 0.7163461538461539 0.4699519230769231 0.009615384615384616 0.009615384615384616
0 0.5336538461538461 0.4831730769230769 0.009615384615384616 0.014423076923076924
0 0.47836538461538464 0.48677884615384615 0.009615384615384616 0.009615384615384616
0 0.671875 0.4735576923076923 0.004807692307692308 0.009615384615384616
0 0.7007211538461539 0.47115384615384615 0.009615384615384616 0.009615384615384616
0 0.35336538461538464 0.4951923076923077 0.009615384615384616 0.014423076923076924
0 0.5913461538461539 0.4795673076923077 0.009615384615384616 0.009615384615384616
0 0.734375 0.46875 0.009615384615384616 0.009615384615384616
0 0.6538461538461539 0.47475961538461536 0.009615384615384616 0.009615384615384616
0 0.4891826923076923 0.48677884615384615 0.009615384615384616 0.009615384615384616
0 0.4543269230769231 0.49158653846153844 0.004807692307692308 0.009615384615384616
0 0.6262019230769231 0.4795673076923077 0.009615384615384616 0.014423076923076924
0 0.4987980769230769 0.4879807692307692 0.009615384615384616 0.009615384615384616
0 0.6394230769230769 0.47836538461538464 0.009615384615384616 0.014423076923076924
0 0.7307692307692307 0.4723557692307692 0.014423076923076924 0.014423076923076924
0 0.9278846153846154 0.4579326923076923 0.009615384615384616 0.014423076923076924
0 0.7439903846153846 0.47115384615384615 0.009615384615384616 0.009615384615384616
0 0.5108173076923077 0.48677884615384615 0.009615384615384616 0.009615384615384616
0 0.6057692307692307 0.4807692307692308 0.004807692307692308 0.009615384615384616
0 0.7584134615384616 0.4699519230769231 0.009615384615384616 0.014423076923076924
0 0.4206730769230769 0.49399038461538464 0.009615384615384616 0.014423076923076924
0 0.6790865384615384 0.47596153846153844 0.009615384615384616 0.009615384615384616
0 0.6935096153846154 0.47475961538461536 0.009615384615384616 0.009615384615384616
0 0.8269230769230769 0.4651442307692308 0.009615384615384616 0.009615384615384616
0 0.5612980769230769 0.4831730769230769 0.009615384615384616 0.009615384615384616
0 0.6838942307692307 0.47716346153846156 0.009615384615384616 0.009615384615384616
0 0.5985576923076923 0.4831730769230769 0.009615384615384616 0.014423076923076924
0 0.7884615384615384 0.4699519230769231 0.009615384615384616 0.014423076923076924
0 0.7019230769230769 0.47596153846153844 0.009615384615384616 0.009615384615384616
0 0.5168269230769231 0.4891826923076923 0.004807692307692308 0.009615384615384616
0 0.48677884615384615 0.49158653846153844 0.004807692307692308 0.009615384615384616
0 0.7764423076923077 0.47115384615384615 0.009615384615384616 0.009615384615384616
0 0.5456730769230769 0.48677884615384615 0.009615384615384616 0.014423076923076924
0 0.7091346153846154 0.47596153846153844 0.004807692307692308 0.009615384615384616
0 0.9182692307692307 0.46153846153846156 0.009615384615384616 0.009615384615384616
0 0.6334134615384616 0.4831730769230769 0.009615384615384616 0.009615384615384616
0 0.4098557692307692 0.4987980769230769 0.009615384615384616 0.009615384615384616
0 0.4723557692307692 0.4951923076923077 0.009615384615384616 0.014423076923076924
0 0.6117788461538461 0.484375 0.009615384615384616 0.004807692307692308
0 0.5348557692307693 0.49038461538461536 0.004807692307692308 0.014423076923076924
0 0.8112980769230769 0.47115384615384615 0.004807692307692308 0.004807692307692308
0 0.8365384615384616 0.46875 0.009615384615384616 0.014423076923076924
0 0.5865384615384616 0.48677884615384615 0.009615384615384616 0.009615384615384616
0 0.7139423076923077 0.47836538461538464 0.009615384615384616 0.004807692307692308
0 0.5757211538461539 0.4879807692307692 0.009615384615384616 0.014423076923076924
0 0.7932692307692307 0.4723557692307692 0.009615384615384616 0.014423076923076924
0 0.36538461538461536 0.5024038461538461 0.014423076923076924 0.014423076923076924
0 0.5276442307692307 0.49038461538461536 0.009615384615384616 0.014423076923076924
0 0.203125 0.5132211538461539 0.009615384615384616 0.014423076923076924
0 0.48197115384615385 0.49399038461538464 0.004807692307692308 0.014423076923076924
0 0.375 0.5012019230769231 0.009615384615384616 0.009615384615384616
0 0.45552884615384615 0.4963942307692308 0.004807692307692308 0.009615384615384616
0 0.8641826923076923 0.4699519230769231 0.009615384615384616 0.014423076923076924
0 0.43990384615384615 0.4987980769230769 0.009615384615384616 0.014423076923076924
0 0.7716346153846154 0.47596153846153844 0.009615384615384616 0.009615384615384616
0 0.6610576923076923 0.484375 0.014423076923076924 0.009615384615384616
0 0.453125 0.4987980769230769 0.009615384615384616 0.009615384615384616
0 0.39302884615384615 0.5024038461538461 0.004807692307692308 0.014423076923076924
0 0.18028846153846154 0.5180288461538461 0.009615384615384616 0.014423076923076924
0 0.7283653846153846 0.4795673076923077 0.009615384615384616 0.014423076923076924
0 0.4951923076923077 0.49759615384615385 0.009615384615384616 0.014423076923076924
0 0.5 0.49759615384615385 0.009615384615384616 0.014423076923076924
0 0.5949519230769231 0.49038461538461536 0.004807692307692308 0.009615384615384616
0 0.734375 0.4807692307692308 0.014423076923076924 0.014423076923076924
0 0.6225961538461539 0.4891826923076923 0.009615384615384616 0.014423076923076924
0 0.7512019230769231 0.48197115384615385 0.009615384615384616 0.009615384615384616
0 0.7019230769230769 0.4855769230769231 0.009615384615384616 0.014423076923076924
0 0.8088942307692307 0.47836538461538464 0.009615384615384616 0.014423076923076924
0 0.41225961538461536 0.5060096153846154 0.009615384615384616 0.014423076923076924
0 0.6298076923076923 0.49038461538461536 0.014423076923076924 0.009615384615384616
0 0.4651442307692308 0.5024038461538461 0.009615384615384616 0.014423076923076924
0 0.6394230769230769 0.49038461538461536 0.009615384615384616 0.014423076923076924
0 0.6478365384615384 0.4891826923076923 0.009615384615384616 0.014423076923076924
0 0.7427884615384616 0.4831730769230769 0.014423076923076924 0.014423076923076924
0 0.40024038461538464 0.5072115384615384 0.009615384615384616 0.014423076923076924
0 0.6550480769230769 0.49158653846153844 0.009615384615384616 0.014423076923076924
0 0.7151442307692307 0.4879807692307692 0.014423076923076924 0.014423076923076924
0 0.265625 0.5192307692307693 0.016826923076923076 0.019230769230769232
0 0.38461538461538464 0.5108173076923077 0.009615384615384616 0.014423076923076924
0 0.4495192307692308 0.5060096153846154 0.009615384615384616 0.014423076923076924
0 0.8004807692307693 0.48197115384615385 0.009615384615384616 0.014423076923076924
0 0.25600961538461536 0.5192307692307693 0.014423076923076924 0.014423076923076924
0 0.7776442307692307 0.4831730769230769 0.009615384615384616 0.014423076923076924
0 0.4723557692307692 0.5048076923076923 0.004807692307692308 0.014423076923076924
0 0.828125 0.48197115384615385 0.009615384615384616 0.014423076923076924
0 0.1141826923076923 0.53125 0.009615384615384616 0.009615384615384616
0 0.7728365384615384 0.4855769230769231 0.009615384615384616 0.009615384615384616
0 0.4375 0.5096153846153846 0.009615384615384616 0.014423076923076924
0 0.5228365384615384 0.5036057692307693 0.009615384615384616 0.014423076923076924
0 0.6069711538461539 0.49759615384615385 0.009615384615384616 0.014423076923076924
0 0.5528846153846154 0.5036057692307693 0.016826923076923076 0.019230769230769232
0 0.7920673076923077 0.48677884615384615 0.009615384615384616 0.014423076923076924
0 0.8401442307692307 0.4831730769230769 0.009615384615384616 0.014423076923076924
0 0.6730769230769231 0.4951923076923077 0.009615384615384616 0.009615384615384616
0 0.5120192307692307 0.5060096153846154 0.009615384615384616 0.009615384615384616
0 0.2860576923076923 0.5216346153846154 0.014423076923076924 0.014423076923076924
0 0.22115384615384615 0.5264423076923077 0.014423076923076924 0.014423076923076924
0 0.484375 0.5084134615384616 0.009615384615384616 0.014423076923076924
0 0.4963942307692308 0.5096153846153846 0.009615384615384616 0.014423076923076924
0 0.10096153846153846 0.5372596153846154 0.014423076923076924 0.014423076923076924
0 0.625 0.5012019230769231 0.009615384615384616 0.009615384615384616
0 0.7524038461538461 0.49158653846153844 0.014423076923076924 0.004807692307692308
0 0.7848557692307693 0.4891826923076923 0.009615384615384616 0.009615384615384616
0 0.4266826923076923 0.5144230769230769 0.009615384615384616 0.014423076923076924
0 0.5973557692307693 0.5024038461538461 0.009615384615384616 0.014423076923076924
0 0.9747596153846154 0.47596153846153844 0.009615384615384616 0.014423076923076924
0 0.19831730769230768 0.53125 0.009615384615384616 0.014423076923076924
0 0.703125 0.5 0.014423076923076924 0.014423076923076924
0 0.5084134615384616 0.5144230769230769 0.014423076923076924 0.014423076923076924
0 0.8329326923076923 0.49158653846153844 0.009615384615384616 0.014423076923076924
0 0.13701923076923078 0.5396634615384616 0.016826923076923076 0.019230769230769232
0 0.30408653846153844 0.5276442307692307 0.009615384615384616 0.009615384615384616
0 0.4543269230769231 0.5180288461538461 0.009615384615384616 0.009615384615384616
0 0.5432692307692307 0.5120192307692307 0.016826923076923076 0.019230769230769232
0 0.6923076923076923 0.5012019230769231 0.009615384615384616 0.014423076923076924
0 0.3918269230769231 0.5228365384615384 0.009615384615384616 0.014423076923076924
0 0.8125 0.49399038461538464 0.009615384615384616 0.014423076923076924
0 0.6033653846153846 0.5084134615384616 0.009615384615384616 0.014423076923076924
0 0.9795673076923077 0.48197115384615385 0.009615384615384616 0.014423076923076924
0 0.09014423076923077 0.5444711538461539 0.009615384615384616 0.014423076923076924
0 0.6262019230769231 0.5072115384615384 0.009615384615384616 0.009615384615384616
0 0.6862980769230769 0.5024038461538461 0.014423076923076924 0.014423076923076924
0 0.8954326923076923 0.4879807692307692 0.009615384615384616 0.009615384615384616
0 0.020432692307692308 0.5492788461538461 0.009615384615384616 0.009615384615384616
0 0.8870192307692307 0.4891826923076923 0.014423076923076924 0.014423076923076924
0 0.3786057692307692 0.5264423076923077 0.014423076923076924 0.009615384615384616
0 0.5841346153846154 0.5120192307692307 0.009615384615384616 0.014423076923076924
0 0.7560096153846154 0.5 0.014423076923076924 0.009615384615384616
0 0.7355769230769231 0.5012019230769231 0.009615384615384616 0.004807692307692308
0 0.2956730769230769 0.5324519230769231 0.004807692307692308 0.009615384615384616
0 0.796875 0.49759615384615385 0.009615384615384616 0.009615384615384616
0 0.34615384615384615 0.5288461538461539 0.016826923076923076 0.019230769230769232
0 0.44350961538461536 0.5240384615384616 0.01201923076923077 0.019230769230769232
0 0.06009615384615385 0.5516826923076923 0.016826923076923076 0.019230769230769232
0 0.53125 0.5180288461538461 0.016826923076923076 0.019230769230769232
0 0.7716346153846154 0.5012019230769231 0.009615384615384616 0.009615384615384616
0 0.4987980769230769 0.5204326923076923 0.01201923076923077 0.019230769230769232
0 0.46875 0.5228365384615384 0.009615384615384616 0.014423076923076924
0 0.9651442307692307 0.4879807692307692 0.009615384615384616 0.014423076923076924
0 0.6658653846153846 0.5084134615384616 0.019230769230769232 0.019230769230769232
0 0.16947115384615385 0.5432692307692307 0.016826923076923076 0.019230769230769232
0 0.016826923076923076 0.5564903846153846 0.016826923076923076 0.019230769230769232
0 0.11778846153846154 0.5492788461538461 0.016826923076923076 0.019230769230769232
0 0.09975961538461539 0.5504807692307693 0.014423076923076924 0.014423076923076924
0 0.7884615384615384 0.5024038461538461 0.014423076923076924 0.014423076923076924
0 0.3629807692307692 0.5348557692307693 0.016826923076923076 0.019230769230769232
0 0.7632211538461539 0.5072115384615384 0.009615384615384616 0.014423076923076924
0 0.30528846153846156 0.5384615384615384 0.014423076923076924 0.014423076923076924
0 0.4050480769230769 0.5324519230769231 0.014423076923076924 0.014423076923076924
0 0.6213942307692307 0.5168269230769231 0.009615384615384616 0.014423076923076924
0 0.5733173076923077 0.5204326923076923 0.014423076923076924 0.014423076923076924
0 0.37259615384615385 0.5336538461538461 0.009615384615384616 0.014423076923076924
0 0.9314903846153846 0.4951923076923077 0.016826923076923076 0.019230769230769232
0 0.4519230769230769 0.53125 0.009615384615384616 0.014423076923076924
0 0.6490384615384616 0.5168269230769231 0.014423076923076924 0.014423076923076924
0 0.7355769230769231 0.5108173076923077 0.014423076923076924 0.009615384615384616
0 0.7980769230769231 0.5072115384615384 0.004807692307692308 0.009615384615384616
0 0.028846153846153848 0.5600961538461539 0.009615384615384616 0.014423076923076924
0 0.6814903846153846 0.5144230769230769 0.014423076923076924 0.014423076923076924
0 0.4375 0.5348557692307693 0.016826923076923076 0.019230769230769232
0 0.3245192307692308 0.5420673076923077 0.01201923076923077 0.019230769230769232
0 0.04807692307692308 0.5612980769230769 0.016826923076923076 0.019230769230769232
0 0.3870192307692308 0.5384615384615384 0.016826923076923076 0.019230769230769232
0 0.6310096153846154 0.5204326923076923 0.014423076923076924 0.014423076923076924
0 0.8137019230769231 0.5108173076923077 0.009615384615384616 0.014423076923076924
0 0.8762019230769231 0.5060096153846154 0.009615384615384616 0.014423076923076924
0 0.03365384615384615 0.5649038461538461 0.016826923076923076 0.028846153846153848
0 0.5504807692307693 0.5288461538461539 0.009615384615384616 0.014423076923076924
0 0.5252403846153846 0.53125 0.014423076923076924 0.014423076923076924
0 0.7487980769230769 0.515625 0.009615384615384616 0.009615384615384616
0 0.9014423076923077 0.5072115384615384 0.014423076923076924 0.014423076923076924
0 0.7427884615384616 0.5180288461538461 0.009615384615384616 0.009615384615384616
0 0.5420673076923077 0.5324519230769231 0.009615384615384616 0.014423076923076924
0 0.46274038461538464 0.5372596153846154 0.01201923076923077 0.019230769230769232
0 0.9206730769230769 0.5060096153846154 0.019230769230769232 0.019230769230769232
0 0.9807692307692307 0.5012019230769231 0.016826923076923076 0.019230769230769232
0 0.7103365384615384 0.5204326923076923 0.019230769230769232 0.019230769230769232
0 0.8641826923076923 0.5120192307692307 0.016826923076923076 0.019230769230769232
0 0.3317307692307692 0.5492788461538461 0.01201923076923077 0.019230769230769232
0 0.5204326923076923 0.5360576923076923 0.014423076923076924 0.014423076923076924
0 0.3449519230769231 0.5480769230769231 0.014423076923076924 0.014423076923076924
0 0.7752403846153846 0.5180288461538461 0.014423076923076924 0.014423076923076924
0 0.6045673076923077 0.5300480769230769 0.019230769230769232 0.019230769230769232
0 0.4795673076923077 0.5384615384615384 0.014423076923076924 0.014423076923076924
0 0.8918269230769231 0.5096153846153846 0.01201923076923077 0.019230769230769232
0 0.11899038461538461 0.5637019230769231 0.014423076923076924 0.014423076923076924
0 0.27163461538461536 0.5528846153846154 0.014423076923076924 0.014423076923076924
0 0.6947115384615384 0.5240384615384616 0.016826923076923076 0.019230769230769232
0 0.39663461538461536 0.546875 0.016826923076923076 0.019230769230769232
0 0.09134615384615384 0.5685096153846154 0.019230769230769232 0.019230769230769232
0 0.3137019230769231 0.5528846153846154 0.01201923076923077 0.019230769230769232
0 0.6754807692307693 0.5276442307692307 0.014423076923076924 0.009615384615384616
0 0.32091346153846156 0.5552884615384616 0.016826923076923076 0.019230769230769232
0 0.5673076923076923 0.5372596153846154 0.016826923076923076 0.019230769230769232
0 0.8449519230769231 0.5180288461538461 0.01201923076923077 0.019230769230769232
0 0.8293269230769231 0.5192307692307693 0.016826923076923076 0.019230769230769232
0 0.49278846153846156 0.5420673076923077 0.016826923076923076 0.019230769230769232
0 0.9663461538461539 0.5096153846153846 0.016826923076923076 0.019230769230769232
0 0.5576923076923077 0.5408653846153846 0.009615384615384616 0.014423076923076924
0 0.7596153846153846 0.5264423076923077 0.014423076923076924 0.014423076923076924
0 0.5084134615384616 0.5444711538461539 0.016826923076923076 0.019230769230769232
0 0.6274038461538461 0.5360576923076923 0.019230769230769232 0.019230769230769232
0 0.7896634615384616 0.5240384615384616 0.014423076923076924 0.014423076923076924
0 0.27884615384615385 0.5625 0.016826923076923076 0.019230769230769232
0 0.3088942307692308 0.5600961538461539 0.016826923076923076 0.019230769230769232
0 0.45552884615384615 0.5504807692307693 0.016826923076923076 0.019230769230769232
0 0.19831730769230768 0.5697115384615384 0.019230769230769232 0.028846153846153848
0 0.3016826923076923 0.5625 0.019230769230769232 0.02403846153846154
0 0.7367788461538461 0.53125 0.014423076923076924 0.014423076923076924
0 0.5012019230769231 0.5480769230769231 0.016826923076923076 0.019230769230769232
0 0.23798076923076922 0.5661057692307693 0.016826923076923076 0.019230769230769232
0 0.5456730769230769 0.546875 0.016826923076923076 0.019230769230769232
0 0.25600961538461536 0.5673076923076923 0.016826923076923076 0.019230769230769232
0 0.33413461538461536 0.5625 0.016826923076923076 0.019230769230769232
0 0.75 0.5336538461538461 0.016826923076923076 0.019230769230769232
0 0.5588942307692307 0.546875 0.016826923076923076 0.019230769230769232
0 0.09495192307692307 0.5817307692307693 0.016826923076923076 0.019230769230769232
0 0.03485576923076923 0.5853365384615384 0.019230769230769232 0.019230769230769232
0 0.6730769230769231 0.5408653846153846 0.019230769230769232 0.028846153846153848
0 0.8473557692307693 0.5288461538461539 0.009615384615384616 0.014423076923076924
0 0.8701923076923077 0.5276442307692307 0.014423076923076924 0.014423076923076924
0 0.5240384615384616 0.5516826923076923 0.019230769230769232 0.028846153846153848
0 0.36658653846153844 0.5649038461538461 0.016826923076923076 0.019230769230769232
0 0.0673076923076923 0.5853365384615384 0.019230769230769232 0.02403846153846154
0 0.6983173076923077 0.5420673076923077 0.014423076923076924 0.014423076923076924
0 0.9074519230769231 0.5264423076923077 0.016826923076923076 0.019230769230769232
0 0.7956730769230769 0.5348557692307693 0.016826923076923076 0.019230769230769232
0 0.3798076923076923 0.5661057692307693 0.016826923076923076 0.019230769230769232
0 0.9915865384615384 0.5216346153846154 0.016826923076923076 0.02403846153846154
0 0.2692307692307692 0.5745192307692307 0.019230769230769232 0.019230769230769232
0 0.9447115384615384 0.5264423076923077 0.016826923076923076 0.019230769230769232
0 0.34975961538461536 0.5685096153846154 0.019230769230769232 0.028846153846153848
0 0.8112980769230769 0.5408653846153846 0.016826923076923076 0.019230769230769232
0 0.3293269230769231 0.5745192307692307 0.016826923076923076 0.02403846153846154
0 0.24759615384615385 0.5805288461538461 0.016826923076923076 0.019230769230769232
0 0.14543269230769232 0.5877403846153846 0.019230769230769232 0.02403846153846154
0 0.2776442307692308 0.5805288461538461 0.016826923076923076 0.019230769230769232
0 0.6322115384615384 0.5552884615384616 0.019230769230769232 0.019230769230769232
0 0.49278846153846156 0.5661057692307693 0.019230769230769232 0.019230769230769232
0 0.6814903846153846 0.5528846153846154 0.019230769230769232 0.019230769230769232
0 0.8834134615384616 0.5408653846153846 0.019230769230769232 0.019230769230769232
0 0.44471153846153844 0.5709134615384616 0.019230769230769232 0.028846153846153848
0 0.7163461538461539 0.5528846153846154 0.019230769230769232 0.019230769230769232
0 0.8209134615384616 0.5444711538461539 0.009615384615384616 0.014423076923076924
0 0.8317307692307693 0.546875 0.019230769230769232 0.02403846153846154
0 0.5853365384615384 0.5637019230769231 0.019230769230769232 0.019230769230769232
0 0.33774038461538464 0.5817307692307693 0.009615384615384616 0.014423076923076924
0 0.3954326923076923 0.5769230769230769 0.02403846153846154 0.02403846153846154
0 0.12620192307692307 0.5961538461538461 0.019230769230769232 0.019230769230769232
0 0.3088942307692308 0.5853365384615384 0.016826923076923076 0.02403846153846154
0 0.2283653846153846 0.5913461538461539 0.016826923076923076 0.019230769230769232
0 0.16346153846153846 0.5961538461538461 0.019230769230769232 0.028846153846153848
0 0.8016826923076923 0.5516826923076923 0.016826923076923076 0.019230769230769232
0 0.7548076923076923 0.5540865384615384 0.019230769230769232 0.019230769230769232
0 0.29086538461538464 0.5865384615384616 0.016826923076923076 0.02403846153846154
0 0.6971153846153846 0.5612980769230769 0.019230769230769232 0.019230769230769232
0 0.11298076923076923 0.6021634615384616 0.019230769230769232 0.02403846153846154
0 0.35336538461538464 0.5853365384615384 0.019230769230769232 0.02403846153846154
0 0.0829326923076923 0.6033653846153846 0.016826923076923076 0.028846153846153848
0 0.5324519230769231 0.5745192307692307 0.016826923076923076 0.028846153846153848
0 0.6502403846153846 0.5661057692307693 0.019230769230769232 0.028846153846153848
0 0.04326923076923077 0.609375 0.02403846153846154 0.03365384615384615
0 0.5444711538461539 0.5745192307692307 0.019230769230769232 0.028846153846153848
0 0.7391826923076923 0.5637019230769231 0.016826923076923076 0.019230769230769232
0 0.38100961538461536 0.5889423076923077 0.019230769230769232 0.019230769230769232
0 0.9026442307692307 0.5528846153846154 0.019230769230769232 0.03365384615384615
0 0.7728365384615384 0.5637019230769231 0.016826923076923076 0.019230769230769232
0 0.4963942307692308 0.5853365384615384 0.019230769230769232 0.028846153846153848
0 0.2704326923076923 0.6009615384615384 0.019230769230769232 0.028846153846153848
0 0.9579326923076923 0.5564903846153846 0.019230769230769232 0.028846153846153848
0 0.5180288461538461 0.5865384615384616 0.019230769230769232 0.028846153846153848
0 0.9146634615384616 0.5588942307692307 0.016826923076923076 0.02403846153846154
0 0.59375 0.5817307692307693 0.019230769230769232 0.028846153846153848
0 0.33653846153846156 0.5997596153846154 0.016826923076923076 0.019230769230769232
0 0.8725961538461539 0.5637019230769231 0.019230769230769232 0.02403846153846154
0 0.24278846153846154 0.6105769230769231 0.02403846153846154 0.02403846153846154
0 0.421875 0.5985576923076923 0.02403846153846154 0.028846153846153848
0 0.9399038461538461 0.5625 0.019230769230769232 0.02403846153846154
0 0.8557692307692307 0.5709134615384616 0.019230769230769232 0.019230769230769232
0 0.19471153846153846 0.6165865384615384 0.03125 0.038461538461538464
0 0.8040865384615384 0.5769230769230769 0.019230769230769232 0.028846153846153848
0 0.07091346153846154 0.6274038461538461 0.02403846153846154 0.02403846153846154
0 0.8209134615384616 0.5757211538461539 0.019230769230769232 0.028846153846153848
0 0.71875 0.5841346153846154 0.019230769230769232 0.028846153846153848
0 0.3894230769230769 0.6129807692307693 0.019230769230769232 0.028846153846153848
0 0.10336538461538461 0.6346153846153846 0.02403846153846154 0.028846153846153848
0 0.6201923076923077 0.6021634615384616 0.02403846153846154 0.03365384615384615
0 0.8846153846153846 0.5841346153846154 0.019230769230769232 0.02403846153846154
0 0.8473557692307693 0.59375 0.02403846153846154 0.028846153846153848
0 0.042067307692307696 0.6550480769230769 0.02403846153846154 0.03365384615384615
0 0.43149038461538464 0.6274038461538461 0.02403846153846154 0.03365384615384615
0 0.07692307692307693 0.6598557692307693 0.026442307692307692 0.038461538461538464
0 0.7512019230769231 0.6177884615384616 0.026442307692307692 0.038461538461538464
0 0.5192307692307693 0.6382211538461539 0.03125 0.038461538461538464
0 0.23076923076923078 0.6622596153846154 0.026442307692307692 0.038461538461538464
0 0.7716346153846154 0.625 0.028846153846153848 0.03365384615384615
0 0.3581730769230769 0.65625 0.03125 0.04326923076923077
0 0.42788461538461536 0.6514423076923077 0.03125 0.04807692307692308
0 0.8341346153846154 0.625 0.026442307692307692 0.038461538461538464
0 0.20072115384615385 0.6694711538461539 0.03125 0.04807692307692308
0 0.6790865384615384 0.6382211538461539 0.026442307692307692 0.038461538461538464
0 0.037259615384615384 0.6899038461538461 0.03125 0.04326923076923077
0 0.6358173076923077 0.6574519230769231 0.03125 0.04326923076923077
0 0.10096153846153846 0.6983173076923077 0.03125 0.038461538461538464
0 0.7127403846153846 0.6550480769230769 0.03125 0.04326923076923077
0 0.13581730769230768 0.6995192307692307 0.026442307692307692 0.04326923076923077
0 0.5420673076923077 0.6754807692307693 0.03125 0.038461538461538464
0 0.27283653846153844 0.6995192307692307 0.036057692307692304 0.04807692307692308
0 0.9915865384615384 0.65625 0.016826923076923076 0.04807692307692308
0 0.8870192307692307 0.6658653846153846 0.03125 0.04326923076923077
0 0.6959134615384616 0.6838942307692307 0.036057692307692304 0.04326923076923077
0 0.03125 0.7512019230769231 0.03125 0.057692307692307696
0 0.6358173076923077 0.7211538461538461 0.040865384615384616 0.05048076923076923
0 0.8100961538461539 0.7139423076923077 0.040865384615384616 0.052884615384615384
0 0.12740384615384615 0.7668269230769231 0.036057692307692304 0.052884615384615384
0 0.22115384615384615 0.7632211538461539 0.04567307692307692 0.0625
0 0.8774038461538461 0.7247596153846154 0.036057692307692304 0.057692307692307696
0 0.44471153846153844 0.7704326923076923 0.04567307692307692 0.0625
0 0.9086538461538461 0.7427884615384616 0.06009615384615385 0.06971153846153846
0 0.8112980769230769 0.796875 0.055288461538461536 0.07692307692307693
0 0.38221153846153844 0.8341346153846154 0.06490384615384616 0.06971153846153846
0 0.7055288461538461 0.8245192307692307 0.052884615384615384 0.07692307692307693
0 0.6418269230769231 0.8401442307692307 0.05048076923076923 0.0673076923076923
0 0.3137019230769231 0.921875 0.07692307692307693 0.09615384615384616
0 0.6682692307692307 0.9122596153846154 0.04567307692307692 0.0673076923076923
0 0.5420673076923077 0.9302884615384616 0.09615384615384616 0.11538461538461539
0 0.7824519230769231 0.9182692307692307 0.09615384615384616 0.11298076923076923
0 0.9074519230769231 0.9471153846153846 0.07211538461538461 0.055288461538461536