0 0.08774038461538461 0.26802884615384615 0.009615384615384616 0.009615384615384616
0 0.37740384615384615 0.2776442307692308 0.009615384615384616 0.004807692307692308
0 0.24278846153846154 0.2776442307692308 0.009615384615384616 0.004807692307692308
0 0.3870192307692308 0.2776442307692308 0.009615384615384616 0.004807692307692308
0 0.3425480769230769 0.2776442307692308 0.004807692307692308 0.004807692307692308
0 0.3245192307692308 0.2800480769230769 0.004807692307692308 0.004807692307692308
0 0.24759615384615385 0.2800480769230769 0.004807692307692308 0.004807692307692308
0 0.47475961538461536 0.2800480769230769 0.009615384615384616 0.004807692307692308
0 0.5576923076923077 0.2800480769230769 0.004807692307692308 0.004807692307692308
0 0.6225961538461539 0.2800480769230769 0.009615384615384616 0.014423076923076924
0 0.3629807692307692 0.2824519230769231 0.004807692307692308 0.004807692307692308
0 0.6454326923076923 0.2824519230769231 0.009615384615384616 0.004807692307692308
0 0.47716346153846156 0.2824519230769231 0.004807692307692308 0.009615384615384616
0 0.5829326923076923 0.2824519230769231 0.004807692307692308 0.004807692307692308
0 0.578125 0.2848557692307692 0.004807692307692308 0.004807692307692308
0 0.6971153846153846 0.2848557692307692 0.004807692307692308 0.004807692307692308
0 0.45552884615384615 0.2848557692307692 0.004807692307692308 0.004807692307692308
0 0.7055288461538461 0.2848557692307692 0.004807692307692308 0.004807692307692308
0 0.7127403846153846 0.2848557692307692 0.004807692307692308 0.004807692307692308
0 0.7247596153846154 0.2848557692307692 0.009615384615384616 0.014423076923076924
0 0.7475961538461539 0.2848557692307692 0.009615384615384616 0.004807692307692308
0 0.4651442307692308 0.28725961538461536 0.009615384615384616 0.009615384615384616
0 0.6875 0.28725961538461536 0.004807692307692308 0.009615384615384616
0 0.3449519230769231 0.28725961538461536 0.004807692307692308 0.004807692307692308
0 0.7980769230769231 0.28725961538461536 0.009615384615384616 0.009615384615384616
0 0.8076923076923077 0.28725961538461536 0.009615384615384616 0.009615384615384616
0 0.6346153846153846 0.28725961538461536 0.009615384615384616 0.009615384615384616
0 0.4675480769230769 0.28966346153846156 0.004807692307692308 0.009615384615384616
0 0.5973557692307693 0.28966346153846156 0.004807692307692308 0.004807692307692308
0 0.8329326923076923 0.28966346153846156 0.009615384615384616 0.014423076923076924
0 0.9903846153846154 0.2920673076923077 0.014423076923076924 0.014423076923076924
0 0.6502403846153846 0.29447115384615385 0.009615384615384616 0.014423076923076924
0 0.5769230769230769 0.29447115384615385 0.004807692307692308 0.004807692307692308
0 0.6394230769230769 0.29447115384615385 0.009615384615384616 0.004807692307692308
0 0.046875 0.296875 0.014423076923076924 0.014423076923076924
0 0.6045673076923077 0.2980769230769231 0.004807692307692308 0.009615384615384616
0 0.8846153846153846 0.2980769230769231 0.014423076923076924 0.018028846153846152
0 0.7175480769230769 0.3004807692307692 0.009615384615384616 0.014423076923076924
0 0.9194711538461539 0.3004807692307692 0.014423076923076924 0.014423076923076924
0 0.020432692307692308 0.31490384615384615 0.014423076923076924 0.014423076923076924
0 0.20552884615384615 0.3173076923076923 0.014423076923076924 0.014423076923076924
0 0.9002403846153846 0.3173076923076923 0.014423076923076924 0.018028846153846152
0 0.04807692307692308 0.3173076923076923 0.018028846153846152 0.02283653846153846
0 0.27524038461538464 0.32211538461538464 0.02283653846153846 0.02283653846153846
0 0.21514423076923078 0.32211538461538464 0.014423076923076924 0.014423076923076924
0 0.12980769230769232 0.3269230769230769 0.018028846153846152 0.02283653846153846
0 0.02283653846153846 0.33052884615384615 0.018028846153846152 0.014423076923076924
0 0.0673076923076923 0.3329326923076923 0.014423076923076924 0.018028846153846152
0 0.203125 0.33533653846153844 0.018028846153846152 0.02283653846153846
0 0.09495192307692307 0.3401442307692308 0.014423076923076924 0.02283653846153846
0 0.0829326923076923 0.3473557692307692 0.02283653846153846 0.03245192307692308
0 0.171875 0.34975961538461536 0.018028846153846152 0.027644230769230768
0 0.26802884615384615 0.34975961538461536 0.02283653846153846 0.027644230769230768
0 0.020432692307692308 0.34975961538461536 0.02283653846153846 0.027644230769230768
0 0.109375 0.35216346153846156 0.02283653846153846 0.018028846153846152
0 0.5528846153846154 0.3545673076923077 0.02283653846153846 0.02283653846153846
0 0.19471153846153846 0.35697115384615385 0.02283653846153846 0.027644230769230768
0 0.042067307692307696 0.359375 0.018028846153846152 0.02283653846153846
0 0.38461538461538464 0.3605769230769231 0.02283653846153846 0.02283653846153846
0 0.421875 0.3605769230769231 0.018028846153846152 0.02283653846153846
0 0.3329326923076923 0.3605769230769231 0.02283653846153846 0.027644230769230768
0 0.30288461538461536 0.36538461538461536 0.02283653846153846 0.02283653846153846
0 0.22956730769230768 0.36538461538461536 0.018028846153846152 0.03245192307692308
0 0.1622596153846154 0.3701923076923077 0.027644230769230768 0.03245192307692308
0 0.7872596153846154 0.375 0.02283653846153846 0.037259615384615384
0 0.6670673076923077 0.37740384615384615 0.02283653846153846 0.03245192307692308
0 0.11298076923076923 0.37740384615384615 0.027644230769230768 0.03245192307692308
0 0.421875 0.37740384615384615 0.02283653846153846 0.03245192307692308
0 0.3004807692307692 0.3798076923076923 0.02283653846153846 0.02283653846153846
0 0.36538461538461536 0.38221153846153844 0.02283653846153846 0.027644230769230768
0 0.1971153846153846 0.38461538461538464 0.02283653846153846 0.03245192307692308
0 0.2620192307692308 0.38461538461538464 0.027644230769230768 0.03245192307692308
0 0.6478365384615384 0.3870192307692308 0.027644230769230768 0.046875
0 0.4879807692307692 0.3894230769230769 0.02283653846153846 0.03245192307692308
0 0.5528846153846154 0.39783653846153844 0.03245192307692308 0.042067307692307696
0 0.8125 0.39783653846153844 0.03245192307692308 0.042067307692307696
0 0.052884615384615384 0.40024038461538464 0.027644230769230768 0.03245192307692308
0 0.30288461538461536 0.4170673076923077 0.02283653846153846 0.037259615384615384
0 0.7079326923076923 0.41947115384615385 0.03245192307692308 0.042067307692307696
0 0.8605769230769231 0.421875 0.018028846153846152 0.02283653846153846
0 0.4879807692307692 0.4230769230769231 0.037259615384615384 0.046875
0 0.421875 0.4254807692307692 0.027644230769230768 0.037259615384615384
0 0.1346153846153846 0.42788461538461536 0.027644230769230768 0.042067307692307696
0 0.7379807692307693 0.43028846153846156 0.027644230769230768 0.046875
0 0.19471153846153846 0.4375 0.02283653846153846 0.037259615384615384
0 0.009615384615384616 0.44711538461538464 0.018028846153846152 0.05048076923076923
0 0.037259615384615384 0.4495192307692308 0.037259615384615384 0.046875
0 0.8930288461538461 0.4519230769230769 0.037259615384615384 0.055288461538461536
0 0.08052884615384616 0.453125 0.03245192307692308 0.05048076923076923
0 0.6045673076923077 0.47475961538461536 0.037259615384615384 0.046875
0 0.17548076923076922 0.47475961538461536 0.037259615384615384 0.042067307692307696
0 0.8449519230769231 0.49278846153846156 0.042067307692307696 0.06009615384615385
0 0.7776442307692307 0.4951923076923077 0.037259615384615384 0.05048076923076923
0 0.515625 0.5180288461538461 0.027644230769230768 0.042067307692307696
0 0.5480769230769231 0.5372596153846154 0.042067307692307696 0.05048076923076923
0 0.23197115384615385 0.546875 0.037259615384615384 0.05048076923076923
0 0.3329326923076923 0.5480769230769231 0.042067307692307696 0.05048076923076923
0 0.6947115384615384 0.5552884615384616 0.03245192307692308 0.05048076923076923
0 0.8125 0.5576923076923077 0.037259615384615384 0.06009615384615385
0 0.4855769230769231 0.5745192307692307 0.037259615384615384 0.06490384615384616
0 0.08533653846153846 0.5769230769230769 0.05048076923076923 0.07451923076923077
0 0.6646634615384616 0.5973557692307693 0.042067307692307696 0.06490384615384616
0 0.17307692307692307 0.5997596153846154 0.05048076923076923 0.06009615384615385
0 0.9555288461538461 0.6153846153846154 0.05048076923076923 0.046875
0 0.3545673076923077 0.6201923076923077 0.06009615384615385 0.078125
0 0.5396634615384616 0.6201923076923077 0.05048076923076923 0.07451923076923077
0 0.19951923076923078 0.6598557692307693 0.05048076923076923 0.06490384615384616
0 0.9699519230769231 0.6694711538461539 0.05048076923076923 0.06490384615384616
0 0.7548076923076923 0.6778846153846154 0.055288461538461536 0.078125
0 0.19471153846153846 0.7055288461538461 0.05048076923076923 0.0829326923076923
0 0.6875 0.7319711538461539 0.07451923076923077 0.10697115384615384
0 0.9699519230769231 0.7824519230769231 0.05048076923076923 0.09254807692307693
0 0.8798076923076923 0.7920673076923077 0.06971153846153846 0.08774038461538461
0 0.5204326923076923 0.8545673076923077 0.06971153846153846 0.0829326923076923