0 0.2704326923076923 0.4423076923076923 0.05048076923076923 0.055288461538461536
0 0.34975961538461536 0.4483173076923077 0.04567307692307692 0.055288461538461536
0 0.8557692307692307 0.37740384615384615 0.026442307692307692 0.03125
0 0.921875 0.3701923076923077 0.016826923076923076 0.019230769230769232
0 0.19591346153846154 0.48677884615384615 0.03365384615384615 0.04567307692307692
0 0.9675480769230769 0.37259615384615385 0.021634615384615384 0.026442307692307692
0 0.22956730769230768 0.49399038461538464 0.03365384615384615 0.04567307692307692
0 0.5661057692307693 0.4423076923076923 0.016826923076923076 0.019230769230769232
0 0.9098557692307693 0.38822115384615385 0.01201923076923077 0.019230769230769232
0 0.609375 0.4375 0.021634615384615384 0.026442307692307692
0 0.8737980769230769 0.39783653846153844 0.026442307692307692 0.03125
0 0.9038461538461539 0.39783653846153844 0.01201923076923077 0.016826923076923076
0 0.9831730769230769 0.38822115384615385 0.014423076923076924 0.03365384615384615
0 0.8329326923076923 0.41466346153846156 0.02403846153846154 0.038461538461538464
0 0.6346153846153846 0.4483173076923077 0.016826923076923076 0.019230769230769232
0 0.7884615384615384 0.42427884615384615 0.021634615384615384 0.021634615384615384
0 0.7127403846153846 0.4387019230769231 0.021634615384615384 0.026442307692307692
0 0.6418269230769231 0.4495192307692308 0.01201923076923077 0.016826923076923076
0 0.8521634615384616 0.41586538461538464 0.02403846153846154 0.036057692307692304
0 0.9807692307692307 0.39783653846153844 0.016826923076923076 0.02403846153846154
0 0.7632211538461539 0.4326923076923077 0.021634615384615384 0.03125
0 0.7271634615384616 0.4387019230769231 0.01201923076923077 0.019230769230769232
0 0.5805288461538461 0.4639423076923077 0.016826923076923076 0.02403846153846154
0 0.9242788461538461 0.41225961538461536 0.026442307692307692 0.036057692307692304
0 0.6682692307692307 0.453125 0.016826923076923076 0.019230769230769232
0 0.6887019230769231 0.4495192307692308 0.016826923076923076 0.016826923076923076
0 0.7536057692307693 0.4411057692307692 0.016826923076923076 0.019230769230769232
0 0.9867788461538461 0.4050480769230769 0.01201923076923077 0.019230769230769232
0 0.5540865384615384 0.47596153846153844 0.01201923076923077 0.016826923076923076
0 0.7055288461538461 0.4519230769230769 0.021634615384615384 0.026442307692307692
0 0.8677884615384616 0.4266826923076923 0.019230769230769232 0.03365384615384615
0 0.5324519230769231 0.4807692307692308 0.021634615384615384 0.026442307692307692
0 0.7403846153846154 0.44711538461538464 0.026442307692307692 0.03125
0 0.8858173076923077 0.4266826923076923 0.021634615384615384 0.03125
0 0.8161057692307693 0.4375 0.01201923076923077 0.02403846153846154
0 0.6189903846153846 0.46875 0.01201923076923077 0.019230769230769232
0 0.6766826923076923 0.46274038461538464 0.021634615384615384 0.03125
0 0.5745192307692307 0.47836538461538464 0.021634615384615384 0.026442307692307692
0 0.7824519230769231 0.4483173076923077 0.026442307692307692 0.03125
0 0.039663461538461536 0.5685096153846154 0.021634615384615384 0.03125
0 0.640625 0.4723557692307692 0.03365384615384615 0.040865384615384616
0 0.5997596153846154 0.4795673076923077 0.026442307692307692 0.03125
0 0.5637019230769231 0.4855769230769231 0.021634615384615384 0.03125
0 0.7151442307692307 0.46634615384615385 0.026442307692307692 0.036057692307692304
0 0.5444711538461539 0.49278846153846156 0.021634615384615384 0.021634615384615384
0 0.018028846153846152 0.5769230769230769 0.021634615384615384 0.021634615384615384
0 0.9579326923076923 0.4326923076923077 0.02403846153846154 0.038461538461538464
0 0.054086538461538464 0.5757211538461539 0.021634615384615384 0.03125
0 0.6959134615384616 0.47596153846153844 0.019230769230769232 0.028846153846153848
0 0.5901442307692307 0.4951923076923077 0.021634615384615384 0.03125
0 0.5540865384615384 0.5012019230769231 0.016826923076923076 0.019230769230769232
0 0.9891826923076923 0.43509615384615385 0.019230769230769232 0.028846153846153848
0 0.6310096153846154 0.49399038461538464 0.016826923076923076 0.02403846153846154
0 0.2848557692307692 0.5480769230769231 0.038461538461538464 0.04567307692307692
0 0.6730769230769231 0.4879807692307692 0.016826923076923076 0.019230769230769232
0 0.7319711538461539 0.48197115384615385 0.026442307692307692 0.03125
0 0.1466346153846154 0.5745192307692307 0.016826923076923076 0.019230769230769232
0 0.5769230769230769 0.5084134615384616 0.016826923076923076 0.02403846153846154
0 0.030048076923076924 0.5997596153846154 0.021634615384615384 0.026442307692307692
0 0.6814903846153846 0.4963942307692308 0.021634615384615384 0.03125
0 0.7007211538461539 0.5060096153846154 0.028846153846153848 0.040865384615384616
0 0.16105769230769232 0.5985576923076923 0.016826923076923076 0.02403846153846154
0 0.5528846153846154 0.5504807692307693 0.026442307692307692 0.03125
0 0.8293269230769231 0.5084134615384616 0.03125 0.036057692307692304
0 0.6177884615384616 0.5444711538461539 0.021634615384615384 0.021634615384615384
0 0.8617788461538461 0.5204326923076923 0.038461538461538464 0.04567307692307692
0 0.15985576923076922 0.6358173076923077 0.016826923076923076 0.019230769230769232
0 0.6262019230769231 0.5733173076923077 0.028846153846153848 0.040865384615384616
0 0.15144230769230768 0.6634615384615384 0.016826923076923076 0.016826923076923076
0 0.15985576923076922 0.6754807692307693 0.016826923076923076 0.019230769230769232