0 0.1310096153846154 0.140625 0.06490384615384616 0.10576923076923077
0 0.7596153846153846 0.18269230769230768 0.07451923076923077 0.10576923076923077
0 0.8269230769230769 0.19471153846153846 0.08173076923076923 0.07451923076923077
0 0.5697115384615384 0.1814903846153846 0.057692307692307696 0.057692307692307696
0 0.671875 0.1935096153846154 0.055288461538461536 0.08173076923076923
0 0.9483173076923077 0.20793269230769232 0.08653846153846154 0.06009615384615385
0 0.5012019230769231 0.1875 0.08413461538461539 0.10096153846153846
0 0.3293269230769231 0.18028846153846154 0.06490384615384616 0.08653846153846154
0 0.19230769230769232 0.17307692307692307 0.04567307692307692 0.057692307692307696
0 0.4266826923076923 0.18509615384615385 0.06971153846153846 0.10096153846153846
0 0.9975961538461539 0.21754807692307693 0.004807692307692308 0.0889423076923077
0 0.6310096153846154 0.19831730769230768 0.04326923076923077 0.038461538461538464
0 0.21995192307692307 0.17668269230769232 0.05048076923076923 0.09375
0 0.8918269230769231 0.22596153846153846 0.06490384615384616 0.08653846153846154
0 0.057692307692307696 0.18389423076923078 0.055288461538461536 0.08173076923076923
0 0.030048076923076924 0.18990384615384615 0.02403846153846154 0.0985576923076923
0 0.7115384615384616 0.2283653846153846 0.06971153846153846 0.11778846153846154
0 0.09014423076923077 0.20072115384615385 0.06490384615384616 0.07692307692307693
0 0.5649038461538461 0.23798076923076922 0.055288461538461536 0.09134615384615384
0 0.6262019230769231 0.2536057692307692 0.055288461538461536 0.08173076923076923
0 0.6658653846153846 0.2608173076923077 0.06490384615384616 0.10576923076923077
0 0.7896634615384616 0.27403846153846156 0.08413461538461539 0.125
0 0.2956730769230769 0.2536057692307692 0.06971153846153846 0.11057692307692307
0 0.9350961538461539 0.28725961538461536 0.08413461538461539 0.125
0 0.9891826923076923 0.2956730769230769 0.021634615384615384 0.0625
0 0.5096153846153846 0.2704326923076923 0.08413461538461539 0.10576923076923077
0 0.7620192307692307 0.28846153846153844 0.07451923076923077 0.11057692307692307
0 0.36177884615384615 0.27524038461538464 0.06971153846153846 0.11057692307692307
0 0.20072115384615385 0.2848557692307692 0.06490384615384616 0.10576923076923077
0 0.8497596153846154 0.3233173076923077 0.08413461538461539 0.125
0 0.4387019230769231 0.3786057692307692 0.06490384615384616 0.11057692307692307
0 0.38100961538461536 0.38100961538461536 0.07932692307692307 0.11538461538461539
0 0.4651442307692308 0.45072115384615385 0.07451923076923077 0.10096153846153846
0 0.2860576923076923 0.4795673076923077 0.07932692307692307 0.08653846153846154
0 0.5985576923076923 0.6225961538461539 0.06490384615384616 0.10576923076923077
0 0.6262019230769231 0.8641826923076923 0.07451923076923077 0.09134615384615384
0 0.9507211538461539 0.8846153846153846 0.06490384615384616 0.09615384615384616