0 0.7211538461538461 0.41466346153846156 0.04326923076923077 0.052884615384615384
0 0.6430288461538461 0.43028846153846156 0.038461538461538464 0.052884615384615384
0 0.13221153846153846 0.421875 0.02403846153846154 0.028846153846153848
0 0.06490384615384616 0.421875 0.014423076923076924 0.019230769230769232
0 0.8004807692307693 0.45072115384615385 0.028846153846153848 0.04326923076923077
0 0.020432692307692308 0.43028846153846156 0.019230769230769232 0.02403846153846154
0 0.7668269230769231 0.46153846153846156 0.028846153846153848 0.04326923076923077
0 0.4266826923076923 0.45072115384615385 0.014423076923076924 0.019230769230769232
0 0.08052884615384616 0.4387019230769231 0.009615384615384616 0.019230769230769232
0 0.38341346153846156 0.4519230769230769 0.019230769230769232 0.02403846153846154
0 0.11658653846153846 0.44471153846153844 0.02403846153846154 0.028846153846153848
0 0.08653846153846154 0.4483173076923077 0.009615384615384616 0.014423076923076924
0 0.006009615384615385 0.4483173076923077 0.009615384615384616 0.03365384615384615
0 0.15865384615384615 0.45552884615384615 0.019230769230769232 0.038461538461538464
0 0.3605769230769231 0.4651442307692308 0.014423076923076924 0.019230769230769232
0 0.20432692307692307 0.45913461538461536 0.019230769230769232 0.019230769230769232
0 0.28125 0.4651442307692308 0.019230769230769232 0.02403846153846154
0 0.35336538461538464 0.4675480769230769 0.009615384615384616 0.014423076923076924
0 0.140625 0.46033653846153844 0.019230769230769232 0.03365384615384615
0 0.010817307692307692 0.4579326923076923 0.014423076923076924 0.02403846153846154
0 0.23076923076923078 0.4651442307692308 0.019230769230769232 0.028846153846153848
0 0.2668269230769231 0.46634615384615385 0.009615384615384616 0.019230769230769232
0 0.41586538461538464 0.47475961538461536 0.014423076923076924 0.02403846153846154
0 0.06850961538461539 0.4639423076923077 0.02403846153846154 0.03365384615384615
0 0.328125 0.4735576923076923 0.014423076923076924 0.019230769230769232
0 0.30649038461538464 0.4723557692307692 0.014423076923076924 0.014423076923076924
0 0.24158653846153846 0.4723557692307692 0.014423076923076924 0.019230769230769232
0 0.006009615384615385 0.4651442307692308 0.009615384615384616 0.019230769230769232
0 0.4423076923076923 0.48197115384615385 0.009615384615384616 0.014423076923076924
0 0.29086538461538464 0.47716346153846156 0.019230769230769232 0.02403846153846154
0 0.12620192307692307 0.4723557692307692 0.014423076923076924 0.03365384615384615
0 0.4651442307692308 0.484375 0.019230769230769232 0.02403846153846154
0 0.25600961538461536 0.47716346153846156 0.02403846153846154 0.028846153846153848
0 0.10817307692307693 0.47475961538461536 0.019230769230769232 0.028846153846153848
0 0.17908653846153846 0.47716346153846156 0.009615384615384616 0.02403846153846154
0 0.37740384615384615 0.4831730769230769 0.009615384615384616 0.019230769230769232
0 0.31971153846153844 0.484375 0.019230769230769232 0.028846153846153848
0 0.4230769230769231 0.4879807692307692 0.019230769230769232 0.02403846153846154
0 0.2127403846153846 0.4831730769230769 0.02403846153846154 0.028846153846153848
0 0.9651442307692307 0.5120192307692307 0.019230769230769232 0.028846153846153848
0 0.35697115384615385 0.49038461538461536 0.028846153846153848 0.038461538461538464
0 0.39783653846153844 0.49158653846153844 0.02403846153846154 0.028846153846153848
0 0.43509615384615385 0.49278846153846156 0.019230769230769232 0.028846153846153848
0 0.2824519230769231 0.49278846153846156 0.02403846153846154 0.03365384615384615
0 0.45552884615384615 0.4987980769230769 0.019230769230769232 0.019230769230769232
0 0.9879807692307693 0.5168269230769231 0.019230769230769232 0.019230769230769232
0 0.037259615384615384 0.4891826923076923 0.019230769230769232 0.038461538461538464
0 0.9519230769230769 0.5204326923076923 0.019230769230769232 0.028846153846153848
0 0.30288461538461536 0.5 0.014423076923076924 0.028846153846153848
0 0.4098557692307692 0.5060096153846154 0.019230769230769232 0.028846153846153848
0 0.44711538461538464 0.5072115384615384 0.014423076923076924 0.019230769230769232
0 0.007211538461538462 0.4951923076923077 0.014423076923076924 0.028846153846153848
0 0.3701923076923077 0.5096153846153846 0.014423076923076924 0.02403846153846154
0 0.71875 0.5216346153846154 0.03365384615384615 0.04326923076923077
0 0.3269230769230769 0.5096153846153846 0.014423076923076924 0.019230769230769232
0 0.26802884615384615 0.5096153846153846 0.02403846153846154 0.028846153846153848
0 0.859375 0.5300480769230769 0.014423076923076924 0.019230769230769232
0 0.42427884615384615 0.5180288461538461 0.014423076923076924 0.02403846153846154
0 0.9783653846153846 0.5420673076923077 0.019230769230769232 0.02403846153846154
0 0.31850961538461536 0.5192307692307693 0.019230769230769232 0.028846153846153848
0 0.3016826923076923 0.5300480769230769 0.02403846153846154 0.038461538461538464
0 0.8485576923076923 0.5564903846153846 0.014423076923076924 0.02403846153846154
0 0.453125 0.5564903846153846 0.02403846153846154 0.028846153846153848
0 0.17307692307692307 0.5492788461538461 0.028846153846153848 0.03365384615384615
0 0.38822115384615385 0.5588942307692307 0.019230769230769232 0.019230769230769232
0 0.14302884615384615 0.5649038461538461 0.03365384615384615 0.04326923076923077
0 0.8533653846153846 0.5925480769230769 0.014423076923076924 0.019230769230769232
0 0.38341346153846156 0.5889423076923077 0.02403846153846154 0.038461538461538464
0 0.8665865384615384 0.6201923076923077 0.014423076923076924 0.014423076923076924
0 0.8581730769230769 0.6322115384615384 0.014423076923076924 0.019230769230769232