0 0.209375 0.01875 0.028125 0.028125
0 0.8640625 0.13515625 0.0328125 0.05625
0 0.01328125 0.1546875 0.0265625 0.028125
0 0.9546875 0.14296875 0.0375 0.0703125
0 0.5375 0.15625 0.0296875 0.0515625
0 0.9796875 0.153125 0.0296875 0.0703125
0 0.73203125 0.16015625 0.0296875 0.0515625
0 0.59140625 0.16484375 0.0296875 0.0609375
0 0.078125 0.18046875 0.0296875 0.065625
0 0.01796875 0.18203125 0.028125 0.0375
0 0.61484375 0.1734375 0.0328125 0.05625
0 0.33515625 0.18125 0.0234375 0.0421875
0 0.20546875 0.18359375 0.0328125 0.0328125
0 0.09609375 0.2015625 0.025 0.0515625
0 0.13828125 0.203125 0.0296875 0.0609375
0 0.90859375 0.1921875 0.0296875 0.065625
0 0.6890625 0.20078125 0.028125 0.0421875
0 0.46015625 0.2046875 0.0328125 0.065625
0 0.52265625 0.2078125 0.0296875 0.05625
0 0.3984375 0.21015625 0.025 0.05625
0 0.1234375 0.0296875 0.025 0.046875
0 0.35234375 0.02578125 0.025 0.046875
0 0.403125 0.025 0.0234375 0.0421875
0 0.98828125 0.21796875 0.00625 0.065625
0 0.2109375 0.23125 0.0296875 0.0515625
0 0.31015625 0.24375 0.01875 0.0421875
0 0.83125 0.2375 0.0328125 0.0609375
0 0.33984375 0.24609375 0.0296875 0.0609375
0 0.01875 0.25390625 0.0296875 0.05625
0 0.9375 0.2375 0.0328125 0.0609375
0 0.25 0.25234375 0.0328125 0.0703125
0 0.28046875 0.25859375 0.025 0.0609375
0 0.0078125 0.26484375 0.015625 0.0515625
0 0.56328125 0.25390625 0.0296875 0.05625
0 0.38515625 0.26171875 0.0328125 0.0703125
0 0.61875 0.0234375 0.0296875 0.046875
0 0.8734375 0.271875 0.0328125 0.0703125
0 0.48203125 0.28046875 0.025 0.0515625
0 0.69296875 0.28125 0.0328125 0.065625
0 0.61875 0.284375 0.0296875 0.0703125
0 0.0078125 0.03828125 0.015625 0.0515625
0 0.44765625 0.2921875 0.0328125 0.05625
0 0.984375 0.2875 0.015625 0.075
0 0.140625 0.30234375 0.0296875 0.0515625
0 0.2125 0.3078125 0.0296875 0.0515625
0 0.07109375 0.0375 0.0328125 0.0609375
0 0.54765625 0.309375 0.0296875 0.05625
0 0.7421875 0.3109375 0.0296875 0.0515625
0 0.57578125 0.315625 0.0296875 0.0609375
0 0.28359375 0.33515625 0.025 0.0515625
0 0.775 0.32890625 0.0296875 0.0609375
0 0.025 0.34453125 0.0296875 0.05625
0 0.81875 0.33515625 0.0296875 0.0609375
0 0.37421875 0.34296875 0.0328125 0.0609375
0 0.80234375 0.03046875 0.0328125 0.0609375
0 0.6828125 0.3484375 0.0234375 0.0421875
0 0.31484375 0.36875 0.025 0.065625
0 0.1640625 0.37578125 0.028125 0.0421875
0 0.54140625 0.3765625 0.0375 0.0609375
0 0.44921875 0.38046875 0.0296875 0.065625
0 0.38828125 0.040625 0.025 0.05625
0 0.61875 0.39375 0.0296875 0.0609375
0 0.9125 0.39140625 0.0375 0.075
0 0.0109375 0.40859375 0.021875 0.0703125
0 0.74140625 0.396875 0.0328125 0.0703125
0 0.6578125 0.4 0.025 0.0609375
0 0.959375 0.39765625 0.0296875 0.0515625
0 0.23671875 0.41640625 0.0296875 0.065625
0 0.68359375 0.40859375 0.0296875 0.065625
0 0.35703125 0.41640625 0.0296875 0.0515625
0 0.51953125 0.41640625 0.0296875 0.0515625
0 0.0796875 0.4234375 0.025 0.0609375
0 0.1625 0.434375 0.0296875 0.065625
0 0.8453125 0.421875 0.0375 0.0703125
0 0.275 0.4390625 0.025 0.05625
0 0.37421875 0.44453125 0.0328125 0.0515625
0 0.32578125 0.459375 0.0328125 0.0703125
0 0.0140625 0.49609375 0.028125 0.0515625
0 0.9609375 0.4828125 0.0328125 0.0609375
0 0.09921875 0.49765625 0.028125 0.0421875
0 0.30078125 0.503125 0.0296875 0.0609375
0 0.38671875 0.50234375 0.0328125 0.075
0 0.55546875 0.5015625 0.0375 0.0609375
0 0.2265625 0.51171875 0.0296875 0.0515625
0 0.25234375 0.51640625 0.0328125 0.065625
0 0.77109375 0.50703125 0.0328125 0.0609375
0 0.66640625 0.51328125 0.0328125 0.0421875
0 0.45390625 0.5171875 0.025 0.0609375
0 0.13828125 0.059375 0.0296875 0.0609375
0 0.19296875 0.5375 0.0328125 0.0609375
0 0.62109375 0.53671875 0.0328125 0.0609375
0 0.9890625 0.53515625 0.015625 0.0796875
0 0.84375 0.53984375 0.0328125 0.0609375
0 0.225 0.55546875 0.028125 0.0421875
0 0.71875 0.546875 0.0328125 0.065625
0 0.1140625 0.56015625 0.0296875 0.0515625
0 0.92890625 0.54765625 0.0328125 0.0609375
0 0.16484375 0.5609375 0.0328125 0.0421875
0 0.89921875 0.56015625 0.0375 0.075
0 0.66328125 0.57109375 0.0328125 0.065625
0 0.81171875 0.57109375 0.0328125 0.065625
0 0.578125 0.575 0.0296875 0.065625
0 0.0546875 0.065625 0.0375 0.0609375
0 0.765625 0.58828125 0.0328125 0.065625
0 0.07578125 0.6015625 0.01875 0.0421875
0 0.26328125 0.0640625 0.0296875 0.0609375
0 0.45078125 0.0609375 0.0203125 0.046875
0 0.3859375 0.6109375 0.0296875 0.0703125
0 0.009375 0.621875 0.015625 0.05625
0 0.26875 0.62421875 0.025 0.0515625
0 0.46328125 0.6234375 0.0328125 0.065625
0 0.5046875 0.625 0.025 0.05625
0 0.840625 0.63515625 0.0421875 0.075
0 0.93984375 0.640625 0.0375 0.075
0 0.62734375 0.653125 0.0375 0.065625
0 0.06796875 0.6671875 0.0375 0.065625
0 0.1515625 0.66796875 0.0328125 0.065625
0 0.53515625 0.66328125 0.0203125 0.0515625
0 0.31328125 0.6671875 0.0328125 0.05625
0 0.55859375 0.68203125 0.0375 0.05625
0 0.21640625 0.696875 0.0328125 0.0609375
0 0.53125 0.06875 0.025 0.046875
0 0.73671875 0.69296875 0.0328125 0.05625
0 0.79921875 0.69375 0.0375 0.0609375
0 0.6453125 0.70390625 0.028125 0.0421875
0 0.39296875 0.71015625 0.0296875 0.046875
0 0.48515625 0.70859375 0.0296875 0.065625
0 0.66328125 0.06875 0.015625 0.0515625
0 0.96015625 0.06640625 0.0296875 0.0609375
0 0.31875 0.734375 0.025 0.05625
0 0.25234375 0.75 0.0328125 0.065625
0 0.971875 0.7390625 0.0328125 0.075
0 0.89609375 0.74296875 0.046875 0.0796875
0 0.72421875 0.753125 0.0328125 0.065625
0 0.54375 0.76328125 0.0328125 0.065625
0 0.27578125 0.76796875 0.025 0.0609375
0 0.365625 0.77578125 0.0375 0.065625
0 0.45859375 0.77421875 0.0296875 0.0515625
0 0.653125 0.7734375 0.0328125 0.065625
0 0.42109375 0.08046875 0.0234375 0.0421875
0 0.1296875 0.784375 0.0328125 0.0703125
0 0.11328125 0.7890625 0.0296875 0.075
0 0.40078125 0.7859375 0.025 0.0609375
0 0.2 0.80625 0.0328125 0.065625
0 0.06328125 0.82265625 0.0328125 0.0609375
0 0.47421875 0.8453125 0.0421875 0.0609375
0 0.15234375 0.8578125 0.0375 0.05625
0 0.89765625 0.8609375 0.0328125 0.0703125
0 0.81640625 0.86484375 0.0328125 0.0421875
0 0.73984375 0.87109375 0.0375 0.05625
0 0.66328125 0.87421875 0.0296875 0.05625
0 0.2609375 0.88125 0.0375 0.065625
0 0.40546875 0.88125 0.025 0.05625
0 0.35625 0.88671875 0.0375 0.065625
0 0.54140625 0.88359375 0.0375 0.065625
0 0.60859375 0.89453125 0.0328125 0.065625
0 0.14140625 0.9203125 0.0296875 0.05625
0 0.70859375 0.0890625 0.0296875 0.05625
0 0.78671875 0.08828125 0.0375 0.0703125
0 0.59921875 0.09140625 0.0296875 0.0515625
0 0.67578125 0.08984375 0.0296875 0.065625
0 0.93359375 0.92265625 0.0375 0.065625
0 0.81796875 0.92734375 0.0328125 0.0703125
0 0.70234375 0.93671875 0.0328125 0.065625
0 0.2921875 0.94375 0.0328125 0.065625
0 0.021875 0.953125 0.0296875 0.0609375
0 0.075 0.9546875 0.028125 0.0421875
0 0.37578125 0.965625 0.025 0.065625
0 0.753125 0.9609375 0.0328125 0.05625
0 0.4390625 0.96953125 0.025 0.0609375
0 0.171875 0.9734375 0.0375 0.053125
0 0.92578125 0.0890625 0.0296875 0.0515625
0 0.12578125 0.9796875 0.0328125 0.040625
0 0.4546875 0.97421875 0.0375 0.0515625
0 0.41796875 0.98046875 0.0328125 0.0328125
0 0.54296875 0.98046875 0.0375 0.0328125
0 0.284375 0.984375 0.0375 0.03125
0 0.82421875 0.09375 0.0296875 0.0609375
0 0.3328125 0.9875 0.028125 0.025
0 0.30546875 0.1046875 0.025 0.0609375
0 0.8890625 0.09453125 0.0296875 0.0609375
0 0.253125 0.015625 0.0328125 0.0234375
0 0.4765625 0.115625 0.0203125 0.0515625
0 0.49765625 0.11796875 0.0296875 0.0515625
0 0.04921875 0.1328125 0.0296875 0.065625
0 0.28515625 0.13125 0.025 0.0703125
0 0.35 0.1296875 0.0296875 0.0609375
0 0.1671875 0.1328125 0.0296875 0.046875
0 0.43359375 0.13515625 0.0296875 0.0609375