0 0.2512019230769231 0.23317307692307693 0.009615384615384616 0.007211538461538462
0 0.21995192307692307 0.23677884615384615 0.009615384615384616 0.01201923076923077
0 0.42427884615384615 0.24158653846153846 0.009615384615384616 0.014423076923076924
0 0.5168269230769231 0.24278846153846154 0.007211538461538462 0.01201923076923077
0 0.625 0.24639423076923078 0.007211538461538462 0.01201923076923077
0 0.49278846153846156 0.2439903846153846 0.009615384615384616 0.014423076923076924
0 0.5901442307692307 0.24519230769230768 0.01201923076923077 0.019230769230769232
0 0.32091346153846156 0.24158653846153846 0.009615384615384616 0.014423076923076924
0 0.5420673076923077 0.24639423076923078 0.009615384615384616 0.016826923076923076
0 0.6117788461538461 0.24879807692307693 0.009615384615384616 0.016826923076923076
0 0.4675480769230769 0.24519230769230768 0.007211538461538462 0.01201923076923077
0 0.5793269230769231 0.24759615384615385 0.009615384615384616 0.016826923076923076
0 0.6610576923076923 0.24879807692307693 0.007211538461538462 0.009615384615384616
0 0.8125 0.2512019230769231 0.009615384615384616 0.01201923076923077
0 0.26322115384615385 0.24278846153846154 0.009615384615384616 0.01201923076923077
0 0.4495192307692308 0.24639423076923078 0.009615384615384616 0.01201923076923077
0 0.3762019230769231 0.24519230769230768 0.009615384615384616 0.016826923076923076
0 0.4375 0.24639423076923078 0.009615384615384616 0.01201923076923077
0 0.45913461538461536 0.24639423076923078 0.004807692307692308 0.01201923076923077
0 0.390625 0.24639423076923078 0.007211538461538462 0.014423076923076924
0 0.27283653846153844 0.24519230769230768 0.007211538461538462 0.009615384615384616
0 0.33774038461538464 0.24639423076923078 0.009615384615384616 0.014423076923076924
0 0.054086538461538464 0.2403846153846154 0.01201923076923077 0.01201923076923077
0 0.2247596153846154 0.24519230769230768 0.01201923076923077 0.014423076923076924
0 0.40625 0.24879807692307693 0.01201923076923077 0.016826923076923076
0 0.7307692307692307 0.2536057692307692 0.007211538461538462 0.01201923076923077
0 0.7728365384615384 0.2548076923076923 0.007211538461538462 0.009615384615384616
0 0.0829326923076923 0.24278846153846154 0.009615384615384616 0.01201923076923077
0 0.8317307692307693 0.25600961538461536 0.009615384615384616 0.01201923076923077
0 0.27884615384615385 0.24639423076923078 0.007211538461538462 0.016826923076923076
0 0.6766826923076923 0.2536057692307692 0.007211538461538462 0.01201923076923077
0 0.25240384615384615 0.24519230769230768 0.01201923076923077 0.014423076923076924
0 0.2860576923076923 0.24639423076923078 0.014423076923076924 0.014423076923076924
0 0.31009615384615385 0.24639423076923078 0.01201923076923077 0.014423076923076924
0 0.3581730769230769 0.24879807692307693 0.007211538461538462 0.01201923076923077
0 0.7584134615384616 0.25600961538461536 0.009615384615384616 0.014423076923076924
0 0.7403846153846154 0.25600961538461536 0.007211538461538462 0.016826923076923076
0 0.1045673076923077 0.24519230769230768 0.014423076923076924 0.016826923076923076
0 0.6394230769230769 0.2548076923076923 0.004807692307692308 0.009615384615384616
0 0.6442307692307693 0.25600961538461536 0.007211538461538462 0.014423076923076924
0 0.6574519230769231 0.25600961538461536 0.007211538461538462 0.014423076923076924
0 0.7512019230769231 0.25841346153846156 0.007211538461538462 0.01201923076923077
0 0.6935096153846154 0.25841346153846156 0.009615384615384616 0.009615384615384616
0 0.8521634615384616 0.2608173076923077 0.009615384615384616 0.016826923076923076
0 0.9134615384615384 0.2620192307692308 0.009615384615384616 0.016826923076923076
0 0.5612980769230769 0.25600961538461536 0.007211538461538462 0.016826923076923076
0 0.7175480769230769 0.25841346153846156 0.01201923076923077 0.016826923076923076
0 0.7980769230769231 0.2620192307692308 0.007211538461538462 0.007211538461538462
0 0.9951923076923077 0.265625 0.007211538461538462 0.009615384615384616
0 0.6730769230769231 0.25961538461538464 0.004807692307692308 0.009615384615384616
0 0.8798076923076923 0.26322115384615385 0.004807692307692308 0.01201923076923077
0 0.8858173076923077 0.2644230769230769 0.007211538461538462 0.009615384615384616
0 0.8725961538461539 0.2644230769230769 0.007211538461538462 0.009615384615384616
0 0.8353365384615384 0.265625 0.007211538461538462 0.009615384615384616
0 0.9699519230769231 0.26802884615384615 0.009615384615384616 0.014423076923076924
0 0.7860576923076923 0.2644230769230769 0.009615384615384616 0.01201923076923077
0 0.9591346153846154 0.26802884615384615 0.007211538461538462 0.01201923076923077
0 0.6213942307692307 0.2620192307692308 0.009615384615384616 0.016826923076923076
0 0.9314903846153846 0.26802884615384615 0.01201923076923077 0.01201923076923077
0 0.9831730769230769 0.2692307692307692 0.009615384615384616 0.01201923076923077
0 0.6033653846153846 0.2620192307692308 0.009615384615384616 0.021634615384615384
0 0.9495192307692307 0.2692307692307692 0.009615384615384616 0.014423076923076924
0 0.8449519230769231 0.2704326923076923 0.007211538461538462 0.01201923076923077
0 0.7668269230769231 0.27283653846153844 0.004807692307692308 0.01201923076923077
0 0.421875 0.2704326923076923 0.009615384615384616 0.009615384615384616
0 0.9891826923076923 0.2800480769230769 0.009615384615384616 0.007211538461538462
0 0.5240384615384616 0.27163461538461536 0.009615384615384616 0.01201923076923077
0 0.5408653846153846 0.27283653846153844 0.007211538461538462 0.014423076923076924
0 0.1310096153846154 0.2668269230769231 0.01201923076923077 0.01201923076923077
0 0.3918269230769231 0.2704326923076923 0.004807692307692308 0.004807692307692308
0 0.7163461538461539 0.2764423076923077 0.009615384615384616 0.014423076923076924
0 0.7992788461538461 0.2776442307692308 0.002403846153846154 0.004807692307692308
0 0.039663461538461536 0.2644230769230769 0.019230769230769232 0.019230769230769232
0 0.1814903846153846 0.26802884615384615 0.016826923076923076 0.01201923076923077
0 0.35336538461538464 0.27163461538461536 0.009615384615384616 0.01201923076923077
0 0.9278846153846154 0.28125 0.007211538461538462 0.007211538461538462
0 0.19471153846153846 0.2692307692307692 0.009615384615384616 0.014423076923076924
0 0.5673076923076923 0.27524038461538464 0.014423076923076924 0.014423076923076924
0 0.09735576923076923 0.26802884615384615 0.01201923076923077 0.01201923076923077
0 0.02283653846153846 0.2668269230769231 0.009615384615384616 0.01201923076923077
0 0.33653846153846156 0.27283653846153844 0.009615384615384616 0.009615384615384616
0 0.36899038461538464 0.27283653846153844 0.007211538461538462 0.007211538461538462
0 0.4675480769230769 0.27524038461538464 0.007211538461538462 0.01201923076923077
0 0.2920673076923077 0.27163461538461536 0.01201923076923077 0.01201923076923077
0 0.8161057692307693 0.28125 0.004807692307692308 0.009615384615384616
0 0.1658653846153846 0.2692307692307692 0.01201923076923077 0.016826923076923076
0 0.9507211538461539 0.2848557692307692 0.004807692307692308 0.007211538461538462
0 0.2127403846153846 0.27163461538461536 0.01201923076923077 0.009615384615384616
0 0.6526442307692307 0.27884615384615385 0.01201923076923077 0.01201923076923077
0 0.08052884615384616 0.2692307692307692 0.01201923076923077 0.009615384615384616
0 0.9723557692307693 0.2848557692307692 0.009615384615384616 0.009615384615384616
0 0.7379807692307693 0.2800480769230769 0.01201923076923077 0.01201923076923077
0 0.055288461538461536 0.2704326923076923 0.009615384615384616 0.01201923076923077
0 0.6286057692307693 0.2800480769230769 0.007211538461538462 0.016826923076923076
0 0.9975961538461539 0.2860576923076923 0.004807692307692308 0.014423076923076924
0 0.3233173076923077 0.27403846153846156 0.01201923076923077 0.014423076923076924
0 0.44350961538461536 0.2764423076923077 0.01201923076923077 0.014423076923076924
0 0.9555288461538461 0.28725961538461536 0.007211538461538462 0.01201923076923077
0 0.23076923076923078 0.27403846153846156 0.014423076923076924 0.014423076923076924
0 0.265625 0.27524038461538464 0.014423076923076924 0.01201923076923077
0 0.421875 0.2776442307692308 0.007211538461538462 0.01201923076923077
0 0.6105769230769231 0.28125 0.014423076923076924 0.014423076923076924
0 0.7872596153846154 0.28365384615384615 0.007211538461538462 0.01201923076923077
0 0.0733173076923077 0.27163461538461536 0.014423076923076924 0.016826923076923076
0 0.43149038461538464 0.27884615384615385 0.004807692307692308 0.01201923076923077
0 0.5564903846153846 0.2824519230769231 0.007211538461538462 0.014423076923076924
0 0.84375 0.28846153846153844 0.007211538461538462 0.01201923076923077
0 0.009615384615384616 0.27403846153846156 0.01201923076923077 0.01201923076923077
0 0.8966346153846154 0.28966346153846156 0.009615384615384616 0.01201923076923077
0 0.46033653846153844 0.28125 0.01201923076923077 0.014423076923076924
0 0.5144230769230769 0.28365384615384615 0.009615384615384616 0.014423076923076924
0 0.7608173076923077 0.28846153846153844 0.009615384615384616 0.01201923076923077
0 0.9459134615384616 0.29086538461538464 0.009615384615384616 0.01201923076923077
0 0.8810096153846154 0.29086538461538464 0.01201923076923077 0.014423076923076924
0 0.34375 0.28125 0.016826923076923076 0.016826923076923076
0 0.2776442307692308 0.28125 0.014423076923076924 0.014423076923076924
0 0.3137019230769231 0.28125 0.009615384615384616 0.014423076923076924
0 0.4795673076923077 0.2848557692307692 0.01201923076923077 0.014423076923076924
0 0.5733173076923077 0.2860576923076923 0.01201923076923077 0.014423076923076924
0 0.4026442307692308 0.28365384615384615 0.009615384615384616 0.021634615384615384
0 0.7391826923076923 0.28966346153846156 0.009615384615384616 0.009615384615384616
0 0.796875 0.29086538461538464 0.01201923076923077 0.009615384615384616
0 0.9338942307692307 0.2932692307692308 0.009615384615384616 0.014423076923076924
0 0.39663461538461536 0.28365384615384615 0.004807692307692308 0.014423076923076924
0 0.5348557692307693 0.28725961538461536 0.01201923076923077 0.016826923076923076
0 0.20793269230769232 0.2824519230769231 0.014423076923076924 0.01201923076923077
0 0.22596153846153846 0.2824519230769231 0.014423076923076924 0.014423076923076924
0 0.4699519230769231 0.28725961538461536 0.004807692307692308 0.007211538461538462
0 0.24879807692307693 0.28365384615384615 0.019230769230769232 0.019230769230769232
0 0.546875 0.28966346153846156 0.009615384615384616 0.021634615384615384
0 0.1814903846153846 0.28365384615384615 0.019230769230769232 0.016826923076923076
0 0.49038461538461536 0.28966346153846156 0.007211538461538462 0.016826923076923076
0 0.7788461538461539 0.2956730769230769 0.009615384615384616 0.016826923076923076
0 0.8161057692307693 0.296875 0.009615384615384616 0.016826923076923076
0 0.039663461538461536 0.2824519230769231 0.019230769230769232 0.021634615384615384
0 0.9194711538461539 0.2980769230769231 0.01201923076923077 0.019230769230769232
0 0.13341346153846154 0.2848557692307692 0.016826923076923076 0.021634615384615384
0 0.8353365384615384 0.2980769230769231 0.01201923076923077 0.016826923076923076
0 0.3737980769230769 0.29086538461538464 0.02403846153846154 0.03365384615384615
0 0.59375 0.29447115384615385 0.01201923076923077 0.021634615384615384
0 0.5300480769230769 0.29447115384615385 0.016826923076923076 0.019230769230769232
0 0.8521634615384616 0.3016826923076923 0.009615384615384616 0.014423076923076924
0 0.9939903846153846 0.30288461538461536 0.01201923076923077 0.014423076923076924
0 0.33413461538461536 0.2932692307692308 0.014423076923076924 0.01201923076923077
0 0.8641826923076923 0.3016826923076923 0.014423076923076924 0.016826923076923076
0 0.8293269230769231 0.30288461538461536 0.009615384615384616 0.014423076923076924
0 0.8882211538461539 0.30408653846153844 0.007211538461538462 0.01201923076923077
0 0.11538461538461539 0.28966346153846156 0.02403846153846154 0.021634615384615384
0 0.2956730769230769 0.2932692307692308 0.01201923076923077 0.02403846153846154
0 0.984375 0.30528846153846156 0.009615384615384616 0.014423076923076924
0 0.41225961538461536 0.2956730769230769 0.01201923076923077 0.02403846153846154
0 0.16947115384615385 0.2920673076923077 0.02403846153846154 0.026442307692307692
0 0.71875 0.3016826923076923 0.021634615384615384 0.02403846153846154
0 0.6442307692307693 0.30288461538461536 0.009615384615384616 0.021634615384615384
0 0.96875 0.31009615384615385 0.01201923076923077 0.016826923076923076
0 0.6658653846153846 0.30408653846153844 0.014423076923076924 0.021634615384615384
0 0.8774038461538461 0.3076923076923077 0.007211538461538462 0.014423076923076924
0 0.4230769230769231 0.3004807692307692 0.01201923076923077 0.02403846153846154
0 0.9122596153846154 0.31009615384615385 0.007211538461538462 0.01201923076923077
0 0.22596153846153846 0.2980769230769231 0.021634615384615384 0.021634615384615384
0 0.65625 0.30528846153846156 0.016826923076923076 0.02403846153846154
0 0.46033653846153844 0.3016826923076923 0.009615384615384616 0.021634615384615384
0 0.6237980769230769 0.30528846153846156 0.016826923076923076 0.03125
0 0.9014423076923077 0.3112980769230769 0.01201923076923077 0.021634615384615384
0 0.2091346153846154 0.29927884615384615 0.014423076923076924 0.019230769230769232
0 0.057692307692307696 0.296875 0.021634615384615384 0.021634615384615384
0 0.5805288461538461 0.30528846153846156 0.014423076923076924 0.028846153846153848
0 0.2536057692307692 0.3004807692307692 0.019230769230769232 0.026442307692307692
0 0.47596153846153844 0.30528846153846156 0.021634615384615384 0.02403846153846154
0 0.4987980769230769 0.30528846153846156 0.021634615384615384 0.03365384615384615
0 0.7692307692307693 0.31009615384615385 0.019230769230769232 0.026442307692307692
0 0.4362980769230769 0.30408653846153844 0.019230769230769232 0.03125
0 0.18990384615384615 0.3016826923076923 0.019230769230769232 0.026442307692307692
0 0.39903846153846156 0.3076923076923077 0.014423076923076924 0.02403846153846154
0 0.6850961538461539 0.3125 0.02403846153846154 0.04326923076923077
0 0.2776442307692308 0.30649038461538464 0.021634615384615384 0.03125
0 0.014423076923076924 0.3016826923076923 0.021634615384615384 0.03125
0 0.5264423076923077 0.3125 0.014423076923076924 0.021634615384615384
0 0.6081730769230769 0.31490384615384615 0.019230769230769232 0.03125
0 0.34134615384615385 0.31009615384615385 0.019230769230769232 0.02403846153846154
0 0.7355769230769231 0.3173076923076923 0.01201923076923077 0.014423076923076924
0 0.8040865384615384 0.31971153846153844 0.016826923076923076 0.03125
0 0.7524038461538461 0.31971153846153844 0.014423076923076924 0.026442307692307692
0 0.31490384615384615 0.3125 0.021634615384615384 0.026442307692307692
0 0.9975961538461539 0.3245192307692308 0.004807692307692308 0.02403846153846154
0 0.5564903846153846 0.31850961538461536 0.019230769230769232 0.03125
0 0.8365384615384616 0.328125 0.01201923076923077 0.021634615384615384
0 0.9795673076923077 0.33052884615384615 0.016826923076923076 0.03365384615384615
0 0.6658653846153846 0.328125 0.01201923076923077 0.016826923076923076
0 0.1622596153846154 0.31971153846153844 0.03125 0.03365384615384615
0 0.03485576923076923 0.3173076923076923 0.026442307692307692 0.03365384615384615
0 0.21514423076923078 0.3245192307692308 0.026442307692307692 0.028846153846153848
0 0.3737980769230769 0.3401442307692308 0.028846153846153848 0.036057692307692304
0 0.0829326923076923 0.33653846153846156 0.06009615384615385 0.06971153846153846
0 0.9435096153846154 0.36177884615384615 0.04567307692307692 0.07451923076923077
0 0.5985576923076923 0.36658653846153844 0.04807692307692308 0.06971153846153846
0 0.28725961538461536 0.37740384615384615 0.04567307692307692 0.06009615384615385
0 0.4423076923076923 0.38100961538461536 0.07932692307692307 0.057692307692307696
0 0.7836538461538461 0.38822115384615385 0.055288461538461536 0.07692307692307693
0 0.9879807692307693 0.4254807692307692 0.02403846153846154 0.11057692307692307
0 0.09014423076923077 0.4387019230769231 0.08653846153846154 0.11057692307692307
0 0.6899038461538461 0.4651442307692308 0.04807692307692308 0.08173076923076923
0 0.38822115384615385 0.46033653846153844 0.07692307692307693 0.10817307692307693
0 0.9314903846153846 0.49038461538461536 0.05048076923076923 0.08413461538461539
0 0.7584134615384616 0.5132211538461539 0.08413461538461539 0.12259615384615384
0 0.5060096153846154 0.5793269230769231 0.12259615384615384 0.20432692307692307