0 0.6418269230769231 0.1875 0.014423076923076924 0.028846153846153848
0 0.1875 0.19831730769230768 0.019230769230769232 0.028846153846153848
0 0.5733173076923077 0.19591346153846154 0.019230769230769232 0.028846153846153848
0 0.203125 0.20432692307692307 0.019230769230769232 0.02403846153846154
0 0.8653846153846154 0.1935096153846154 0.019230769230769232 0.028846153846153848
0 0.5072115384615384 0.19951923076923078 0.014423076923076924 0.028846153846153848
0 0.25 0.20673076923076922 0.019230769230769232 0.02403846153846154
0 0.15504807692307693 0.20793269230769232 0.014423076923076924 0.02403846153846154
0 0.08774038461538461 0.2091346153846154 0.014423076923076924 0.019230769230769232
0 0.7608173076923077 0.1971153846153846 0.019230769230769232 0.014423076923076924
0 0.17307692307692307 0.20793269230769232 0.014423076923076924 0.028846153846153848
0 0.8521634615384616 0.20192307692307693 0.02403846153846154 0.028846153846153848
0 0.7007211538461539 0.20432692307692307 0.019230769230769232 0.019230769230769232
0 0.11538461538461539 0.21754807692307693 0.009615384615384616 0.014423076923076924
0 0.0829326923076923 0.21995192307692307 0.014423076923076924 0.019230769230769232
0 0.9723557692307693 0.20432692307692307 0.019230769230769232 0.02403846153846154
0 0.5420673076923077 0.21153846153846154 0.014423076923076924 0.02403846153846154
0 0.6502403846153846 0.21514423076923078 0.014423076923076924 0.028846153846153848
0 0.5228365384615384 0.21995192307692307 0.014423076923076924 0.019230769230769232
0 0.3004807692307692 0.22355769230769232 0.014423076923076924 0.028846153846153848
0 0.19471153846153846 0.2247596153846154 0.019230769230769232 0.019230769230769232
0 0.6706730769230769 0.21875 0.02403846153846154 0.028846153846153848
0 0.5697115384615384 0.22115384615384615 0.019230769230769232 0.019230769230769232
0 0.06009615384615385 0.22956730769230768 0.019230769230769232 0.02403846153846154
0 0.7596153846153846 0.21995192307692307 0.019230769230769232 0.028846153846153848
0 0.9338942307692307 0.015625 0.009615384615384616 0.009615384615384616
0 0.6911057692307693 0.019230769230769232 0.014423076923076924 0.014423076923076924
0 0.4230769230769231 0.22596153846153846 0.014423076923076924 0.02403846153846154
0 0.8052884615384616 0.21995192307692307 0.019230769230769232 0.028846153846153848
0 0.35216346153846156 0.22956730769230768 0.02403846153846154 0.02403846153846154
0 0.14543269230769232 0.23317307692307693 0.019230769230769232 0.02403846153846154
0 0.013221153846153846 0.23798076923076922 0.014423076923076924 0.02403846153846154
0 0.1201923076923077 0.23557692307692307 0.014423076923076924 0.028846153846153848
0 0.6298076923076923 0.22956730769230768 0.019230769230769232 0.019230769230769232
0 0.6971153846153846 0.2283653846153846 0.019230769230769232 0.028846153846153848
0 0.37740384615384615 0.234375 0.02403846153846154 0.03365384615384615
0 0.6081730769230769 0.23197115384615385 0.019230769230769232 0.028846153846153848
0 0.49759615384615385 0.234375 0.02403846153846154 0.028846153846153848
0 0.23317307692307693 0.2403846153846154 0.014423076923076924 0.019230769230769232
0 0.10216346153846154 0.24278846153846154 0.014423076923076924 0.028846153846153848
0 0.18269230769230768 0.2439903846153846 0.019230769230769232 0.028846153846153848
0 0.4423076923076923 0.2439903846153846 0.019230769230769232 0.028846153846153848
0 0.6490384615384616 0.02283653846153846 0.014423076923076924 0.02403846153846154
0 0.32211538461538464 0.028846153846153848 0.014423076923076924 0.014423076923076924
0 0.5480769230769231 0.24158653846153846 0.014423076923076924 0.02403846153846154
0 0.5204326923076923 0.24519230769230768 0.014423076923076924 0.019230769230769232
0 0.265625 0.24879807692307693 0.019230769230769232 0.02403846153846154
0 0.6346153846153846 0.24278846153846154 0.014423076923076924 0.028846153846153848
0 0.08533653846153846 0.2548076923076923 0.019230769230769232 0.02403846153846154
0 0.4855769230769231 0.25 0.014423076923076924 0.02403846153846154
0 0.5625 0.24879807692307693 0.014423076923076924 0.02403846153846154
0 0.5372596153846154 0.2512019230769231 0.014423076923076924 0.019230769230769232
0 0.453125 0.2536057692307692 0.019230769230769232 0.02403846153846154
0 0.5853365384615384 0.2536057692307692 0.02403846153846154 0.02403846153846154
0 0.09254807692307693 0.2620192307692308 0.014423076923076924 0.02403846153846154
0 0.8822115384615384 0.24759615384615385 0.019230769230769232 0.02403846153846154
0 0.6153846153846154 0.25721153846153844 0.019230769230769232 0.02403846153846154
0 0.03365384615384615 0.26802884615384615 0.014423076923076924 0.02403846153846154
0 0.7415865384615384 0.25721153846153844 0.014423076923076924 0.02403846153846154
0 0.07091346153846154 0.2692307692307692 0.019230769230769232 0.02403846153846154
0 0.45913461538461536 0.265625 0.019230769230769232 0.02403846153846154
0 0.046875 0.27403846153846156 0.019230769230769232 0.02403846153846154
0 0.7091346153846154 0.2644230769230769 0.014423076923076924 0.02403846153846154
0 0.6586538461538461 0.265625 0.014423076923076924 0.02403846153846154
0 0.7908653846153846 0.26322115384615385 0.02403846153846154 0.03365384615384615
0 0.7608173076923077 0.265625 0.019230769230769232 0.02403846153846154
0 0.5733173076923077 0.27163461538461536 0.014423076923076924 0.02403846153846154
0 0.5817307692307693 0.27163461538461536 0.014423076923076924 0.019230769230769232
0 0.6442307692307693 0.27283653846153844 0.02403846153846154 0.02403846153846154
0 0.5216346153846154 0.27524038461538464 0.019230769230769232 0.019230769230769232
0 0.39903846153846156 0.2764423076923077 0.014423076923076924 0.02403846153846154
0 0.6959134615384616 0.27403846153846156 0.019230769230769232 0.028846153846153848
0 0.4338942307692308 0.27884615384615385 0.014423076923076924 0.02403846153846154
0 0.8269230769230769 0.27403846153846156 0.02403846153846154 0.02403846153846154
0 0.7295673076923077 0.02403846153846154 0.014423076923076924 0.019230769230769232
0 0.2644230769230769 0.03125 0.014423076923076924 0.014423076923076924
0 0.2091346153846154 0.03485576923076923 0.009615384615384616 0.019230769230769232
0 0.5084134615384616 0.2800480769230769 0.014423076923076924 0.019230769230769232
0 0.5588942307692307 0.28125 0.014423076923076924 0.02403846153846154
0 0.4807692307692308 0.2848557692307692 0.019230769230769232 0.02403846153846154
0 0.6117788461538461 0.2848557692307692 0.014423076923076924 0.02403846153846154
0 0.3233173076923077 0.2980769230769231 0.014423076923076924 0.02403846153846154
0 0.53125 0.296875 0.014423076923076924 0.02403846153846154
0 0.026442307692307692 0.30649038461538464 0.019230769230769232 0.02403846153846154
0 0.6009615384615384 0.296875 0.019230769230769232 0.02403846153846154
0 0.7944711538461539 0.2956730769230769 0.02403846153846154 0.03365384615384615
0 0.4014423076923077 0.3016826923076923 0.014423076923076924 0.02403846153846154
0 0.296875 0.30408653846153844 0.019230769230769232 0.02403846153846154
0 0.7536057692307693 0.2980769230769231 0.019230769230769232 0.02403846153846154
0 0.78125 0.30288461538461536 0.014423076923076924 0.02403846153846154
0 0.8665865384615384 0.3016826923076923 0.02403846153846154 0.028846153846153848
0 0.9639423076923077 0.29927884615384615 0.019230769230769232 0.028846153846153848
0 0.5612980769230769 0.3088942307692308 0.019230769230769232 0.019230769230769232
0 0.8317307692307693 0.3112980769230769 0.019230769230769232 0.02403846153846154
0 0.41586538461538464 0.31850961538461536 0.014423076923076924 0.02403846153846154
0 0.3233173076923077 0.32091346153846156 0.019230769230769232 0.028846153846153848
0 0.3737980769230769 0.03485576923076923 0.014423076923076924 0.014423076923076924
0 0.21394230769230768 0.3245192307692308 0.014423076923076924 0.02403846153846154
0 0.4735576923076923 0.32211538461538464 0.019230769230769232 0.028846153846153848
0 0.43149038461538464 0.32572115384615385 0.014423076923076924 0.03365384615384615
0 0.10817307692307693 0.3317307692307692 0.014423076923076924 0.03365384615384615
0 0.025240384615384616 0.33653846153846156 0.014423076923076924 0.02403846153846154
0 0.6742788461538461 0.03125 0.014423076923076924 0.019230769230769232
0 0.46634615384615385 0.03485576923076923 0.014423076923076924 0.019230769230769232
0 0.44471153846153844 0.3389423076923077 0.014423076923076924 0.02403846153846154
0 0.004807692307692308 0.35096153846153844 0.004807692307692308 0.038461538461538464
0 0.9747596153846154 0.33653846153846156 0.019230769230769232 0.028846153846153848
0 0.3425480769230769 0.34975961538461536 0.019230769230769232 0.02403846153846154
0 0.23798076923076922 0.3545673076923077 0.019230769230769232 0.02403846153846154
0 0.9795673076923077 0.026442307692307692 0.014423076923076924 0.02403846153846154
0 0.5372596153846154 0.36177884615384615 0.014423076923076924 0.028846153846153848
0 0.4423076923076923 0.36899038461538464 0.019230769230769232 0.028846153846153848
0 0.9555288461538461 0.36177884615384615 0.019230769230769232 0.03365384615384615
0 0.8677884615384616 0.3641826923076923 0.019230769230769232 0.02403846153846154
0 0.8701923076923077 0.001201923076923077 0.014423076923076924 0.002403846153846154
0 0.6165865384615384 0.03485576923076923 0.014423076923076924 0.014423076923076924
0 0.4170673076923077 0.038461538461538464 0.014423076923076924 0.014423076923076924
0 0.4338942307692308 0.040865384615384616 0.019230769230769232 0.019230769230769232
0 0.3449519230769231 0.38221153846153844 0.019230769230769232 0.03365384615384615
0 0.9122596153846154 0.3798076923076923 0.019230769230769232 0.028846153846153848
0 0.006009615384615385 0.39903846153846156 0.01201923076923077 0.038461538461538464
0 0.6694711538461539 0.38822115384615385 0.014423076923076924 0.03365384615384615
0 0.4014423076923077 0.040865384615384616 0.014423076923076924 0.019230769230769232
0 0.6923076923076923 0.3918269230769231 0.02403846153846154 0.02403846153846154
0 0.8137019230769231 0.3942307692307692 0.019230769230769232 0.028846153846153848
0 0.22355769230769232 0.41466346153846156 0.019230769230769232 0.02403846153846154
0 0.49399038461538464 0.042067307692307696 0.014423076923076924 0.019230769230769232
0 0.5216346153846154 0.042067307692307696 0.014423076923076924 0.019230769230769232
0 0.5709134615384616 0.4110576923076923 0.02403846153846154 0.038461538461538464
0 0.46875 0.41225961538461536 0.019230769230769232 0.038461538461538464
0 0.3581730769230769 0.4254807692307692 0.02403846153846154 0.038461538461538464
0 0.6983173076923077 0.421875 0.02403846153846154 0.03365384615384615
0 0.8137019230769231 0.42427884615384615 0.02403846153846154 0.03365384615384615
0 0.25600961538461536 0.43509615384615385 0.019230769230769232 0.028846153846153848
0 0.8942307692307693 0.43028846153846156 0.019230769230769232 0.03365384615384615
0 0.3269230769230769 0.44350961538461536 0.028846153846153848 0.038461538461538464
0 0.6213942307692307 0.042067307692307696 0.014423076923076924 0.014423076923076924
0 0.8617788461538461 0.4495192307692308 0.019230769230769232 0.028846153846153848
0 0.44350961538461536 0.45913461538461536 0.019230769230769232 0.04326923076923077
0 0.5685096153846154 0.45913461538461536 0.02403846153846154 0.038461538461538464
0 0.7920673076923077 0.042067307692307696 0.014423076923076924 0.014423076923076924
0 0.23918269230769232 0.051682692307692304 0.009615384615384616 0.014423076923076924
0 0.4387019230769231 0.04927884615384615 0.019230769230769232 0.019230769230769232
0 0.6153846153846154 0.4675480769230769 0.019230769230769232 0.028846153846153848
0 0.7127403846153846 0.47115384615384615 0.02403846153846154 0.038461538461538464
0 0.7319711538461539 0.4735576923076923 0.02403846153846154 0.03365384615384615
0 0.5420673076923077 0.47836538461538464 0.02403846153846154 0.03365384615384615
0 0.7884615384615384 0.04326923076923077 0.009615384615384616 0.02403846153846154
0 0.6947115384615384 0.04447115384615385 0.014423076923076924 0.02403846153846154
0 0.09975961538461539 0.49759615384615385 0.02403846153846154 0.038461538461538464
0 0.8052884615384616 0.4855769230769231 0.02403846153846154 0.04326923076923077
0 0.375 0.5 0.02403846153846154 0.028846153846153848
0 0.6778846153846154 0.5012019230769231 0.019230769230769232 0.03365384615384615
0 0.45913461538461536 0.051682692307692304 0.014423076923076924 0.02403846153846154
0 0.3401442307692308 0.5120192307692307 0.02403846153846154 0.038461538461538464
0 0.9411057692307693 0.04567307692307692 0.009615384615384616 0.014423076923076924
0 0.22716346153846154 0.057692307692307696 0.014423076923076924 0.019230769230769232
0 0.5504807692307693 0.051682692307692304 0.014423076923076924 0.019230769230769232
0 0.01201923076923077 0.5336538461538461 0.02403846153846154 0.038461538461538464
0 0.28846153846153844 0.5480769230769231 0.02403846153846154 0.038461538461538464
0 0.6610576923076923 0.5420673076923077 0.019230769230769232 0.028846153846153848
0 0.8533653846153846 0.003605769230769231 0.009615384615384616 0.007211538461538462
0 0.2512019230769231 0.01201923076923077 0.009615384615384616 0.014423076923076924
0 0.6057692307692307 0.052884615384615384 0.014423076923076924 0.019230769230769232
0 0.11177884615384616 0.5769230769230769 0.019230769230769232 0.03365384615384615
0 0.19591346153846154 0.5745192307692307 0.028846153846153848 0.04326923076923077
0 0.65625 0.5697115384615384 0.02403846153846154 0.028846153846153848
0 0.9110576923076923 0.5673076923076923 0.02403846153846154 0.038461538461538464
0 0.5637019230769231 0.5817307692307693 0.028846153846153848 0.04326923076923077
0 0.65625 0.5925480769230769 0.02403846153846154 0.028846153846153848
0 0.07091346153846154 0.6045673076923077 0.028846153846153848 0.04326923076923077
0 0.7487980769230769 0.5997596153846154 0.02403846153846154 0.038461538461538464
0 0.1875 0.6165865384615384 0.028846153846153848 0.038461538461538464
0 0.5348557692307693 0.6225961538461539 0.02403846153846154 0.04326923076923077
0 0.42788461538461536 0.6262019230769231 0.028846153846153848 0.05048076923076923
0 0.9050480769230769 0.057692307692307696 0.014423076923076924 0.02403846153846154
0 0.578125 0.06370192307692307 0.019230769230769232 0.019230769230769232
0 0.46033653846153844 0.6382211538461539 0.028846153846153848 0.05048076923076923
0 0.28966346153846156 0.6538461538461539 0.028846153846153848 0.038461538461538464
0 0.7548076923076923 0.06009615384615385 0.02403846153846154 0.02403846153846154
0 0.7079326923076923 0.06370192307692307 0.019230769230769232 0.02403846153846154
0 0.265625 0.0733173076923077 0.014423076923076924 0.019230769230769232
0 0.5288461538461539 0.7055288461538461 0.028846153846153848 0.04326923076923077
0 0.890625 0.06490384615384616 0.014423076923076924 0.014423076923076924
0 0.9375 0.06490384615384616 0.014423076923076924 0.014423076923076924
0 0.02403846153846154 0.7235576923076923 0.028846153846153848 0.04807692307692308
0 0.07091346153846154 0.7223557692307693 0.03365384615384615 0.055288461538461536
0 0.2247596153846154 0.07932692307692307 0.014423076923076924 0.014423076923076924
0 0.13341346153846154 0.7415865384615384 0.028846153846153848 0.04326923076923077
0 0.2668269230769231 0.013221153846153846 0.009615384615384616 0.014423076923076924
0 0.055288461538461536 0.7848557692307693 0.028846153846153848 0.04807692307692308
0 0.22235576923076922 0.8076923076923077 0.03365384615384615 0.05048076923076923
0 0.7223557692307693 0.07692307692307693 0.009615384615384616 0.028846153846153848
0 0.6201923076923077 0.08052884615384616 0.014423076923076924 0.02403846153846154
0 0.16105769230769232 0.8305288461538461 0.028846153846153848 0.04807692307692308
0 0.2764423076923077 0.8605769230769231 0.038461538461538464 0.04326923076923077
0 0.45552884615384615 0.8665865384615384 0.04326923076923077 0.055288461538461536
0 0.32091346153846156 0.09134615384615384 0.014423076923076924 0.014423076923076924
0 0.6298076923076923 0.08533653846153846 0.014423076923076924 0.019230769230769232
0 0.6694711538461539 0.8846153846153846 0.038461538461538464 0.05048076923076923
0 0.36538461538461536 0.09495192307692307 0.009615384615384616 0.019230769230769232
0 0.9603365384615384 0.08653846153846154 0.009615384615384616 0.014423076923076924
0 0.5024038461538461 0.09495192307692307 0.014423076923076924 0.02403846153846154
0 0.27884615384615385 0.9639423076923077 0.03365384615384615 0.04807692307692308
0 0.3605769230769231 0.9723557692307693 0.03365384615384615 0.05048076923076923
0 0.35336538461538464 0.09975961538461539 0.009615384615384616 0.02403846153846154
0 0.8233173076923077 0.09134615384615384 0.014423076923076924 0.02403846153846154
0 0.8028846153846154 0.09254807692307693 0.014423076923076924 0.019230769230769232
0 0.578125 0.09615384615384616 0.014423076923076924 0.02403846153846154
0 0.016826923076923076 0.9891826923076923 0.014423076923076924 0.021634615384615384
0 0.06490384615384616 0.9891826923076923 0.03365384615384615 0.021634615384615384
0 0.9807692307692307 0.09134615384615384 0.009615384615384616 0.019230769230769232
0 0.5600961538461539 0.10096153846153846 0.019230769230769232 0.02403846153846154
0 0.1622596153846154 0.11057692307692307 0.009615384615384616 0.014423076923076924
0 0.4230769230769231 0.10817307692307693 0.014423076923076924 0.02403846153846154
0 0.44471153846153844 0.11177884615384616 0.009615384615384616 0.019230769230769232
0 0.8341346153846154 0.006009615384615385 0.009615384615384616 0.01201923076923077
0 0.36658653846153844 0.014423076923076924 0.014423076923076924 0.014423076923076924
0 0.7271634615384616 0.109375 0.019230769230769232 0.02403846153846154
0 0.5252403846153846 0.11298076923076923 0.009615384615384616 0.02403846153846154
0 0.7572115384615384 0.11538461538461539 0.014423076923076924 0.02403846153846154
0 0.9591346153846154 0.12139423076923077 0.009615384615384616 0.014423076923076924
0 0.9867788461538461 0.12379807692307693 0.014423076923076924 0.014423076923076924
0 0.22355769230769232 0.13701923076923078 0.014423076923076924 0.019230769230769232
0 0.20432692307692307 0.13701923076923078 0.014423076923076924 0.02403846153846154
0 0.7692307692307693 0.12980769230769232 0.014423076923076924 0.019230769230769232
0 0.18389423076923078 0.140625 0.014423076923076924 0.02403846153846154
0 0.3317307692307692 0.13942307692307693 0.014423076923076924 0.014423076923076924
0 0.24639423076923078 0.14182692307692307 0.014423076923076924 0.019230769230769232
0 0.12620192307692307 0.14302884615384615 0.014423076923076924 0.019230769230769232
0 0.2920673076923077 0.1466346153846154 0.019230769230769232 0.028846153846153848
0 0.15384615384615385 0.15144230769230768 0.014423076923076924 0.019230769230769232
0 0.171875 0.15625 0.014423076923076924 0.02403846153846154
0 0.8990384615384616 0.14302884615384615 0.014423076923076924 0.019230769230769232
0 0.921875 0.14302884615384615 0.014423076923076924 0.019230769230769232
0 0.22355769230769232 0.15745192307692307 0.014423076923076924 0.02403846153846154
0 0.4362980769230769 0.15625 0.014423076923076924 0.019230769230769232
0 0.3112980769230769 0.15865384615384615 0.014423076923076924 0.02403846153846154
0 0.0985576923076923 0.16466346153846154 0.019230769230769232 0.019230769230769232
0 0.046875 0.16826923076923078 0.019230769230769232 0.02403846153846154
0 0.5769230769230769 0.16105769230769232 0.014423076923076924 0.028846153846153848
0 0.02403846153846154 0.17067307692307693 0.009615384615384616 0.014423076923076924
0 0.734375 0.16346153846153846 0.014423076923076924 0.019230769230769232
0 0.1466346153846154 0.17307692307692307 0.019230769230769232 0.019230769230769232
0 0.7139423076923077 0.16346153846153846 0.014423076923076924 0.028846153846153848
0 0.5492788461538461 0.1658653846153846 0.014423076923076924 0.019230769230769232
0 0.24158653846153846 0.171875 0.014423076923076924 0.019230769230769232
0 0.35096153846153844 0.020432692307692308 0.009615384615384616 0.014423076923076924
0 0.16346153846153846 0.02403846153846154 0.009615384615384616 0.009615384615384616
0 0.25600961538461536 0.17307692307692307 0.014423076923076924 0.02403846153846154
0 0.07091346153846154 0.17668269230769232 0.014423076923076924 0.02403846153846154
0 0.1045673076923077 0.1875 0.014423076923076924 0.02403846153846154
0 0.28125 0.18870192307692307 0.009615384615384616 0.019230769230769232