0 0.5973557692307693 0.0829326923076923 0.052884615384615384 0.052884615384615384
0 0.5192307692307693 0.9747596153846154 0.04326923076923077 0.05048076923076923
0 0.59375 0.9735576923076923 0.04567307692307692 0.03365384615384615
0 0.9302884615384616 0.05889423076923077 0.04567307692307692 0.06009615384615385
0 0.19110576923076922 0.15985576923076922 0.0625 0.0625
0 0.46153846153846156 0.12980769230769232 0.052884615384615384 0.052884615384615384
0 0.08413461538461539 0.1935096153846154 0.05048076923076923 0.04326923076923077
0 0.28365384615384615 0.1935096153846154 0.055288461538461536 0.04807692307692308
0 0.8641826923076923 0.125 0.06009615384615385 0.057692307692307696
0 0.38341346153846156 0.18509615384615385 0.057692307692307696 0.06009615384615385
0 0.015625 0.23557692307692307 0.03125 0.04807692307692308
0 0.7019230769230769 0.15504807692307693 0.057692307692307696 0.06009615384615385
0 0.5504807692307693 0.18870192307692307 0.04807692307692308 0.04807692307692308
0 0.6478365384615384 0.18990384615384615 0.055288461538461536 0.052884615384615384
0 0.1201923076923077 0.25721153846153844 0.06971153846153846 0.055288461538461536
0 0.5877403846153846 0.2091346153846154 0.052884615384615384 0.052884615384615384
0 0.28125 0.2548076923076923 0.057692307692307696 0.06009615384615385
0 0.7079326923076923 0.009615384615384616 0.055288461538461536 0.019230769230769232
0 0.47716346153846156 0.23918269230769232 0.055288461538461536 0.052884615384615384
0 0.8064903846153846 0.203125 0.055288461538461536 0.052884615384615384
0 0.042067307692307696 0.30408653846153844 0.06009615384615385 0.04807692307692308
0 0.453125 0.027644230769230768 0.06009615384615385 0.055288461538461536
0 0.7055288461538461 0.2439903846153846 0.055288461538461536 0.04807692307692308
0 0.8329326923076923 0.23317307692307693 0.04567307692307692 0.04326923076923077
0 0.9122596153846154 0.22596153846153846 0.055288461538461536 0.055288461538461536
0 0.31971153846153844 0.30528846153846156 0.06009615384615385 0.057692307692307696
0 0.484375 0.28966346153846156 0.05048076923076923 0.04807692307692308
0 0.20673076923076922 0.3269230769230769 0.055288461538461536 0.055288461538461536
0 0.5769230769230769 0.28725961538461536 0.057692307692307696 0.06009615384615385
0 0.39903846153846156 0.32091346153846156 0.04807692307692308 0.05048076923076923
0 0.020432692307692308 0.08774038461538461 0.040865384615384616 0.055288461538461536
0 0.11778846153846154 0.3701923076923077 0.052884615384615384 0.052884615384615384
0 0.7451923076923077 0.296875 0.052884615384615384 0.055288461538461536
0 0.8425480769230769 0.29447115384615385 0.052884615384615384 0.052884615384615384
0 0.007211538461538462 0.40024038461538464 0.014423076923076924 0.036057692307692304
0 0.35336538461538464 0.04927884615384615 0.04807692307692308 0.05048076923076923
0 0.2920673076923077 0.056490384615384616 0.055288461538461536 0.055288461538461536
0 0.27163461538461536 0.3894230769230769 0.057692307692307696 0.06009615384615385
0 0.43149038461538464 0.37259615384615385 0.052884615384615384 0.052884615384615384
0 0.6971153846153846 0.3401442307692308 0.0625 0.0625
0 0.9375 0.3233173076923077 0.052884615384615384 0.052884615384615384
0 0.5264423076923077 0.37259615384615385 0.055288461538461536 0.055288461538461536
0 0.020432692307692308 0.4423076923076923 0.040865384615384616 0.052884615384615384
0 0.6177884615384616 0.37740384615384615 0.055288461538461536 0.055288461538461536
0 0.1310096153846154 0.43990384615384615 0.06009615384615385 0.052884615384615384
0 0.7872596153846154 0.3713942307692308 0.06490384615384616 0.057692307692307696
0 0.1778846153846154 0.078125 0.052884615384615384 0.052884615384615384
0 0.3557692307692308 0.43149038461538464 0.04807692307692308 0.05048076923076923
0 0.5576923076923077 0.4326923076923077 0.057692307692307696 0.06009615384615385
0 0.23918269230769232 0.4831730769230769 0.06009615384615385 0.052884615384615384
0 0.09254807692307693 0.5012019230769231 0.06490384615384616 0.052884615384615384
0 0.44711538461538464 0.4639423076923077 0.06009615384615385 0.057692307692307696
0 0.6334134615384616 0.44350961538461536 0.0625 0.0625
0 0.8858173076923077 0.4170673076923077 0.06009615384615385 0.052884615384615384
0 0.7824519230769231 0.43990384615384615 0.055288461538461536 0.055288461538461536
0 0.171875 0.5192307692307693 0.052884615384615384 0.052884615384615384
0 0.9639423076923077 0.421875 0.04807692307692308 0.04807692307692308
0 0.359375 0.5012019230769231 0.06490384615384616 0.057692307692307696
0 0.0625 0.5865384615384616 0.06009615384615385 0.04326923076923077
0 0.5384615384615384 0.5300480769230769 0.04567307692307692 0.04326923076923077
0 0.9411057692307693 0.4831730769230769 0.055288461538461536 0.04807692307692308
0 0.14903846153846154 0.5913461538461539 0.06009615384615385 0.04807692307692308
0 0.3870192307692308 0.5625 0.055288461538461536 0.052884615384615384
0 0.6971153846153846 0.5264423076923077 0.06490384615384616 0.04326923076923077
0 0.28365384615384615 0.5865384615384616 0.06009615384615385 0.04807692307692308
0 0.5877403846153846 0.5516826923076923 0.04567307692307692 0.04326923076923077
0 0.8161057692307693 0.019230769230769232 0.055288461538461536 0.038461538461538464
0 0.4987980769230769 0.5685096153846154 0.055288461538461536 0.04807692307692308
0 0.7980769230769231 0.5336538461538461 0.06009615384615385 0.052884615384615384
0 0.8629807692307693 0.5300480769230769 0.06009615384615385 0.04807692307692308
0 0.9747596153846154 0.5432692307692307 0.05048076923076923 0.04326923076923077
0 0.5829326923076923 0.5997596153846154 0.05048076923076923 0.04326923076923077
0 0.5288461538461539 0.6081730769230769 0.04567307692307692 0.04326923076923077
0 0.7259615384615384 0.5913461538461539 0.06009615384615385 0.04807692307692308
0 0.08533653846153846 0.6742788461538461 0.06490384615384616 0.04326923076923077
0 0.45552884615384615 0.6310096153846154 0.05048076923076923 0.04807692307692308
0 0.8449519230769231 0.59375 0.06971153846153846 0.057692307692307696
0 0.390625 0.6538461538461539 0.055288461538461536 0.04807692307692308
0 0.9146634615384616 0.59375 0.055288461538461536 0.04326923076923077
0 0.5180288461538461 0.6442307692307693 0.040865384615384616 0.036057692307692304
0 0.16706730769230768 0.6971153846153846 0.06009615384615385 0.04326923076923077
0 0.6502403846153846 0.6382211538461539 0.055288461538461536 0.04326923076923077
0 0.2932692307692308 0.6838942307692307 0.05048076923076923 0.04326923076923077
0 0.5985576923076923 0.6610576923076923 0.0625 0.038461538461538464
0 0.12259615384615384 0.11298076923076923 0.057692307692307696 0.06009615384615385
0 0.46274038461538464 0.6935096153846154 0.04567307692307692 0.04326923076923077
0 0.07091346153846154 0.7439903846153846 0.0673076923076923 0.036057692307692304
0 0.7896634615384616 0.65625 0.06009615384615385 0.04807692307692308
0 0.984375 0.6358173076923077 0.03125 0.055288461538461536
0 0.22355769230769232 0.7379807692307693 0.06009615384615385 0.04326923076923077
0 0.38822115384615385 0.7379807692307693 0.06971153846153846 0.057692307692307696
0 0.9038461538461539 0.6766826923076923 0.06490384615384616 0.04807692307692308
0 0.7091346153846154 0.7055288461538461 0.06971153846153846 0.05048076923076923
0 0.4639423076923077 0.7536057692307693 0.06009615384615385 0.04326923076923077
0 0.6237980769230769 0.7524038461538461 0.055288461538461536 0.055288461538461536
0 0.9867788461538461 0.7067307692307693 0.026442307692307692 0.04326923076923077
0 0.31971153846153844 0.7920673076923077 0.055288461538461536 0.04807692307692308
0 0.5564903846153846 0.7728365384615384 0.055288461538461536 0.04807692307692308
0 0.10817307692307693 0.8401442307692307 0.06490384615384616 0.052884615384615384
0 0.8233173076923077 0.7548076923076923 0.06490384615384616 0.052884615384615384
0 0.2091346153846154 0.84375 0.06009615384615385 0.04326923076923077
0 0.9194711538461539 0.7560096153846154 0.06490384615384616 0.057692307692307696
0 0.6802884615384616 0.7908653846153846 0.06009615384615385 0.04326923076923077
0 0.43509615384615385 0.8257211538461539 0.06490384615384616 0.04807692307692308
0 0.5336538461538461 0.8341346153846154 0.057692307692307696 0.06009615384615385
0 0.6165865384615384 0.8377403846153846 0.052884615384615384 0.055288461538461536
0 0.9879807692307693 0.7932692307692307 0.02403846153846154 0.052884615384615384
0 0.07451923076923077 0.9098557692307693 0.06009615384615385 0.057692307692307696
0 0.23677884615384615 0.8978365384615384 0.06009615384615385 0.04807692307692308
0 0.3233173076923077 0.8870192307692307 0.04807692307692308 0.04807692307692308
0 0.40024038461538464 0.8798076923076923 0.06009615384615385 0.04807692307692308
0 0.8004807692307693 0.8341346153846154 0.06009615384615385 0.04807692307692308
0 0.90625 0.8557692307692307 0.06971153846153846 0.057692307692307696
0 0.1875 0.9495192307692307 0.06009615384615385 0.04807692307692308
0 0.7199519230769231 0.8858173076923077 0.052884615384615384 0.052884615384615384
0 0.5024038461538461 0.9146634615384616 0.06009615384615385 0.057692307692307696
0 0.40384615384615385 0.9483173076923077 0.055288461538461536 0.04807692307692308
0 0.31009615384615385 0.9615384615384616 0.055288461538461536 0.04326923076923077
0 0.2439903846153846 0.12139423076923077 0.052884615384615384 0.055288461538461536
0 0.10216346153846154 0.984375 0.06490384615384616 0.03125
0 0.6225961538461539 0.9302884615384616 0.052884615384615384 0.052884615384615384
0 0.8112980769230769 0.9098557692307693 0.04807692307692308 0.055288461538461536
0 0.7091346153846154 0.06850961538461539 0.0625 0.0673076923076923
0 0.984375 0.9122596153846154 0.03125 0.055288461538461536