0 0.49759615384615385 0.37259615384615385 0.05048076923076923 0.08413461538461539
0 0.8605769230769231 0.3870192307692308 0.052884615384615384 0.0985576923076923
0 0.35216346153846156 0.375 0.05048076923076923 0.0985576923076923
0 0.9555288461538461 0.39783653846153844 0.05048076923076923 0.10336538461538461
0 0.07692307692307693 0.3701923076923077 0.052884615384615384 0.0985576923076923
0 0.7836538461538461 0.39663461538461536 0.04567307692307692 0.10336538461538461
0 0.5685096153846154 0.39302884615384615 0.040865384615384616 0.09375
0 0.6911057692307693 0.39903846153846156 0.04567307692307692 0.0889423076923077
0 0.4182692307692308 0.4026442307692308 0.05048076923076923 0.0985576923076923
0 0.6213942307692307 0.40865384615384615 0.052884615384615384 0.09375
0 0.16346153846153846 0.3954326923076923 0.040865384615384616 0.07932692307692307
0 0.018028846153846152 0.39302884615384615 0.026442307692307692 0.10817307692307693
0 0.26802884615384615 0.40625 0.04567307692307692 0.09375
0 0.9831730769230769 0.5036057692307693 0.03365384615384615 0.0985576923076923
0 0.7992788461538461 0.5480769230769231 0.040865384615384616 0.0889423076923077
0 0.4182692307692308 0.5372596153846154 0.04567307692307692 0.11298076923076923
0 0.6382211538461539 0.5576923076923077 0.04567307692307692 0.0985576923076923
0 0.23076923076923078 0.5432692307692307 0.057692307692307696 0.0985576923076923
0 0.014423076923076924 0.5444711538461539 0.028846153846153848 0.10336538461538461
0 0.4951923076923077 0.5697115384615384 0.04567307692307692 0.0889423076923077
0 0.052884615384615384 0.5564903846153846 0.05048076923076923 0.10817307692307693
0 0.9435096153846154 0.6754807692307693 0.04567307692307692 0.10336538461538461
0 0.7043269230769231 0.671875 0.04567307692307692 0.0889423076923077
0 0.07451923076923077 0.6730769230769231 0.04567307692307692 0.0985576923076923
0 0.6129807692307693 0.6935096153846154 0.05048076923076923 0.0985576923076923
0 0.5252403846153846 0.6911057692307693 0.04567307692307692 0.0985576923076923
0 0.4098557692307692 0.6983173076923077 0.04567307692307692 0.10336538461538461
0 0.7680288461538461 0.7115384615384616 0.05048076923076923 0.11298076923076923
0 0.1622596153846154 0.6935096153846154 0.04567307692307692 0.07932692307692307
0 0.2283653846153846 0.6983173076923077 0.04567307692307692 0.10336538461538461
0 0.31490384615384615 0.7067307692307693 0.04567307692307692 0.11298076923076923
0 0.7163461538461539 0.8245192307692307 0.055288461538461536 0.12259615384615384
0 0.3269230769230769 0.8221153846153846 0.04567307692307692 0.09375
0 0.6382211538461539 0.8353365384615384 0.05048076923076923 0.0985576923076923
0 0.8305288461538461 0.8617788461538461 0.06009615384615385 0.10817307692307693
0 0.8954326923076923 0.8665865384615384 0.052884615384615384 0.0985576923076923
0 0.15264423076923078 0.8425480769230769 0.05048076923076923 0.0889423076923077
0 0.21995192307692307 0.8473557692307693 0.04567307692307692 0.08413461538461539
0 0.007211538461538462 0.8545673076923077 0.014423076923076924 0.10336538461538461
0 0.07451923076923077 0.8629807692307693 0.055288461538461536 0.11778846153846154
0 0.4495192307692308 0.8786057692307693 0.04567307692307692 0.0985576923076923
0 0.5180288461538461 0.9663461538461539 0.057692307692307696 0.0673076923076923
0 0.5901442307692307 0.9759615384615384 0.04807692307692308 0.04807692307692308
0 0.3629807692307692 0.9675480769230769 0.04326923076923077 0.052884615384615384
0 0.22355769230769232 0.9651442307692307 0.04326923076923077 0.04326923076923077
0 0.8461538461538461 0.9819711538461539 0.052884615384615384 0.036057692307692304
0 0.7475961538461539 0.984375 0.03365384615384615 0.03125
0 0.8233173076923077 0.11538461538461539 0.04567307692307692 0.10336538461538461
0 0.7283653846153846 0.11177884615384616 0.040865384615384616 0.0889423076923077
0 0.9903846153846154 0.12620192307692307 0.019230769230769232 0.10336538461538461
0 0.25841346153846156 0.1045673076923077 0.040865384615384616 0.07211538461538461
0 0.9158653846153846 0.14423076923076922 0.05048076923076923 0.10336538461538461
0 0.3786057692307692 0.13221153846153846 0.04567307692307692 0.0889423076923077
0 0.484375 0.14903846153846154 0.05048076923076923 0.10817307692307693
0 0.18389423076923078 0.13942307692307693 0.04567307692307692 0.08413461538461539
0 0.03365384615384615 0.13221153846153846 0.04567307692307692 0.0985576923076923
0 0.4387019230769231 0.016826923076923076 0.036057692307692304 0.03365384615384615
0 0.1971153846153846 0.018028846153846152 0.038461538461538464 0.036057692307692304
0 0.8497596153846154 0.24158653846153846 0.04567307692307692 0.10817307692307693
0 0.6057692307692307 0.2536057692307692 0.04567307692307692 0.08413461538461539
0 0.08173076923076923 0.018028846153846152 0.03365384615384615 0.036057692307692304
0 0.9891826923076923 0.040865384615384616 0.021634615384615384 0.052884615384615384
0 0.703125 0.25961538461538464 0.04567307692307692 0.0889423076923077
0 0.9387019230769231 0.27283653846153844 0.052884615384615384 0.0985576923076923
0 0.2932692307692308 0.25 0.040865384615384616 0.10336538461538461
0 0.40384615384615385 0.2608173076923077 0.052884615384615384 0.0985576923076923
0 0.5588942307692307 0.2704326923076923 0.04567307692307692 0.08413461538461539
0 0.2704326923076923 0.03125 0.05048076923076923 0.0625
0 0.8401442307692307 0.046875 0.040865384615384616 0.07211538461538461