0 0.5817307692307693 0.27524038461538464 0.015625 0.026442307692307692
0 0.24278846153846154 0.27884615384615385 0.019230769230769232 0.02403846153846154
0 0.14182692307692307 0.2848557692307692 0.018028846153846152 0.026442307692307692
0 0.09735576923076923 0.2920673076923077 0.018028846153846152 0.03125
0 0.23677884615384615 0.31009615384615385 0.013221153846153846 0.025240384615384616
0 0.5673076923076923 0.3137019230769231 0.015625 0.02403846153846154
0 0.31850961538461536 0.3161057692307692 0.018028846153846152 0.027644230769230768
0 0.27884615384615385 0.3173076923076923 0.015625 0.025240384615384616
0 0.5276442307692307 0.32572115384615385 0.013221153846153846 0.02403846153846154
0 0.12620192307692307 0.36658653846153844 0.021634615384615384 0.03125
0 0.17427884615384615 0.36899038461538464 0.018028846153846152 0.025240384615384616
0 0.22596153846153846 0.3798076923076923 0.016826923076923076 0.03245192307692308
0 0.020432692307692308 0.38341346153846156 0.018028846153846152 0.03245192307692308
0 0.5228365384615384 0.38461538461538464 0.021634615384615384 0.03485576923076923
0 0.7007211538461539 0.3870192307692308 0.007211538461538462 0.014423076923076924
0 0.42908653846153844 0.3942307692307692 0.021634615384615384 0.03365384615384615
0 0.2800480769230769 0.3954326923076923 0.015625 0.028846153846153848
0 0.8990384615384616 0.40384615384615385 0.021634615384615384 0.03245192307692308
0 0.6069711538461539 0.4050480769230769 0.018028846153846152 0.028846153846153848
0 0.8521634615384616 0.4098557692307692 0.02283653846153846 0.038461538461538464
0 0.7103365384615384 0.41225961538461536 0.019230769230769232 0.028846153846153848
0 0.4543269230769231 0.41586538461538464 0.021634615384615384 0.03125
0 0.14783653846153846 0.41586538461538464 0.020432692307692308 0.027644230769230768
0 0.9927884615384616 0.41586538461538464 0.014423076923076924 0.03365384615384615
0 0.8173076923076923 0.42788461538461536 0.020432692307692308 0.038461538461538464
0 0.625 0.42908653846153844 0.021634615384615384 0.03485576923076923
0 0.16947115384615385 0.43509615384615385 0.018028846153846152 0.03485576923076923
0 0.6382211538461539 0.4375 0.019230769230769232 0.03485576923076923
0 0.2668269230769231 0.4375 0.020432692307692308 0.03245192307692308
0 0.3942307692307692 0.4387019230769231 0.02403846153846154 0.04326923076923077
0 0.5492788461538461 0.4387019230769231 0.018028846153846152 0.027644230769230768
0 0.14543269230769232 0.4483173076923077 0.02283653846153846 0.036057692307692304
0 0.6947115384615384 0.4519230769230769 0.02403846153846154 0.03485576923076923
0 0.4423076923076923 0.4543269230769231 0.020432692307692308 0.03125
0 0.9543269230769231 0.45552884615384615 0.028846153846153848 0.038461538461538464
0 0.4963942307692308 0.45913461538461536 0.019230769230769232 0.03125
0 0.84375 0.46274038461538464 0.021634615384615384 0.040865384615384616
0 0.6069711538461539 0.48677884615384615 0.026442307692307692 0.04567307692307692
0 0.24278846153846154 0.49038461538461536 0.015625 0.03245192307692308
0 0.9194711538461539 0.4951923076923077 0.025240384615384616 0.042067307692307696
0 0.5540865384615384 0.4951923076923077 0.025240384615384616 0.042067307692307696
0 0.8653846153846154 0.4951923076923077 0.026442307692307692 0.04567307692307692
0 0.4723557692307692 0.4963942307692308 0.021634615384615384 0.03245192307692308
0 0.7403846153846154 0.49759615384615385 0.020432692307692308 0.040865384615384616
0 0.6550480769230769 0.5072115384615384 0.02283653846153846 0.038461538461538464
0 0.31850961538461536 0.5120192307692307 0.026442307692307692 0.042067307692307696
0 0.8173076923076923 0.5144230769230769 0.027644230769230768 0.042067307692307696
0 0.9639423076923077 0.5204326923076923 0.025240384615384616 0.04326923076923077
0 0.5769230769230769 0.5228365384615384 0.021634615384615384 0.036057692307692304
0 0.48197115384615385 0.5240384615384616 0.02283653846153846 0.038461538461538464
0 0.6850961538461539 0.53125 0.021634615384615384 0.040865384615384616
0 0.25841346153846156 0.5336538461538461 0.021634615384615384 0.03245192307692308
0 0.9110576923076923 0.5384615384615384 0.020432692307692308 0.040865384615384616
0 0.8737980769230769 0.5588942307692307 0.025240384615384616 0.04326923076923077
0 0.5865384615384616 0.5661057692307693 0.02403846153846154 0.04447115384615385
0 0.20673076923076922 0.5709134615384616 0.02403846153846154 0.038461538461538464
0 0.9338942307692307 0.5829326923076923 0.039663461538461536 0.04447115384615385
0 0.32091346153846156 0.5829326923076923 0.027644230769230768 0.04927884615384615
0 0.47716346153846156 0.5913461538461539 0.021634615384615384 0.03245192307692308
0 0.6610576923076923 0.5949519230769231 0.02283653846153846 0.040865384615384616
0 0.84375 0.5949519230769231 0.027644230769230768 0.04927884615384615
0 0.13221153846153846 0.6021634615384616 0.025240384615384616 0.036057692307692304
0 0.6947115384615384 0.6045673076923077 0.026442307692307692 0.04807692307692308
0 0.38461538461538464 0.6117788461538461 0.030048076923076924 0.04326923076923077
0 0.18269230769230768 0.6117788461538461 0.030048076923076924 0.04807692307692308
0 0.9663461538461539 0.6141826923076923 0.027644230769230768 0.040865384615384616
0 0.5432692307692307 0.6165865384615384 0.030048076923076924 0.04927884615384615
0 0.7536057692307693 0.6274038461538461 0.02283653846153846 0.04567307692307692
0 0.040865384615384616 0.6322115384615384 0.03245192307692308 0.05048076923076923
0 0.08052884615384616 0.6370192307692307 0.02403846153846154 0.04326923076923077
0 0.16706730769230768 0.6658653846153846 0.02283653846153846 0.04807692307692308
0 0.6201923076923077 0.6670673076923077 0.030048076923076924 0.05048076923076923
0 0.7752403846153846 0.6682692307692307 0.030048076923076924 0.04567307692307692
0 0.4495192307692308 0.6694711538461539 0.030048076923076924 0.042067307692307696
0 0.042067307692307696 0.6923076923076923 0.038461538461538464 0.04807692307692308
0 0.6923076923076923 0.6923076923076923 0.03245192307692308 0.04927884615384615
0 0.8653846153846154 0.7103365384615384 0.036057692307692304 0.057692307692307696
0 0.5853365384615384 0.7247596153846154 0.028846153846153848 0.055288461538461536
0 0.16346153846153846 0.7307692307692307 0.037259615384615384 0.05048076923076923
0 0.29927884615384615 0.7307692307692307 0.027644230769230768 0.04447115384615385
0 0.39783653846153844 0.7307692307692307 0.03365384615384615 0.056490384615384616