0 0.31009615384615385 0.16947115384615385 0.078125 0.1201923076923077
0 0.6875 0.171875 0.08774038461538461 0.12980769230769232
0 0.44471153846153844 0.18269230769230768 0.08774038461538461 0.1346153846153846
0 0.9194711538461539 0.19230769230769232 0.09254807692307693 0.1346153846153846
0 0.055288461538461536 0.20793269230769232 0.10216346153846154 0.15264423076923078
0 0.9483173076923077 0.02283653846153846 0.06490384615384616 0.04567307692307692
0 0.8329326923076923 0.31490384615384615 0.09735576923076923 0.15264423076923078
0 0.7776442307692307 0.03485576923076923 0.055288461538461536 0.06971153846153846
0 0.9098557692307693 0.3545673076923077 0.08774038461538461 0.125
0 0.5949519230769231 0.039663461538461536 0.078125 0.078125
0 0.44711538461538464 0.042067307692307696 0.078125 0.0829326923076923
0 0.171875 0.39783653846153844 0.11538461538461539 0.12980769230769232
0 0.5048076923076923 0.4230769230769231 0.11538461538461539 0.14302884615384615
0 0.21153846153846154 0.04807692307692308 0.09134615384615384 0.09615384615384616
0 0.03245192307692308 0.052884615384615384 0.06490384615384616 0.10576923076923077
0 0.03245192307692308 0.5396634615384616 0.06490384615384616 0.125
0 0.29447115384615385 0.546875 0.09254807692307693 0.12980769230769232
0 0.18269230769230768 0.6177884615384616 0.11057692307692307 0.16706730769230768
0 0.9651442307692307 0.6850961538461539 0.06009615384615385 0.15745192307692307
0 0.734375 0.7319711538461539 0.1201923076923077 0.1622596153846154
0 0.953125 0.0829326923076923 0.0829326923076923 0.12980769230769232
0 0.5877403846153846 0.828125 0.11057692307692307 0.14783653846153846