0 0.8918269230769231 0.7235576923076923 0.03485576923076923 0.042067307692307696
0 0.009615384615384616 0.7319711538461539 0.019230769230769232 0.040865384615384616
0 0.8125 0.7319711538461539 0.036057692307692304 0.037259615384615384
0 0.6009615384615384 0.7319711538461539 0.037259615384615384 0.036057692307692304
0 0.21634615384615385 0.7355769230769231 0.036057692307692304 0.051682692307692304
0 0.10576923076923077 0.7391826923076923 0.037259615384615384 0.038461538461538464
0 0.19230769230769232 0.7391826923076923 0.014423076923076924 0.036057692307692304
0 0.14302884615384615 0.7439903846153846 0.03365384615384615 0.03485576923076923
0 0.36177884615384615 0.7475961538461539 0.042067307692307696 0.042067307692307696
0 0.27884615384615385 0.7512019230769231 0.04326923076923077 0.038461538461538464
0 0.6129807692307693 0.7524038461538461 0.042067307692307696 0.03365384615384615
0 0.4098557692307692 0.7572115384615384 0.04326923076923077 0.040865384615384616
0 0.5276442307692307 0.7692307692307693 0.04807692307692308 0.042067307692307696
0 0.37259615384615385 0.7824519230769231 0.039663461538461536 0.04567307692307692
0 0.9627403846153846 0.7896634615384616 0.04326923076923077 0.051682692307692304
0 0.5108173076923077 0.7920673076923077 0.040865384615384616 0.04927884615384615
0 0.018028846153846152 0.796875 0.036057692307692304 0.037259615384615384
0 0.7944711538461539 0.796875 0.042067307692307696 0.040865384615384616
0 0.3125 0.8076923076923077 0.03365384615384615 0.04567307692307692
0 0.8088942307692307 0.8088942307692307 0.03365384615384615 0.03365384615384615
0 0.5769230769230769 0.8100961538461539 0.03485576923076923 0.04447115384615385
0 0.1658653846153846 0.828125 0.03365384615384615 0.042067307692307696
0 0.7055288461538461 0.8305288461538461 0.04807692307692308 0.04447115384615385
0 0.28125 0.8317307692307693 0.03365384615384615 0.04567307692307692
0 0.8353365384615384 0.8497596153846154 0.04326923076923077 0.052884615384615384
0 0.34134615384615385 0.8509615384615384 0.042067307692307696 0.04927884615384615
0 0.5120192307692307 0.8521634615384616 0.05889423076923077 0.038461538461538464
0 0.7848557692307693 0.8701923076923077 0.055288461538461536 0.052884615384615384
0 0.4855769230769231 0.8858173076923077 0.05048076923076923 0.05048076923076923
0 0.5228365384615384 0.890625 0.03365384615384615 0.05889423076923077
0 0.8701923076923077 0.9026442307692307 0.05889423076923077 0.057692307692307696
0 0.6237980769230769 0.90625 0.052884615384615384 0.051682692307692304
0 0.8197115384615384 0.9122596153846154 0.051682692307692304 0.04447115384615385
0 0.8100961538461539 0.17668269230769232 0.018028846153846152 0.020432692307692308
0 0.1045673076923077 0.18269230769230768 0.018028846153846152 0.020432692307692308
0 0.15625 0.18389423076923078 0.014423076923076924 0.013221153846153846
0 0.08173076923076923 0.18629807692307693 0.020432692307692308 0.019230769230769232
0 0.140625 0.18870192307692307 0.014423076923076924 0.020432692307692308
0 0.04927884615384615 0.19230769230769232 0.015625 0.016826923076923076
0 0.006009615384615385 0.1935096153846154 0.01201923076923077 0.02403846153846154
0 0.1658653846153846 0.1971153846153846 0.01201923076923077 0.018028846153846152
0 0.11538461538461539 0.19831730769230768 0.019230769230769232 0.015625
0 0.038461538461538464 0.19831730769230768 0.015625 0.020432692307692308
0 0.15985576923076922 0.20552884615384615 0.020432692307692308 0.020432692307692308
0 0.18629807692307693 0.25721153846153844 0.019230769230769232 0.019230769230769232
0 0.12259615384615384 0.25841346153846156 0.018028846153846152 0.02403846153846154
0 0.21394230769230768 0.2620192307692308 0.014423076923076924 0.016826923076923076
0 0.040865384615384616 0.265625 0.020432692307692308 0.020432692307692308
0 0.34615384615384615 0.2692307692307692 0.015625 0.018028846153846152
0 0.23918269230769232 0.2704326923076923 0.02283653846153846 0.019230769230769232
0 0.078125 0.27283653846153844 0.021634615384615384 0.020432692307692308
0 0.3629807692307692 0.2764423076923077 0.014423076923076924 0.019230769230769232
0 0.6286057692307693 0.2764423076923077 0.02283653846153846 0.020432692307692308
0 0.38221153846153844 0.2800480769230769 0.014423076923076924 0.016826923076923076
0 0.6766826923076923 0.28365384615384615 0.020432692307692308 0.020432692307692308
0 0.3425480769230769 0.2848557692307692 0.01201923076923077 0.018028846153846152
0 0.4963942307692308 0.31850961538461536 0.01201923076923077 0.013221153846153846
0 0.2920673076923077 0.32211538461538464 0.016826923076923076 0.013221153846153846
0 0.30649038461538464 0.3245192307692308 0.01201923076923077 0.015625
0 0.32572115384615385 0.3245192307692308 0.018028846153846152 0.013221153846153846
0 0.3425480769230769 0.32572115384615385 0.009615384615384616 0.009615384615384616
0 0.484375 0.32572115384615385 0.020432692307692308 0.019230769230769232
0 0.39783653846153844 0.328125 0.015625 0.019230769230769232
0 0.26322115384615385 0.328125 0.013221153846153846 0.020432692307692308
0 0.04807692307692308 0.3293269230769231 0.021634615384615384 0.019230769230769232
0 0.15625 0.3293269230769231 0.020432692307692308 0.020432692307692308
0 0.10096153846153846 0.33052884615384615 0.020432692307692308 0.019230769230769232
0 0.3293269230769231 0.3317307692307692 0.015625 0.014423076923076924
0 0.11899038461538461 0.3317307692307692 0.019230769230769232 0.02403846153846154
0 0.23557692307692307 0.3317307692307692 0.014423076923076924 0.016826923076923076
0 0.3701923076923077 0.3329326923076923 0.018028846153846152 0.019230769230769232
0 0.38822115384615385 0.3329326923076923 0.013221153846153846 0.014423076923076924
0 0.22115384615384615 0.33413461538461536 0.013221153846153846 0.01201923076923077
0 0.2548076923076923 0.33413461538461536 0.014423076923076924 0.016826923076923076
0 0.35336538461538464 0.33413461538461536 0.014423076923076924 0.016826923076923076
0 0.4170673076923077 0.33533653846153844 0.016826923076923076 0.020432692307692308
0 0.43509615384615385 0.33653846153846156 0.015625 0.020432692307692308
0 0.1971153846153846 0.33653846153846156 0.016826923076923076 0.018028846153846152
0 0.3449519230769231 0.33774038461538464 0.01201923076923077 0.015625
0 0.453125 0.3389423076923077 0.016826923076923076 0.018028846153846152
0 0.27524038461538464 0.3401442307692308 0.019230769230769232 0.020432692307692308
0 0.006009615384615385 0.3401442307692308 0.01201923076923077 0.013221153846153846
0 0.08533653846153846 0.3401442307692308 0.018028846153846152 0.01201923076923077
0 0.10336538461538461 0.3401442307692308 0.016826923076923076 0.015625
0 0.29086538461538464 0.3401442307692308 0.013221153846153846 0.013221153846153846
0 0.32091346153846156 0.34134615384615385 0.020432692307692308 0.016826923076923076
0 0.5216346153846154 0.34134615384615385 0.018028846153846152 0.019230769230769232
0 0.53125 0.34134615384615385 0.006009615384615385 0.01201923076923077
0 0.06490384615384616 0.3425480769230769 0.019230769230769232 0.016826923076923076
0 0.3894230769230769 0.3425480769230769 0.013221153846153846 0.016826923076923076
0 0.30408653846153844 0.3449519230769231 0.01201923076923077 0.015625
0 0.23557692307692307 0.34615384615384615 0.010817307692307692 0.018028846153846152
0 0.21995192307692307 0.3473557692307692 0.019230769230769232 0.018028846153846152
0 0.17548076923076922 0.3485576923076923 0.018028846153846152 0.016826923076923076
0 0.4579326923076923 0.34975961538461536 0.01201923076923077 0.015625
0 0.16346153846153846 0.34975961538461536 0.01201923076923077 0.021634615384615384
0 0.028846153846153848 0.34975961538461536 0.016826923076923076 0.019230769230769232
0 0.375 0.35096153846153844 0.018028846153846152 0.019230769230769232
0 0.3425480769230769 0.35336538461538464 0.014423076923076924 0.016826923076923076
0 0.24519230769230768 0.3557692307692308 0.014423076923076924 0.019230769230769232
0 0.042067307692307696 0.359375 0.019230769230769232 0.015625
0 0.006009615384615385 0.3605769230769231 0.01201923076923077 0.020432692307692308
0 0.41225961538461536 0.3605769230769231 0.015625 0.015625
0 0.328125 0.3641826923076923 0.018028846153846152 0.020432692307692308
0 0.4266826923076923 0.3641826923076923 0.020432692307692308 0.021634615384615384
0 0.9579326923076923 0.38461538461538464 0.014423076923076924 0.014423076923076924
0 0.9927884615384616 0.3894230769230769 0.009615384615384616 0.009615384615384616
0 0.984375 0.4170673076923077 0.018028846153846152 0.027644230769230768
0 0.9471153846153846 0.421875 0.020432692307692308 0.019230769230769232
0 0.9134615384615384 0.4266826923076923 0.020432692307692308 0.020432692307692308
0 0.23317307692307693 0.4338942307692308 0.014423076923076924 0.020432692307692308
0 0.052884615384615384 0.4338942307692308 0.02403846153846154 0.02283653846153846
0 0.5216346153846154 0.4879807692307692 0.020432692307692308 0.020432692307692308
0 0.47475961538461536 0.4891826923076923 0.018028846153846152 0.018028846153846152
0 0.5925480769230769 0.4891826923076923 0.016826923076923076 0.021634615384615384
0 0.2848557692307692 0.4891826923076923 0.018028846153846152 0.016826923076923076
0 0.4182692307692308 0.49038461538461536 0.014423076923076924 0.016826923076923076
0 0.9266826923076923 0.49158653846153844 0.020432692307692308 0.019230769230769232
0 0.3425480769230769 0.49158653846153844 0.016826923076923076 0.016826923076923076
0 0.9951923076923077 0.49278846153846156 0.009615384615384616 0.026442307692307692
0 0.8701923076923077 0.49278846153846156 0.02283653846153846 0.026442307692307692
0 0.9855769230769231 0.49278846153846156 0.014423076923076924 0.021634615384615384
0 0.30528846153846156 0.49278846153846156 0.018028846153846152 0.020432692307692308
0 0.7908653846153846 0.4951923076923077 0.02283653846153846 0.020432692307692308
0 0.96875 0.4951923076923077 0.014423076923076924 0.019230769230769232
0 0.4362980769230769 0.4963942307692308 0.016826923076923076 0.010817307692307692
0 0.4567307692307692 0.4963942307692308 0.015625 0.013221153846153846
0 0.8846153846153846 0.4963942307692308 0.008413461538461538 0.015625
0 0.5420673076923077 0.4963942307692308 0.018028846153846152 0.019230769230769232
0 0.5024038461538461 0.4987980769230769 0.02283653846153846 0.016826923076923076
0 0.7271634615384616 0.4987980769230769 0.020432692307692308 0.019230769230769232
0 0.2536057692307692 0.4987980769230769 0.016826923076923076 0.016826923076923076
0 0.27403846153846156 0.5 0.021634615384615384 0.025240384615384616
0 0.6021634615384616 0.5 0.020432692307692308 0.019230769230769232
0 0.0625 0.5 0.014423076923076924 0.021634615384615384
0 0.35697115384615385 0.5012019230769231 0.02283653846153846 0.016826923076923076
0 0.38461538461538464 0.5012019230769231 0.019230769230769232 0.018028846153846152
0 0.6790865384615384 0.5012019230769231 0.02403846153846154 0.02403846153846154
0 0.32572115384615385 0.5024038461538461 0.018028846153846152 0.016826923076923076
0 0.04927884615384615 0.5036057692307693 0.018028846153846152 0.01201923076923077
0 0.234375 0.5048076923076923 0.020432692307692308 0.020432692307692308
0 0.7668269230769231 0.5060096153846154 0.021634615384615384 0.02403846153846154
0 0.7439903846153846 0.5072115384615384 0.026442307692307692 0.027644230769230768
0 0.4411057692307692 0.5084134615384616 0.01201923076923077 0.018028846153846152
0 0.9627403846153846 0.5084134615384616 0.02283653846153846 0.018028846153846152
0 0.42908653846153844 0.5096153846153846 0.020432692307692308 0.015625
0 0.5300480769230769 0.5096153846153846 0.019230769230769232 0.02283653846153846
0 0.30408653846153844 0.5096153846153846 0.018028846153846152 0.013221153846153846
0 0.49399038461538464 0.5108173076923077 0.016826923076923076 0.019230769230769232
0 0.20793269230769232 0.5120192307692307 0.019230769230769232 0.027644230769230768
0 0.3942307692307692 0.5120192307692307 0.020432692307692308 0.016826923076923076
0 0.18629807692307693 0.5144230769230769 0.020432692307692308 0.02283653846153846
0 0.18990384615384615 0.5144230769230769 0.018028846153846152 0.02283653846153846
0 0.11538461538461539 0.515625 0.015625 0.02283653846153846
0 0.1346153846153846 0.515625 0.02403846153846154 0.026442307692307692
0 0.027644230769230768 0.515625 0.02283653846153846 0.021634615384615384
0 0.5901442307692307 0.515625 0.02283653846153846 0.025240384615384616
0 0.47716346153846156 0.5168269230769231 0.020432692307692308 0.013221153846153846
0 0.5204326923076923 0.5180288461538461 0.019230769230769232 0.019230769230769232
0 0.5769230769230769 0.5180288461538461 0.009615384615384616 0.019230769230769232
0 0.3485576923076923 0.5180288461538461 0.020432692307692308 0.020432692307692308
0 0.10216346153846154 0.5192307692307693 0.018028846153846152 0.019230769230769232
0 0.7223557692307693 0.5204326923076923 0.02403846153846154 0.025240384615384616
0 0.47115384615384615 0.5228365384615384 0.020432692307692308 0.008413461538461538
0 0.4254807692307692 0.5228365384615384 0.020432692307692308 0.018028846153846152
0 0.984375 0.5252403846153846 0.02403846153846154 0.021634615384615384
0 0.04447115384615385 0.5252403846153846 0.018028846153846152 0.01201923076923077
0 0.37259615384615385 0.5276442307692307 0.020432692307692308 0.019230769230769232
0 0.7584134615384616 0.5300480769230769 0.027644230769230768 0.030048076923076924
0 0.96875 0.5324519230769231 0.021634615384615384 0.006009615384615385
0 0.6538461538461539 0.5348557692307693 0.026442307692307692 0.025240384615384616
0 0.39903846153846156 0.5348557692307693 0.021634615384615384 0.021634615384615384
0 0.4735576923076923 0.5360576923076923 0.02403846153846154 0.018028846153846152
0 0.2800480769230769 0.5360576923076923 0.02403846153846154 0.021634615384615384
0 0.31850961538461536 0.5360576923076923 0.014423076923076924 0.01201923076923077
0 0.7103365384615384 0.5372596153846154 0.03125 0.019230769230769232
0 0.609375 0.5372596153846154 0.016826923076923076 0.025240384615384616
0 0.9543269230769231 0.5396634615384616 0.018028846153846152 0.010817307692307692
0 0.03485576923076923 0.5396634615384616 0.020432692307692308 0.021634615384615384
0 0.014423076923076924 0.5396634615384616 0.020432692307692308 0.025240384615384616
0 0.21634615384615385 0.5408653846153846 0.028846153846153848 0.020432692307692308
0 0.11899038461538461 0.5408653846153846 0.027644230769230768 0.019230769230769232
0 0.5192307692307693 0.5420673076923077 0.025240384615384616 0.02403846153846154
0 0.6274038461538461 0.5432692307692307 0.019230769230769232 0.025240384615384616
0 0.9375 0.5432692307692307 0.018028846153846152 0.016826923076923076
0 0.4567307692307692 0.5432692307692307 0.026442307692307692 0.02283653846153846
0 0.056490384615384616 0.5432692307692307 0.020432692307692308 0.02283653846153846
0 0.9747596153846154 0.5444711538461539 0.02403846153846154 0.020432692307692308
0 0.16706730769230768 0.5444711538461539 0.025240384615384616 0.019230769230769232
0 0.3786057692307692 0.5444711538461539 0.025240384615384616 0.021634615384615384
0 0.6790865384615384 0.5456730769230769 0.02403846153846154 0.027644230769230768
0 0.33533653846153844 0.5456730769230769 0.02403846153846154 0.02403846153846154
0 0.5925480769230769 0.5456730769230769 0.020432692307692308 0.02283653846153846
0 0.828125 0.5480769230769231 0.025240384615384616 0.02283653846153846
0 0.30649038461538464 0.5504807692307693 0.027644230769230768 0.016826923076923076
0 0.31490384615384615 0.5528846153846154 0.018028846153846152 0.03125
0 0.4423076923076923 0.5528846153846154 0.026442307692307692 0.020432692307692308
0 0.7091346153846154 0.5528846153846154 0.02283653846153846 0.01201923076923077
0 0.9519230769230769 0.5528846153846154 0.02283653846153846 0.01201923076923077
0 0.7896634615384616 0.5552884615384616 0.026442307692307692 0.02283653846153846
0 0.7283653846153846 0.5564903846153846 0.020432692307692308 0.015625
0 0.8521634615384616 0.5576923076923077 0.025240384615384616 0.020432692307692308
0 0.125 0.5588942307692307 0.019230769230769232 0.025240384615384616
0 0.49038461538461536 0.5588942307692307 0.026442307692307692 0.02403846153846154
0 0.8846153846153846 0.5625 0.021634615384615384 0.014423076923076924
0 0.6009615384615384 0.5625 0.026442307692307692 0.016826923076923076
0 0.9182692307692307 0.5637019230769231 0.027644230769230768 0.02403846153846154
0 0.16826923076923078 0.5637019230769231 0.028846153846153848 0.019230769230769232
0 0.5637019230769231 0.5649038461538461 0.025240384615384616 0.030048076923076924
0 0.39302884615384615 0.5661057692307693 0.026442307692307692 0.025240384615384616
0 0.19471153846153846 0.5661057692307693 0.020432692307692308 0.016826923076923076
0 0.10817307692307693 0.5661057692307693 0.03485576923076923 0.025240384615384616
0 0.21875 0.5685096153846154 0.02403846153846154 0.027644230769230768
0 0.9483173076923077 0.5685096153846154 0.026442307692307692 0.01201923076923077
0 0.01201923076923077 0.5697115384615384 0.02283653846153846 0.026442307692307692
0 0.30288461538461536 0.5709134615384616 0.020432692307692308 0.027644230769230768
0 0.9711538461538461 0.5709134615384616 0.02403846153846154 0.026442307692307692
0 0.25721153846153844 0.5721153846153846 0.021634615384615384 0.03125
0 0.3425480769230769 0.5745192307692307 0.02403846153846154 0.02403846153846154
0 0.8990384615384616 0.5757211538461539 0.015625 0.020432692307692308
0 0.2692307692307692 0.5757211538461539 0.02403846153846154 0.03125
0 0.484375 0.5757211538461539 0.020432692307692308 0.037259615384615384
0 0.38461538461538464 0.5769230769230769 0.02403846153846154 0.01201923076923077
0 0.7512019230769231 0.5769230769230769 0.02403846153846154 0.03125
0 0.4675480769230769 0.578125 0.02283653846153846 0.030048076923076924
0 0.7259615384615384 0.578125 0.020432692307692308 0.025240384615384616
0 0.6009615384615384 0.578125 0.027644230769230768 0.021634615384615384
0 0.7019230769230769 0.5793269230769231 0.027644230769230768 0.03365384615384615
0 0.8629807692307693 0.5793269230769231 0.028846153846153848 0.028846153846153848
0 0.44711538461538464 0.5793269230769231 0.021634615384615384 0.027644230769230768
0 0.18870192307692307 0.5805288461538461 0.03365384615384615 0.026442307692307692
0 0.28846153846153844 0.5817307692307693 0.020432692307692308 0.021634615384615384
0 0.9603365384615384 0.5841346153846154 0.026442307692307692 0.009615384615384616
0 0.11778846153846154 0.5853365384615384 0.037259615384615384 0.020432692307692308
0 0.04927884615384615 0.5865384615384616 0.036057692307692304 0.028846153846153848
0 0.9170673076923077 0.5913461538461539 0.026442307692307692 0.026442307692307692
0 0.7836538461538461 0.5913461538461539 0.028846153846153848 0.025240384615384616
0 0.41346153846153844 0.5913461538461539 0.019230769230769232 0.019230769230769232
0 0.010817307692307692 0.5925480769230769 0.020432692307692308 0.03365384615384615
0 0.578125 0.5925480769230769 0.028846153846153848 0.03125
0 0.6033653846153846 0.59375 0.021634615384615384 0.03365384615384615
0 0.3737980769230769 0.59375 0.019230769230769232 0.02283653846153846
0 0.5240384615384616 0.5949519230769231 0.027644230769230768 0.03125
0 0.39302884615384615 0.5985576923076923 0.026442307692307692 0.020432692307692308
0 0.17548076923076922 0.5997596153846154 0.03485576923076923 0.028846153846153848
0 0.8834134615384616 0.6009615384615384 0.03485576923076923 0.03485576923076923
0 0.9951923076923077 0.6009615384615384 0.009615384615384616 0.02403846153846154
0 0.6550480769230769 0.6021634615384616 0.01201923076923077 0.020432692307692308
0 0.15264423076923078 0.6033653846153846 0.020432692307692308 0.021634615384615384
0 0.33052884615384615 0.6033653846153846 0.025240384615384616 0.03245192307692308
0 0.9639423076923077 0.6045673076923077 0.03365384615384615 0.027644230769230768
0 0.6983173076923077 0.6057692307692307 0.027644230769230768 0.02403846153846154
0 0.7572115384615384 0.6057692307692307 0.02403846153846154 0.03125
0 0.6682692307692307 0.6069711538461539 0.026442307692307692 0.01201923076923077
0 0.038461538461538464 0.6069711538461539 0.027644230769230768 0.028846153846153848
0 0.7487980769230769 0.6069711538461539 0.027644230769230768 0.009615384615384616
0 0.10336538461538461 0.6081730769230769 0.026442307692307692 0.02403846153846154
0 0.27884615384615385 0.6081730769230769 0.042067307692307696 0.027644230769230768
0 0.4050480769230769 0.609375 0.026442307692307692 0.02403846153846154
0 0.7980769230769231 0.6105769230769231 0.02403846153846154 0.027644230769230768
0 0.8221153846153846 0.6105769230769231 0.025240384615384616 0.036057692307692304
0 0.6358173076923077 0.6105769230769231 0.03365384615384615 0.038461538461538464
0 0.4735576923076923 0.6129807692307693 0.026442307692307692 0.02403846153846154
0 0.5396634615384616 0.6177884615384616 0.028846153846153848 0.027644230769230768
0 0.016826923076923076 0.6189903846153846 0.028846153846153848 0.030048076923076924
0 0.35096153846153844 0.6201923076923077 0.03365384615384615 0.027644230769230768
0 0.7548076923076923 0.6201923076923077 0.028846153846153848 0.016826923076923076
0 0.7307692307692307 0.6213942307692307 0.02403846153846154 0.020432692307692308
0 0.7800480769230769 0.6213942307692307 0.026442307692307692 0.027644230769230768
0 0.6754807692307693 0.625 0.03365384615384615 0.03245192307692308
0 0.5024038461538461 0.6262019230769231 0.026442307692307692 0.027644230769230768
0 0.7043269230769231 0.6274038461538461 0.026442307692307692 0.020432692307692308
0 0.5745192307692307 0.6286057692307693 0.03125 0.02283653846153846
0 0.9891826923076923 0.6322115384615384 0.018028846153846152 0.03245192307692308
0 0.15865384615384615 0.6346153846153846 0.028846153846153848 0.03365384615384615
0 0.07572115384615384 0.6358173076923077 0.027644230769230768 0.03125
0 0.22355769230769232 0.6370192307692307 0.030048076923076924 0.037259615384615384
0 0.13942307692307693 0.6382211538461539 0.02403846153846154 0.03125
0 0.7451923076923077 0.6382211538461539 0.03245192307692308 0.020432692307692308
0 0.3894230769230769 0.640625 0.03485576923076923 0.03125
0 0.3173076923076923 0.6466346153846154 0.03365384615384615 0.026442307692307692
0 0.7980769230769231 0.6478365384615384 0.03365384615384615 0.03365384615384615
0 0.25721153846153844 0.6502403846153846 0.03245192307692308 0.027644230769230768
0 0.5588942307692307 0.6502403846153846 0.02283653846153846 0.025240384615384616
0 0.46634615384615385 0.6514423076923077 0.03485576923076923 0.03485576923076923
0 0.6466346153846154 0.6538461538461539 0.03245192307692308 0.03485576923076923
0 0.8641826923076923 0.6574519230769231 0.028846153846153848 0.037259615384615384
0 0.578125 0.6598557692307693 0.027644230769230768 0.03125
0 0.6081730769230769 0.6622596153846154 0.026442307692307692 0.016826923076923076
0 0.8930288461538461 0.6622596153846154 0.027644230769230768 0.03485576923076923
0 0.019230769230769232 0.6622596153846154 0.03365384615384615 0.028846153846153848
0 0.7427884615384616 0.6622596153846154 0.026442307692307692 0.030048076923076924
0 0.9158653846153846 0.6634615384615384 0.018028846153846152 0.040865384615384616
0 0.8100961538461539 0.6646634615384616 0.030048076923076924 0.03125
0 0.9362980769230769 0.6646634615384616 0.026442307692307692 0.03245192307692308
0 0.18629807692307693 0.6682692307692307 0.042067307692307696 0.028846153846153848
0 0.6862980769230769 0.6766826923076923 0.03485576923076923 0.042067307692307696
0 0.5420673076923077 0.6790865384615384 0.037259615384615384 0.03485576923076923
0 0.7067307692307693 0.6790865384615384 0.037259615384615384 0.03365384615384615
0 0.014423076923076924 0.6802884615384616 0.028846153846153848 0.03245192307692308
0 0.8317307692307693 0.6802884615384616 0.042067307692307696 0.03125
0 0.1875 0.6838942307692307 0.03125 0.036057692307692304
0 0.25841346153846156 0.6862980769230769 0.037259615384615384 0.040865384615384616
0 0.09975961538461539 0.6887019230769231 0.03365384615384615 0.03485576923076923
0 0.28966346153846156 0.6911057692307693 0.025240384615384616 0.042067307692307696
0 0.609375 0.6923076923076923 0.028846153846153848 0.036057692307692304
0 0.3485576923076923 0.7007211538461539 0.03125 0.03245192307692308
0 0.9134615384615384 0.7019230769230769 0.03245192307692308 0.042067307692307696
0 0.25721153846153844 0.7067307692307693 0.036057692307692304 0.04326923076923077
0 0.4855769230769231 0.7067307692307693 0.037259615384615384 0.042067307692307696
0 0.4170673076923077 0.7079326923076923 0.036057692307692304 0.040865384615384616
0 0.9471153846153846 0.7091346153846154 0.030048076923076924 0.036057692307692304
0 0.6370192307692307 0.7127403846153846 0.020432692307692308 0.027644230769230768
0 0.7019230769230769 0.7139423076923077 0.03125 0.03365384615384615
0 0.8617788461538461 0.7151442307692307 0.03485576923076923 0.042067307692307696
0 0.328125 0.7163461538461539 0.03365384615384615 0.03485576923076923