0 0.4723557692307692 0.01201923076923077 0.019230769230769232 0.02403846153846154
0 0.27283653846153844 0.01201923076923077 0.019230769230769232 0.02403846153846154
0 0.15504807692307693 0.01201923076923077 0.019230769230769232 0.019230769230769232
0 0.6069711538461539 0.1045673076923077 0.019230769230769232 0.028846153846153848
0 0.203125 0.10697115384615384 0.014423076923076924 0.02403846153846154
0 0.078125 0.109375 0.02403846153846154 0.028846153846153848
0 0.4026442307692308 0.11298076923076923 0.02403846153846154 0.02403846153846154
0 0.23798076923076922 0.11298076923076923 0.028846153846153848 0.03365384615384615
0 0.1622596153846154 0.11538461538461539 0.019230769230769232 0.03365384615384615
0 0.3545673076923077 0.11778846153846154 0.019230769230769232 0.019230769230769232
0 0.6526442307692307 0.1201923076923077 0.019230769230769232 0.019230769230769232
0 0.8846153846153846 0.12259615384615384 0.028846153846153848 0.02403846153846154
0 0.6850961538461539 0.125 0.019230769230769232 0.02403846153846154
0 0.43990384615384615 0.125 0.019230769230769232 0.028846153846153848
0 0.9795673076923077 0.12980769230769232 0.02403846153846154 0.03365384615384615
0 0.7728365384615384 0.13221153846153846 0.02403846153846154 0.03365384615384615
0 0.9002403846153846 0.1346153846153846 0.028846153846153848 0.03365384615384615
0 0.3473557692307692 0.13942307692307693 0.019230769230769232 0.02403846153846154
0 0.28725961538461536 0.140625 0.019230769230769232 0.02403846153846154
0 0.8425480769230769 0.14543269230769232 0.02403846153846154 0.03365384615384615
0 0.15745192307692307 0.14783653846153846 0.019230769230769232 0.019230769230769232
0 0.9350961538461539 0.15264423076923078 0.03365384615384615 0.03365384615384615
0 0.5276442307692307 0.15745192307692307 0.02403846153846154 0.03365384615384615
0 0.1045673076923077 0.15985576923076922 0.019230769230769232 0.028846153846153848
0 0.039663461538461536 0.1622596153846154 0.02403846153846154 0.028846153846153848
0 0.5805288461538461 0.015625 0.014423076923076924 0.014423076923076924
0 0.3173076923076923 0.16947115384615385 0.02403846153846154 0.03365384615384615
0 0.4026442307692308 0.17307692307692307 0.02403846153846154 0.03365384615384615
0 0.7572115384615384 0.1778846153846154 0.02403846153846154 0.03365384615384615
0 0.8449519230769231 0.18028846153846154 0.02403846153846154 0.03365384615384615
0 0.5396634615384616 0.18028846153846154 0.02403846153846154 0.02403846153846154
0 0.625 0.18509615384615385 0.02403846153846154 0.03365384615384615
0 0.171875 0.018028846153846152 0.019230769230769232 0.028846153846153848
0 0.10216346153846154 0.18990384615384615 0.028846153846153848 0.03365384615384615
0 0.453125 0.18990384615384615 0.019230769230769232 0.019230769230769232
0 0.9098557692307693 0.19951923076923078 0.03365384615384615 0.038461538461538464
0 0.6778846153846154 0.20793269230769232 0.02403846153846154 0.02403846153846154
0 0.38461538461538464 0.020432692307692308 0.014423076923076924 0.02403846153846154
0 0.5576923076923077 0.2127403846153846 0.02403846153846154 0.028846153846153848
0 0.3701923076923077 0.22956730769230768 0.02403846153846154 0.038461538461538464
0 0.49278846153846156 0.02283653846153846 0.019230769230769232 0.019230769230769232
0 0.4254807692307692 0.02283653846153846 0.014423076923076924 0.019230769230769232
0 0.5144230769230769 0.2403846153846154 0.019230769230769232 0.03365384615384615
0 0.359375 0.02283653846153846 0.019230769230769232 0.028846153846153848
0 0.31009615384615385 0.02283653846153846 0.014423076923076924 0.019230769230769232
0 0.06490384615384616 0.025240384615384616 0.019230769230769232 0.02403846153846154
0 0.6430288461538461 0.2403846153846154 0.02403846153846154 0.038461538461538464
0 0.21033653846153846 0.25 0.02403846153846154 0.03365384615384615
0 0.18269230769230768 0.25 0.02403846153846154 0.028846153846153848
0 0.2776442307692308 0.25 0.02403846153846154 0.03365384615384615
0 0.44711538461538464 0.025240384615384616 0.019230769230769232 0.02403846153846154
0 0.4026442307692308 0.2704326923076923 0.02403846153846154 0.03365384615384615
0 0.9098557692307693 0.2704326923076923 0.02403846153846154 0.02403846153846154
0 0.01201923076923077 0.027644230769230768 0.019230769230769232 0.02403846153846154
0 0.5276442307692307 0.027644230769230768 0.014423076923076924 0.02403846153846154
0 0.5649038461538461 0.027644230769230768 0.019230769230769232 0.02403846153846154
0 0.13942307692307693 0.28725961538461536 0.028846153846153848 0.04326923076923077
0 0.10697115384615384 0.030048076923076924 0.014423076923076924 0.02403846153846154
0 0.31971153846153844 0.3004807692307692 0.028846153846153848 0.038461538461538464
0 0.5973557692307693 0.3125 0.02403846153846154 0.038461538461538464
0 0.7644230769230769 0.03245192307692308 0.014423076923076924 0.019230769230769232
0 0.49038461538461536 0.31971153846153844 0.019230769230769232 0.038461538461538464
0 0.05048076923076923 0.33052884615384615 0.03365384615384615 0.04807692307692308
0 0.22956730769230768 0.03485576923076923 0.019230769230769232 0.028846153846153848
0 0.6153846153846154 0.03485576923076923 0.019230769230769232 0.028846153846153848
0 0.9795673076923077 0.34975961538461536 0.02403846153846154 0.03365384615384615
0 0.6899038461538461 0.34975961538461536 0.02403846153846154 0.03365384615384615
0 0.8870192307692307 0.35697115384615385 0.03365384615384615 0.038461538461538464
0 0.1502403846153846 0.037259615384615384 0.014423076923076924 0.02403846153846154
0 0.8173076923076923 0.037259615384615384 0.019230769230769232 0.02403846153846154
0 0.1502403846153846 0.37259615384615385 0.028846153846153848 0.04807692307692308
0 0.2920673076923077 0.3954326923076923 0.028846153846153848 0.04326923076923077
0 0.7175480769230769 0.042067307692307696 0.009615384615384616 0.019230769230769232
0 0.578125 0.421875 0.02403846153846154 0.04326923076923077
0 0.49278846153846156 0.4230769230769231 0.028846153846153848 0.038461538461538464
0 0.7355769230769231 0.4326923076923077 0.03365384615384615 0.04807692307692308
0 0.671875 0.04447115384615385 0.014423076923076924 0.02403846153846154
0 0.9555288461538461 0.4855769230769231 0.03365384615384615 0.04326923076923077
0 0.03485576923076923 0.4879807692307692 0.02403846153846154 0.04326923076923077
0 0.6370192307692307 0.49038461538461536 0.03365384615384615 0.038461538461538464
0 0.5973557692307693 0.05048076923076923 0.019230769230769232 0.03365384615384615
0 0.8004807692307693 0.05048076923076923 0.019230769230769232 0.02403846153846154
0 0.25721153846153844 0.515625 0.028846153846153848 0.04326923076923077
0 0.7728365384615384 0.5276442307692307 0.03365384615384615 0.04326923076923077
0 0.057692307692307696 0.055288461538461536 0.019230769230769232 0.028846153846153848
0 0.9675480769230769 0.057692307692307696 0.02403846153846154 0.038461538461538464
0 0.014423076923076924 0.5745192307692307 0.019230769230769232 0.055288461538461536
0 0.7019230769230769 0.057692307692307696 0.014423076923076924 0.014423076923076924
0 0.875 0.057692307692307696 0.019230769230769232 0.02403846153846154
0 0.390625 0.057692307692307696 0.014423076923076924 0.019230769230769232
0 0.39783653846153844 0.625 0.03365384615384615 0.04326923076923077
0 0.1778846153846154 0.0625 0.014423076923076924 0.02403846153846154
0 0.13942307692307693 0.6370192307692307 0.03365384615384615 0.04807692307692308
0 0.8605769230769231 0.6646634615384616 0.04807692307692308 0.04326923076923077
0 0.6201923076923077 0.6802884615384616 0.038461538461538464 0.05048076923076923
0 0.11778846153846154 0.0673076923076923 0.02403846153846154 0.02403846153846154
0 0.9375 0.6995192307692307 0.038461538461538464 0.055288461538461536
0 0.42788461538461536 0.07211538461538461 0.014423076923076924 0.02403846153846154
0 0.1971153846153846 0.07211538461538461 0.019230769230769232 0.028846153846153848
0 0.7596153846153846 0.07211538461538461 0.02403846153846154 0.028846153846153848
0 0.8774038461538461 0.007211538461538462 0.02403846153846154 0.014423076923076924
0 0.7728365384615384 0.07451923076923077 0.014423076923076924 0.014423076923076924
0 0.33774038461538464 0.07692307692307693 0.028846153846153848 0.02403846153846154
0 0.5396634615384616 0.08052884615384616 0.019230769230769232 0.02403846153846154
0 0.9122596153846154 0.8100961538461539 0.04807692307692308 0.06490384615384616
0 0.9927884615384616 0.08052884615384616 0.014423076923076924 0.03365384615384615
0 0.35697115384615385 0.8245192307692307 0.04326923076923077 0.06009615384615385
0 0.5877403846153846 0.0829326923076923 0.019230769230769232 0.019230769230769232
0 0.12740384615384615 0.009615384615384616 0.014423076923076924 0.019230769230769232
0 0.6298076923076923 0.8401442307692307 0.038461538461538464 0.055288461538461536
0 0.5528846153846154 0.8497596153846154 0.04326923076923077 0.06490384615384616
0 0.4074519230769231 0.08533653846153846 0.019230769230769232 0.019230769230769232
0 0.03245192307692308 0.08774038461538461 0.014423076923076924 0.02403846153846154
0 0.03485576923076923 0.8822115384615384 0.04807692307692308 0.05048076923076923
0 0.6971153846153846 0.09014423076923077 0.019230769230769232 0.02403846153846154
0 0.8221153846153846 0.8930288461538461 0.04326923076923077 0.03365384615384615
0 0.4579326923076923 0.09254807692307693 0.019230769230769232 0.02403846153846154
0 0.9074519230769231 0.09495192307692307 0.02403846153846154 0.02403846153846154
0 0.15264423076923078 0.09735576923076923 0.019230769230769232 0.02403846153846154
0 0.1201923076923077 0.09735576923076923 0.019230769230769232 0.02403846153846154
0 0.5252403846153846 0.09975961538461539 0.019230769230769232 0.028846153846153848
0 0.0625 0.10216346153846154 0.019230769230769232 0.02403846153846154
0 0.8245192307692307 0.1045673076923077 0.02403846153846154 0.02403846153846154