0 0.98671875 0.70234375 0.0265625 0.0203125
0 0.86640625 0.709375 0.0328125 0.025
0 0.9359375 0.72578125 0.0234375 0.0203125
0 0.0921875 0.76171875 0.0421875 0.0296875
0 0.971875 0.7359375 0.028125 0.0203125
0 0.90390625 0.77734375 0.028125 0.0203125
0 0.409375 0.825 0.046875 0.034375
0 0.1484375 0.834375 0.0421875 0.0328125
0 0.52265625 0.8234375 0.0515625 0.034375
0 0.52578125 0.32578125 0.0046875 0.0046875
0 0.5796875 0.33046875 0.0046875 0.0046875
0 0.59140625 0.3328125 0.0046875 0.0046875
0 0.59609375 0.3328125 0.0046875 0.0046875
0 0.54296875 0.334375 0.009375 0.0046875
0 0.63125 0.33125 0.0046875 0.0046875
0 0.6515625 0.33046875 0.009375 0.0046875
0 0.64296875 0.33046875 0.0046875 0.0046875
0 0.965625 0.37734375 0.009375 0.0046875
0 0.896875 0.3796875 0.009375 0.0046875
0 0.94296875 0.378125 0.0140625 0.0046875
0 0.83671875 0.38203125 0.0140625 0.0046875
0 0.984375 0.3765625 0.0140625 0.009375
0 0.9546875 0.38046875 0.009375 0.009375
0 0.87578125 0.3828125 0.009375 0.009375
0 0.92890625 0.38359375 0.0140625 0.009375
0 0.7671875 0.3890625 0.0046875 0.0046875
0 0.77421875 0.3890625 0.0046875 0.0046875
0 0.85703125 0.3859375 0.009375 0.009375
0 0.896875 0.384375 0.009375 0.0046875
0 0.715625 0.390625 0.009375 0.0046875
0 0.7875 0.38828125 0.009375 0.0046875
0 0.80390625 0.3875 0.009375 0.0046875
0 0.81328125 0.3875 0.0140625 0.0046875
0 0.83671875 0.38671875 0.009375 0.0046875
0 0.94296875 0.3828125 0.0140625 0.009375
0 0.68828125 0.39375 0.0046875 0.0046875
0 0.7390625 0.3921875 0.0046875 0.0046875
0 0.72265625 0.39296875 0.009375 0.0046875
0 0.74609375 0.3921875 0.0046875 0.0046875
0 0.7578125 0.39140625 0.0046875 0.0046875
0 0.6671875 0.39453125 0.0046875 0.0046875
0 0.9125 0.3859375 0.009375 0.009375
0 0.671875 0.39453125 0.0046875 0.0046875
0 0.68125 0.39453125 0.0046875 0.0046875
0 0.69765625 0.39375 0.0046875 0.0046875
0 0.5875 0.4 0.0046875 0.0046875
0 0.63125 0.3984375 0.0046875 0.0046875
0 0.64296875 0.3984375 0.009375 0.0046875
0 0.65625 0.39765625 0.009375 0.0046875
0 0.5109375 0.40234375 0.0046875 0.0046875
0 0.57109375 0.403125 0.0046875 0.0046875
0 0.540625 0.40390625 0.0046875 0.0046875
0 0.52890625 0.4046875 0.0046875 0.0046875
0 0.559375 0.4046875 0.0046875 0.0046875
0 0.2125 0.4171875 0.0046875 0.0046875
0 0.55 0.40546875 0.0046875 0.0046875
0 0.084375 0.4640625 0.009375 0.0046875
0 0.0953125 0.46328125 0.009375 0.0046875
0 0.0328125 0.46796875 0.0046875 0.0046875
0 0.09140625 0.4703125 0.0046875 0.0046875
0 0.0265625 0.47265625 0.0046875 0.0046875
0 0.1625 0.4703125 0.009375 0.0046875
0 0.171875 0.4703125 0.0046875 0.0046875
0 0.109375 0.471875 0.0046875 0.0046875
0 0.18359375 0.46953125 0.0046875 0.0046875
0 0.078125 0.47578125 0.0046875 0.0046875
0 0.0109375 0.478125 0.009375 0.0046875
0 0.0296875 0.4796875 0.0046875 0.0046875
0 0.08046875 0.48046875 0.009375 0.009375
0 0.11015625 0.48125 0.0046875 0.0046875
0 0.02265625 0.4859375 0.009375 0.0046875
0 0.25625 0.478125 0.009375 0.0046875
0 0.2703125 0.47734375 0.009375 0.0046875
0 0.121875 0.4828125 0.009375 0.0046875
0 0.040625 0.4859375 0.0046875 0.0046875
0 0.4109375 0.475 0.009375 0.0046875
0 0.00859375 0.4890625 0.009375 0.0046875
0 0.140625 0.484375 0.0046875 0.0046875
0 0.22109375 0.48125 0.0046875 0.0046875
0 0.1078125 0.48828125 0.0046875 0.0046875
0 0.34609375 0.4796875 0.009375 0.0046875
0 0.39765625 0.478125 0.009375 0.0046875
0 0.12890625 0.4875 0.009375 0.0046875
0 0.33515625 0.48203125 0.0046875 0.0046875
0 0.11484375 0.48984375 0.009375 0.0046875
0 0.36953125 0.48125 0.009375 0.0046875
0 0.38359375 0.48046875 0.009375 0.0046875
0 0.08984375 0.490625 0.0046875 0.0046875
0 0.39296875 0.4828125 0.0046875 0.0046875
0 0.09375 0.49296875 0.009375 0.0046875
0 0.2125 0.49140625 0.009375 0.0046875
0 0.48984375 0.48125 0.009375 0.0046875
0 0.00703125 0.50078125 0.009375 0.0046875
0 0.03203125 0.5 0.009375 0.009375
0 0.20390625 0.49609375 0.0046875 0.0046875
0 0.4421875 0.490625 0.009375 0.0046875
0 0.43515625 0.49296875 0.009375 0.0046875
0 0.42109375 0.49375 0.009375 0.0046875
0 0.428125 0.4953125 0.009375 0.0046875
0 0.44453125 0.49453125 0.0046875 0.0046875
0 0.51171875 0.49453125 0.009375 0.0046875
0 0.41875 0.4984375 0.009375 0.0046875
0 0.34921875 0.50078125 0.009375 0.0046875
0 0.37734375 0.5015625 0.009375 0.0046875
0 0.3890625 0.5015625 0.009375 0.0046875
0 0.40546875 0.50078125 0.009375 0.0046875
0 0.4328125 0.5 0.009375 0.0046875
0 0.15078125 0.5125 0.0140625 0.0046875
0 0.44921875 0.5015625 0.009375 0.0046875
0 0.3359375 0.50546875 0.009375 0.0046875
0 0.34453125 0.50546875 0.009375 0.0046875
0 0.278125 0.5078125 0.009375 0.0046875
0 0.4234375 0.50234375 0.009375 0.0046875
0 0.27109375 0.51015625 0.009375 0.0046875
0 0.14609375 0.5171875 0.009375 0.0046875
0 0.13515625 0.52421875 0.0046875 0.0046875
0 0.12578125 0.525 0.0046875 0.0046875
0 0.17890625 0.52265625 0.009375 0.0046875
0 0.41015625 0.5171875 0.0140625 0.0046875
0 0.13984375 0.52890625 0.0046875 0.0046875
0 0.6328125 0.5140625 0.009375 0.0046875
0 0.13046875 0.53203125 0.009375 0.0046875
0 0.4984375 0.51875 0.009375 0.0046875
0 0.6140625 0.5171875 0.009375 0.0046875
0 0.11875 0.53671875 0.009375 0.0046875
0 0.13984375 0.5359375 0.009375 0.009375
0 0.4078125 0.52890625 0.009375 0.009375
0 0.4453125 0.52734375 0.0140625 0.009375
0 0.35 0.53359375 0.009375 0.0046875
0 0.64453125 0.5234375 0.0046875 0.0046875
0 0.13359375 0.54296875 0.0140625 0.0046875
0 0.33671875 0.5359375 0.0140625 0.0046875
0 0.74609375 0.521875 0.009375 0.0046875
0 0.7 0.5234375 0.009375 0.0046875
0 0.6 0.52734375 0.009375 0.0046875
0 0.56796875 0.5296875 0.009375 0.0046875
0 0.62109375 0.528125 0.009375 0.0046875
0 0.23984375 0.54140625 0.01875 0.0140625
0 0.18203125 0.54296875 0.0140625 0.009375
0 0.6765625 0.52578125 0.009375 0.0046875
0 0.15703125 0.54375 0.01875 0.009375
0 0.5796875 0.52890625 0.0046875 0.0046875
0 0.64453125 0.52734375 0.009375 0.0046875
0 0.4875 0.53515625 0.009375 0.009375
0 0.34609375 0.53984375 0.009375 0.0046875
0 0.76015625 0.525 0.009375 0.009375
0 0.78203125 0.52890625 0.009375 0.009375
0 0.603125 0.53515625 0.009375 0.0046875
0 0.65703125 0.5359375 0.009375 0.0046875
0 0.83515625 0.5296875 0.0140625 0.0046875
0 0.3578125 0.54609375 0.0140625 0.0046875
0 0.621875 0.5375 0.009375 0.0046875
0 0.8 0.53125 0.0140625 0.009375
0 0.1703125 0.55546875 0.01875 0.009375
0 0.57109375 0.54140625 0.009375 0.0046875
0 0.32109375 0.55234375 0.0140625 0.009375
0 0.37421875 0.55078125 0.0140625 0.0046875
0 0.684375 0.53984375 0.009375 0.009375
0 0.871875 0.5328125 0.009375 0.009375
0 0.7375 0.53984375 0.0140625 0.0046875
0 0.58515625 0.5453125 0.009375 0.009375
0 0.6265625 0.54375 0.0140625 0.009375
0 0.828125 0.53671875 0.0140625 0.009375
0 0.6546875 0.5453125 0.0140625 0.0046875
0 0.675 0.54453125 0.0140625 0.009375
0 0.2828125 0.56328125 0.0140625 0.009375
0 0.384375 0.559375 0.0140625 0.009375
0 0.90859375 0.54140625 0.009375 0.0046875
0 0.65703125 0.55 0.0046875 0.0046875
0 0.6609375 0.55234375 0.009375 0.0046875
0 0.30078125 0.56953125 0.0140625 0.009375
0 0.66640625 0.559375 0.01875 0.009375
0 0.7109375 0.56015625 0.0140625 0.009375
0 0.87265625 0.55390625 0.0140625 0.0140625
0 0.4140625 0.57265625 0.0140625 0.009375
0 0.54375 0.56796875 0.0140625 0.009375
0 0.57421875 0.5671875 0.0140625 0.009375
0 0.6296875 0.5671875 0.0140625 0.0046875
0 0.403125 0.57734375 0.009375 0.0046875
0 0.7890625 0.5640625 0.009375 0.009375
0 0.90078125 0.56015625 0.0140625 0.009375
0 0.44296875 0.58125 0.0140625 0.0046875
0 0.8703125 0.56796875 0.0140625 0.009375
0 0.30625 0.58828125 0.0140625 0.0046875
0 0.7484375 0.575 0.009375 0.009375
0 0.43828125 0.58828125 0.0140625 0.009375
0 0.78515625 0.5828125 0.0140625 0.009375
0 0.90859375 0.58046875 0.01875 0.0140625
0 0.48046875 0.60234375 0.01875 0.0140625
0 0.665625 0.5984375 0.0140625 0.009375
0 0.51796875 0.6078125 0.01875 0.009375
0 0.65703125 0.603125 0.01875 0.009375
0 0.4921875 0.6109375 0.01875 0.009375
0 0.3375 0.61640625 0.01875 0.0140625
0 0.684375 0.609375 0.0140625 0.009375
0 0.8234375 0.6046875 0.0140625 0.009375
0 0.55234375 0.6140625 0.01875 0.0140625
0 0.4921875 0.61796875 0.01875 0.0140625
0 0.51796875 0.61953125 0.01875 0.0140625
0 0.9296875 0.60546875 0.01875 0.009375
0 0.353125 0.62578125 0.01875 0.01875
0 0.846875 0.60859375 0.01875 0.0140625
0 0.37265625 0.6296875 0.0234375 0.0203125
0 0.9203125 0.61484375 0.01875 0.0140625
0 0.87265625 0.61640625 0.01875 0.01875
0 0.38515625 0.64765625 0.01875 0.0140625
0 0.78359375 0.6453125 0.01875 0.0140625
0 0.74375 0.646875 0.0234375 0.015625
0 0.97109375 0.6390625 0.028125 0.0203125
0 0.4125 0.65859375 0.0234375 0.015625
0 0.1984375 0.675 0.0375 0.025
0 0.56796875 0.6640625 0.028125 0.0203125
0 0.5453125 0.671875 0.028125 0.0203125
0 0.88671875 0.68828125 0.028125 0.0203125
0 0.67109375 0.6984375 0.0328125 0.0203125
0 0.75703125 0.70703125 0.01875 0.01875
0 0.77890625 0.70859375 0.0296875 0.025