0 0.009615384615384616 0.3485576923076923 0.004807692307692308 0.028846153846153848
0 0.08052884615384616 0.34975961538461536 0.014423076923076924 0.019230769230769232
0 0.08774038461538461 0.3581730769230769 0.009615384615384616 0.019230769230769232
0 0.04927884615384615 0.3762019230769231 0.019230769230769232 0.02403846153846154
0 0.19951923076923078 0.3798076923076923 0.019230769230769232 0.02403846153846154
0 0.24759615384615385 0.3798076923076923 0.019230769230769232 0.028846153846153848
0 0.08533653846153846 0.3798076923076923 0.014423076923076924 0.028846153846153848
0 0.15504807692307693 0.38100961538461536 0.014423076923076924 0.028846153846153848
0 0.22716346153846154 0.38822115384615385 0.014423076923076924 0.02403846153846154
0 0.18269230769230768 0.3870192307692308 0.014423076923076924 0.019230769230769232
0 0.12860576923076922 0.3942307692307692 0.019230769230769232 0.02403846153846154
0 0.21153846153846154 0.3954326923076923 0.014423076923076924 0.019230769230769232
0 0.04326923076923077 0.39663461538461536 0.019230769230769232 0.02403846153846154
0 0.07932692307692307 0.40024038461538464 0.019230769230769232 0.02403846153846154
0 0.21634615384615385 0.4026442307692308 0.014423076923076924 0.019230769230769232
0 0.1658653846153846 0.4014423076923077 0.014423076923076924 0.02403846153846154
0 0.5733173076923077 0.4110576923076923 0.019230769230769232 0.02403846153846154
0 0.265625 0.40625 0.019230769230769232 0.028846153846153848
0 0.45072115384615385 0.41586538461538464 0.019230769230769232 0.02403846153846154
0 0.78125 0.421875 0.014423076923076924 0.02403846153846154
0 0.39663461538461536 0.41466346153846156 0.019230769230769232 0.02403846153846154
0 0.7355769230769231 0.4230769230769231 0.019230769230769232 0.02403846153846154
0 0.5492788461538461 0.4206730769230769 0.02403846153846154 0.02403846153846154
0 0.46634615384615385 0.421875 0.019230769230769232 0.02403846153846154
0 0.11658653846153846 0.41466346153846156 0.014423076923076924 0.019230769230769232
0 0.4230769230769231 0.421875 0.019230769230769232 0.028846153846153848
0 0.5168269230769231 0.4230769230769231 0.019230769230769232 0.02403846153846154
0 0.1935096153846154 0.4182692307692308 0.019230769230769232 0.028846153846153848
0 0.10576923076923077 0.41586538461538464 0.014423076923076924 0.019230769230769232
0 0.8461538461538461 0.43149038461538464 0.019230769230769232 0.028846153846153848
0 0.08173076923076923 0.4182692307692308 0.019230769230769232 0.02403846153846154
0 0.12139423076923077 0.4254807692307692 0.014423076923076924 0.02403846153846154
0 0.1466346153846154 0.42908653846153844 0.014423076923076924 0.019230769230769232
0 0.028846153846153848 0.42908653846153844 0.014423076923076924 0.02403846153846154
0 0.49399038461538464 0.43990384615384615 0.02403846153846154 0.02403846153846154
0 0.06370192307692307 0.4326923076923077 0.014423076923076924 0.02403846153846154
0 0.9014423076923077 0.4519230769230769 0.014423076923076924 0.019230769230769232
0 0.08413461538461539 0.43990384615384615 0.014423076923076924 0.014423076923076924
0 0.11057692307692307 0.4423076923076923 0.02403846153846154 0.02403846153846154
0 0.040865384615384616 0.44350961538461536 0.019230769230769232 0.019230769230769232
0 0.8737980769230769 0.4579326923076923 0.019230769230769232 0.02403846153846154
0 0.7259615384615384 0.4567307692307692 0.019230769230769232 0.02403846153846154
0 0.8161057692307693 0.45913461538461536 0.019230769230769232 0.02403846153846154
0 0.8918269230769231 0.46274038461538464 0.02403846153846154 0.028846153846153848
0 0.8317307692307693 0.46153846153846156 0.014423076923076924 0.02403846153846154
0 0.8509615384615384 0.4639423076923077 0.019230769230769232 0.02403846153846154
0 0.078125 0.453125 0.014423076923076924 0.02403846153846154
0 0.14423076923076922 0.4567307692307692 0.019230769230769232 0.02403846153846154
0 0.23918269230769232 0.46274038461538464 0.019230769230769232 0.02403846153846154
0 0.1658653846153846 0.46153846153846156 0.019230769230769232 0.028846153846153848
0 0.007211538461538462 0.4639423076923077 0.014423076923076924 0.02403846153846154
0 0.8401442307692307 0.4807692307692308 0.019230769230769232 0.028846153846153848
0 0.7920673076923077 0.48197115384615385 0.014423076923076924 0.02403846153846154
0 0.11057692307692307 0.4699519230769231 0.014423076923076924 0.02403846153846154
0 0.12980769230769232 0.4735576923076923 0.019230769230769232 0.028846153846153848
0 0.04807692307692308 0.47115384615384615 0.019230769230769232 0.02403846153846154
0 0.9170673076923077 0.4891826923076923 0.019230769230769232 0.02403846153846154
0 0.859375 0.4879807692307692 0.014423076923076924 0.02403846153846154
0 0.328125 0.4855769230769231 0.019230769230769232 0.03365384615384615
0 0.8653846153846154 0.49399038461538464 0.014423076923076924 0.028846153846153848
0 0.9278846153846154 0.5 0.02403846153846154 0.02403846153846154
0 0.0829326923076923 0.4879807692307692 0.014423076923076924 0.02403846153846154
0 0.007211538461538462 0.48677884615384615 0.014423076923076924 0.028846153846153848
0 0.0625 0.4879807692307692 0.019230769230769232 0.02403846153846154
0 0.7776442307692307 0.5 0.019230769230769232 0.028846153846153848
0 0.36538461538461536 0.49759615384615385 0.019230769230769232 0.03365384615384615
0 0.030048076923076924 0.49399038461538464 0.014423076923076924 0.028846153846153848
0 0.04447115384615385 0.49399038461538464 0.019230769230769232 0.028846153846153848
0 0.18509615384615385 0.4987980769230769 0.019230769230769232 0.028846153846153848
0 0.10216346153846154 0.5 0.019230769230769232 0.028846153846153848
0 0.6298076923076923 0.5144230769230769 0.019230769230769232 0.028846153846153848
0 0.9026442307692307 0.5192307692307693 0.019230769230769232 0.028846153846153848
0 0.234375 0.5072115384615384 0.02403846153846154 0.03365384615384615
0 0.01201923076923077 0.5060096153846154 0.019230769230769232 0.028846153846153848
0 0.6129807692307693 0.5168269230769231 0.019230769230769232 0.03365384615384615
0 0.15745192307692307 0.5084134615384616 0.019230769230769232 0.02403846153846154
0 0.4723557692307692 0.5144230769230769 0.019230769230769232 0.028846153846153848
0 0.953125 0.5264423076923077 0.019230769230769232 0.02403846153846154
0 0.025240384615384616 0.5096153846153846 0.02403846153846154 0.04807692307692308
0 0.5576923076923077 0.5192307692307693 0.019230769230769232 0.028846153846153848
0 0.06009615384615385 0.5108173076923077 0.019230769230769232 0.028846153846153848
0 0.9903846153846154 0.5288461538461539 0.019230769230769232 0.02403846153846154
0 0.13221153846153846 0.5192307692307693 0.02403846153846154 0.03365384615384615
0 0.3954326923076923 0.5252403846153846 0.019230769230769232 0.028846153846153848
0 0.2644230769230769 0.5240384615384616 0.019230769230769232 0.02403846153846154
0 0.8677884615384616 0.5360576923076923 0.019230769230769232 0.019230769230769232
0 0.5480769230769231 0.53125 0.019230769230769232 0.028846153846153848
0 0.9350961538461539 0.5372596153846154 0.014423076923076924 0.02403846153846154
0 0.8533653846153846 0.5384615384615384 0.014423076923076924 0.02403846153846154
0 0.296875 0.5288461538461539 0.019230769230769232 0.019230769230769232
0 0.24519230769230768 0.5276442307692307 0.02403846153846154 0.02403846153846154
0 0.3545673076923077 0.5324519230769231 0.019230769230769232 0.028846153846153848
0 0.20192307692307693 0.5324519230769231 0.02403846153846154 0.03365384615384615
0 0.27163461538461536 0.5336538461538461 0.019230769230769232 0.019230769230769232
0 0.9182692307692307 0.5444711538461539 0.019230769230769232 0.028846153846153848
0 0.8834134615384616 0.5444711538461539 0.019230769230769232 0.028846153846153848
0 0.04807692307692308 0.5288461538461539 0.019230769230769232 0.03365384615384615
0 0.3233173076923077 0.5360576923076923 0.019230769230769232 0.02403846153846154
0 0.6382211538461539 0.5444711538461539 0.019230769230769232 0.03365384615384615
0 0.21875 0.5372596153846154 0.019230769230769232 0.028846153846153848
0 0.5036057692307693 0.5420673076923077 0.019230769230769232 0.02403846153846154
0 0.171875 0.5408653846153846 0.019230769230769232 0.03365384615384615
0 0.42427884615384615 0.5456730769230769 0.02403846153846154 0.038461538461538464
0 0.4519230769230769 0.5456730769230769 0.019230769230769232 0.03365384615384615
0 0.006009615384615385 0.5384615384615384 0.01201923076923077 0.028846153846153848
0 0.5709134615384616 0.5492788461538461 0.014423076923076924 0.019230769230769232
0 0.859375 0.5564903846153846 0.009615384615384616 0.019230769230769232
0 0.3737980769230769 0.5480769230769231 0.02403846153846154 0.03365384615384615
0 0.3942307692307692 0.5480769230769231 0.014423076923076924 0.019230769230769232
0 0.6742788461538461 0.5540865384615384 0.019230769230769232 0.028846153846153848
0 0.07572115384615384 0.5456730769230769 0.019230769230769232 0.028846153846153848
0 0.13942307692307693 0.546875 0.02403846153846154 0.03365384615384615
0 0.6189903846153846 0.5552884615384616 0.014423076923076924 0.019230769230769232
0 0.53125 0.5576923076923077 0.019230769230769232 0.028846153846153848
0 0.2764423076923077 0.5540865384615384 0.019230769230769232 0.028846153846153848
0 0.8641826923076923 0.5637019230769231 0.019230769230769232 0.028846153846153848
0 0.46875 0.5625 0.019230769230769232 0.028846153846153848
0 0.44350961538461536 0.5612980769230769 0.014423076923076924 0.028846153846153848
0 0.6165865384615384 0.5673076923076923 0.014423076923076924 0.014423076923076924
0 0.7932692307692307 0.5697115384615384 0.02403846153846154 0.028846153846153848
0 0.7139423076923077 0.5685096153846154 0.014423076923076924 0.019230769230769232
0 0.5216346153846154 0.5673076923076923 0.019230769230769232 0.019230769230769232
0 0.8918269230769231 0.5745192307692307 0.014423076923076924 0.028846153846153848
0 0.7536057692307693 0.5721153846153846 0.019230769230769232 0.028846153846153848
0 0.8293269230769231 0.5733173076923077 0.02403846153846154 0.019230769230769232
0 0.5012019230769231 0.5673076923076923 0.02403846153846154 0.03365384615384615
0 0.38822115384615385 0.5673076923076923 0.02403846153846154 0.03365384615384615
0 0.0985576923076923 0.5625 0.019230769230769232 0.028846153846153848
0 0.33653846153846156 0.5697115384615384 0.014423076923076924 0.028846153846153848
0 0.9290865384615384 0.5793269230769231 0.019230769230769232 0.028846153846153848
0 0.32091346153846156 0.5685096153846154 0.019230769230769232 0.038461538461538464
0 0.26322115384615385 0.5733173076923077 0.014423076923076924 0.028846153846153848
0 0.19591346153846154 0.5721153846153846 0.028846153846153848 0.03365384615384615
0 0.9459134615384616 0.5853365384615384 0.019230769230769232 0.028846153846153848
0 0.6165865384615384 0.5805288461538461 0.02403846153846154 0.019230769230769232
0 0.234375 0.5733173076923077 0.019230769230769232 0.03365384615384615
0 0.5637019230769231 0.5793269230769231 0.02403846153846154 0.038461538461538464
0 0.41586538461538464 0.5769230769230769 0.014423076923076924 0.028846153846153848
0 0.6514423076923077 0.5805288461538461 0.02403846153846154 0.03365384615384615
0 0.7740384615384616 0.5853365384615384 0.019230769230769232 0.03365384615384615
0 0.6838942307692307 0.5865384615384616 0.02403846153846154 0.03365384615384615
0 0.15625 0.5769230769230769 0.019230769230769232 0.03365384615384615
0 0.71875 0.5865384615384616 0.014423076923076924 0.028846153846153848
0 0.7067307692307693 0.5889423076923077 0.019230769230769232 0.028846153846153848
0 0.49158653846153844 0.5877403846153846 0.02403846153846154 0.028846153846153848
0 0.2764423076923077 0.5841346153846154 0.02403846153846154 0.028846153846153848
0 0.013221153846153846 0.5793269230769231 0.026442307692307692 0.03365384615384615
0 0.84375 0.59375 0.019230769230769232 0.028846153846153848
0 0.21394230769230768 0.5829326923076923 0.02403846153846154 0.038461538461538464
0 0.7632211538461539 0.5925480769230769 0.014423076923076924 0.02403846153846154
0 0.06129807692307692 0.5805288461538461 0.028846153846153848 0.028846153846153848
0 0.8966346153846154 0.5949519230769231 0.014423076923076924 0.028846153846153848
0 0.47596153846153844 0.5901442307692307 0.019230769230769232 0.028846153846153848
0 0.8233173076923077 0.5961538461538461 0.02403846153846154 0.028846153846153848
0 0.109375 0.5877403846153846 0.02403846153846154 0.038461538461538464
0 0.9903846153846154 0.6081730769230769 0.009615384615384616 0.009615384615384616
0 0.6213942307692307 0.6045673076923077 0.02403846153846154 0.028846153846153848
0 0.5276442307692307 0.6045673076923077 0.02403846153846154 0.038461538461538464
0 0.5925480769230769 0.6057692307692307 0.02403846153846154 0.03365384615384615
0 0.7331730769230769 0.6081730769230769 0.019230769230769232 0.028846153846153848
0 0.8125 0.6105769230769231 0.02403846153846154 0.038461538461538464
0 0.28966346153846156 0.6057692307692307 0.028846153846153848 0.038461538461538464
0 0.26322115384615385 0.6057692307692307 0.019230769230769232 0.028846153846153848
0 0.07572115384615384 0.6033653846153846 0.028846153846153848 0.038461538461538464
0 0.7151442307692307 0.6165865384615384 0.02403846153846154 0.03365384615384615
0 0.7596153846153846 0.6177884615384616 0.019230769230769232 0.03365384615384615
0 0.9879807692307693 0.6262019230769231 0.019230769230769232 0.02403846153846154
0 0.3473557692307692 0.6201923076923077 0.019230769230769232 0.03365384615384615
0 0.15264423076923078 0.6165865384615384 0.028846153846153848 0.04326923076923077
0 0.8798076923076923 0.6346153846153846 0.028846153846153848 0.038461538461538464
0 0.5456730769230769 0.6334134615384616 0.028846153846153848 0.03365384615384615
0 0.9375 0.6418269230769231 0.019230769230769232 0.03365384615384615
0 0.9555288461538461 0.6478365384615384 0.028846153846153848 0.03365384615384615
0 0.19471153846153846 0.6358173076923077 0.019230769230769232 0.03365384615384615
0 0.08774038461538461 0.6358173076923077 0.028846153846153848 0.04326923076923077
0 0.057692307692307696 0.6382211538461539 0.028846153846153848 0.038461538461538464
0 0.9026442307692307 0.6550480769230769 0.02403846153846154 0.038461538461538464
0 0.4375 0.6466346153846154 0.028846153846153848 0.03365384615384615
0 0.24278846153846154 0.6502403846153846 0.028846153846153848 0.038461538461538464
0 0.25 0.6550480769230769 0.019230769230769232 0.03365384615384615
0 0.3401442307692308 0.6574519230769231 0.028846153846153848 0.038461538461538464
0 0.4170673076923077 0.6634615384615384 0.028846153846153848 0.038461538461538464
0 0.921875 0.6790865384615384 0.028846153846153848 0.03365384615384615
0 0.10697115384615384 0.6646634615384616 0.03365384615384615 0.04807692307692308
0 0.7211538461538461 0.6766826923076923 0.028846153846153848 0.04326923076923077
0 0.984375 0.6862980769230769 0.02403846153846154 0.038461538461538464
0 0.5120192307692307 0.6826923076923077 0.02403846153846154 0.038461538461538464
0 0.03125 0.6742788461538461 0.028846153846153848 0.04326923076923077
0 0.6887019230769231 0.6959134615384616 0.02403846153846154 0.03365384615384615
0 0.6442307692307693 0.6995192307692307 0.028846153846153848 0.04326923076923077
0 0.5540865384615384 0.7043269230769231 0.02403846153846154 0.04326923076923077
0 0.5985576923076923 0.71875 0.028846153846153848 0.04326923076923077
0 0.9759615384615384 0.7307692307692307 0.02403846153846154 0.038461538461538464
0 0.10697115384615384 0.7331730769230769 0.038461538461538464 0.04807692307692308
0 0.1971153846153846 0.7451923076923077 0.038461538461538464 0.04807692307692308
0 0.9579326923076923 0.7584134615384616 0.028846153846153848 0.04326923076923077
0 0.23076923076923078 0.7475961538461539 0.038461538461538464 0.04807692307692308
0 0.03485576923076923 0.7536057692307693 0.038461538461538464 0.05048076923076923
0 0.7079326923076923 0.8016826923076923 0.038461538461538464 0.05048076923076923
0 0.8665865384615384 0.8161057692307693 0.03365384615384615 0.055288461538461536
0 0.19110576923076922 0.8197115384615384 0.028846153846153848 0.038461538461538464
0 0.6742788461538461 0.8341346153846154 0.03365384615384615 0.05048076923076923
0 0.47115384615384615 0.8425480769230769 0.028846153846153848 0.04326923076923077
0 0.5637019230769231 0.8617788461538461 0.028846153846153848 0.04326923076923077
0 0.4855769230769231 0.890625 0.028846153846153848 0.04807692307692308
0 0.43028846153846156 0.9014423076923077 0.038461538461538464 0.04807692307692308
0 0.7548076923076923 0.9350961538461539 0.04326923076923077 0.06490384615384616
0 0.3329326923076923 0.9326923076923077 0.028846153846153848 0.055288461538461536
0 0.3161057692307692 0.9543269230769231 0.028846153846153848 0.04807692307692308
0 0.038461538461538464 0.25721153846153844 0.014423076923076924 0.019230769230769232
0 0.08052884615384616 0.30288461538461536 0.014423076923076924 0.019230769230769232
0 0.15745192307692307 0.33413461538461536 0.014423076923076924 0.02403846153846154
0 0.11538461538461539 0.33774038461538464 0.014423076923076924 0.02403846153846154
0 0.18028846153846154 0.34134615384615385 0.014423076923076924 0.02403846153846154