0 0.6754807692307693 0.13341346153846154 0.01201923076923077 0.016826923076923076
0 0.6274038461538461 0.12860576923076922 0.01201923076923077 0.016826923076923076
0 0.7247596153846154 0.15144230769230768 0.019230769230769232 0.016826923076923076
0 0.6646634615384616 0.14182692307692307 0.007211538461538462 0.014423076923076924
0 0.640625 0.14302884615384615 0.01201923076923077 0.016826923076923076
0 0.6117788461538461 0.14543269230769232 0.01201923076923077 0.016826923076923076
0 0.6334134615384616 0.15625 0.01201923076923077 0.016826923076923076
0 0.7043269230769231 0.16826923076923078 0.016826923076923076 0.016826923076923076
0 0.6201923076923077 0.15745192307692307 0.01201923076923077 0.016826923076923076
0 0.6850961538461539 0.1778846153846154 0.01201923076923077 0.01201923076923077
0 0.5865384615384616 0.16466346153846154 0.016826923076923076 0.02403846153846154
0 0.6995192307692307 0.18509615384615385 0.016826923076923076 0.016826923076923076
0 0.7091346153846154 0.18870192307692307 0.01201923076923077 0.016826923076923076
0 0.6117788461538461 0.17548076923076922 0.016826923076923076 0.019230769230769232
0 0.6382211538461539 0.19110576923076922 0.016826923076923076 0.02403846153846154
0 0.5348557692307693 0.17908653846153846 0.021634615384615384 0.021634615384615384
0 0.6622596153846154 0.19951923076923078 0.016826923076923076 0.019230769230769232
0 0.5036057692307693 0.17908653846153846 0.021634615384615384 0.026442307692307692
0 0.6742788461538461 0.21394230769230768 0.016826923076923076 0.019230769230769232
0 0.5540865384615384 0.20432692307692307 0.016826923076923076 0.02403846153846154
0 0.5216346153846154 0.19951923076923078 0.021634615384615384 0.03125
0 0.7788461538461539 0.24639423076923078 0.016826923076923076 0.019230769230769232
0 0.7692307692307693 0.25 0.016826923076923076 0.019230769230769232
0 0.7415865384615384 0.24759615384615385 0.016826923076923076 0.02403846153846154
0 0.6586538461538461 0.23677884615384615 0.021634615384615384 0.026442307692307692
0 0.7091346153846154 0.24519230769230768 0.021634615384615384 0.021634615384615384
0 0.5240384615384616 0.21754807692307693 0.026442307692307692 0.026442307692307692
0 0.6081730769230769 0.23076923076923078 0.016826923076923076 0.02403846153846154
0 0.7608173076923077 0.25961538461538464 0.026442307692307692 0.026442307692307692
0 0.6911057692307693 0.2512019230769231 0.016826923076923076 0.02403846153846154
0 0.6466346153846154 0.25841346153846156 0.021634615384615384 0.026442307692307692
0 0.5168269230769231 0.24519230769230768 0.021634615384615384 0.026442307692307692
0 0.7199519230769231 0.2764423076923077 0.021634615384615384 0.026442307692307692
0 0.46274038461538464 0.24158653846153846 0.021634615384615384 0.026442307692307692
0 0.5324519230769231 0.26802884615384615 0.03125 0.036057692307692304
0 0.5853365384615384 0.2860576923076923 0.026442307692307692 0.03125
0 0.46875 0.2704326923076923 0.03125 0.036057692307692304
0 0.6598557692307693 0.30528846153846156 0.026442307692307692 0.03125
0 0.6935096153846154 0.3125 0.026442307692307692 0.036057692307692304
0 0.4963942307692308 0.28365384615384615 0.036057692307692304 0.036057692307692304
0 0.7620192307692307 0.328125 0.03365384615384615 0.040865384615384616
0 0.21754807692307693 0.2536057692307692 0.038461538461538464 0.05048076923076923
0 0.8737980769230769 0.359375 0.03365384615384615 0.040865384615384616
0 0.25 0.2608173076923077 0.04807692307692308 0.052884615384615384
0 0.6105769230769231 0.31850961538461536 0.026442307692307692 0.036057692307692304
0 0.4567307692307692 0.2956730769230769 0.02403846153846154 0.038461538461538464
0 0.3016826923076923 0.27163461538461536 0.03125 0.036057692307692304
0 0.3858173076923077 0.29447115384615385 0.03365384615384615 0.05048076923076923
0 0.6814903846153846 0.34375 0.028846153846153848 0.04567307692307692
0 0.7475961538461539 0.37259615384615385 0.03365384615384615 0.040865384615384616
0 0.4050480769230769 0.31850961538461536 0.036057692307692304 0.036057692307692304
0 0.7127403846153846 0.36658653846153844 0.03365384615384615 0.04567307692307692
0 0.33533653846153844 0.3125 0.08653846153846154 0.0985576923076923
0 0.7764423076923077 0.3870192307692308 0.04326923076923077 0.04326923076923077
0 0.9639423076923077 0.42908653846153844 0.07211538461538461 0.0985576923076923
0 0.43509615384615385 0.3473557692307692 0.036057692307692304 0.055288461538461536
0 0.41346153846153844 0.3473557692307692 0.03365384615384615 0.05048076923076923
0 0.07091346153846154 0.3004807692307692 0.09134615384615384 0.11778846153846154
0 0.5384615384615384 0.3870192307692308 0.04807692307692308 0.052884615384615384
0 0.5865384615384616 0.39903846153846156 0.05048076923076923 0.06490384615384616
0 0.6887019230769231 0.4182692307692308 0.05048076923076923 0.06490384615384616
0 0.8329326923076923 0.4423076923076923 0.06971153846153846 0.06971153846153846
0 0.21634615384615385 0.35216346153846156 0.10817307692307693 0.12259615384615384
0 0.48677884615384615 0.40865384615384615 0.09375 0.1346153846153846
0 0.9254807692307693 0.4807692307692308 0.08173076923076923 0.0985576923076923
0 0.7524038461538461 0.4579326923076923 0.06971153846153846 0.10096153846153846
0 0.33533653846153844 0.40384615384615385 0.10096153846153846 0.10576923076923077
0 0.6117788461538461 0.4495192307692308 0.05048076923076923 0.055288461538461536
0 0.5504807692307693 0.5384615384615384 0.09375 0.12259615384615384
0 0.6754807692307693 0.5733173076923077 0.125 0.13942307692307693
0 0.828125 0.6622596153846154 0.17307692307692307 0.22355769230769232
0 0.6911057692307693 0.125 0.01201923076923077 0.016826923076923076