0 0.42908653846153844 0.125 0.036057692307692304 0.057692307692307696
0 0.9411057692307693 0.15504807692307693 0.019230769230769232 0.04326923076923077
0 0.6814903846153846 0.14543269230769232 0.03125 0.052884615384615384
0 0.5769230769230769 0.14423076923076922 0.04326923076923077 0.04326923076923077
0 0.3954326923076923 0.14182692307692307 0.04326923076923077 0.038461538461538464
0 0.3389423076923077 0.13942307692307693 0.028846153846153848 0.019230769230769232
0 0.3605769230769231 0.14543269230769232 0.019230769230769232 0.038461538461538464
0 0.8786057692307693 0.17668269230769232 0.040865384615384616 0.08413461538461539
0 0.9663461538461539 0.18629807692307693 0.028846153846153848 0.028846153846153848
0 0.027644230769230768 0.13942307692307693 0.019230769230769232 0.03365384615384615
0 0.38100961538461536 0.15745192307692307 0.04326923076923077 0.04326923076923077
0 0.05048076923076923 0.14543269230769232 0.038461538461538464 0.04326923076923077
0 0.20072115384615385 0.15384615384615385 0.052884615384615384 0.036057692307692304
0 0.11298076923076923 0.15144230769230768 0.03365384615384615 0.028846153846153848
0 0.9314903846153846 0.1971153846153846 0.02403846153846154 0.038461538461538464
0 0.6622596153846154 0.18629807692307693 0.016826923076923076 0.03365384615384615
0 0.42427884615384615 0.17307692307692307 0.028846153846153848 0.04326923076923077
0 0.6021634615384616 0.18269230769230768 0.036057692307692304 0.07211538461538461
0 0.3449519230769231 0.16947115384615385 0.038461538461538464 0.02403846153846154
0 0.6971153846153846 0.19230769230769232 0.057692307692307696 0.04567307692307692
0 0.46153846153846156 0.18028846153846154 0.04807692307692308 0.04326923076923077
0 0.32211538461538464 0.17548076923076922 0.040865384615384616 0.057692307692307696
0 0.5396634615384616 0.18870192307692307 0.03125 0.07211538461538461
0 0.7728365384615384 0.20432692307692307 0.0625 0.057692307692307696
0 0.1466346153846154 0.17067307692307693 0.040865384615384616 0.0673076923076923
0 0.2824519230769231 0.18028846153846154 0.036057692307692304 0.0625
0 0.6502403846153846 0.19951923076923078 0.019230769230769232 0.04326923076923077
0 0.8677884615384616 0.22115384615384615 0.040865384615384616 0.052884615384615384
0 0.5685096153846154 0.20552884615384615 0.04567307692307692 0.07932692307692307
0 0.33052884615384615 0.19591346153846154 0.038461538461538464 0.03365384615384615
0 0.8293269230769231 0.2247596153846154 0.038461538461538464 0.038461538461538464
0 0.19591346153846154 0.19591346153846154 0.05048076923076923 0.07692307692307693
0 0.23918269230769232 0.20793269230769232 0.036057692307692304 0.07692307692307693
0 0.030048076923076924 0.20432692307692307 0.026442307692307692 0.0889423076923077
0 0.07932692307692307 0.20673076923076922 0.03125 0.07211538461538461
0 0.7199519230769231 0.23798076923076922 0.03365384615384615 0.038461538461538464
0 0.6814903846153846 0.23918269230769232 0.04807692307692308 0.036057692307692304
0 0.3870192307692308 0.2283653846153846 0.036057692307692304 0.0889423076923077
0 0.15745192307692307 0.21754807692307693 0.03125 0.08413461538461539
0 0.9927884615384616 0.2704326923076923 0.014423076923076924 0.09375
0 0.04927884615384615 0.22115384615384615 0.036057692307692304 0.08413461538461539
0 0.4735576923076923 0.2439903846153846 0.055288461538461536 0.08653846153846154
0 0.7680288461538461 0.26322115384615385 0.040865384615384616 0.09375
0 0.41586538461538464 0.24759615384615385 0.040865384615384616 0.0889423076923077
0 0.3401442307692308 0.24639423076923078 0.04567307692307692 0.07692307692307693
0 0.8617788461538461 0.27403846153846156 0.0625 0.05048076923076923
0 0.6418269230769231 0.27283653846153844 0.03125 0.052884615384615384
0 0.5072115384615384 0.265625 0.03125 0.07932692307692307
0 0.5817307692307693 0.27884615384615385 0.03125 0.07211538461538461
0 0.6887019230769231 0.29927884615384615 0.055288461538461536 0.10096153846153846
0 0.28365384615384615 0.2776442307692308 0.05048076923076923 0.07932692307692307
0 0.8557692307692307 0.3425480769230769 0.040865384615384616 0.08413461538461539
0 0.3557692307692308 0.37259615384615385 0.04567307692307692 0.0673076923076923
0 0.6790865384615384 0.39903846153846156 0.036057692307692304 0.07692307692307693
0 0.8954326923076923 0.46033653846153844 0.05048076923076923 0.057692307692307696
0 0.45552884615384615 0.5048076923076923 0.04567307692307692 0.07211538461538461
0 0.8509615384615384 0.5324519230769231 0.040865384615384616 0.08413461538461539
0 0.8161057692307693 0.53125 0.036057692307692304 0.07692307692307693
0 0.10576923076923077 0.5925480769230769 0.040865384615384616 0.07211538461538461
0 0.6754807692307693 0.6923076923076923 0.05048076923076923 0.07932692307692307