0 0.12265625 0.22578125 0.021875 0.0390625
0 0.0453125 0.24765625 0.034375 0.0578125
0 0.0796875 0.24375 0.028125 0.0484375
0 0.2703125 0.24453125 0.0375 0.053125
0 0.30625 0.24765625 0.0265625 0.034375
0 0.33828125 0.246875 0.028125 0.053125
0 0.39140625 0.24140625 0.028125 0.0484375
0 0.0125 0.2875 0.025 0.053125
0 0.434375 0.2484375 0.028125 0.0484375
0 0.478125 0.24375 0.0375 0.0578125
0 0.1234375 0.28359375 0.03125 0.0390625
0 0.2296875 0.275 0.0328125 0.04375
0 0.2015625 0.2796875 0.0296875 0.0578125
0 0.540625 0.246875 0.0328125 0.053125
0 0.51640625 0.25625 0.028125 0.04375
0 0.1734375 0.2921875 0.034375 0.0578125
0 0.3015625 0.29296875 0.0328125 0.04375
0 0.146875 0.31171875 0.0359375 0.0484375
0 0.7984375 0.26328125 0.040625 0.0859375
0 0.83828125 0.26640625 0.034375 0.0671875
0 0.23046875 0.33046875 0.0375 0.0578125
0 0.4890625 0.3078125 0.0328125 0.053125
0 0.8765625 0.26953125 0.040625 0.0859375
0 0.084375 0.3578125 0.0328125 0.04375
0 0.1265625 0.353125 0.0421875 0.0640625
0 0.4328125 0.32578125 0.0390625 0.071875
0 0.1515625 0.3578125 0.028125 0.053125
0 0.01015625 0.37734375 0.0203125 0.0765625
0 0.26953125 0.35 0.0484375 0.06875
0 0.640625 0.31328125 0.06875 0.0890625
0 0.56328125 0.3234375 0.04375 0.078125
0 0.36796875 0.34921875 0.05 0.040625
0 0.9390625 0.29375 0.0359375 0.071875
0 0.69375 0.321875 0.04375 0.0734375
0 0.32265625 0.3625 0.0390625 0.0765625
0 0.5390625 0.3421875 0.0515625 0.096875
0 0.96171875 0.31171875 0.040625 0.0859375
0 0.4625 0.36875 0.04375 0.0734375
0 0.09296875 0.41953125 0.0515625 0.0546875
0 0.34453125 0.3953125 0.0296875 0.0578125
0 0.5109375 0.38046875 0.0515625 0.1
0 0.76328125 0.36328125 0.05625 0.1109375
0 0.16875 0.42578125 0.04375 0.06875
0 0.43046875 0.4125 0.04375 0.078125
0 0.2375 0.4390625 0.0359375 0.0765625
0 0.853125 0.3859375 0.0578125 0.0703125
0 0.3796875 0.44296875 0.0578125 0.0796875
0 0.265625 0.45703125 0.053125 0.0734375
0 0.0765625 0.47890625 0.0609375 0.1015625
0 0.628125 0.4328125 0.0609375 0.10625
0 0.19921875 0.49453125 0.059375 0.09375
0 0.0359375 0.5296875 0.071875 0.103125
0 0.94296875 0.46015625 0.0625 0.125
0 0.31171875 0.5265625 0.05625 0.05625
0 0.54453125 0.50234375 0.0609375 0.1015625
0 0.18203125 0.55234375 0.0859375 0.0828125
0 0.890625 0.49140625 0.0609375 0.0984375
0 0.33046875 0.5921875 0.0640625 0.084375
0 0.84765625 0.55 0.0671875 0.115625
0 0.44921875 0.61484375 0.078125 0.13125
0 0.55390625 0.74375 0.103125 0.15625