0 0.4625 0.11484375 0.0265625 0.03125
0 0.62265625 0.00390625 0.0265625 0.0078125
0 0.62109375 0.096875 0.0453125 0.06875
0 0.49609375 0.12421875 0.0390625 0.028125
0 0.35 0.146875 0.0453125 0.06875
0 0.5796875 0.1171875 0.0484375 0.05625
0 0.9328125 0.07265625 0.021875 0.0609375
0 0.3875 0.14921875 0.040625 0.0734375
0 0.44140625 0.153125 0.053125 0.0609375
0 0.79140625 0.10625 0.0484375 0.0609375
0 0.64296875 0.0046875 0.0359375 0.009375
0 0.85703125 0.115625 0.0515625 0.0515625
0 0.30234375 0.1953125 0.0578125 0.0625
0 0.24296875 0.20625 0.059375 0.0765625
0 0.7046875 0.14375 0.04375 0.0546875
0 0.909375 0.1171875 0.0515625 0.0796875
0 0.35703125 0.19765625 0.0421875 0.0421875
0 0.76328125 0.14296875 0.0421875 0.046875
0 0.50859375 0.178125 0.059375 0.0765625
0 0.5484375 0.175 0.046875 0.0828125
0 0.65859375 0.16484375 0.05 0.0703125
0 0.1640625 0.23671875 0.059375 0.0671875
0 0.9359375 0.128125 0.040625 0.0734375
0 0.47890625 0.196875 0.04375 0.059375
0 0.2140625 0.24609375 0.05625 0.0796875
0 0.80859375 0.16953125 0.046875 0.0828125
0 0.45703125 0.2296875 0.053125 0.0890625
0 0.41875 0.23515625 0.0578125 0.09375
0 0.37734375 0.24609375 0.0578125 0.0890625
0 0.853125 0.18359375 0.0625 0.090625
0 0.284375 0.26328125 0.0359375 0.0953125
0 0.77578125 0.2015625 0.053125 0.09375
0 0.64140625 0.225 0.04375 0.059375
0 0.34609375 0.2671875 0.0296875 0.0484375
0 0.30546875 0.27734375 0.0421875 0.078125
0 0.15859375 0.3 0.0640625 0.0765625
0 0.72265625 0.2234375 0.0484375 0.0609375
0 0.08671875 0.321875 0.0671875 0.090625
0 0.015625 0.334375 0.03125 0.0625
0 0.3625 0.2859375 0.0484375 0.0296875
0 0.50546875 0.275 0.0515625 0.084375
0 0.70078125 0.24765625 0.040625 0.0375
0 0.53671875 0.27734375 0.0453125 0.0734375
0 0.66171875 0.27109375 0.046875 0.046875
0 0.24296875 0.3328125 0.059375 0.0765625
0 0.63515625 0.2984375 0.0453125 0.0375
0 0.703125 0.30078125 0.06875 0.0765625
0 0.6015625 0.32265625 0.059375 0.103125
0 0.58359375 0.01875 0.0328125 0.0375
0 0.36875 0.36171875 0.05625 0.084375
0 0.2078125 0.38671875 0.05 0.0703125
0 0.303125 0.38046875 0.0640625 0.103125
0 0.03359375 0.4234375 0.0671875 0.11875
0 0.89296875 0.30234375 0.065625 0.0546875
0 0.06796875 0.4203125 0.0515625 0.084375
0 0.96484375 0.296875 0.0359375 0.0984375
0 0.94375 0.309375 0.0421875 0.0828125
0 0.74296875 0.0109375 0.0296875 0.021875
0 0.61953125 0.01796875 0.034375 0.0234375
0 0.6578125 0.375 0.075 0.1140625
0 0.284375 0.4328125 0.08125 0.128125
0 0.47109375 0.41484375 0.0515625 0.0796875
0 0.5109375 0.428125 0.0828125 0.1109375
0 0.253125 0.47421875 0.090625 0.1296875
0 0.15625 0.5015625 0.0625 0.0984375
0 0.93828125 0.3921875 0.0703125 0.121875
0 0.3484375 0.50703125 0.0859375 0.1328125
0 0.85078125 0.45078125 0.0796875 0.1140625
0 0.728125 0.01953125 0.034375 0.0390625
0 0.53359375 0.04375 0.0453125 0.0640625
0 0.575 0.53125 0.0796875 0.1140625
0 0.2015625 0.590625 0.0640625 0.103125
0 0.25859375 0.6109375 0.1015625 0.140625
0 0.98125 0.53828125 0.0375 0.0796875
0 0.4875 0.63046875 0.0921875 0.115625
0 0.76953125 0.60703125 0.0921875 0.0765625
0 0.63359375 0.63828125 0.0796875 0.1140625
0 0.9125 0.60546875 0.1 0.1359375
0 0.7125 0.0328125 0.034375 0.0453125
0 0.83125 0.0203125 0.0375 0.040625
0 0.57109375 0.05546875 0.0421875 0.0421875
0 0.15703125 0.73515625 0.075 0.1140625
0 0.0734375 0.75859375 0.1015625 0.153125
0 0.2515625 0.7453125 0.096875 0.1390625
0 0.9921875 0.6546875 0.015625 0.128125
0 0.81328125 0.70390625 0.0875 0.1375
0 0.62890625 0.05390625 0.046875 0.0515625
0 0.5671875 0.79453125 0.134375 0.184375
0 0.7921875 0.03828125 0.05 0.075
0 0.48984375 0.08125 0.046875 0.046875
0 0.67578125 0.05703125 0.040625 0.0640625
0 0.94296875 0.790625 0.1140625 0.11875
0 0.53125 0.87421875 0.128125 0.0765625
0 0.8234375 0.0546875 0.0484375 0.0609375
0 0.70625 0.07109375 0.0484375 0.0609375