0 0.328125 0.22115384615384615 0.01201923076923077 0.019230769230769232
0 0.22956730769230768 0.203125 0.019230769230769232 0.02403846153846154
0 0.06129807692307692 0.17908653846153846 0.019230769230769232 0.02403846153846154
0 0.2704326923076923 0.21514423076923078 0.016826923076923076 0.019230769230769232
0 0.21634615384615385 0.22115384615384615 0.01201923076923077 0.019230769230769232
0 0.4963942307692308 0.2764423076923077 0.01201923076923077 0.019230769230769232
0 0.3389423076923077 0.2536057692307692 0.016826923076923076 0.019230769230769232
0 0.28365384615384615 0.2439903846153846 0.01201923076923077 0.019230769230769232
0 0.6310096153846154 0.32091346153846156 0.019230769230769232 0.02403846153846154
0 0.47716346153846156 0.2980769230769231 0.016826923076923076 0.019230769230769232
0 0.40625 0.2860576923076923 0.016826923076923076 0.019230769230769232
0 0.328125 0.27884615384615385 0.019230769230769232 0.02403846153846154
0 0.28125 0.27163461538461536 0.019230769230769232 0.02403846153846154
0 0.6875 0.3449519230769231 0.016826923076923076 0.019230769230769232
0 0.39783653846153844 0.30649038461538464 0.016826923076923076 0.019230769230769232
0 0.22235576923076922 0.29086538461538464 0.019230769230769232 0.02403846153846154
0 0.7824519230769231 0.3918269230769231 0.016826923076923076 0.019230769230769232
0 0.203125 0.296875 0.016826923076923076 0.019230769230769232
0 0.33774038461538464 0.3233173076923077 0.01201923076923077 0.019230769230769232
0 0.25841346153846156 0.3125 0.019230769230769232 0.02403846153846154
0 0.5985576923076923 0.38341346153846156 0.016826923076923076 0.019230769230769232
0 0.7163461538461539 0.4110576923076923 0.019230769230769232 0.02403846153846154
0 0.5540865384615384 0.38221153846153844 0.016826923076923076 0.019230769230769232
0 0.25600961538461536 0.3401442307692308 0.016826923076923076 0.019230769230769232
0 0.4206730769230769 0.3737980769230769 0.019230769230769232 0.02403846153846154
0 0.09014423076923077 0.3173076923076923 0.016826923076923076 0.019230769230769232
0 0.3088942307692308 0.3557692307692308 0.021634615384615384 0.021634615384615384
0 0.5 0.39903846153846156 0.019230769230769232 0.02403846153846154
0 0.2439903846153846 0.3557692307692308 0.016826923076923076 0.019230769230769232
0 0.6430288461538461 0.4338942307692308 0.021634615384615384 0.021634615384615384
0 0.11899038461538461 0.34134615384615385 0.016826923076923076 0.019230769230769232
0 0.15985576923076922 0.3557692307692308 0.016826923076923076 0.019230769230769232
0 0.36899038461538464 0.39302884615384615 0.01201923076923077 0.016826923076923076
0 0.6935096153846154 0.4519230769230769 0.016826923076923076 0.019230769230769232
0 0.3762019230769231 0.39663461538461536 0.01201923076923077 0.016826923076923076
0 0.7884615384615384 0.47475961538461536 0.016826923076923076 0.019230769230769232
0 0.19110576923076922 0.3798076923076923 0.01201923076923077 0.019230769230769232
0 0.453125 0.43509615384615385 0.019230769230769232 0.02403846153846154
0 0.2283653846153846 0.40024038461538464 0.016826923076923076 0.019230769230769232
0 0.0673076923076923 0.3762019230769231 0.01201923076923077 0.019230769230769232
0 0.34615384615384615 0.4254807692307692 0.021634615384615384 0.026442307692307692
0 0.328125 0.42427884615384615 0.016826923076923076 0.019230769230769232
0 0.48677884615384615 0.4579326923076923 0.016826923076923076 0.019230769230769232
0 0.8076923076923077 0.5168269230769231 0.016826923076923076 0.016826923076923076
0 0.6069711538461539 0.4831730769230769 0.016826923076923076 0.019230769230769232
0 0.15985576923076922 0.41225961538461536 0.019230769230769232 0.02403846153846154
0 0.7980769230769231 0.5264423076923077 0.019230769230769232 0.02403846153846154
0 0.08774038461538461 0.40384615384615385 0.021634615384615384 0.026442307692307692
0 0.1502403846153846 0.41466346153846156 0.021634615384615384 0.026442307692307692
0 0.24879807692307693 0.002403846153846154 0.01201923076923077 0.004807692307692308
0 0.9122596153846154 0.5649038461538461 0.016826923076923076 0.019230769230769232
0 0.057692307692307696 0.4170673076923077 0.019230769230769232 0.02403846153846154
0 0.484375 0.5 0.019230769230769232 0.02403846153846154
0 0.9591346153846154 0.5853365384615384 0.016826923076923076 0.019230769230769232
0 0.5348557692307693 0.515625 0.019230769230769232 0.02403846153846154
0 0.31009615384615385 0.4807692307692308 0.021634615384615384 0.021634615384615384
0 0.8413461538461539 0.5757211538461539 0.021634615384615384 0.026442307692307692
0 0.6081730769230769 0.5348557692307693 0.021634615384615384 0.021634615384615384
0 0.7800480769230769 0.5649038461538461 0.016826923076923076 0.019230769230769232
0 0.17307692307692307 0.46274038461538464 0.016826923076923076 0.019230769230769232
0 0.02403846153846154 0.4362980769230769 0.016826923076923076 0.019230769230769232
0 0.24278846153846154 0.47836538461538464 0.016826923076923076 0.019230769230769232
0 0.0625 0.44591346153846156 0.021634615384615384 0.021634615384615384
0 0.8305288461538461 0.5841346153846154 0.016826923076923076 0.019230769230769232
0 0.11177884615384616 0.45913461538461536 0.016826923076923076 0.019230769230769232
0 0.5721153846153846 0.5528846153846154 0.016826923076923076 0.019230769230769232
0 0.9483173076923077 0.6189903846153846 0.016826923076923076 0.019230769230769232
0 0.15745192307692307 0.48197115384615385 0.021634615384615384 0.021634615384615384
0 0.3737980769230769 0.5204326923076923 0.016826923076923076 0.019230769230769232
0 0.1045673076923077 0.47836538461538464 0.016826923076923076 0.019230769230769232
0 0.25600961538461536 0.007211538461538462 0.01201923076923077 0.014423076923076924
0 0.7608173076923077 0.5949519230769231 0.02403846153846154 0.036057692307692304
0 0.90625 0.6225961538461539 0.01201923076923077 0.019230769230769232
0 0.06610576923076923 0.49399038461538464 0.016826923076923076 0.019230769230769232
0 0.7127403846153846 0.6165865384615384 0.016826923076923076 0.019230769230769232
0 0.6454326923076923 0.609375 0.016826923076923076 0.019230769230769232
0 0.8870192307692307 0.6646634615384616 0.016826923076923076 0.019230769230769232
0 0.9387019230769231 0.6742788461538461 0.016826923076923076 0.019230769230769232
0 0.1658653846153846 0.5396634615384616 0.019230769230769232 0.02403846153846154
0 0.06129807692307692 0.5240384615384616 0.019230769230769232 0.028846153846153848
0 0.19230769230769232 0.5492788461538461 0.016826923076923076 0.019230769230769232
0 0.6911057692307693 0.6418269230769231 0.016826923076923076 0.019230769230769232
0 0.7908653846153846 0.6622596153846154 0.019230769230769232 0.02403846153846154
0 0.8846153846153846 0.6802884615384616 0.021634615384615384 0.021634615384615384
0 0.3918269230769231 0.5961538461538461 0.016826923076923076 0.019230769230769232
0 0.15985576923076922 0.002403846153846154 0.01201923076923077 0.004807692307692308
0 0.6225961538461539 0.6430288461538461 0.019230769230769232 0.02403846153846154
0 0.6766826923076923 0.6706730769230769 0.016826923076923076 0.019230769230769232
0 0.3269230769230769 0.6141826923076923 0.019230769230769232 0.02403846153846154
0 0.28365384615384615 0.020432692307692308 0.016826923076923076 0.019230769230769232
0 0.734375 0.6983173076923077 0.016826923076923076 0.019230769230769232
0 0.5685096153846154 0.6742788461538461 0.019230769230769232 0.02403846153846154
0 0.4375 0.65625 0.016826923076923076 0.019230769230769232
0 0.6502403846153846 0.7007211538461539 0.019230769230769232 0.02403846153846154
0 0.43149038461538464 0.6730769230769231 0.019230769230769232 0.02403846153846154
0 0.8137019230769231 0.7475961538461539 0.021634615384615384 0.021634615384615384
0 0.1346153846153846 0.6418269230769231 0.021634615384615384 0.026442307692307692
0 0.6923076923076923 0.7427884615384616 0.016826923076923076 0.019230769230769232
0 0.6778846153846154 0.7475961538461539 0.016826923076923076 0.019230769230769232
0 0.31850961538461536 0.6935096153846154 0.019230769230769232 0.02403846153846154
0 0.6298076923076923 0.7608173076923077 0.019230769230769232 0.02403846153846154
0 0.4987980769230769 0.7463942307692307 0.016826923076923076 0.019230769230769232
0 0.5949519230769231 0.7824519230769231 0.021634615384615384 0.026442307692307692
0 0.5697115384615384 0.7824519230769231 0.019230769230769232 0.02403846153846154
0 0.5240384615384616 0.8028846153846154 0.021634615384615384 0.026442307692307692
0 0.65625 0.8425480769230769 0.016826923076923076 0.019230769230769232
0 0.4735576923076923 0.8125 0.016826923076923076 0.019230769230769232
0 0.14423076923076922 0.013221153846153846 0.01201923076923077 0.019230769230769232
0 0.33052884615384615 0.046875 0.016826923076923076 0.016826923076923076
0 0.4675480769230769 0.8425480769230769 0.016826923076923076 0.019230769230769232
0 0.6081730769230769 0.8762019230769231 0.019230769230769232 0.02403846153846154
0 0.515625 0.8629807692307693 0.016826923076923076 0.019230769230769232
0 0.6526442307692307 0.9266826923076923 0.019230769230769232 0.02403846153846154
0 0.515625 0.9182692307692307 0.019230769230769232 0.02403846153846154
0 0.5985576923076923 0.9387019230769231 0.019230769230769232 0.028846153846153848
0 0.44591346153846156 0.9134615384615384 0.019230769230769232 0.028846153846153848
0 0.5625 0.9675480769230769 0.019230769230769232 0.028846153846153848
0 0.6189903846153846 0.9855769230769231 0.021634615384615384 0.026442307692307692
0 0.6670673076923077 0.9939903846153846 0.016826923076923076 0.01201923076923077
0 0.23557692307692307 0.056490384615384616 0.016826923076923076 0.016826923076923076
0 0.21875 0.055288461538461536 0.016826923076923076 0.016826923076923076
0 0.33413461538461536 0.0829326923076923 0.016826923076923076 0.016826923076923076
0 0.3449519230769231 0.09735576923076923 0.016826923076923076 0.019230769230769232
0 0.37259615384615385 0.11538461538461539 0.01201923076923077 0.019230769230769232
0 0.3161057692307692 0.1201923076923077 0.016826923076923076 0.019230769230769232
0 0.1814903846153846 0.10576923076923077 0.016826923076923076 0.019230769230769232
0 0.41466346153846156 0.1466346153846154 0.01201923076923077 0.016826923076923076
0 0.3557692307692308 0.14543269230769232 0.016826923076923076 0.019230769230769232
0 0.453125 0.16466346153846154 0.016826923076923076 0.016826923076923076
0 0.4014423076923077 0.15504807692307693 0.016826923076923076 0.019230769230769232
0 0.16706730769230768 0.12139423076923077 0.016826923076923076 0.019230769230769232
0 0.2980769230769231 0.14903846153846154 0.01201923076923077 0.016826923076923076
0 0.33653846153846156 0.16346153846153846 0.016826923076923076 0.016826923076923076
0 0.41225961538461536 0.18509615384615385 0.01201923076923077 0.019230769230769232
0 0.3293269230769231 0.20192307692307693 0.01201923076923077 0.016826923076923076
0 0.16346153846153846 0.17668269230769232 0.016826923076923076 0.019230769230769232
0 0.41466346153846156 0.22355769230769232 0.016826923076923076 0.016826923076923076
0 0.5180288461538461 0.24158653846153846 0.016826923076923076 0.016826923076923076