0 0.1141826923076923 0.2608173076923077 0.02403846153846154 0.02403846153846154
0 0.7043269230769231 0.2548076923076923 0.028846153846153848 0.04326923076923077
0 0.019230769230769232 0.28125 0.028846153846153848 0.038461538461538464
0 0.39903846153846156 0.26802884615384615 0.028846153846153848 0.04807692307692308
0 0.45913461538461536 0.2668269230769231 0.019230769230769232 0.04326923076923077
0 0.007211538461538462 0.28125 0.014423076923076924 0.04326923076923077
0 0.09615384615384616 0.2824519230769231 0.02403846153846154 0.04807692307692308
0 0.1201923076923077 0.29086538461538464 0.016826923076923076 0.04807692307692308
0 0.2800480769230769 0.2848557692307692 0.028846153846153848 0.04807692307692308
0 0.3557692307692308 0.2848557692307692 0.02403846153846154 0.04326923076923077
0 0.5853365384615384 0.27884615384615385 0.028846153846153848 0.04807692307692308
0 0.7680288461538461 0.27283653846153844 0.02403846153846154 0.04807692307692308
0 0.14783653846153846 0.29927884615384615 0.02403846153846154 0.038461538461538464
0 0.6105769230769231 0.28125 0.02403846153846154 0.05048076923076923
0 0.2127403846153846 0.296875 0.02403846153846154 0.04807692307692308
0 0.7956730769230769 0.27884615384615385 0.03365384615384615 0.05048076923076923
0 0.8629807692307693 0.2764423076923077 0.028846153846153848 0.04326923076923077
0 0.49038461538461536 0.29447115384615385 0.02403846153846154 0.04326923076923077
0 0.31971153846153844 0.038461538461538464 0.014423076923076924 0.028846153846153848
0 0.046875 0.04567307692307692 0.02403846153846154 0.04326923076923077
0 0.18028846153846154 0.30528846153846156 0.02403846153846154 0.05048076923076923
0 0.11057692307692307 0.3076923076923077 0.02403846153846154 0.05048076923076923
0 0.6730769230769231 0.2920673076923077 0.028846153846153848 0.02403846153846154
0 0.4699519230769231 0.30408653846153844 0.019230769230769232 0.04326923076923077
0 0.6947115384615384 0.2956730769230769 0.02403846153846154 0.04326923076923077
0 0.3701923076923077 0.31009615384615385 0.014423076923076924 0.028846153846153848
0 0.40024038461538464 0.3088942307692308 0.028846153846153848 0.04807692307692308
0 0.7223557692307693 0.30408653846153844 0.02403846153846154 0.04326923076923077
0 0.9567307692307693 0.019230769230769232 0.02403846153846154 0.038461538461538464
0 0.5637019230769231 0.32211538461538464 0.019230769230769232 0.04807692307692308
0 0.9459134615384616 0.3125 0.02403846153846154 0.038461538461538464
0 0.23918269230769232 0.34134615384615385 0.028846153846153848 0.038461538461538464
0 0.484375 0.33533653846153844 0.019230769230769232 0.03365384615384615
0 0.8389423076923077 0.3233173076923077 0.02403846153846154 0.04326923076923077
0 0.32091346153846156 0.34375 0.02403846153846154 0.04807692307692308
0 0.5769230769230769 0.33774038461538464 0.019230769230769232 0.04326923076923077
0 0.44591346153846156 0.34375 0.02403846153846154 0.04807692307692308
0 0.1346153846153846 0.3581730769230769 0.019230769230769232 0.03365384615384615
0 0.6766826923076923 0.33653846153846156 0.02403846153846154 0.04807692307692308
0 0.33653846153846156 0.040865384615384616 0.019230769230769232 0.04326923076923077
0 0.9350961538461539 0.020432692307692308 0.02403846153846154 0.040865384615384616
0 0.36778846153846156 0.34975961538461536 0.02403846153846154 0.04326923076923077
0 0.05048076923076923 0.3605769230769231 0.028846153846153848 0.04326923076923077
0 0.7163461538461539 0.3401442307692308 0.019230769230769232 0.038461538461538464
0 0.2824519230769231 0.35697115384615385 0.019230769230769232 0.03365384615384615
0 0.8978365384615384 0.33774038461538464 0.019230769230769232 0.038461538461538464
0 0.2608173076923077 0.3605769230769231 0.02403846153846154 0.04807692307692308
0 0.828125 0.3401442307692308 0.028846153846153848 0.04807692307692308
0 0.390625 0.3581730769230769 0.03365384615384615 0.04326923076923077
0 0.16466346153846154 0.36658653846153844 0.02403846153846154 0.04326923076923077
0 0.9555288461538461 0.3389423076923077 0.02403846153846154 0.04326923076923077
0 0.6478365384615384 0.3545673076923077 0.028846153846153848 0.05048076923076923
0 0.5480769230769231 0.3581730769230769 0.02403846153846154 0.04326923076923077
0 0.7355769230769231 0.35216346153846156 0.019230769230769232 0.04807692307692308
0 0.8052884615384616 0.026442307692307692 0.02403846153846154 0.04807692307692308
0 0.8329326923076923 0.025240384615384616 0.02403846153846154 0.04807692307692308
0 0.47475961538461536 0.3713942307692308 0.03365384615384615 0.04807692307692308
0 0.06129807692307692 0.39302884615384615 0.019230769230769232 0.03365384615384615
0 0.234375 0.3894230769230769 0.02403846153846154 0.04807692307692308
0 0.5300480769230769 0.3762019230769231 0.02403846153846154 0.04326923076923077
0 0.8497596153846154 0.36778846153846156 0.02403846153846154 0.04807692307692308
0 0.9182692307692307 0.36538461538461536 0.02403846153846154 0.04807692307692308
0 0.8701923076923077 0.36658653846153844 0.019230769230769232 0.04807692307692308
0 0.0889423076923077 0.39663461538461536 0.028846153846153848 0.05048076923076923
0 0.3112980769230769 0.39302884615384615 0.028846153846153848 0.05048076923076923
0 0.40865384615384615 0.39302884615384615 0.019230769230769232 0.038461538461538464
0 0.3713942307692308 0.3954326923076923 0.028846153846153848 0.04326923076923077
0 0.6790865384615384 0.39663461538461536 0.02403846153846154 0.04807692307692308
0 0.6033653846153846 0.40384615384615385 0.028846153846153848 0.055288461538461536
0 0.12259615384615384 0.4206730769230769 0.038461538461538464 0.04807692307692308
0 0.07572115384615384 0.42427884615384615 0.028846153846153848 0.05048076923076923
0 0.18269230769230768 0.4230769230769231 0.028846153846153848 0.055288461538461536
0 0.5 0.41466346153846156 0.02403846153846154 0.04326923076923077
0 0.2620192307692308 0.05048076923076923 0.019230769230769232 0.038461538461538464
0 0.7524038461538461 0.03485576923076923 0.019230769230769232 0.04326923076923077
0 0.6670673076923077 0.41947115384615385 0.02403846153846154 0.04807692307692308
0 0.5348557692307693 0.4362980769230769 0.019230769230769232 0.04326923076923077
0 0.5180288461538461 0.4387019230769231 0.02403846153846154 0.038461538461538464
0 0.8569711538461539 0.03125 0.02403846153846154 0.04326923076923077
0 0.1971153846153846 0.057692307692307696 0.019230769230769232 0.038461538461538464
0 0.4651442307692308 0.4483173076923077 0.028846153846153848 0.04326923076923077
0 0.6971153846153846 0.4423076923076923 0.028846153846153848 0.055288461538461536
0 0.8149038461538461 0.4411057692307692 0.02403846153846154 0.05048076923076923
0 0.9627403846153846 0.4362980769230769 0.02403846153846154 0.04326923076923077
0 0.4543269230769231 0.4567307692307692 0.03365384615384615 0.05048076923076923
0 0.8713942307692307 0.4543269230769231 0.02403846153846154 0.04807692307692308
0 0.9435096153846154 0.4543269230769231 0.028846153846153848 0.05048076923076923
0 0.36899038461538464 0.4795673076923077 0.019230769230769232 0.05048076923076923
0 0.046875 0.4951923076923077 0.028846153846153848 0.04326923076923077
0 0.08774038461538461 0.4963942307692308 0.028846153846153848 0.038461538461538464
0 0.5180288461538461 0.4831730769230769 0.028846153846153848 0.05048076923076923
0 0.8377403846153846 0.47836538461538464 0.019230769230769232 0.04807692307692308
0 0.484375 0.04807692307692308 0.019230769230769232 0.03365384615384615
0 0.14543269230769232 0.5024038461538461 0.03365384615384615 0.04807692307692308
0 0.018028846153846152 0.5120192307692307 0.036057692307692304 0.052884615384615384
0 0.9879807692307693 0.4855769230769231 0.02403846153846154 0.05048076923076923
0 0.6430288461538461 0.5 0.028846153846153848 0.04807692307692308
0 0.1622596153846154 0.5216346153846154 0.019230769230769232 0.038461538461538464
0 0.8894230769230769 0.036057692307692304 0.02403846153846154 0.04807692307692308
0 0.4495192307692308 0.5168269230769231 0.028846153846153848 0.04326923076923077
0 0.22355769230769232 0.5276442307692307 0.028846153846153848 0.04807692307692308
0 0.8774038461538461 0.5072115384615384 0.02403846153846154 0.05048076923076923
0 0.28125 0.546875 0.02403846153846154 0.04326923076923077
0 0.25600961538461536 0.5528846153846154 0.019230769230769232 0.04326923076923077
0 0.3112980769230769 0.5504807692307693 0.028846153846153848 0.05048076923076923
0 0.5913461538461539 0.5408653846153846 0.02403846153846154 0.05048076923076923
0 0.08052884615384616 0.5588942307692307 0.038461538461538464 0.052884615384615384
0 0.6706730769230769 0.5444711538461539 0.03365384615384615 0.055288461538461536
0 0.8617788461538461 0.5432692307692307 0.028846153846153848 0.04807692307692308
0 0.17427884615384615 0.5685096153846154 0.028846153846153848 0.05048076923076923
0 0.375 0.5625 0.02403846153846154 0.05048076923076923
0 0.49759615384615385 0.5673076923076923 0.028846153846153848 0.05048076923076923
0 0.7704326923076923 0.5600961538461539 0.028846153846153848 0.055288461538461536
0 0.11177884615384616 0.5877403846153846 0.02403846153846154 0.038461538461538464
0 0.9050480769230769 0.5685096153846154 0.028846153846153848 0.055288461538461536
0 0.4206730769230769 0.5877403846153846 0.028846153846153848 0.05048076923076923
0 0.5504807692307693 0.5865384615384616 0.038461538461538464 0.057692307692307696
0 0.140625 0.6045673076923077 0.03365384615384615 0.038461538461538464
0 0.19831730769230768 0.6129807692307693 0.028846153846153848 0.04807692307692308
0 0.6790865384615384 0.5985576923076923 0.028846153846153848 0.05048076923076923
0 0.8858173076923077 0.5913461538461539 0.03365384615384615 0.05048076923076923
0 0.4879807692307692 0.609375 0.03365384615384615 0.06009615384615385
0 0.27884615384615385 0.6177884615384616 0.02403846153846154 0.038461538461538464
0 0.7788461538461539 0.052884615384615384 0.02403846153846154 0.04326923076923077
0 0.10216346153846154 0.6418269230769231 0.028846153846153848 0.04326923076923077
0 0.7620192307692307 0.6225961538461539 0.02403846153846154 0.05048076923076923
0 0.8100961538461539 0.6322115384615384 0.019230769230769232 0.038461538461538464
0 0.38221153846153844 0.6538461538461539 0.03365384615384615 0.06009615384615385
0 0.6213942307692307 0.65625 0.028846153846153848 0.04326923076923077
0 0.026442307692307692 0.6790865384615384 0.03365384615384615 0.055288461538461536
0 0.33533653846153844 0.0733173076923077 0.02403846153846154 0.04326923076923077
0 0.16346153846153846 0.07932692307692307 0.02403846153846154 0.05048076923076923
0 0.6646634615384616 0.06129807692307692 0.028846153846153848 0.05048076923076923
0 0.3161057692307692 0.6730769230769231 0.038461538461538464 0.0673076923076923
0 0.12379807692307693 0.6850961538461539 0.03365384615384615 0.055288461538461536
0 0.6514423076923077 0.6706730769230769 0.02403846153846154 0.055288461538461536
0 0.15144230769230768 0.6899038461538461 0.02403846153846154 0.05048076923076923
0 0.25841346153846156 0.08052884615384616 0.019230769230769232 0.04326923076923077
0 0.8389423076923077 0.6778846153846154 0.028846153846153848 0.055288461538461536
0 0.9855769230769231 0.6766826923076923 0.028846153846153848 0.06490384615384616
0 0.484375 0.703125 0.028846153846153848 0.05048076923076923
0 0.037259615384615384 0.7271634615384616 0.02403846153846154 0.05048076923076923
0 0.7680288461538461 0.06490384615384616 0.019230769230769232 0.04807692307692308
0 0.6418269230769231 0.7175480769230769 0.028846153846153848 0.055288461538461536
0 0.15384615384615385 0.7475961538461539 0.03365384615384615 0.04807692307692308
0 0.23557692307692307 0.7475961538461539 0.028846153846153848 0.05048076923076923
0 0.24278846153846154 0.08533653846153846 0.02403846153846154 0.04326923076923077
0 0.39302884615384615 0.7391826923076923 0.019230769230769232 0.04807692307692308
0 0.41346153846153844 0.7415865384615384 0.02403846153846154 0.05048076923076923
0 0.7836538461538461 0.7307692307692307 0.03365384615384615 0.055288461538461536
0 0.5168269230769231 0.7596153846153846 0.03365384615384615 0.04807692307692308
0 0.5564903846153846 0.7632211538461539 0.028846153846153848 0.06490384615384616
0 0.3125 0.7752403846153846 0.03365384615384615 0.04807692307692308
0 0.7319711538461539 0.7644230769230769 0.028846153846153848 0.04807692307692308
0 0.9122596153846154 0.7584134615384616 0.038461538461538464 0.0673076923076923
0 0.09495192307692307 0.09254807692307693 0.02403846153846154 0.04807692307692308
0 0.34975961538461536 0.7920673076923077 0.02403846153846154 0.038461538461538464
0 0.11298076923076923 0.8161057692307693 0.028846153846153848 0.05048076923076923
0 0.20552884615384615 0.09014423076923077 0.02403846153846154 0.03365384615384615
0 0.3076923076923077 0.09134615384615384 0.02403846153846154 0.04326923076923077
0 0.49038461538461536 0.08533653846153846 0.019230769230769232 0.03365384615384615
0 0.07932692307692307 0.8365384615384616 0.02403846153846154 0.04326923076923077
0 0.7211538461538461 0.8173076923076923 0.02403846153846154 0.04807692307692308
0 0.17427884615384615 0.8389423076923077 0.028846153846153848 0.04326923076923077
0 0.34975961538461536 0.8389423076923077 0.019230769230769232 0.04807692307692308
0 0.30408653846153844 0.8425480769230769 0.03125 0.06971153846153846
0 0.6875 0.8341346153846154 0.038461538461538464 0.052884615384615384
0 0.4170673076923077 0.8485576923076923 0.03365384615384615 0.05048076923076923
0 0.12980769230769232 0.8629807692307693 0.02403846153846154 0.05048076923076923
0 0.609375 0.859375 0.028846153846153848 0.05048076923076923
0 0.17307692307692307 0.8774038461538461 0.03365384615384615 0.06490384615384616
0 0.96875 0.8798076923076923 0.03365384615384615 0.04326923076923077
0 0.8521634615384616 0.8954326923076923 0.038461538461538464 0.057692307692307696
0 0.4182692307692308 0.09254807692307693 0.02403846153846154 0.04326923076923077
0 0.21754807692307693 0.9266826923076923 0.040865384615384616 0.07692307692307693
0 0.15264423076923078 0.9375 0.03365384615384615 0.06490384615384616
0 0.9567307692307693 0.9122596153846154 0.03365384615384615 0.05048076923076923
0 0.1875 0.10336538461538461 0.014423076923076924 0.028846153846153848
0 0.6009615384615384 0.09134615384615384 0.028846153846153848 0.05048076923076923
0 0.5685096153846154 0.9447115384615384 0.03365384615384615 0.05048076923076923
0 0.2608173076923077 0.9579326923076923 0.038461538461538464 0.0673076923076923
0 0.7980769230769231 0.9483173076923077 0.038461538461538464 0.04807692307692308
0 0.3485576923076923 0.9747596153846154 0.038461538461538464 0.05048076923076923
0 0.009615384615384616 0.11298076923076923 0.019230769230769232 0.028846153846153848
0 0.8629807692307693 0.08413461538461539 0.02403846153846154 0.04807692307692308
0 0.27403846153846156 0.11177884615384616 0.019230769230769232 0.03365384615384615
0 0.3918269230769231 0.12379807692307693 0.02403846153846154 0.04807692307692308
0 0.007211538461538462 0.13942307692307693 0.014423076923076924 0.03365384615384615
0 0.016826923076923076 0.13942307692307693 0.02403846153846154 0.03365384615384615
0 0.7668269230769231 0.11538461538461539 0.02403846153846154 0.04807692307692308
0 0.20432692307692307 0.13701923076923078 0.019230769230769232 0.03365384615384615
0 0.06009615384615385 0.16105769230769232 0.02403846153846154 0.04326923076923077
0 0.8425480769230769 0.13341346153846154 0.03365384615384615 0.04326923076923077
0 0.7127403846153846 0.14302884615384615 0.02403846153846154 0.04326923076923077
0 0.3329326923076923 0.15865384615384615 0.02403846153846154 0.04807692307692308
0 0.9507211538461539 0.13701923076923078 0.019230769230769232 0.04807692307692308
0 0.11298076923076923 0.1658653846153846 0.019230769230769232 0.038461538461538464
0 0.7475961538461539 0.15384615384615385 0.028846153846153848 0.04807692307692308
0 0.453125 0.1658653846153846 0.02403846153846154 0.04326923076923077
0 0.13341346153846154 0.17668269230769232 0.02403846153846154 0.04326923076923077
0 0.16105769230769232 0.17908653846153846 0.02403846153846154 0.038461538461538464
0 0.008413461538461538 0.18870192307692307 0.016826923076923076 0.055288461538461536
0 0.21875 0.1814903846153846 0.02403846153846154 0.038461538461538464
0 0.12139423076923077 0.03125 0.028846153846153848 0.036057692307692304
0 0.39903846153846156 0.019230769230769232 0.019230769230769232 0.03125
0 0.8978365384615384 0.15745192307692307 0.02403846153846154 0.038461538461538464
0 0.3173076923076923 0.18629807692307693 0.028846153846153848 0.04807692307692308
0 0.3942307692307692 0.18389423076923078 0.02403846153846154 0.04807692307692308
0 0.5012019230769231 0.18269230769230768 0.02403846153846154 0.03365384615384615
0 0.21394230769230768 0.1971153846153846 0.02403846153846154 0.05048076923076923
0 0.6586538461538461 0.18389423076923078 0.02403846153846154 0.04807692307692308
0 0.05889423076923077 0.20793269230769232 0.019230769230769232 0.04326923076923077
0 0.2644230769230769 0.203125 0.02403846153846154 0.038461538461538464
0 0.7620192307692307 0.18269230769230768 0.019230769230769232 0.04326923076923077
0 0.5444711538461539 0.1935096153846154 0.019230769230769232 0.038461538461538464
0 0.28365384615384615 0.20432692307692307 0.02403846153846154 0.04326923076923077
0 0.5240384615384616 0.20072115384615385 0.02403846153846154 0.02403846153846154
0 0.8088942307692307 0.19110576923076922 0.019230769230769232 0.04326923076923077
0 0.12740384615384615 0.21634615384615385 0.02403846153846154 0.038461538461538464
0 0.49399038461538464 0.20552884615384615 0.028846153846153848 0.04326923076923077
0 0.37740384615384615 0.21153846153846154 0.02403846153846154 0.038461538461538464
0 0.05048076923076923 0.23076923076923078 0.019230769230769232 0.04326923076923077
0 0.08533653846153846 0.23197115384615385 0.02403846153846154 0.038461538461538464
0 0.6658653846153846 0.019230769230769232 0.028846153846153848 0.038461538461538464
0 0.31850961538461536 0.23557692307692307 0.019230769230769232 0.05048076923076923
0 0.45552884615384615 0.23317307692307693 0.02403846153846154 0.038461538461538464
0 0.5300480769230769 0.23076923076923078 0.02403846153846154 0.04807692307692308
0 0.38341346153846156 0.23918269230769232 0.019230769230769232 0.038461538461538464
0 0.7752403846153846 0.2247596153846154 0.02403846153846154 0.04326923076923077
0 0.046875 0.2536057692307692 0.019230769230769232 0.04326923076923077
0 0.7560096153846154 0.2283653846153846 0.02403846153846154 0.04326923076923077
0 0.2668269230769231 0.24879807692307693 0.02403846153846154 0.04807692307692308
0 0.5733173076923077 0.2403846153846154 0.019230769230769232 0.04326923076923077
0 0.5516826923076923 0.2403846153846154 0.019230769230769232 0.04326923076923077
0 0.5925480769230769 0.23918269230769232 0.028846153846153848 0.04326923076923077
0 0.6057692307692307 0.23918269230769232 0.028846153846153848 0.05048076923076923
0 0.7247596153846154 0.23677884615384615 0.02403846153846154 0.04807692307692308