0 0.9194711538461539 0.25721153846153844 0.004807692307692308 0.004807692307692308
0 0.8870192307692307 0.2608173076923077 0.004807692307692308 0.004807692307692308
0 0.9519230769230769 0.2548076923076923 0.004807692307692308 0.004807692307692308
0 0.9699519230769231 0.25240384615384615 0.004807692307692308 0.004807692307692308
0 0.9615384615384616 0.2536057692307692 0.004807692307692308 0.004807692307692308
0 0.9567307692307693 0.25841346153846156 0.004807692307692308 0.004807692307692308
0 0.24879807692307693 0.33052884615384615 0.009615384615384616 0.009615384615384616
0 0.9050480769230769 0.2644230769230769 0.004807692307692308 0.004807692307692308
0 0.9242788461538461 0.2620192307692308 0.004807692307692308 0.004807692307692308
0 0.9326923076923077 0.2608173076923077 0.004807692307692308 0.004807692307692308
0 0.8966346153846154 0.2644230769230769 0.004807692307692308 0.004807692307692308
0 0.8377403846153846 0.2764423076923077 0.004807692307692308 0.004807692307692308
0 0.8557692307692307 0.27403846153846156 0.004807692307692308 0.004807692307692308
0 0.8882211538461539 0.2704326923076923 0.004807692307692308 0.004807692307692308
0 0.8978365384615384 0.2692307692307692 0.004807692307692308 0.004807692307692308
0 0.7043269230769231 0.28966346153846156 0.004807692307692308 0.004807692307692308
0 0.9110576923076923 0.26802884615384615 0.004807692307692308 0.004807692307692308
0 0.8329326923076923 0.2764423076923077 0.004807692307692308 0.004807692307692308
0 0.6850961538461539 0.2920673076923077 0.004807692307692308 0.004807692307692308
0 0.8653846153846154 0.27283653846153844 0.004807692307692308 0.004807692307692308
0 0.7271634615384616 0.28966346153846156 0.004807692307692308 0.009615384615384616
0 0.7415865384615384 0.29086538461538464 0.004807692307692308 0.004807692307692308
0 0.8016826923076923 0.2848557692307692 0.004807692307692308 0.004807692307692308
0 0.8293269230769231 0.28125 0.004807692307692308 0.004807692307692308
0 0.8605769230769231 0.27884615384615385 0.004807692307692308 0.004807692307692308
0 0.7692307692307693 0.28846153846153844 0.004807692307692308 0.004807692307692308
0 0.8461538461538461 0.2800480769230769 0.004807692307692308 0.004807692307692308
0 0.7644230769230769 0.28846153846153844 0.004807692307692308 0.004807692307692308
0 0.7896634615384616 0.29086538461538464 0.009615384615384616 0.004807692307692308
0 0.9146634615384616 0.2776442307692308 0.009615384615384616 0.004807692307692308
0 0.8990384615384616 0.27884615384615385 0.004807692307692308 0.004807692307692308
0 0.7776442307692307 0.2920673076923077 0.004807692307692308 0.004807692307692308
0 0.7596153846153846 0.2956730769230769 0.004807692307692308 0.009615384615384616
0 0.8016826923076923 0.2920673076923077 0.004807692307692308 0.009615384615384616
0 0.8473557692307693 0.28966346153846156 0.004807692307692308 0.004807692307692308
0 0.6862980769230769 0.30649038461538464 0.004807692307692308 0.004807692307692308
0 0.703125 0.30408653846153844 0.009615384615384616 0.004807692307692308
0 0.7536057692307693 0.29927884615384615 0.009615384615384616 0.004807692307692308
0 0.7283653846153846 0.30288461538461536 0.004807692307692308 0.009615384615384616
0 0.7463942307692307 0.3016826923076923 0.004807692307692308 0.009615384615384616
0 0.6310096153846154 0.3137019230769231 0.004807692307692308 0.009615384615384616
0 0.9026442307692307 0.2848557692307692 0.004807692307692308 0.009615384615384616
0 0.7776442307692307 0.2980769230769231 0.009615384615384616 0.009615384615384616
0 0.7884615384615384 0.296875 0.004807692307692308 0.009615384615384616
0 0.7379807692307693 0.30408653846153844 0.004807692307692308 0.004807692307692308
0 0.6947115384615384 0.3112980769230769 0.009615384615384616 0.009615384615384616
0 0.6574519230769231 0.3161057692307692 0.009615384615384616 0.009615384615384616
0 0.71875 0.30649038461538464 0.004807692307692308 0.004807692307692308
0 0.6899038461538461 0.3125 0.009615384615384616 0.009615384615384616
0 0.6370192307692307 0.3173076923076923 0.004807692307692308 0.009615384615384616
0 0.6814903846153846 0.3125 0.009615384615384616 0.009615384615384616
0 0.8605769230769231 0.296875 0.009615384615384616 0.004807692307692308
0 0.5865384615384616 0.328125 0.004807692307692308 0.009615384615384616
0 0.7367788461538461 0.3125 0.009615384615384616 0.009615384615384616
0 0.7091346153846154 0.3125 0.009615384615384616 0.004807692307692308
0 0.7451923076923077 0.3088942307692308 0.009615384615384616 0.004807692307692308
0 0.7956730769230769 0.30288461538461536 0.009615384615384616 0.004807692307692308
0 0.625 0.3233173076923077 0.009615384615384616 0.009615384615384616
0 0.7572115384615384 0.31009615384615385 0.004807692307692308 0.009615384615384616
0 0.6165865384615384 0.3245192307692308 0.009615384615384616 0.009615384615384616
0 0.7295673076923077 0.31490384615384615 0.004807692307692308 0.004807692307692308
0 0.6298076923076923 0.32572115384615385 0.009615384615384616 0.004807692307692308
0 0.6875 0.31971153846153844 0.004807692307692308 0.004807692307692308
0 0.7175480769230769 0.31850961538461536 0.009615384615384616 0.009615384615384616
0 0.8485576923076923 0.30288461538461536 0.004807692307692308 0.004807692307692308
0 0.6694711538461539 0.3233173076923077 0.004807692307692308 0.009615384615384616
0 0.7692307692307693 0.3137019230769231 0.009615384615384616 0.009615384615384616
0 0.640625 0.3269230769230769 0.009615384615384616 0.009615384615384616
0 0.8990384615384616 0.30408653846153844 0.009615384615384616 0.009615384615384616
0 0.9122596153846154 0.3004807692307692 0.009615384615384616 0.004807692307692308
0 0.5709134615384616 0.3389423076923077 0.009615384615384616 0.009615384615384616
0 0.8064903846153846 0.3137019230769231 0.009615384615384616 0.009615384615384616
0 0.7151442307692307 0.3245192307692308 0.009615384615384616 0.009615384615384616
0 0.59375 0.33653846153846156 0.009615384615384616 0.009615384615384616
0 0.6334134615384616 0.3329326923076923 0.004807692307692308 0.009615384615384616
0 0.6129807692307693 0.33413461538461536 0.009615384615384616 0.009615384615384616
0 0.6225961538461539 0.33653846153846156 0.009615384615384616 0.004807692307692308
0 0.6911057692307693 0.3293269230769231 0.01201923076923077 0.014423076923076924
0 0.8389423076923077 0.3137019230769231 0.009615384615384616 0.004807692307692308
0 0.6826923076923077 0.3293269230769231 0.009615384615384616 0.004807692307692308
0 0.2608173076923077 0.3762019230769231 0.014423076923076924 0.01201923076923077
0 0.6730769230769231 0.33052884615384615 0.01201923076923077 0.014423076923076924
0 0.7776442307692307 0.32211538461538464 0.004807692307692308 0.009615384615384616
0 0.9723557692307693 0.3016826923076923 0.009615384615384616 0.009615384615384616
0 0.8641826923076923 0.3125 0.004807692307692308 0.009615384615384616
0 0.9314903846153846 0.30649038461538464 0.009615384615384616 0.009615384615384616
0 0.7259615384615384 0.328125 0.014423076923076924 0.01201923076923077
0 0.23317307692307693 0.3798076923076923 0.014423076923076924 0.01201923076923077
0 0.5240384615384616 0.35096153846153844 0.016826923076923076 0.016826923076923076
0 0.7427884615384616 0.328125 0.009615384615384616 0.004807692307692308
0 0.5588942307692307 0.3473557692307692 0.009615384615384616 0.004807692307692308
0 0.7980769230769231 0.32211538461538464 0.009615384615384616 0.004807692307692308
0 0.8858173076923077 0.3137019230769231 0.009615384615384616 0.004807692307692308
0 0.6370192307692307 0.3389423076923077 0.009615384615384616 0.004807692307692308
0 0.8990384615384616 0.3112980769230769 0.009615384615384616 0.004807692307692308
0 0.5492788461538461 0.35096153846153844 0.009615384615384616 0.009615384615384616
0 0.6598557692307693 0.3389423076923077 0.009615384615384616 0.009615384615384616
0 0.5769230769230769 0.35096153846153844 0.01201923076923077 0.014423076923076924
0 0.7584134615384616 0.3293269230769231 0.004807692307692308 0.009615384615384616
0 0.8353365384615384 0.32091346153846156 0.009615384615384616 0.009615384615384616
0 0.7884615384615384 0.328125 0.009615384615384616 0.004807692307692308
0 0.8257211538461539 0.3245192307692308 0.009615384615384616 0.004807692307692308
0 0.5132211538461539 0.35697115384615385 0.01201923076923077 0.014423076923076924
0 0.7800480769230769 0.3293269230769231 0.009615384615384616 0.004807692307692308
0 0.6021634615384616 0.3485576923076923 0.014423076923076924 0.01201923076923077
0 0.9158653846153846 0.31490384615384615 0.004807692307692308 0.004807692307692308
0 0.6694711538461539 0.3425480769230769 0.009615384615384616 0.009615384615384616
0 0.7391826923076923 0.33413461538461536 0.009615384615384616 0.009615384615384616
0 0.46033653846153844 0.36658653846153844 0.016826923076923076 0.016826923076923076
0 0.8365384615384616 0.3293269230769231 0.009615384615384616 0.009615384615384616
0 0.8701923076923077 0.3233173076923077 0.014423076923076924 0.007211538461538462
0 0.9278846153846154 0.32211538461538464 0.009615384615384616 0.004807692307692308
0 0.71875 0.34134615384615385 0.014423076923076924 0.01201923076923077
0 0.859375 0.3269230769230769 0.009615384615384616 0.009615384615384616
0 0.6358173076923077 0.35096153846153844 0.014423076923076924 0.01201923076923077
0 0.5480769230769231 0.359375 0.004807692307692308 0.009615384615384616
0 0.6502403846153846 0.3485576923076923 0.014423076923076924 0.01201923076923077
0 0.5228365384615384 0.3641826923076923 0.01201923076923077 0.014423076923076924
0 0.9326923076923077 0.32211538461538464 0.01201923076923077 0.014423076923076924
0 0.7271634615384616 0.3425480769230769 0.004807692307692308 0.004807692307692308
0 0.7848557692307693 0.3389423076923077 0.009615384615384616 0.009615384615384616
0 0.5336538461538461 0.36899038461538464 0.01201923076923077 0.014423076923076924
0 0.5625 0.3629807692307692 0.014423076923076924 0.01201923076923077
0 0.8365384615384616 0.33413461538461536 0.009615384615384616 0.009615384615384616
0 0.8221153846153846 0.33533653846153844 0.009615384615384616 0.009615384615384616
0 0.8689903846153846 0.3329326923076923 0.009615384615384616 0.004807692307692308
0 0.8088942307692307 0.3389423076923077 0.009615384615384616 0.004807692307692308
0 0.7331730769230769 0.3473557692307692 0.004807692307692308 0.004807692307692308
0 0.6141826923076923 0.36177884615384615 0.014423076923076924 0.01201923076923077
0 0.7752403846153846 0.3425480769230769 0.004807692307692308 0.004807692307692308
0 0.7536057692307693 0.3473557692307692 0.009615384615384616 0.009615384615384616
0 0.6887019230769231 0.3545673076923077 0.009615384615384616 0.009615384615384616
0 0.6983173076923077 0.35336538461538464 0.009615384615384616 0.009615384615384616
0 0.265625 0.4014423076923077 0.019230769230769232 0.016826923076923076
0 0.21634615384615385 0.40865384615384615 0.009615384615384616 0.009615384615384616
0 0.671875 0.3605769230769231 0.009615384615384616 0.009615384615384616
0 0.9711538461538461 0.3317307692307692 0.009615384615384616 0.004807692307692308
0 0.453125 0.38461538461538464 0.014423076923076924 0.01201923076923077
0 0.6213942307692307 0.36658653846153844 0.009615384615384616 0.009615384615384616
0 0.8125 0.3485576923076923 0.016826923076923076 0.016826923076923076
0 0.4807692307692308 0.38341346153846156 0.016826923076923076 0.016826923076923076
0 0.8725961538461539 0.3425480769230769 0.016826923076923076 0.016826923076923076
0 0.23197115384615385 0.4098557692307692 0.016826923076923076 0.016826923076923076
0 0.6418269230769231 0.36899038461538464 0.014423076923076924 0.01201923076923077
0 0.9759615384615384 0.3317307692307692 0.009615384615384616 0.004807692307692308
0 0.49759615384615385 0.38221153846153844 0.01201923076923077 0.014423076923076924
0 0.8557692307692307 0.34615384615384615 0.009615384615384616 0.009615384615384616
0 0.38221153846153844 0.39903846153846156 0.019230769230769232 0.016826923076923076
0 0.5889423076923077 0.375 0.009615384615384616 0.009615384615384616
0 0.5600961538461539 0.3798076923076923 0.016826923076923076 0.016826923076923076
0 0.9110576923076923 0.34615384615384615 0.009615384615384616 0.009615384615384616
0 0.8990384615384616 0.3473557692307692 0.009615384615384616 0.009615384615384616
0 0.7788461538461539 0.359375 0.009615384615384616 0.009615384615384616
0 0.2608173076923077 0.41466346153846156 0.016826923076923076 0.016826923076923076
0 0.359375 0.40384615384615385 0.009615384615384616 0.009615384615384616
0 0.5060096153846154 0.3894230769230769 0.01201923076923077 0.014423076923076924
0 0.21033653846153846 0.4206730769230769 0.016826923076923076 0.016826923076923076
0 0.9242788461538461 0.3473557692307692 0.014423076923076924 0.01201923076923077
0 0.23076923076923078 0.4206730769230769 0.019230769230769232 0.01201923076923077
0 0.44471153846153844 0.40024038461538464 0.016826923076923076 0.016826923076923076
0 0.6971153846153846 0.38100961538461536 0.009615384615384616 0.009615384615384616
0 0.4567307692307692 0.40384615384615385 0.019230769230769232 0.016826923076923076
0 0.6490384615384616 0.3870192307692308 0.014423076923076924 0.01201923076923077
0 0.23677884615384615 0.43028846153846156 0.019230769230769232 0.019230769230769232
0 0.6887019230769231 0.38221153846153844 0.009615384615384616 0.009615384615384616
0 0.8425480769230769 0.36899038461538464 0.016826923076923076 0.016826923076923076
0 0.47475961538461536 0.4074519230769231 0.016826923076923076 0.016826923076923076
0 0.5997596153846154 0.3942307692307692 0.01201923076923077 0.014423076923076924
0 0.7487980769230769 0.3786057692307692 0.01201923076923077 0.014423076923076924
0 0.49278846153846156 0.4074519230769231 0.016826923076923076 0.019230769230769232
0 0.6310096153846154 0.3954326923076923 0.016826923076923076 0.016826923076923076
0 0.5456730769230769 0.4050480769230769 0.01201923076923077 0.014423076923076924
0 0.8245192307692307 0.375 0.007211538461538462 0.014423076923076924
0 0.9038461538461539 0.3713942307692308 0.016826923076923076 0.016826923076923076
0 0.6526442307692307 0.39783653846153844 0.019230769230769232 0.016826923076923076
0 0.2704326923076923 0.4387019230769231 0.019230769230769232 0.016826923076923076
0 0.5877403846153846 0.4074519230769231 0.009615384615384616 0.009615384615384616
0 0.6923076923076923 0.3942307692307692 0.016826923076923076 0.016826923076923076
0 0.7992788461538461 0.38461538461538464 0.019230769230769232 0.01201923076923077
0 0.8641826923076923 0.3762019230769231 0.019230769230769232 0.016826923076923076
0 0.21033653846153846 0.44711538461538464 0.019230769230769232 0.019230769230769232
0 0.3701923076923077 0.4326923076923077 0.016826923076923076 0.016826923076923076
0 0.5336538461538461 0.41586538461538464 0.019230769230769232 0.016826923076923076
0 0.5769230769230769 0.4110576923076923 0.016826923076923076 0.016826923076923076
0 0.7283653846153846 0.3954326923076923 0.016826923076923076 0.016826923076923076
0 0.5961538461538461 0.41225961538461536 0.016826923076923076 0.016826923076923076
0 0.7560096153846154 0.3954326923076923 0.016826923076923076 0.016826923076923076
0 0.7800480769230769 0.3954326923076923 0.014423076923076924 0.01201923076923077
0 0.9074519230769231 0.38461538461538464 0.019230769230769232 0.016826923076923076
0 0.8557692307692307 0.390625 0.019230769230769232 0.016826923076923076
0 0.38822115384615385 0.4411057692307692 0.016826923076923076 0.019230769230769232
0 0.5072115384615384 0.4266826923076923 0.01201923076923077 0.014423076923076924
0 0.8137019230769231 0.39903846153846156 0.016826923076923076 0.016826923076923076
0 0.5600961538461539 0.4230769230769231 0.016826923076923076 0.019230769230769232
0 0.6418269230769231 0.4170673076923077 0.016826923076923076 0.016826923076923076
0 0.41586538461538464 0.4411057692307692 0.016826923076923076 0.016826923076923076
0 0.7115384615384616 0.41225961538461536 0.016826923076923076 0.019230769230769232
0 0.26802884615384615 0.4639423076923077 0.019230769230769232 0.019230769230769232
0 0.2403846153846154 0.46634615384615385 0.019230769230769232 0.019230769230769232
0 0.6850961538461539 0.4206730769230769 0.016826923076923076 0.019230769230769232
0 0.2127403846153846 0.4699519230769231 0.019230769230769232 0.019230769230769232
0 0.9086538461538461 0.39903846153846156 0.019230769230769232 0.016826923076923076
0 0.6574519230769231 0.42788461538461536 0.016826923076923076 0.019230769230769232
0 0.6165865384615384 0.4375 0.016826923076923076 0.019230769230769232
0 0.33533653846153844 0.46634615384615385 0.016826923076923076 0.019230769230769232
0 0.296875 0.4735576923076923 0.019230769230769232 0.016826923076923076
0 0.8149038461538461 0.4182692307692308 0.016826923076923076 0.016826923076923076
0 0.020432692307692308 0.5036057692307693 0.03125 0.03125
0 0.49278846153846156 0.4579326923076923 0.02403846153846154 0.019230769230769232
0 0.6358173076923077 0.44350961538461536 0.02403846153846154 0.019230769230769232
0 0.7644230769230769 0.42788461538461536 0.016826923076923076 0.016826923076923076
0 0.5132211538461539 0.4543269230769231 0.019230769230769232 0.02403846153846154
0 0.734375 0.43028846153846156 0.019230769230769232 0.016826923076923076
0 0.23317307692307693 0.4879807692307692 0.019230769230769232 0.02403846153846154
0 0.3942307692307692 0.47115384615384615 0.019230769230769232 0.02403846153846154
0 0.7007211538461539 0.44591346153846156 0.016826923076923076 0.019230769230769232
0 0.20793269230769232 0.49759615384615385 0.026442307692307692 0.028846153846153848
0 0.27403846153846156 0.4963942307692308 0.016826923076923076 0.019230769230769232
0 0.4254807692307692 0.48197115384615385 0.02403846153846154 0.02403846153846154
0 0.2932692307692308 0.49399038461538464 0.026442307692307692 0.028846153846153848
0 0.40625 0.49399038461538464 0.019230769230769232 0.02403846153846154
0 0.5132211538461539 0.48677884615384615 0.019230769230769232 0.02403846153846154
0 0.31971153846153844 0.5048076923076923 0.019230769230769232 0.019230769230769232
0 0.04927884615384615 0.5348557692307693 0.02403846153846154 0.02403846153846154
0 0.3401442307692308 0.5072115384615384 0.026442307692307692 0.028846153846153848
0 0.140625 0.5324519230769231 0.021634615384615384 0.028846153846153848
0 0.5901442307692307 0.49038461538461536 0.016826923076923076 0.019230769230769232
0 0.5480769230769231 0.5024038461538461 0.02403846153846154 0.02403846153846154
0 0.4855769230769231 0.5060096153846154 0.021634615384615384 0.028846153846153848
0 0.3605769230769231 0.5192307692307693 0.02403846153846154 0.019230769230769232
0 0.7716346153846154 0.47836538461538464 0.019230769230769232 0.016826923076923076
0 0.734375 0.49038461538461536 0.02403846153846154 0.019230769230769232
0 0.5024038461538461 0.5204326923076923 0.019230769230769232 0.02403846153846154
0 0.6658653846153846 0.5060096153846154 0.02403846153846154 0.019230769230769232
0 0.3786057692307692 0.5456730769230769 0.03125 0.03125
0 0.7668269230769231 0.5072115384615384 0.028846153846153848 0.026442307692307692
0 0.4014423076923077 0.5456730769230769 0.019230769230769232 0.02403846153846154
0 0.5516826923076923 0.5348557692307693 0.02403846153846154 0.02403846153846154
0 0.6382211538461539 0.5276442307692307 0.03125 0.03125
0 0.44711538461538464 0.5504807692307693 0.02403846153846154 0.02403846153846154
0 0.125 0.609375 0.03125 0.03125
0 0.140625 0.6490384615384616 0.036057692307692304 0.03125
0 0.3088942307692308 0.6502403846153846 0.026442307692307692 0.028846153846153848