0 0.7175480769230769 0.2548076923076923 0.009615384615384616 0.018028846153846152
0 0.8173076923076923 0.2548076923076923 0.014423076923076924 0.02283653846153846
0 0.9879807692307693 0.25961538461538464 0.014423076923076924 0.02283653846153846
0 0.7752403846153846 0.25961538461538464 0.014423076923076924 0.018028846153846152
0 0.828125 0.27524038461538464 0.009615384615384616 0.018028846153846152
0 0.5420673076923077 0.2800480769230769 0.009615384615384616 0.018028846153846152
0 0.7019230769230769 0.2848557692307692 0.014423076923076924 0.018028846153846152
0 0.7572115384615384 0.2848557692307692 0.009615384615384616 0.018028846153846152
0 0.4026442307692308 0.3004807692307692 0.014423076923076924 0.02283653846153846
0 0.5576923076923077 0.30528846153846156 0.014423076923076924 0.018028846153846152
0 0.6298076923076923 0.30528846153846156 0.014423076923076924 0.018028846153846152
0 0.7079326923076923 0.3125 0.014423076923076924 0.02283653846153846
0 0.7548076923076923 0.3125 0.014423076923076924 0.02283653846153846
0 0.3425480769230769 0.31490384615384615 0.014423076923076924 0.018028846153846152
0 0.6346153846153846 0.3269230769230769 0.014423076923076924 0.018028846153846152
0 0.8100961538461539 0.3425480769230769 0.014423076923076924 0.02283653846153846
0 0.2403846153846154 0.3449519230769231 0.014423076923076924 0.018028846153846152
0 0.828125 0.35216346153846156 0.014423076923076924 0.018028846153846152
0 0.6899038461538461 0.3545673076923077 0.009615384615384616 0.018028846153846152
0 0.7704326923076923 0.35697115384615385 0.014423076923076924 0.02283653846153846
0 0.4230769230769231 0.36778846153846156 0.014423076923076924 0.018028846153846152
0 0.30288461538461536 0.375 0.014423076923076924 0.02283653846153846
0 0.4675480769230769 0.375 0.014423076923076924 0.018028846153846152
0 0.7680288461538461 0.38461538461538464 0.014423076923076924 0.018028846153846152
0 0.5997596153846154 0.3894230769230769 0.014423076923076924 0.02283653846153846
0 0.9350961538461539 0.390625 0.014423076923076924 0.018028846153846152
0 0.7127403846153846 0.390625 0.018028846153846152 0.018028846153846152
0 0.5180288461538461 0.40024038461538464 0.014423076923076924 0.02283653846153846
0 0.8449519230769231 0.004807692307692308 0.009615384615384616 0.009615384615384616
0 0.7776442307692307 0.4026442307692308 0.014423076923076924 0.018028846153846152
0 0.3701923076923077 0.4098557692307692 0.018028846153846152 0.018028846153846152
0 0.9026442307692307 0.4098557692307692 0.014423076923076924 0.018028846153846152
0 0.8605769230769231 0.4170673076923077 0.014423076923076924 0.018028846153846152
0 0.6478365384615384 0.4170673076923077 0.009615384615384616 0.014423076923076924
0 0.3173076923076923 0.41947115384615385 0.014423076923076924 0.018028846153846152
0 0.6394230769230769 0.41947115384615385 0.009615384615384616 0.014423076923076924
0 0.21995192307692307 0.4254807692307692 0.014423076923076924 0.018028846153846152
0 0.8245192307692307 0.43509615384615385 0.009615384615384616 0.018028846153846152
0 0.5576923076923077 0.44471153846153844 0.014423076923076924 0.02283653846153846
0 0.7848557692307693 0.4495192307692308 0.014423076923076924 0.018028846153846152
0 0.9471153846153846 0.453125 0.009615384615384616 0.018028846153846152
0 0.6646634615384616 0.453125 0.018028846153846152 0.02283653846153846
0 0.6826923076923077 0.45552884615384615 0.014423076923076924 0.018028846153846152
0 0.5204326923076923 0.46033653846153844 0.014423076923076924 0.018028846153846152
0 0.19471153846153846 0.46274038461538464 0.014423076923076924 0.014423076923076924
0 0.39783653846153844 0.4651442307692308 0.014423076923076924 0.018028846153846152
0 0.8497596153846154 0.4723557692307692 0.014423076923076924 0.02283653846153846
0 0.20192307692307693 0.47475961538461536 0.014423076923076924 0.02283653846153846
0 0.9230769230769231 0.47716346153846156 0.018028846153846152 0.02283653846153846
0 0.859375 0.47716346153846156 0.018028846153846152 0.02283653846153846
0 0.8329326923076923 0.04807692307692308 0.009615384615384616 0.014423076923076924
0 0.0829326923076923 0.49278846153846156 0.014423076923076924 0.018028846153846152
0 0.9495192307692307 0.4951923076923077 0.014423076923076924 0.02283653846153846
0 0.515625 0.5024038461538461 0.014423076923076924 0.02283653846153846
0 0.03245192307692308 0.5048076923076923 0.014423076923076924 0.018028846153846152
0 0.46274038461538464 0.5096153846153846 0.014423076923076924 0.02283653846153846
0 0.6899038461538461 0.5144230769230769 0.018028846153846152 0.018028846153846152
0 0.1502403846153846 0.515625 0.018028846153846152 0.02283653846153846
0 0.3870192307692308 0.515625 0.018028846153846152 0.018028846153846152
0 0.2127403846153846 0.515625 0.014423076923076924 0.018028846153846152
0 0.828125 0.5204326923076923 0.014423076923076924 0.018028846153846152
0 0.9795673076923077 0.5204326923076923 0.014423076923076924 0.018028846153846152
0 0.7572115384615384 0.5228365384615384 0.014423076923076924 0.018028846153846152
0 0.9399038461538461 0.5228365384615384 0.018028846153846152 0.018028846153846152
0 0.15985576923076922 0.5252403846153846 0.014423076923076924 0.018028846153846152
0 0.8894230769230769 0.5276442307692307 0.014423076923076924 0.018028846153846152
0 0.41947115384615385 0.5396634615384616 0.014423076923076924 0.018028846153846152
0 0.037259615384615384 0.5396634615384616 0.014423076923076924 0.018028846153846152
0 0.8401442307692307 0.5420673076923077 0.018028846153846152 0.018028846153846152
0 0.6201923076923077 0.5420673076923077 0.014423076923076924 0.018028846153846152
0 0.8930288461538461 0.546875 0.014423076923076924 0.018028846153846152
0 0.8245192307692307 0.055288461538461536 0.009615384615384616 0.018028846153846152
0 0.22716346153846154 0.5480769230769231 0.018028846153846152 0.03245192307692308
0 0.078125 0.5504807692307693 0.009615384615384616 0.018028846153846152
0 0.9278846153846154 0.5697115384615384 0.014423076923076924 0.018028846153846152
0 0.2704326923076923 0.578125 0.014423076923076924 0.018028846153846152
0 0.33774038461538464 0.5829326923076923 0.014423076923076924 0.018028846153846152
0 0.953125 0.057692307692307696 0.014423076923076924 0.018028846153846152
0 0.09014423076923077 0.5949519230769231 0.014423076923076924 0.018028846153846152
0 0.037259615384615384 0.5949519230769231 0.014423076923076924 0.018028846153846152
0 0.8221153846153846 0.5973557692307693 0.014423076923076924 0.02283653846153846
0 0.9278846153846154 0.5997596153846154 0.014423076923076924 0.027644230769230768
0 0.7944711538461539 0.6021634615384616 0.014423076923076924 0.018028846153846152
0 0.28725961538461536 0.6069711538461539 0.014423076923076924 0.018028846153846152
0 0.18509615384615385 0.609375 0.014423076923076924 0.02283653846153846
0 0.09014423076923077 0.6105769230769231 0.018028846153846152 0.018028846153846152
0 0.5901442307692307 0.6129807692307693 0.014423076923076924 0.018028846153846152
0 0.9230769230769231 0.0625 0.009615384615384616 0.018028846153846152
0 0.3545673076923077 0.6201923076923077 0.014423076923076924 0.02283653846153846
0 0.296875 0.6370192307692307 0.014423076923076924 0.018028846153846152
0 0.6502403846153846 0.6430288461538461 0.014423076923076924 0.02283653846153846
0 0.796875 0.06490384615384616 0.014423076923076924 0.018028846153846152
0 0.234375 0.6550480769230769 0.014423076923076924 0.018028846153846152
0 0.4026442307692308 0.6598557692307693 0.014423076923076924 0.02283653846153846
0 0.5348557692307693 0.6646634615384616 0.014423076923076924 0.018028846153846152
0 0.9855769230769231 0.0673076923076923 0.009615384615384616 0.014423076923076924
0 0.3173076923076923 0.671875 0.014423076923076924 0.02283653846153846
0 0.9098557692307693 0.007211538461538462 0.009615384615384616 0.014423076923076924
0 0.5372596153846154 0.6826923076923077 0.014423076923076924 0.02283653846153846
0 0.14783653846153846 0.6899038461538461 0.018028846153846152 0.018028846153846152
0 0.8353365384615384 0.703125 0.018028846153846152 0.02283653846153846
0 0.26802884615384615 0.7055288461538461 0.014423076923076924 0.018028846153846152
0 0.2824519230769231 0.7127403846153846 0.014423076923076924 0.018028846153846152
0 0.6454326923076923 0.7223557692307693 0.014423076923076924 0.02283653846153846
0 0.3269230769230769 0.734375 0.014423076923076924 0.02283653846153846
0 0.4579326923076923 0.7427884615384616 0.014423076923076924 0.018028846153846152
0 0.35697115384615385 0.7620192307692307 0.018028846153846152 0.02283653846153846
0 0.38221153846153844 0.765625 0.014423076923076924 0.02283653846153846
0 0.4230769230769231 0.7944711538461539 0.018028846153846152 0.02283653846153846
0 0.28725961538461536 0.8100961538461539 0.014423076923076924 0.018028846153846152
0 0.4723557692307692 0.8125 0.014423076923076924 0.018028846153846152
0 0.9350961538461539 0.0829326923076923 0.009615384615384616 0.018028846153846152
0 0.7451923076923077 0.0829326923076923 0.014423076923076924 0.014423076923076924
0 0.4723557692307692 0.8425480769230769 0.014423076923076924 0.018028846153846152
0 0.328125 0.8521634615384616 0.014423076923076924 0.02283653846153846
0 0.421875 0.8545673076923077 0.014423076923076924 0.018028846153846152
0 0.7319711538461539 0.009615384615384616 0.014423076923076924 0.018028846153846152
0 0.27524038461538464 0.8930288461538461 0.014423076923076924 0.02283653846153846
0 0.7475961538461539 0.009615384615384616 0.014423076923076924 0.014423076923076924
0 0.41225961538461536 0.9098557692307693 0.014423076923076924 0.02283653846153846
0 0.3269230769230769 0.9146634615384616 0.014423076923076924 0.027644230769230768
0 0.48197115384615385 0.9170673076923077 0.014423076923076924 0.027644230769230768
0 0.35697115384615385 0.9495192307692307 0.014423076923076924 0.027644230769230768
0 0.2980769230769231 0.9579326923076923 0.018028846153846152 0.02283653846153846
0 0.24759615384615385 0.9603365384615384 0.014423076923076924 0.018028846153846152
0 0.3173076923076923 0.9903846153846154 0.014423076923076924 0.018028846153846152
0 0.8377403846153846 0.109375 0.014423076923076924 0.014423076923076924
0 0.8545673076923077 0.11057692307692307 0.014423076923076924 0.014423076923076924
0 0.7355769230769231 0.11778846153846154 0.014423076923076924 0.014423076923076924
0 0.7223557692307693 0.12980769230769232 0.014423076923076924 0.018028846153846152
0 0.6923076923076923 0.14302884615384615 0.009615384615384616 0.018028846153846152
0 0.7475961538461539 0.15745192307692307 0.014423076923076924 0.018028846153846152
0 0.8822115384615384 0.16706730769230768 0.014423076923076924 0.018028846153846152
0 0.6454326923076923 0.16706730769230768 0.009615384615384616 0.014423076923076924
0 0.703125 0.17548076923076922 0.014423076923076924 0.018028846153846152
0 0.6045673076923077 0.1778846153846154 0.014423076923076924 0.014423076923076924
0 0.6574519230769231 0.1778846153846154 0.014423076923076924 0.018028846153846152
0 0.8930288461538461 0.18509615384615385 0.014423076923076924 0.018028846153846152
0 0.7596153846153846 0.18990384615384615 0.009615384615384616 0.014423076923076924
0 0.7199519230769231 0.1971153846153846 0.014423076923076924 0.014423076923076924
0 0.640625 0.20552884615384615 0.009615384615384616 0.018028846153846152
0 0.7199519230769231 0.23557692307692307 0.009615384615384616 0.014423076923076924
0 0.8870192307692307 0.2403846153846154 0.014423076923076924 0.018028846153846152
0 0.6322115384615384 0.24278846153846154 0.014423076923076924 0.014423076923076924
0 0.5276442307692307 0.24278846153846154 0.014423076923076924 0.014423076923076924