0 0.8765625 0.20390625 0.0203125 0.025
0 0.76640625 0.26484375 0.0109375 0.0140625
0 0.80625 0.2625 0.0046875 0.0046875
0 0.81328125 0.26171875 0.0046875 0.0046875
0 0.8203125 0.26171875 0.0046875 0.0046875
0 0.82578125 0.27265625 0.009375 0.0046875
0 0.76953125 0.2765625 0.0046875 0.009375
0 0.75859375 0.2796875 0.009375 0.009375
0 0.71640625 0.2828125 0.0046875 0.009375
0 0.78125 0.278125 0.009375 0.009375
0 0.80703125 0.28125 0.009375 0.009375
0 0.74296875 0.2859375 0.0046875 0.009375
0 0.75 0.28515625 0.009375 0.009375
0 0.70546875 0.290625 0.009375 0.0046875
0 0.6921875 0.29140625 0.009375 0.009375
0 0.73125 0.29140625 0.009375 0.009375
0 0.76171875 0.29140625 0.0046875 0.009375
0 0.68515625 0.296875 0.009375 0.009375
0 0.70625 0.3 0.0109375 0.0140625
0 0.8125 0.2921875 0.0046875 0.009375
0 0.76015625 0.30078125 0.0046875 0.009375
0 0.75078125 0.3015625 0.0046875 0.0046875
0 0.7859375 0.30625 0.009375 0.0046875
0 0.63828125 0.31640625 0.009375 0.009375
0 0.675 0.3140625 0.0046875 0.009375
0 0.72109375 0.3109375 0.0109375 0.0140625
0 0.73046875 0.31015625 0.0109375 0.0140625
0 0.76328125 0.31015625 0.009375 0.009375
0 0.65625 0.3171875 0.0046875 0.009375
0 0.65234375 0.32265625 0.0046875 0.009375
0 0.6921875 0.31953125 0.0046875 0.009375
0 0.790625 0.31484375 0.009375 0.009375
0 0.72421875 0.31953125 0.0046875 0.009375
0 0.62734375 0.3265625 0.009375 0.009375
0 0.74765625 0.3203125 0.0109375 0.0140625
0 0.68046875 0.325 0.009375 0.009375
0 0.65703125 0.32890625 0.0046875 0.009375
0 0.73359375 0.3265625 0.0109375 0.0140625
0 0.64609375 0.33359375 0.0046875 0.009375
0 0.77265625 0.325 0.009375 0.009375
0 0.62109375 0.33828125 0.009375 0.009375
0 0.67890625 0.334375 0.0109375 0.0140625
0 0.609375 0.3390625 0.0109375 0.0140625
0 0.66953125 0.334375 0.009375 0.009375
0 0.57734375 0.34140625 0.0046875 0.009375
0 0.6421875 0.3390625 0.009375 0.009375
0 0.6671875 0.33984375 0.0109375 0.0140625
0 0.7296875 0.33515625 0.00625 0.0140625
0 0.73671875 0.334375 0.0046875 0.009375
0 0.68359375 0.33828125 0.00625 0.0140625
0 0.753125 0.3359375 0.009375 0.009375
0 0.63359375 0.34453125 0.0109375 0.0140625
0 0.56875 0.3484375 0.0046875 0.009375
0 0.6609375 0.34453125 0.0046875 0.0046875
0 0.6078125 0.35078125 0.0109375 0.0140625
0 0.621875 0.35 0.009375 0.009375
0 0.5984375 0.3515625 0.0046875 0.009375
0 0.5828125 0.35234375 0.009375 0.009375
0 0.65625 0.35 0.0046875 0.009375
0 0.6453125 0.35078125 0.009375 0.009375
0 0.73984375 0.34375 0.0109375 0.0140625
0 0.57890625 0.3578125 0.0046875 0.009375
0 0.56953125 0.3578125 0.009375 0.009375
0 0.6296875 0.35625 0.0109375 0.0140625
0 0.59921875 0.3609375 0.009375 0.0046875
0 0.58359375 0.36171875 0.0046875 0.009375
0 0.76640625 0.35390625 0.009375 0.009375
0 0.61640625 0.36875 0.0046875 0.0046875
0 0.575 0.371875 0.00625 0.0140625
0 0.85625 0.3546875 0.0109375 0.0234375
0 0.59765625 0.37265625 0.0109375 0.0140625
0 0.6328125 0.3703125 0.0109375 0.0140625
0 0.740625 0.3625 0.0109375 0.0140625
0 0.6234375 0.3734375 0.00625 0.0140625
0 0.66484375 0.3703125 0.0109375 0.0140625
0 0.584375 0.37578125 0.009375 0.009375
0 0.55390625 0.378125 0.0109375 0.0140625
0 0.58828125 0.378125 0.0109375 0.0140625
0 0.68828125 0.37109375 0.0109375 0.0140625
0 0.73203125 0.36796875 0.0046875 0.009375
0 0.72734375 0.3703125 0.0109375 0.0140625
0 0.53125 0.384375 0.0046875 0.009375
0 0.61640625 0.378125 0.0109375 0.0140625
0 0.715625 0.3734375 0.009375 0.009375
0 0.5109375 0.38828125 0.0046875 0.009375
0 0.57109375 0.38359375 0.0109375 0.0140625
0 0.684375 0.378125 0.0109375 0.0140625
0 0.52265625 0.38984375 0.0109375 0.0140625
0 0.58046875 0.38515625 0.009375 0.009375
0 0.71875 0.37578125 0.0046875 0.009375
0 0.6515625 0.38515625 0.0109375 0.0140625
0 0.59921875 0.39140625 0.0109375 0.01875
0 0.665625 0.38671875 0.009375 0.009375
0 0.73515625 0.38203125 0.009375 0.009375
0 0.6359375 0.38828125 0.0109375 0.0140625
0 0.72578125 0.38203125 0.009375 0.009375
0 0.5046875 0.39765625 0.009375 0.009375
0 0.65859375 0.38671875 0.0109375 0.0140625
0 0.56015625 0.39609375 0.0109375 0.0140625
0 0.553125 0.396875 0.00625 0.01875
0 0.7359375 0.38671875 0.009375 0.009375
0 0.6734375 0.390625 0.0109375 0.0140625
0 0.4625 0.40546875 0.0046875 0.009375
0 0.5140625 0.40390625 0.00625 0.0140625
0 0.58125 0.40078125 0.015625 0.025
0 0.503125 0.40625 0.00625 0.0140625
0 0.6203125 0.3984375 0.0109375 0.0140625
0 0.6296875 0.39765625 0.0109375 0.0140625
0 0.49375 0.409375 0.015625 0.015625
0 0.52421875 0.4078125 0.009375 0.009375
0 0.6140625 0.4015625 0.0109375 0.0140625
0 0.59765625 0.40234375 0.009375 0.009375
0 0.73828125 0.39453125 0.009375 0.009375
0 0.459375 0.4140625 0.0109375 0.0140625
0 0.55625 0.41015625 0.009375 0.009375
0 0.60703125 0.40859375 0.0109375 0.0140625
0 0.528125 0.4140625 0.0109375 0.0140625
0 0.5375 0.41328125 0.0109375 0.0140625
0 0.46875 0.42109375 0.0109375 0.0140625
0 0.434375 0.4234375 0.0109375 0.01875
0 0.41328125 0.425 0.00625 0.0140625
0 0.5734375 0.415625 0.0109375 0.0140625
0 0.59609375 0.4140625 0.0109375 0.01875
0 0.71171875 0.40625 0.0109375 0.0140625
0 0.734375 0.40703125 0.0109375 0.0140625
0 0.74140625 0.40625 0.00625 0.0140625
0 0.50625 0.425 0.015625 0.015625
0 0.71640625 0.41015625 0.0046875 0.009375
0 0.665625 0.4140625 0.0109375 0.0140625
0 0.49453125 0.42578125 0.0109375 0.0140625
0 0.6453125 0.41796875 0.009375 0.009375
0 0.3890625 0.43828125 0.00625 0.0140625
0 0.44921875 0.43359375 0.015625 0.015625
0 0.7234375 0.41484375 0.0109375 0.0140625
0 0.428125 0.43515625 0.0109375 0.01875
0 0.54140625 0.42734375 0.015625 0.015625
0 0.48359375 0.43359375 0.0109375 0.01875
0 0.39609375 0.43984375 0.0109375 0.01875
0 0.63203125 0.4234375 0.0109375 0.0140625
0 0.4140625 0.43828125 0.0109375 0.0140625
0 0.46328125 0.4375 0.015625 0.015625
0 0.7328125 0.41875 0.0109375 0.0140625
0 0.44453125 0.4390625 0.015625 0.0203125
0 0.5765625 0.4296875 0.0109375 0.0140625
0 0.553125 0.43359375 0.0109375 0.0140625
0 0.615625 0.43125 0.00625 0.0140625
0 0.3875 0.44765625 0.0046875 0.009375
0 0.6640625 0.428125 0.0109375 0.0140625
0 0.70859375 0.42734375 0.015625 0.015625
0 0.49609375 0.4421875 0.0109375 0.01875
0 0.5265625 0.43984375 0.015625 0.025
0 0.5078125 0.44140625 0.009375 0.009375
0 0.51953125 0.44296875 0.00625 0.0140625
0 0.62109375 0.4359375 0.015625 0.015625
0 0.7765625 0.4296875 0.0203125 0.0203125
0 0.64921875 0.440625 0.015625 0.015625
0 0.73671875 0.43515625 0.0109375 0.0140625
0 0.43671875 0.45859375 0.015625 0.025
0 0.50390625 0.45390625 0.0109375 0.01875
0 0.38125 0.46171875 0.0109375 0.0140625
0 0.4734375 0.4578125 0.015625 0.015625
0 0.48984375 0.459375 0.015625 0.015625
0 0.4140625 0.46484375 0.015625 0.0203125
0 0.69609375 0.44453125 0.009375 0.009375
0 0.728125 0.446875 0.015625 0.015625
0 0.83515625 0.43984375 0.015625 0.0203125
0 0.34453125 0.47421875 0.015625 0.0203125
0 0.5984375 0.45625 0.015625 0.0203125
0 0.375 0.47421875 0.015625 0.0203125
0 0.56953125 0.4609375 0.0046875 0.009375
0 0.7015625 0.45390625 0.0109375 0.0140625
0 0.62265625 0.46328125 0.0109375 0.0140625
0 0.49375 0.47265625 0.015625 0.0203125
0 0.7453125 0.4546875 0.0109375 0.0140625
0 0.5078125 0.4734375 0.015625 0.025
0 0.44296875 0.478125 0.015625 0.025
0 0.64609375 0.46640625 0.015625 0.015625
0 0.54453125 0.4734375 0.015625 0.0203125
0 0.696875 0.46484375 0.015625 0.015625
0 0.29296875 0.4953125 0.015625 0.0203125
0 0.72734375 0.46796875 0.0109375 0.0140625
0 0.40859375 0.4921875 0.0109375 0.0234375
0 0.63984375 0.47578125 0.0109375 0.01875
0 0.73671875 0.46953125 0.0109375 0.0140625
0 0.603125 0.48125 0.015625 0.0203125
0 0.3890625 0.4984375 0.015625 0.025
0 0.45625 0.49609375 0.015625 0.025
0 0.69140625 0.4796875 0.015625 0.015625
0 0.7328125 0.47890625 0.0140625 0.0109375
0 0.24609375 0.515625 0.0203125 0.0203125
0 0.3515625 0.51015625 0.015625 0.0203125
0 0.54375 0.49921875 0.0203125 0.0296875
0 0.59921875 0.4953125 0.0109375 0.0234375
0 0.26015625 0.51875 0.015625 0.0203125
0 0.52578125 0.50078125 0.015625 0.025
0 0.74296875 0.4875 0.0109375 0.01875
0 0.78203125 0.48515625 0.0203125 0.0296875
0 0.31796875 0.51953125 0.015625 0.0203125
0 0.57265625 0.5046875 0.015625 0.025
0 0.41484375 0.515625 0.015625 0.0203125
0 0.27734375 0.5296875 0.015625 0.0203125
0 0.74375 0.50390625 0.015625 0.0203125
0 0.29375 0.5359375 0.0203125 0.0203125
0 0.515625 0.52265625 0.015625 0.025
0 0.20390625 0.54453125 0.015625 0.015625
0 0.2359375 0.5421875 0.015625 0.0203125
0 0.3359375 0.5375 0.0109375 0.01875
0 0.3171875 0.540625 0.0203125 0.025
0 0.3890625 0.5359375 0.0203125 0.0203125
0 0.53203125 0.52578125 0.015625 0.025
0 0.57421875 0.5265625 0.0109375 0.01875
0 0.5953125 0.53046875 0.015625 0.0296875
0 0.2 0.5578125 0.0203125 0.0203125
0 0.6828125 0.52421875 0.0203125 0.0296875
0 0.49609375 0.54140625 0.0203125 0.0296875
0 0.4796875 0.54296875 0.0171875 0.0421875
0 0.1453125 0.57109375 0.0203125 0.0296875
0 0.265625 0.5625 0.015625 0.025
0 0.246875 0.56640625 0.015625 0.0203125
0 0.19453125 0.575 0.0203125 0.0296875
0 0.1296875 0.58359375 0.0203125 0.0296875
0 0.34921875 0.57109375 0.015625 0.0203125
0 0.6078125 0.5578125 0.0203125 0.0203125
0 0.66796875 0.55546875 0.015625 0.025
0 0.38203125 0.57578125 0.0203125 0.0296875
0 0.2875 0.58671875 0.0203125 0.0328125
0 0.30390625 0.5859375 0.015625 0.015625
0 0.24375 0.5921875 0.0203125 0.025
0 0.11015625 0.6015625 0.015625 0.025
0 0.26484375 0.590625 0.015625 0.0203125
0 0.72265625 0.5609375 0.015625 0.025
0 0.6515625 0.56875 0.015625 0.0203125
0 0.08359375 0.6109375 0.0203125 0.025
0 0.32109375 0.59375 0.015625 0.025
0 0.690625 0.57265625 0.0203125 0.0296875
0 0.1390625 0.6140625 0.0203125 0.0203125
0 0.48984375 0.59140625 0.015625 0.0296875
0 0.72109375 0.575 0.0203125 0.0296875
0 0.33828125 0.60234375 0.015625 0.0203125
0 0.21796875 0.61328125 0.021875 0.0421875
0 0.58046875 0.5875 0.0109375 0.0328125
0 0.40546875 0.6015625 0.015625 0.0203125
0 0.2546875 0.6140625 0.0203125 0.025
0 0.615625 0.59140625 0.025 0.0296875
0 0.1859375 0.6234375 0.0203125 0.0328125
0 0.6484375 0.59140625 0.025 0.0296875
0 0.2 0.62265625 0.0203125 0.0328125
0 0.590625 0.5953125 0.0203125 0.0296875
0 0.3640625 0.61640625 0.0203125 0.025
0 0.334375 0.61796875 0.0203125 0.0296875
0 0.23984375 0.62734375 0.0203125 0.0296875
0 0.09921875 0.63671875 0.015625 0.025
0 0.13828125 0.634375 0.0203125 0.0296875
0 0.73671875 0.59921875 0.025 0.0328125
0 0.7140625 0.60078125 0.025 0.0328125
0 0.31640625 0.63125 0.0203125 0.0296875
0 0.81796875 0.5984375 0.0203125 0.0296875
0 0.16015625 0.646875 0.03125 0.0390625
0 0.42734375 0.628125 0.021875 0.0375
0 0.065625 0.65546875 0.025 0.0328125
0 0.7625 0.60703125 0.0203125 0.0203125
0 0.67734375 0.61328125 0.025 0.0328125
0 0.38671875 0.6359375 0.015625 0.0296875
0 0.28984375 0.6421875 0.0203125 0.0296875
0 0.146875 0.65703125 0.0203125 0.0296875
0 0.253125 0.65234375 0.0203125 0.0296875
0 0.44921875 0.640625 0.025 0.0296875
0 0.49140625 0.6421875 0.025 0.0296875
0 0.7734375 0.62734375 0.0203125 0.0203125
0 0.16015625 0.68125 0.0296875 0.034375
0 0.3953125 0.66484375 0.015625 0.025
0 0.26171875 0.67421875 0.0203125 0.0328125
0 0.06796875 0.6921875 0.0265625 0.0375
0 0.4609375 0.66484375 0.0203125 0.0328125
0 0.41015625 0.66875 0.025 0.0296875
0 0.21875 0.684375 0.021875 0.0375
0 0.77265625 0.64765625 0.025 0.0296875
0 0.10703125 0.69453125 0.034375 0.0390625
0 0.04375 0.70078125 0.0265625 0.0375
0 0.990625 0.63671875 0.01875 0.0578125
0 0.6390625 0.66171875 0.021875 0.0375
0 0.28125 0.68671875 0.025 0.0328125
0 0.19296875 0.6953125 0.0296875 0.034375
0 0.78984375 0.66328125 0.0203125 0.0328125
0 0.6609375 0.67421875 0.034375 0.04375
0 0.48515625 0.6890625 0.0171875 0.0375
0 0.34453125 0.70078125 0.0203125 0.0328125
0 0.23828125 0.71328125 0.0203125 0.0328125
0 0.16796875 0.72734375 0.034375 0.0390625
0 0.109375 0.73203125 0.0296875 0.034375
0 0.7640625 0.69765625 0.025 0.0328125
0 0.275 0.734375 0.0203125 0.025
0 0.309375 0.7359375 0.0296875 0.034375
0 0.35703125 0.73515625 0.025 0.0296875
0 0.79140625 0.71171875 0.021875 0.0421875
0 0.6046875 0.7265625 0.021875 0.0375
0 0.475 0.73828125 0.025 0.0328125
0 0.02734375 0.7765625 0.021875 0.0421875
0 0.17109375 0.76640625 0.0265625 0.0375
0 0.54765625 0.74296875 0.0203125 0.0296875
0 0.3734375 0.7546875 0.025 0.0328125
0 0.0921875 0.77421875 0.0359375 0.0484375
0 0.81953125 0.72578125 0.0203125 0.0328125
0 0.57578125 0.75234375 0.040625 0.053125
0 0.65 0.746875 0.0203125 0.0296875
0 0.95859375 0.728125 0.0828125 0.09375
0 0.43671875 0.7640625 0.0265625 0.0375
0 0.73671875 0.74375 0.0453125 0.0578125
0 0.8328125 0.74140625 0.0203125 0.025
0 0.25546875 0.78671875 0.034375 0.0296875
0 0.46328125 0.77421875 0.0265625 0.0375
0 0.53828125 0.7734375 0.03125 0.04375
0 0.1890625 0.7984375 0.03125 0.04375
0 0.05546875 0.8140625 0.03125 0.04375
0 0.4046875 0.7890625 0.025 0.0328125
0 0.3234375 0.79765625 0.0265625 0.0375
0 0.1328125 0.82265625 0.0359375 0.0484375
0 0.37265625 0.80546875 0.0265625 0.0421875
0 0.22578125 0.81875 0.034375 0.0390625
0 0.43359375 0.81796875 0.0265625 0.0375
0 0.4140625 0.82890625 0.025 0.0296875
0 0.18984375 0.846875 0.034375 0.0390625
0 0.05546875 0.8703125 0.0390625 0.04375
0 0.3203125 0.85390625 0.025 0.0328125
0 0.21953125 0.9 0.0390625 0.0390625
0 0.32578125 0.89765625 0.0390625 0.034375
0 0.15078125 0.9140625 0.04375 0.034375