0 0.6033653846153846 0.8485576923076923 0.25961538461538464 0.17548076923076922
0 0.07451923076923077 0.8557692307692307 0.14903846153846154 0.11057692307692307
0 0.20432692307692307 0.08052884615384616 0.052884615384615384 0.036057692307692304
0 0.14903846153846154 0.08173076923076923 0.0625 0.04567307692307692
0 0.5649038461538461 0.11298076923076923 0.052884615384615384 0.036057692307692304
0 0.9795673076923077 0.14302884615384615 0.028846153846153848 0.02403846153846154
0 0.8040865384615384 0.13341346153846154 0.0673076923076923 0.036057692307692304
0 0.6935096153846154 0.1346153846153846 0.052884615384615384 0.03125
0 0.6033653846153846 0.12860576923076922 0.03365384615384615 0.028846153846153848
0 0.25841346153846156 0.1045673076923077 0.04326923076923077 0.03125
0 0.30649038461538464 0.11298076923076923 0.057692307692307696 0.040865384615384616
0 0.8882211538461539 0.15625 0.052884615384615384 0.040865384615384616
0 0.3701923076923077 0.12980769230769232 0.08653846153846154 0.04807692307692308
0 0.2848557692307692 0.12740384615384615 0.0625 0.040865384615384616
0 0.04326923076923077 0.11177884615384616 0.036057692307692304 0.05048076923076923
0 0.13221153846153846 0.15625 0.07932692307692307 0.06009615384615385
0 0.3641826923076923 0.1814903846153846 0.10096153846153846 0.07211538461538461
0 0.4879807692307692 0.20192307692307693 0.08173076923076923 0.06009615384615385
0 0.8822115384615384 0.27163461538461536 0.04326923076923077 0.026442307692307692
0 0.20793269230769232 0.25961538461538464 0.0625 0.040865384615384616
0 0.7139423076923077 0.296875 0.04807692307692308 0.036057692307692304
0 0.828125 0.31490384615384615 0.052884615384615384 0.036057692307692304
0 0.7487980769230769 0.3112980769230769 0.057692307692307696 0.026442307692307692
0 0.6322115384615384 0.3233173076923077 0.052884615384615384 0.040865384615384616
0 0.7644230769230769 0.33774038461538464 0.057692307692307696 0.036057692307692304
0 0.8677884615384616 0.3629807692307692 0.0673076923076923 0.04567307692307692
0 0.7668269230769231 0.3701923076923077 0.052884615384615384 0.036057692307692304
0 0.6370192307692307 0.3701923076923077 0.07211538461538461 0.05048076923076923
0 0.6899038461538461 0.3737980769230769 0.057692307692307696 0.040865384615384616
0 0.984375 0.41586538461538464 0.03125 0.04807692307692308
0 0.5853365384615384 0.4362980769230769 0.0889423076923077 0.04326923076923077
0 0.3629807692307692 0.4675480769230769 0.125 0.08173076923076923
0 0.7680288461538461 0.5144230769230769 0.11538461538461539 0.08653846153846154
0 0.18389423076923078 0.47596153846153844 0.10096153846153846 0.057692307692307696
0 0.5649038461538461 0.5072115384615384 0.1201923076923077 0.09134615384615384
0 0.8966346153846154 0.5600961538461539 0.1201923076923077 0.08173076923076923
0 0.16826923076923078 0.5600961538461539 0.13701923076923078 0.10576923076923077
0 0.6622596153846154 0.6442307692307693 0.15865384615384615 0.11298076923076923
0 0.9182692307692307 0.7199519230769231 0.13942307692307693 0.09615384615384616