0 0.125 0.11298076923076923 0.027644230769230768 0.027644230769230768
0 0.31009615384615385 0.12740384615384615 0.02283653846153846 0.03245192307692308
0 0.46033653846153844 0.12740384615384615 0.018028846153846152 0.027644230769230768
0 0.18990384615384615 0.1346153846153846 0.037259615384615384 0.037259615384615384
0 0.25 0.140625 0.02283653846153846 0.018028846153846152
0 0.06490384615384616 0.140625 0.03245192307692308 0.05048076923076923
0 0.027644230769230768 0.14783653846153846 0.03245192307692308 0.046875
0 0.3545673076923077 0.1502403846153846 0.037259615384615384 0.046875
0 0.5444711538461539 0.1502403846153846 0.037259615384615384 0.06009615384615385
0 0.6478365384615384 0.15264423076923078 0.027644230769230768 0.03245192307692308
0 0.40024038461538464 0.15504807692307693 0.037259615384615384 0.055288461538461536
0 0.609375 0.15504807692307693 0.03245192307692308 0.037259615384615384
0 0.5096153846153846 0.15504807692307693 0.03245192307692308 0.055288461538461536
0 0.15985576923076922 0.15745192307692307 0.027644230769230768 0.055288461538461536
0 0.13221153846153846 0.15985576923076922 0.03245192307692308 0.05048076923076923
0 0.8028846153846154 0.1622596153846154 0.027644230769230768 0.042067307692307696
0 0.09735576923076923 0.16466346153846154 0.02283653846153846 0.03245192307692308
0 0.44711538461538464 0.16466346153846154 0.02283653846153846 0.046875
0 0.765625 0.16706730769230768 0.02283653846153846 0.027644230769230768
0 0.8305288461538461 0.16947115384615385 0.02283653846153846 0.037259615384615384
0 0.26802884615384615 0.16947115384615385 0.037259615384615384 0.046875
0 0.3125 0.171875 0.037259615384615384 0.037259615384615384
0 0.859375 0.171875 0.02283653846153846 0.03245192307692308
0 0.734375 0.171875 0.042067307692307696 0.046875
0 0.21514423076923078 0.171875 0.037259615384615384 0.05048076923076923
0 0.6550480769230769 0.1875 0.042067307692307696 0.042067307692307696
0 0.6947115384615384 0.18990384615384615 0.042067307692307696 0.055288461538461536
0 0.9747596153846154 0.19230769230769232 0.042067307692307696 0.06490384615384616
0 0.5853365384615384 0.19471153846153846 0.037259615384615384 0.06009615384615385
0 0.421875 0.19951923076923078 0.042067307692307696 0.06490384615384616
0 0.9002403846153846 0.20192307692307693 0.037259615384615384 0.055288461538461536
0 0.8028846153846154 0.21033653846153846 0.03245192307692308 0.07451923076923077
0 0.7776442307692307 0.2127403846153846 0.042067307692307696 0.055288461538461536
0 0.08052884615384616 0.2127403846153846 0.06009615384615385 0.0829326923076923
0 0.3425480769230769 0.22235576923076922 0.05048076923076923 0.055288461538461536
0 0.16947115384615385 0.23197115384615385 0.046875 0.06009615384615385
0 0.21995192307692307 0.23557692307692307 0.042067307692307696 0.046875
0 0.7451923076923077 0.24759615384615385 0.05048076923076923 0.06971153846153846
0 0.8605769230769231 0.25 0.05048076923076923 0.05048076923076923
0 0.9399038461538461 0.25240384615384615 0.055288461538461536 0.07451923076923077
0 0.6502403846153846 0.25240384615384615 0.06009615384615385 0.078125
0 0.4495192307692308 0.2848557692307692 0.06490384615384616 0.0829326923076923
0 0.390625 0.3004807692307692 0.046875 0.07451923076923077
0 0.23557692307692307 0.30288461538461536 0.06009615384615385 0.06971153846153846
0 0.33774038461538464 0.30528846153846156 0.06009615384615385 0.078125
0 0.671875 0.36778846153846156 0.06971153846153846 0.08774038461538461
0 0.5829326923076923 0.37740384615384615 0.06971153846153846 0.078125
0 0.9002403846153846 0.3798076923076923 0.06490384615384616 0.09254807692307693
0 0.7680288461538461 0.39783653846153844 0.06971153846153846 0.09254807692307693
0 0.47475961538461536 0.4026442307692308 0.07451923076923077 0.08774038461538461
0 0.25961538461538464 0.4375 0.055288461538461536 0.11538461538461539
0 0.3125 0.43990384615384615 0.0829326923076923 0.12980769230769232
0 0.7848557692307693 0.4795673076923077 0.0829326923076923 0.11538461538461539
0 0.4879807692307692 0.5372596153846154 0.10697115384615384 0.13942307692307693
0 0.8401442307692307 0.5805288461538461 0.09735576923076923 0.10697115384615384
0 0.17548076923076922 0.6045673076923077 0.10216346153846154 0.13942307692307693
0 0.8701923076923077 0.7103365384615384 0.10697115384615384 0.15264423076923078
0 0.25 0.7199519230769231 0.1346153846153846 0.16706730769230768
0 0.9675480769230769 0.7223557692307693 0.06490384615384616 0.15745192307692307
0 0.055288461538461536 0.8100961538461539 0.11057692307692307 0.18990384615384615