0 0.052884615384615384 0.10697115384615384 0.042067307692307696 0.05048076923076923
0 0.25240384615384615 0.140625 0.037259615384615384 0.05048076923076923
0 0.18269230769230768 0.15504807692307693 0.037259615384615384 0.055288461538461536
0 0.14302884615384615 0.2403846153846154 0.037259615384615384 0.055288461538461536
0 0.25721153846153844 0.03245192307692308 0.02283653846153846 0.037259615384615384
0 0.6754807692307693 0.33533653846153844 0.06490384615384616 0.08774038461538461
0 0.46033653846153844 0.042067307692307696 0.02283653846153846 0.03245192307692308
0 0.39783653846153844 0.04807692307692308 0.02283653846153846 0.02283653846153846
0 0.32211538461538464 0.04807692307692308 0.014423076923076924 0.018028846153846152
0 0.33052884615384615 0.04807692307692308 0.02283653846153846 0.046875
0 0.1971153846153846 0.04807692307692308 0.018028846153846152 0.027644230769230768
0 0.4879807692307692 0.052884615384615384 0.03245192307692308 0.03245192307692308
0 0.06971153846153846 0.052884615384615384 0.037259615384615384 0.037259615384615384
0 0.7295673076923077 0.052884615384615384 0.03245192307692308 0.046875
0 0.421875 0.057692307692307696 0.02283653846153846 0.03245192307692308
0 0.5048076923076923 0.06009615384615385 0.014423076923076924 0.018028846153846152
0 0.2848557692307692 0.06490384615384616 0.014423076923076924 0.02283653846153846
0 0.7127403846153846 0.06490384615384616 0.018028846153846152 0.027644230769230768
0 0.26802884615384615 0.0673076923076923 0.014423076923076924 0.02283653846153846
0 0.3004807692307692 0.0673076923076923 0.014423076923076924 0.014423076923076924
0 0.9675480769230769 0.0673076923076923 0.037259615384615384 0.06490384615384616
0 0.23557692307692307 0.06971153846153846 0.027644230769230768 0.037259615384615384
0 0.18269230769230768 0.07211538461538461 0.037259615384615384 0.042067307692307696
0 0.625 0.07211538461538461 0.018028846153846152 0.027644230769230768
0 0.014423076923076924 0.07451923076923077 0.027644230769230768 0.055288461538461536
0 0.09014423076923077 0.07451923076923077 0.02283653846153846 0.03245192307692308
0 0.037259615384615384 0.07692307692307693 0.018028846153846152 0.02283653846153846
0 0.7620192307692307 0.07692307692307693 0.014423076923076924 0.014423076923076924
0 0.8052884615384616 0.078125 0.014423076923076924 0.02283653846153846
0 0.5180288461538461 0.078125 0.02283653846153846 0.027644230769230768
0 0.9002403846153846 0.08052884615384616 0.014423076923076924 0.014423076923076924
0 0.48197115384615385 0.08052884615384616 0.027644230769230768 0.03245192307692308
0 0.6923076923076923 0.0829326923076923 0.018028846153846152 0.027644230769230768
0 0.7728365384615384 0.0829326923076923 0.018028846153846152 0.02283653846153846
0 0.8653846153846154 0.08774038461538461 0.042067307692307696 0.055288461538461536
0 0.13701923076923078 0.08774038461538461 0.03245192307692308 0.042067307692307696
0 0.38461538461538464 0.08774038461538461 0.03245192307692308 0.055288461538461536
0 0.5673076923076923 0.08774038461538461 0.027644230769230768 0.042067307692307696
0 0.9122596153846154 0.08774038461538461 0.014423076923076924 0.009615384615384616
0 0.6502403846153846 0.09014423076923077 0.02283653846153846 0.037259615384615384
0 0.6045673076923077 0.09254807692307693 0.027644230769230768 0.037259615384615384
0 0.7920673076923077 0.09495192307692307 0.018028846153846152 0.014423076923076924
0 0.17307692307692307 0.09735576923076923 0.037259615384615384 0.05048076923076923
0 0.43028846153846156 0.09975961538461539 0.037259615384615384 0.05048076923076923
0 0.6694711538461539 0.10216346153846154 0.027644230769230768 0.042067307692307696
0 0.8449519230769231 0.1045673076923077 0.018028846153846152 0.03245192307692308