0 0.4182692307692308 0.10817307692307693 0.009615384615384616 0.019230769230769232
0 0.8533653846153846 0.10336538461538461 0.009615384615384616 0.014423076923076924
0 0.7271634615384616 0.10576923076923077 0.014423076923076924 0.02403846153846154
0 0.6826923076923077 0.10697115384615384 0.019230769230769232 0.019230769230769232
0 0.6153846153846154 0.10697115384615384 0.014423076923076924 0.02403846153846154
0 0.7427884615384616 0.10576923076923077 0.009615384615384616 0.019230769230769232
0 0.44591346153846156 0.11177884615384616 0.019230769230769232 0.019230769230769232
0 0.46274038461538464 0.11057692307692307 0.014423076923076924 0.019230769230769232
0 0.5408653846153846 0.109375 0.02403846153846154 0.019230769230769232
0 0.7896634615384616 0.10817307692307693 0.019230769230769232 0.02403846153846154
0 0.7584134615384616 0.10817307692307693 0.014423076923076924 0.03365384615384615
0 0.3076923076923077 0.11899038461538461 0.019230769230769232 0.028846153846153848
0 0.6526442307692307 0.11298076923076923 0.02403846153846154 0.028846153846153848
0 0.3389423076923077 0.12259615384615384 0.014423076923076924 0.019230769230769232
0 0.4987980769230769 0.12259615384615384 0.019230769230769232 0.02403846153846154
0 0.7319711538461539 0.12139423076923077 0.014423076923076924 0.009615384615384616
0 0.6394230769230769 0.125 0.014423076923076924 0.02403846153846154
0 0.53125 0.13221153846153846 0.019230769230769232 0.03365384615384615
0 0.6262019230769231 0.12980769230769232 0.02403846153846154 0.02403846153846154
0 0.71875 0.12860576923076922 0.02403846153846154 0.02403846153846154
0 0.8112980769230769 0.12860576923076922 0.02403846153846154 0.019230769230769232
0 0.4170673076923077 0.13341346153846154 0.014423076923076924 0.03365384615384615
0 0.8545673076923077 0.1310096153846154 0.019230769230769232 0.04326923076923077
0 0.6045673076923077 0.13221153846153846 0.019230769230769232 0.028846153846153848
0 0.6658653846153846 0.1346153846153846 0.019230769230769232 0.03365384615384615
0 0.3088942307692308 0.14903846153846154 0.019230769230769232 0.02403846153846154
0 0.3762019230769231 0.14783653846153846 0.014423076923076924 0.03365384615384615
0 0.6514423076923077 0.14543269230769232 0.019230769230769232 0.028846153846153848
0 0.40384615384615385 0.15144230769230768 0.02403846153846154 0.03365384615384615
0 0.7463942307692307 0.14783653846153846 0.02403846153846154 0.028846153846153848
0 0.4543269230769231 0.15625 0.014423076923076924 0.02403846153846154
0 0.484375 0.15264423076923078 0.019230769230769232 0.028846153846153848
0 0.5036057692307693 0.15264423076923078 0.019230769230769232 0.028846153846153848
0 0.1658653846153846 0.15865384615384615 0.028846153846153848 0.038461538461538464
0 0.43149038461538464 0.15625 0.02403846153846154 0.03365384615384615
0 0.5564903846153846 0.15865384615384615 0.02403846153846154 0.03365384615384615
0 0.34134615384615385 0.16706730769230768 0.019230769230769232 0.03365384615384615
0 0.8088942307692307 0.16105769230769232 0.028846153846153848 0.038461538461538464
0 0.6237980769230769 0.16706730769230768 0.028846153846153848 0.03365384615384615
0 0.2644230769230769 0.17307692307692307 0.02403846153846154 0.02403846153846154
0 0.6838942307692307 0.16826923076923078 0.019230769230769232 0.028846153846153848
0 0.7043269230769231 0.16947115384615385 0.014423076923076924 0.03365384615384615
0 0.2920673076923077 0.18389423076923078 0.02403846153846154 0.028846153846153848
0 0.4495192307692308 0.18629807692307693 0.02403846153846154 0.038461538461538464
0 0.24879807692307693 0.19230769230769232 0.038461538461538464 0.02403846153846154
0 0.31971153846153844 0.19831730769230768 0.028846153846153848 0.04807692307692308
0 0.4074519230769231 0.19831730769230768 0.028846153846153848 0.03365384615384615
0 0.6622596153846154 0.19951923076923078 0.019230769230769232 0.03365384615384615
0 0.6105769230769231 0.19951923076923078 0.028846153846153848 0.03365384615384615
0 0.5925480769230769 0.20072115384615385 0.019230769230769232 0.03365384615384615
0 0.009615384615384616 0.21033653846153846 0.019230769230769232 0.06490384615384616
0 0.36778846153846156 0.20793269230769232 0.03365384615384615 0.04326923076923077
0 0.5721153846153846 0.20673076923076922 0.02403846153846154 0.019230769230769232
0 0.765625 0.21514423076923078 0.02403846153846154 0.04326923076923077
0 0.5024038461538461 0.21995192307692307 0.02403846153846154 0.04326923076923077
0 0.6983173076923077 0.21875 0.028846153846153848 0.04807692307692308
0 0.12980769230769232 0.23557692307692307 0.019230769230769232 0.014423076923076924
0 0.2548076923076923 0.23918269230769232 0.038461538461538464 0.06971153846153846
0 0.5276442307692307 0.24519230769230768 0.028846153846153848 0.04807692307692308
0 0.4423076923076923 0.2439903846153846 0.03365384615384615 0.05048076923076923
0 0.10216346153846154 0.25240384615384615 0.028846153846153848 0.04807692307692308
0 0.2980769230769231 0.2512019230769231 0.03365384615384615 0.02403846153846154
0 0.6237980769230769 0.2620192307692308 0.03365384615384615 0.055288461538461536
0 0.14182692307692307 0.27403846153846156 0.02403846153846154 0.038461538461538464
0 0.5769230769230769 0.2692307692307692 0.03365384615384615 0.05048076923076923
0 0.8389423076923077 0.2692307692307692 0.038461538461538464 0.06971153846153846
0 0.3713942307692308 0.2920673076923077 0.038461538461538464 0.05048076923076923
0 0.29447115384615385 0.2932692307692308 0.03365384615384615 0.04326923076923077
0 0.4987980769230769 0.3004807692307692 0.04326923076923077 0.055288461538461536
0 0.18389423076923078 0.3088942307692308 0.03365384615384615 0.07932692307692307
0 0.11177884615384616 0.3269230769230769 0.028846153846153848 0.055288461538461536
0 0.15985576923076922 0.34375 0.038461538461538464 0.055288461538461536
0 0.8028846153846154 0.36778846153846156 0.038461538461538464 0.06009615384615385
0 0.296875 0.4483173076923077 0.0625 0.08413461538461539
0 0.734375 0.4735576923076923 0.0625 0.08413461538461539
0 0.09495192307692307 0.49158653846153844 0.0625 0.07932692307692307
0 0.5420673076923077 0.4987980769230769 0.04807692307692308 0.06490384615384616
0 0.5697115384615384 0.09615384615384616 0.014423076923076924 0.019230769230769232
0 0.6682692307692307 0.09495192307692307 0.019230769230769232 0.009615384615384616
0 0.7055288461538461 0.09615384615384616 0.019230769230769232 0.014423076923076924
0 0.5 0.1045673076923077 0.014423076923076924 0.014423076923076924
0 0.5576923076923077 0.10336538461538461 0.019230769230769232 0.02403846153846154
0 0.6947115384615384 0.10336538461538461 0.014423076923076924 0.028846153846153848
0 0.6021634615384616 0.1045673076923077 0.014423076923076924 0.019230769230769232