0 0.8401442307692307 0.09975961538461539 0.042067307692307696 0.06490384615384616
0 0.9122596153846154 0.10216346153846154 0.05048076923076923 0.078125
0 0.6045673076923077 0.12259615384615384 0.042067307692307696 0.06971153846153846
0 0.6430288461538461 0.125 0.042067307692307696 0.06490384615384616
0 0.7019230769230769 0.12740384615384615 0.05048076923076923 0.06490384615384616
0 0.7644230769230769 0.12980769230769232 0.05048076923076923 0.06971153846153846
0 0.4675480769230769 0.13221153846153846 0.046875 0.06971153846153846
0 0.0829326923076923 0.140625 0.046875 0.06490384615384616
0 0.020432692307692308 0.140625 0.040865384615384616 0.06971153846153846
0 0.3329326923076923 0.14302884615384615 0.05048076923076923 0.06971153846153846
0 0.2644230769230769 0.14302884615384615 0.05048076923076923 0.06971153846153846
0 0.5204326923076923 0.1502403846153846 0.042067307692307696 0.05048076923076923
0 0.19230769230769232 0.16706730769230768 0.046875 0.07451923076923077
0 0.6117788461538461 0.018028846153846152 0.036057692307692304 0.036057692307692304
0 0.9723557692307693 0.21033653846153846 0.042067307692307696 0.06490384615384616
0 0.4807692307692308 0.02283653846153846 0.04326923076923077 0.04567307692307692
0 0.8497596153846154 0.22956730769230768 0.055288461538461536 0.06490384615384616
0 0.6694711538461539 0.23557692307692307 0.042067307692307696 0.055288461538461536
0 0.7548076923076923 0.24278846153846154 0.05048076923076923 0.055288461538461536
0 0.9230769230769231 0.25 0.05048076923076923 0.07451923076923077
0 0.140625 0.025240384615384616 0.042067307692307696 0.05048076923076923
0 0.46274038461538464 0.25721153846153844 0.046875 0.06971153846153846
0 0.1778846153846154 0.25961538461538464 0.042067307692307696 0.055288461538461536
0 0.25240384615384615 0.25961538461538464 0.05048076923076923 0.06971153846153846
0 0.3701923076923077 0.25961538461538464 0.055288461538461536 0.07451923076923077
0 0.2980769230769231 0.2704326923076923 0.05048076923076923 0.06971153846153846
0 0.020432692307692308 0.2704326923076923 0.040865384615384616 0.06490384615384616
0 0.8822115384615384 0.027644230769230768 0.042067307692307696 0.055288461538461536
0 0.5300480769230769 0.27283653846153844 0.046875 0.078125
0 0.5877403846153846 0.27524038461538464 0.05048076923076923 0.06490384615384616
0 0.5420673076923077 0.027644230769230768 0.046875 0.055288461538461536
0 0.3076923076923077 0.030048076923076924 0.05048076923076923 0.06009615384615385
0 0.1346153846153846 0.28966346153846156 0.042067307692307696 0.06009615384615385
0 0.171875 0.30288461538461536 0.037259615384615384 0.06490384615384616
0 0.9675480769230769 0.03245192307692308 0.046875 0.06490384615384616
0 0.21995192307692307 0.3269230769230769 0.06009615384615385 0.06971153846153846
0 0.9759615384615384 0.3449519230769231 0.04807692307692308 0.06009615384615385
0 0.765625 0.3449519230769231 0.05048076923076923 0.06009615384615385
0 0.7295673076923077 0.03485576923076923 0.05048076923076923 0.06009615384615385
0 0.8377403846153846 0.3545673076923077 0.05048076923076923 0.06009615384615385
0 0.5204326923076923 0.359375 0.046875 0.06490384615384616
0 0.6574519230769231 0.359375 0.05048076923076923 0.06971153846153846
0 0.35697115384615385 0.36538461538461536 0.05048076923076923 0.06490384615384616
0 0.265625 0.39783653846153844 0.055288461538461536 0.07451923076923077
0 0.09014423076923077 0.042067307692307696 0.05048076923076923 0.06971153846153846
0 0.4675480769230769 0.4050480769230769 0.05048076923076923 0.06971153846153846
0 0.9555288461538461 0.4230769230769231 0.046875 0.055288461538461536
0 0.14783653846153846 0.4230769230769231 0.055288461538461536 0.06490384615384616
0 0.05048076923076923 0.4326923076923077 0.06009615384615385 0.06971153846153846
0 0.8798076923076923 0.4675480769230769 0.046875 0.06971153846153846
0 0.7980769230769231 0.4723557692307692 0.06490384615384616 0.07451923076923077
0 0.9771634615384616 0.4723557692307692 0.037259615384615384 0.0829326923076923
0 0.7295673076923077 0.4723557692307692 0.05048076923076923 0.06490384615384616
0 0.18990384615384615 0.04807692307692308 0.055288461538461536 0.06490384615384616
0 0.9447115384615384 0.5096153846153846 0.055288461538461536 0.06490384615384616
0 0.4579326923076923 0.5096153846153846 0.06009615384615385 0.07451923076923077
0 0.5877403846153846 0.515625 0.05048076923076923 0.06971153846153846
0 0.6694711538461539 0.5180288461538461 0.055288461538461536 0.07451923076923077
0 0.3701923076923077 0.5276442307692307 0.046875 0.0829326923076923
0 0.025240384615384616 0.5625 0.05048076923076923 0.06490384615384616
0 0.38461538461538464 0.057692307692307696 0.05048076923076923 0.06490384615384616
0 0.19230769230769232 0.5805288461538461 0.05048076923076923 0.06971153846153846
0 0.13221153846153846 0.5949519230769231 0.06009615384615385 0.078125
0 0.9699519230769231 0.6021634615384616 0.042067307692307696 0.06971153846153846
0 0.8701923076923077 0.640625 0.05048076923076923 0.07451923076923077
0 0.6526442307692307 0.6430288461538461 0.06009615384615385 0.06971153846153846
0 0.734375 0.6574519230769231 0.05048076923076923 0.06490384615384616
0 0.5805288461538461 0.6694711538461539 0.06009615384615385 0.0829326923076923
0 0.4795673076923077 0.6826923076923077 0.06971153846153846 0.0829326923076923
0 0.2848557692307692 0.6971153846153846 0.06009615384615385 0.08774038461538461
0 0.3954326923076923 0.7019230769230769 0.06009615384615385 0.08774038461538461
0 0.19951923076923078 0.7151442307692307 0.06490384615384616 0.08774038461538461
0 0.1502403846153846 0.7247596153846154 0.06009615384615385 0.06490384615384616
0 0.025240384615384616 0.734375 0.05048076923076923 0.0829326923076923
0 0.2824519230769231 0.07451923076923077 0.037259615384615384 0.05048076923076923
0 0.08533653846153846 0.7475961538461539 0.06009615384615385 0.0829326923076923
0 0.9026442307692307 0.7800480769230769 0.06009615384615385 0.07451923076923077
0 0.7055288461538461 0.7824519230769231 0.06490384615384616 0.06971153846153846
0 0.5925480769230769 0.8004807692307693 0.06490384615384616 0.07451923076923077
0 0.7776442307692307 0.8245192307692307 0.06009615384615385 0.07451923076923077
0 0.4495192307692308 0.8353365384615384 0.055288461538461536 0.07451923076923077
0 0.8473557692307693 0.8545673076923077 0.06009615384615385 0.06009615384615385
0 0.359375 0.875 0.06490384615384616 0.06971153846153846
0 0.234375 0.8846153846153846 0.06009615384615385 0.055288461538461536
0 0.02283653846153846 0.8858173076923077 0.04567307692307692 0.06009615384615385
0 0.1201923076923077 0.8870192307692307 0.06009615384615385 0.055288461538461536