0 0.24765625 0.1 0.0359375 0.03125
0 0.684375 0.04609375 0.034375 0.0265625
0 0.74140625 0.0390625 0.034375 0.0265625
0 0.05234375 0.7859375 0.046875 0.046875
0 0.0046875 0.13359375 0.009375 0.0265625
0 0.2875 0.76640625 0.040625 0.0328125
0 0.15234375 0.11640625 0.0390625 0.028125
0 0.878125 0.75390625 0.0546875 0.0421875
0 0.63046875 0.78671875 0.05 0.0421875
0 0.98671875 0.74453125 0.0265625 0.0421875
0 0.7484375 0.775 0.0453125 0.0375
0 0.3390625 0.84375 0.05 0.0375
0 0.53984375 0.8265625 0.0453125 0.0375
0 0.1984375 0.8734375 0.0546875 0.0375
0 0.07109375 0.89609375 0.0546875 0.0421875
0 0.77578125 0.81328125 0.0546875 0.0421875
0 0.4328125 0.8625 0.0546875 0.0375
0 0.490625 0.1046875 0.0359375 0.03125
0 0.87734375 0.059375 0.0390625 0.028125
0 0.00859375 0.1671875 0.0171875 0.03125
0 0.40703125 0.11953125 0.03125 0.0265625
0 0.57890625 0.0984375 0.04375 0.0328125
0 0.31953125 0.1328125 0.040625 0.0328125
0 0.7171875 0.0859375 0.034375 0.0265625
0 0.64140625 0.0953125 0.034375 0.0265625
0 0.1984375 0.15234375 0.040625 0.0328125
0 0.76640625 0.08671875 0.0390625 0.028125
0 0.03203125 0.18203125 0.034375 0.0265625
0 0.03828125 0.0671875 0.034375 0.0265625
0 0.13515625 0.1859375 0.0359375 0.03125
0 0.46171875 0.01484375 0.03125 0.0265625
0 0.87421875 0.10859375 0.040625 0.0328125
0 0.54453125 0.00859375 0.0203125 0.0171875
0 0.61328125 0.00859375 0.0359375 0.0171875
0 0.06328125 0.2125 0.015625 0.0109375
0 0.034375 0.22109375 0.034375 0.021875
0 0.7171875 0.1421875 0.034375 0.0265625
0 0.13125 0.06015625 0.0390625 0.0234375
0 0.32421875 0.1921875 0.040625 0.0328125
0 0.08828125 0.2265625 0.04375 0.0328125
0 0.64921875 0.15703125 0.040625 0.0328125
0 0.2109375 0.21328125 0.040625 0.0328125
0 0.93671875 0.12421875 0.04375 0.0328125
0 0.528125 0.17734375 0.04375 0.0328125
0 0.45 0.1890625 0.040625 0.0328125
0 0.8 0.14609375 0.034375 0.0265625
0 0.3453125 0.22578125 0.0390625 0.0234375
0 0.56796875 0.01171875 0.0390625 0.0234375
0 0.89296875 0.16953125 0.0390625 0.028125
0 0.44375 0.23125 0.040625 0.0328125
0 0.82578125 0.1890625 0.040625 0.0328125
0 0.50625 0.23046875 0.040625 0.0328125
0 0.890625 0.18828125 0.0390625 0.028125
0 0.68046875 0.21640625 0.034375 0.0265625
0 0.15625 0.28359375 0.040625 0.0328125
0 0.76015625 0.209375 0.0359375 0.03125
0 0.21875 0.28046875 0.0390625 0.028125
0 0.05625 0.3 0.04375 0.028125
0 0.30390625 0.26953125 0.040625 0.0328125
0 0.6234375 0.23046875 0.034375 0.0265625
0 0.56796875 0.23984375 0.034375 0.0265625
0 0.3640625 0.2671875 0.040625 0.0328125
0 0.49921875 0.02265625 0.0359375 0.03125
0 0.5890625 0.015625 0.040625 0.03125
0 0.05859375 0.08125 0.0359375 0.03125
0 0.778125 0.25546875 0.034375 0.0265625
0 0.9546875 0.234375 0.03125 0.03125
0 0.684375 0.26953125 0.04375 0.0328125
0 0.4265625 0.3015625 0.04375 0.028125
0 0.18984375 0.06484375 0.0359375 0.03125
0 0.53046875 0.290625 0.0453125 0.0375
0 0.87109375 0.2515625 0.0453125 0.0375
0 0.30859375 0.32734375 0.0390625 0.028125
0 0.6078125 0.2953125 0.040625 0.0328125
0 0.1 0.36015625 0.05 0.0375
0 0.18046875 0.3671875 0.0453125 0.0375
0 0.83984375 0.30625 0.0453125 0.0375
0 0.5578125 0.0234375 0.0296875 0.021875
0 0.9578125 0.296875 0.0453125 0.0421875
0 0.65 0.3390625 0.04375 0.028125
0 0.759375 0.328125 0.0359375 0.03125
0 0.32890625 0.38359375 0.040625 0.0328125
0 0.54609375 0.36171875 0.034375 0.0265625
0 0.45625 0.37265625 0.04375 0.028125
0 0.365625 0.409375 0.04375 0.028125
0 0.10390625 0.44609375 0.034375 0.0265625
0 0.14609375 0.44375 0.05 0.0375
0 0.040625 0.4609375 0.04375 0.0328125
0 0.953125 0.3671875 0.040625 0.0328125
0 0.15 0.08125 0.034375 0.0265625
0 0.28203125 0.45703125 0.0453125 0.0421875
0 0.21953125 0.075 0.0296875 0.021875
0 0.57265625 0.4234375 0.0453125 0.0375
0 0.8640625 0.38984375 0.040625 0.0328125
0 0.4859375 0.44609375 0.040625 0.040625
0 0.7421875 0.41875 0.040625 0.0328125
0 0.37109375 0.47421875 0.034375 0.0265625
0 0.1578125 0.5046875 0.0359375 0.0359375
0 0.04375 0.52734375 0.0453125 0.0421875
0 0.1140625 0.09453125 0.0390625 0.028125
0 0.68203125 0.4796875 0.040625 0.0328125
0 0.37734375 0.5265625 0.053125 0.034375
0 0.253125 0.5421875 0.0453125 0.0375
0 0.5828125 0.50625 0.0453125 0.0375
0 0.7875 0.4859375 0.040625 0.0328125
0 0.915625 0.4703125 0.040625 0.0328125
0 0.47265625 0.525 0.040625 0.0328125
0 0.07578125 0.57578125 0.0484375 0.0328125
0 0.52421875 0.046875 0.0359375 0.0359375
0 0.18828125 0.584375 0.040625 0.0328125
0 0.80390625 0.01484375 0.034375 0.0265625
0 0.728125 0.0265625 0.034375 0.0265625
0 0.88203125 0.0125 0.0359375 0.025
0 0.42734375 0.6109375 0.0453125 0.0375
0 0.52421875 0.6015625 0.0453125 0.0375
0 0.6234375 0.5921875 0.04375 0.0328125
0 0.96796875 0.54921875 0.04375 0.0328125
0 0.79609375 0.58046875 0.05 0.0375
0 0.26875 0.64765625 0.0453125 0.0375
0 0.90078125 0.571875 0.04375 0.0328125
0 0.70546875 0.5984375 0.0453125 0.0375
0 0.1484375 0.6765625 0.0453125 0.0375
0 0.465625 0.06328125 0.040625 0.0328125
0 0.346875 0.65859375 0.040625 0.0328125
0 0.3203125 0.08359375 0.0359375 0.0359375
0 0.08828125 0.6953125 0.0453125 0.0421875
0 0.35078125 0.0796875 0.034375 0.021875
0 0.62109375 0.046875 0.0359375 0.03125
0 0.39453125 0.0765625 0.0390625 0.028125
0 0.0703125 0.11640625 0.03125 0.0265625
0 0.63515625 0.67265625 0.05 0.0375
0 0.95 0.63359375 0.05 0.0421875
0 0.7625 0.6640625 0.040625 0.040625
0 0.55 0.69453125 0.04375 0.0328125
0 0.8625 0.65859375 0.05 0.0375
0 0.03671875 0.12578125 0.034375 0.0265625
0 0.3140625 0.7328125 0.053125 0.034375
0 0.43359375 0.72265625 0.040625 0.0328125
0 0.18203125 0.75859375 0.05 0.0375