0 0.734375 0.05889423076923077 0.04567307692307692 0.06009615384615385
0 0.0985576923076923 0.1935096153846154 0.040865384615384616 0.08653846153846154
0 0.06850961538461539 0.18870192307692307 0.052884615384615384 0.10096153846153846
0 0.3317307692307692 0.22956730769230768 0.040865384615384616 0.08653846153846154
0 0.6009615384615384 0.27524038461538464 0.055288461538461536 0.07211538461538461
0 0.5805288461538461 0.27403846153846156 0.036057692307692304 0.08653846153846154
0 0.49038461538461536 0.25961538461538464 0.040865384615384616 0.06490384615384616
0 0.25721153846153844 0.22956730769230768 0.04567307692307692 0.08653846153846154
0 0.65625 0.29447115384615385 0.04807692307692308 0.06971153846153846
0 0.9206730769230769 0.34134615384615385 0.05048076923076923 0.09134615384615384
0 0.5504807692307693 0.296875 0.05048076923076923 0.09615384615384616
0 0.3737980769230769 0.27163461538461536 0.04567307692307692 0.08653846153846154
0 0.046875 0.22235576923076922 0.028846153846153848 0.07692307692307693
0 0.21754807692307693 0.25600961538461536 0.055288461538461536 0.0889423076923077
0 0.7259615384615384 0.33653846153846156 0.04567307692307692 0.08653846153846154
0 0.30649038461538464 0.2824519230769231 0.038461538461538464 0.07211538461538461
0 0.7872596153846154 0.3581730769230769 0.057692307692307696 0.10817307692307693
0 0.13822115384615385 0.2548076923076923 0.040865384615384616 0.06009615384615385
0 0.6947115384615384 0.35096153846153844 0.05048076923076923 0.09615384615384616
0 0.17307692307692307 0.2704326923076923 0.04567307692307692 0.09615384615384616
0 0.9387019230769231 0.09615384615384616 0.038461538461538464 0.0673076923076923
0 0.6033653846153846 0.34134615384615385 0.04807692307692308 0.10576923076923077
0 0.6634615384615384 0.359375 0.05048076923076923 0.11538461538461539
0 0.8389423076923077 0.3918269230769231 0.04807692307692308 0.10096153846153846
0 0.4675480769230769 0.33774038461538464 0.04807692307692308 0.10096153846153846
0 0.25841346153846156 0.31009615384615385 0.052884615384615384 0.10096153846153846
0 0.6310096153846154 0.36899038461538464 0.04807692307692308 0.11057692307692307
0 0.5576923076923077 0.038461538461538464 0.03365384615384615 0.0673076923076923
0 0.28846153846153844 0.016826923076923076 0.04326923076923077 0.03365384615384615
0 0.6514423076923077 0.055288461538461536 0.036057692307692304 0.0625
0 0.046875 0.2800480769230769 0.05048076923076923 0.10576923076923077
0 0.8557692307692307 0.40865384615384615 0.038461538461538464 0.08173076923076923
0 0.09975961538461539 0.2920673076923077 0.04326923076923077 0.10576923076923077
0 0.4326923076923077 0.3473557692307692 0.04326923076923077 0.07932692307692307
0 0.3858173076923077 0.34375 0.052884615384615384 0.07451923076923077
0 0.5516826923076923 0.36899038461538464 0.05048076923076923 0.09615384615384616
0 0.9326923076923077 0.4326923076923077 0.05048076923076923 0.09615384615384616
0 0.34615384615384615 0.35096153846153844 0.04326923076923077 0.08173076923076923
0 0.75 0.4206730769230769 0.05048076923076923 0.09615384615384616
0 0.9807692307692307 0.4567307692307692 0.038461538461538464 0.11538461538461539
0 0.19471153846153846 0.33533653846153844 0.04326923076923077 0.07451923076923077
0 0.5084134615384616 0.38461538461538464 0.04567307692307692 0.09615384615384616
0 0.3125 0.35336538461538464 0.040865384615384616 0.09134615384615384
0 0.13581730769230768 0.328125 0.055288461538461536 0.09375
0 0.22235576923076922 0.3545673076923077 0.04567307692307692 0.09615384615384616
0 0.9050480769230769 0.4891826923076923 0.055288461538461536 0.0985576923076923
0 0.17307692307692307 0.375 0.04807692307692308 0.10096153846153846
0 0.11057692307692307 0.37259615384615385 0.04567307692307692 0.09134615384615384
0 0.6117788461538461 0.4639423076923077 0.057692307692307696 0.11298076923076923
0 0.8112980769230769 0.5048076923076923 0.05048076923076923 0.09615384615384616
0 0.5745192307692307 0.47115384615384615 0.05048076923076923 0.09134615384615384
0 0.08533653846153846 0.39663461538461536 0.04567307692307692 0.09615384615384616
0 0.7728365384615384 0.5084134615384616 0.05048076923076923 0.09134615384615384
0 0.8401442307692307 0.09615384615384616 0.04567307692307692 0.09615384615384616
0 0.6694711538461539 0.5120192307692307 0.04567307692307692 0.08653846153846154
0 0.4375 0.4807692307692308 0.04567307692307692 0.09134615384615384
0 0.4735576923076923 0.4879807692307692 0.040865384615384616 0.055288461538461536
0 0.7427884615384616 0.5336538461538461 0.052884615384615384 0.10096153846153846
0 0.20192307692307693 0.4483173076923077 0.052884615384615384 0.11057692307692307
0 0.5180288461538461 0.5 0.06009615384615385 0.0889423076923077
0 0.7512019230769231 0.08413461538461539 0.038461538461538464 0.0673076923076923
0 0.30288461538461536 0.46875 0.03125 0.057692307692307696
0 0.36538461538461536 0.49278846153846156 0.03125 0.0625
0 0.9146634615384616 0.5865384615384616 0.057692307692307696 0.10336538461538461
0 0.5408653846153846 0.5276442307692307 0.036057692307692304 0.0625
0 0.875 0.5877403846153846 0.04567307692307692 0.09134615384615384
0 0.7151442307692307 0.5649038461538461 0.052884615384615384 0.10096153846153846
0 0.41225961538461536 0.5216346153846154 0.04326923076923077 0.07451923076923077
0 0.05048076923076923 0.4639423076923077 0.04567307692307692 0.09134615384615384
0 0.2644230769230769 0.5024038461538461 0.04807692307692308 0.10576923076923077
0 0.6538461538461539 0.5649038461538461 0.04807692307692308 0.07932692307692307
0 0.08052884615384616 0.47836538461538464 0.052884615384615384 0.10576923076923077
0 0.8016826923076923 0.5925480769230769 0.03365384615384615 0.0673076923076923
0 0.5757211538461539 0.5661057692307693 0.05048076923076923 0.09615384615384616
0 0.29927884615384615 0.5240384615384616 0.03365384615384615 0.0673076923076923
0 0.44471153846153844 0.546875 0.04326923076923077 0.06971153846153846
0 0.16466346153846154 0.5048076923076923 0.055288461538461536 0.09375
0 0.6935096153846154 0.5913461538461539 0.05048076923076923 0.09134615384615384
0 0.5144230769230769 0.5709134615384616 0.04807692307692308 0.06971153846153846
0 0.1141826923076923 0.5072115384615384 0.052884615384615384 0.11057692307692307
0 0.47716346153846156 0.5673076923076923 0.055288461538461536 0.0889423076923077
0 0.31850961538461536 0.5492788461538461 0.03365384615384615 0.0673076923076923
0 0.8425480769230769 0.6334134615384616 0.04567307692307692 0.09615384615384616
0 0.38221153846153844 0.5625 0.04326923076923077 0.06971153846153846
0 0.9399038461538461 0.6538461538461539 0.04567307692307692 0.09134615384615384
0 0.7644230769230769 0.6358173076923077 0.057692307692307696 0.11298076923076923
0 0.9651442307692307 0.6670673076923077 0.040865384615384616 0.12259615384615384
0 0.019230769230769232 0.5192307692307693 0.038461538461538464 0.11057692307692307
0 0.7908653846153846 0.10096153846153846 0.04326923076923077 0.07932692307692307
0 0.35096153846153844 0.5793269230769231 0.05048076923076923 0.09134615384615384
0 0.4266826923076923 0.6129807692307693 0.040865384615384616 0.09615384615384616
0 0.5108173076923077 0.06129807692307692 0.03365384615384615 0.07692307692307693
0 0.24759615384615385 0.5889423076923077 0.04567307692307692 0.08653846153846154
0 0.7151442307692307 0.6658653846153846 0.04807692307692308 0.10096153846153846
0 0.8930288461538461 0.6959134615384616 0.057692307692307696 0.11298076923076923
0 0.6430288461538461 0.6634615384615384 0.04326923076923077 0.11057692307692307
0 0.5024038461538461 0.6430288461538461 0.052884615384615384 0.11057692307692307
0 0.5444711538461539 0.6490384615384616 0.052884615384615384 0.10576923076923077
0 0.6694711538461539 0.08653846153846154 0.036057692307692304 0.0625
0 0.2247596153846154 0.6081730769230769 0.052884615384615384 0.10096153846153846
0 0.1778846153846154 0.6009615384615384 0.040865384615384616 0.08653846153846154
0 0.3112980769230769 0.6225961538461539 0.04807692307692308 0.10576923076923077
0 0.6213942307692307 0.6766826923076923 0.04807692307692308 0.11057692307692307
0 0.8016826923076923 0.7067307692307693 0.057692307692307696 0.11298076923076923
0 0.4543269230769231 0.6574519230769231 0.052884615384615384 0.10096153846153846
0 0.6646634615384616 0.6923076923076923 0.04326923076923077 0.10576923076923077
0 0.39663461538461536 0.6526442307692307 0.04807692307692308 0.10576923076923077
0 0.9879807692307693 0.14182692307692307 0.02403846153846154 0.10096153846153846
0 0.265625 0.6478365384615384 0.04807692307692308 0.10096153846153846
0 0.35697115384615385 0.6814903846153846 0.057692307692307696 0.11298076923076923
0 0.11538461538461539 0.6442307692307693 0.057692307692307696 0.10336538461538461
0 0.004807692307692308 0.6274038461538461 0.009615384615384616 0.11057692307692307
0 0.39783653846153844 0.6995192307692307 0.040865384615384616 0.09134615384615384
0 0.15504807692307693 0.6658653846153846 0.057692307692307696 0.11538461538461539
0 0.19591346153846154 0.6766826923076923 0.057692307692307696 0.11298076923076923
0 0.24519230769230768 0.6875 0.057692307692307696 0.11298076923076923
0 0.6286057692307693 0.08774038461538461 0.040865384615384616 0.09615384615384616
0 0.4387019230769231 0.05889423076923077 0.03365384615384615 0.07211538461538461
0 0.859375 0.7920673076923077 0.06490384615384616 0.12980769230769232
0 0.027644230769230768 0.6682692307692307 0.055288461538461536 0.08173076923076923
0 0.9194711538461539 0.13581730769230768 0.055288461538461536 0.0889423076923077
0 0.29086538461538464 0.7223557692307693 0.052884615384615384 0.10096153846153846
0 0.9362980769230769 0.8269230769230769 0.04567307692307692 0.12259615384615384
0 0.007211538461538462 0.6826923076923077 0.014423076923076924 0.09134615384615384
0 0.6742788461538461 0.8040865384615384 0.057692307692307696 0.11298076923076923
0 0.7319711538461539 0.828125 0.055288461538461536 0.11538461538461539
0 0.3918269230769231 0.057692307692307696 0.04567307692307692 0.09615384615384616
0 0.0625 0.7367788461538461 0.057692307692307696 0.11298076923076923
0 0.0829326923076923 0.7524038461538461 0.04807692307692308 0.10096153846153846
0 0.11658653846153846 0.7608173076923077 0.057692307692307696 0.11298076923076923
0 0.5793269230769231 0.09014423076923077 0.038461538461538464 0.08173076923076923
0 0.018028846153846152 0.7644230769230769 0.036057692307692304 0.11538461538461539
0 0.6201923076923077 0.8786057692307693 0.057692307692307696 0.11298076923076923
0 0.7884615384615384 0.9134615384615384 0.040865384615384616 0.09615384615384616
0 0.3173076923076923 0.8413461538461539 0.055288461538461536 0.1201923076923077
0 0.19951923076923078 0.8269230769230769 0.04807692307692308 0.11057692307692307
0 0.5661057692307693 0.8978365384615384 0.05048076923076923 0.09615384615384616
0 0.4110576923076923 0.8834134615384616 0.055288461538461536 0.11538461538461539
0 0.44471153846153844 0.8966346153846154 0.052884615384615384 0.11057692307692307
0 0.15625 0.8533653846153846 0.04807692307692308 0.10096153846153846
0 0.25600961538461536 0.8737980769230769 0.05048076923076923 0.09134615384615384
0 0.6826923076923077 0.9411057692307693 0.055288461538461536 0.0985576923076923
0 0.7427884615384616 0.9579326923076923 0.057692307692307696 0.08413461538461539
0 0.4795673076923077 0.9495192307692307 0.038461538461538464 0.08173076923076923
0 0.8834134615384616 0.984375 0.055288461538461536 0.03125
0 0.8125 0.9879807692307693 0.052884615384615384 0.02403846153846154
0 0.5192307692307693 0.9675480769230769 0.04326923076923077 0.06490384615384616
0 0.5913461538461539 0.9747596153846154 0.052884615384615384 0.05048076923076923
0 0.6706730769230769 0.9915865384615384 0.04807692307692308 0.016826923076923076
0 0.18028846153846154 0.057692307692307696 0.05048076923076923 0.09615384615384616
0 0.8521634615384616 0.17427884615384615 0.040865384615384616 0.055288461538461536
0 0.08653846153846154 0.06009615384615385 0.04807692307692308 0.10576923076923077
0 0.12620192307692307 0.07572115384615384 0.040865384615384616 0.09615384615384616
0 0.7439903846153846 0.17307692307692307 0.055288461538461536 0.0985576923076923
0 0.30528846153846156 0.1045673076923077 0.057692307692307696 0.10336538461538461
0 0.6550480769230769 0.16105769230769232 0.05048076923076923 0.09615384615384616
0 0.45913461538461536 0.13221153846153846 0.04326923076923077 0.07932692307692307
0 0.25600961538461536 0.1045673076923077 0.052884615384615384 0.11057692307692307
0 0.34975961538461536 0.12259615384615384 0.052884615384615384 0.10096153846153846
0 0.2091346153846154 0.10216346153846154 0.057692307692307696 0.11298076923076923
0 0.4110576923076923 0.1346153846153846 0.04807692307692308 0.10576923076923077
0 0.5300480769230769 0.1622596153846154 0.04567307692307692 0.09615384615384616
0 0.7067307692307693 0.19831730769230768 0.052884615384615384 0.11057692307692307
0 0.7644230769230769 0.22115384615384615 0.057692307692307696 0.11298076923076923
0 0.8834134615384616 0.24158653846153846 0.057692307692307696 0.11298076923076923
0 0.3269230769230769 0.15384615384615385 0.04567307692307692 0.08653846153846154
0 0.5805288461538461 0.19831730769230768 0.052884615384615384 0.10576923076923077
0 0.625 0.20793269230769232 0.038461538461538464 0.07692307692307693
0 0.49759615384615385 0.20673076923076922 0.036057692307692304 0.06009615384615385
0 0.8413461538461539 0.26322115384615385 0.04807692307692308 0.10096153846153846
0 0.5396634615384616 0.21754807692307693 0.038461538461538464 0.07211538461538461
0 0.9867788461538461 0.2980769230769231 0.026442307692307692 0.1201923076923077
0 0.3401442307692308 0.010817307692307692 0.036057692307692304 0.021634615384615384
0 0.29447115384615385 0.19951923076923078 0.04326923076923077 0.08173076923076923
0 0.14783653846153846 0.17668269230769232 0.055288461538461536 0.0985576923076923
0 0.4375 0.22956730769230768 0.05048076923076923 0.09134615384615384
0 0.21153846153846154 0.19591346153846154 0.055288461538461536 0.0889423076923077