0 0.054086538461538464 0.10336538461538461 0.04807692307692308 0.06971153846153846
0 0.32211538461538464 0.34134615384615385 0.03365384615384615 0.0625
0 0.109375 0.3786057692307692 0.03365384615384615 0.0673076923076923
0 0.05889423076923077 0.4014423076923077 0.03365384615384615 0.0673076923076923
0 0.3737980769230769 0.34615384615384615 0.03365384615384615 0.0673076923076923
0 0.6983173076923077 0.29086538461538464 0.026442307692307692 0.05048076923076923
0 0.5276442307692307 0.3233173076923077 0.026442307692307692 0.052884615384615384
0 0.49038461538461536 0.3293269230769231 0.026442307692307692 0.052884615384615384
0 0.4338942307692308 0.34134615384615385 0.036057692307692304 0.06009615384615385
0 0.8930288461538461 0.265625 0.036057692307692304 0.07692307692307693
0 0.5829326923076923 0.3233173076923077 0.04567307692307692 0.08173076923076923
0 0.23317307692307693 0.38461538461538464 0.03365384615384615 0.0673076923076923
0 0.32091346153846156 0.05889423076923077 0.026442307692307692 0.052884615384615384
0 0.4795673076923077 0.34375 0.026442307692307692 0.052884615384615384
0 0.7584134615384616 0.296875 0.038461538461538464 0.06971153846153846
0 0.21153846153846154 0.41947115384615385 0.038461538461538464 0.07451923076923077
0 0.27283653846153844 0.4110576923076923 0.04567307692307692 0.08173076923076923
0 0.7487980769230769 0.014423076923076924 0.040865384615384616 0.028846153846153848
0 0.35096153846153844 0.4014423076923077 0.040865384615384616 0.07932692307692307
0 0.40865384615384615 0.3942307692307692 0.03365384615384615 0.0673076923076923
0 0.109375 0.44711538461538464 0.040865384615384616 0.07932692307692307
0 0.8713942307692307 0.3125 0.036057692307692304 0.07692307692307693
0 0.671875 0.35216346153846156 0.040865384615384616 0.08173076923076923
0 0.7223557692307693 0.3485576923076923 0.04326923076923077 0.06971153846153846
0 0.8413461538461539 0.3293269230769231 0.02403846153846154 0.052884615384615384
0 0.9519230769230769 0.3112980769230769 0.026442307692307692 0.057692307692307696
0 0.7788461538461539 0.34975961538461536 0.03125 0.057692307692307696
0 0.796875 0.006009615384615385 0.026442307692307692 0.01201923076923077
0 0.08052884615384616 0.4795673076923077 0.03365384615384615 0.07211538461538461
0 0.48677884615384615 0.4230769230769231 0.03365384615384615 0.0673076923076923
0 0.5336538461538461 0.4206730769230769 0.026442307692307692 0.052884615384615384
0 0.40865384615384615 0.44350961538461536 0.03365384615384615 0.0673076923076923
0 0.15745192307692307 0.48677884615384615 0.040865384615384616 0.08173076923076923
0 0.8401442307692307 0.3737980769230769 0.026442307692307692 0.057692307692307696
0 0.9242788461538461 0.36177884615384615 0.03365384615384615 0.0625
0 0.23677884615384615 0.4855769230769231 0.03365384615384615 0.0673076923076923
0 0.010817307692307692 0.53125 0.021634615384615384 0.07692307692307693
0 0.640625 0.421875 0.040865384615384616 0.07932692307692307
0 0.5721153846153846 0.4338942307692308 0.03365384615384615 0.0625
0 0.7920673076923077 0.39783653846153844 0.03365384615384615 0.0625
0 0.32211538461538464 0.4795673076923077 0.040865384615384616 0.08173076923076923
0 0.7355769230769231 0.4110576923076923 0.026442307692307692 0.057692307692307696
0 0.07211538461538461 0.5396634615384616 0.04807692307692308 0.09615384615384616
0 0.8317307692307693 0.40625 0.028846153846153848 0.0673076923076923
0 0.5108173076923077 0.039663461538461536 0.03365384615384615 0.0625
0 0.5372596153846154 0.4675480769230769 0.03365384615384615 0.0625
0 0.4495192307692308 0.5012019230769231 0.040865384615384616 0.07932692307692307
0 0.40625 0.5144230769230769 0.03125 0.07932692307692307
0 0.6021634615384616 0.026442307692307692 0.03125 0.052884615384615384
0 0.30288461538461536 0.5324519230769231 0.03125 0.057692307692307696
0 0.265625 0.5408653846153846 0.04567307692307692 0.07932692307692307
0 0.6923076923076923 0.47115384615384615 0.03365384615384615 0.07211538461538461
0 0.9759615384615384 0.4230769230769231 0.026442307692307692 0.057692307692307696
0 0.7728365384615384 0.46153846153846156 0.038461538461538464 0.06490384615384616
0 0.04447115384615385 0.6057692307692307 0.028846153846153848 0.07211538461538461
0 0.421875 0.06009615384615385 0.036057692307692304 0.055288461538461536
0 0.375 0.06850961538461539 0.026442307692307692 0.052884615384615384
0 0.6334134615384616 0.5072115384615384 0.03365384615384615 0.0673076923076923
0 0.15144230769230768 0.5925480769230769 0.04807692307692308 0.09615384615384616
0 0.5745192307692307 0.5216346153846154 0.03365384615384615 0.0625
0 0.9302884615384616 0.4735576923076923 0.03365384615384615 0.0673076923076923
0 0.5997596153846154 0.5336538461538461 0.03365384615384615 0.0673076923076923
0 0.3425480769230769 0.5841346153846154 0.040865384615384616 0.07932692307692307
0 0.46153846153846156 0.055288461538461536 0.040865384615384616 0.06009615384615385
0 0.7163461538461539 0.5300480769230769 0.038461538461538464 0.06971153846153846
0 0.4651442307692308 0.5745192307692307 0.03125 0.07692307692307693
0 0.9771634615384616 0.48677884615384615 0.038461538461538464 0.06971153846153846
0 0.8269230769230769 0.5132211538461539 0.026442307692307692 0.057692307692307696
0 0.6622596153846154 0.5420673076923077 0.036057692307692304 0.07692307692307693
0 0.40384615384615385 0.5925480769230769 0.040865384615384616 0.07932692307692307
0 0.7740384615384616 0.5276442307692307 0.026442307692307692 0.057692307692307696
0 0.9170673076923077 0.5048076923076923 0.038461538461538464 0.07451923076923077
0 0.8810096153846154 0.5144230769230769 0.028846153846153848 0.0625
0 0.07932692307692307 0.6586538461538461 0.040865384615384616 0.08173076923076923
0 0.3125 0.6225961538461539 0.03365384615384615 0.0673076923076923
0 0.5240384615384616 0.5925480769230769 0.036057692307692304 0.07692307692307693
0 0.1814903846153846 0.6778846153846154 0.028846153846153848 0.07211538461538461
0 0.13341346153846154 0.6862980769230769 0.036057692307692304 0.07692307692307693
0 0.8641826923076923 0.5673076923076923 0.036057692307692304 0.05048076923076923
0 0.6514423076923077 0.6129807692307693 0.036057692307692304 0.07692307692307693
0 0.24759615384615385 0.6838942307692307 0.04567307692307692 0.07932692307692307
0 0.765625 0.5925480769230769 0.03365384615384615 0.0673076923076923
0 0.35096153846153844 0.6658653846153846 0.040865384615384616 0.08173076923076923
0 0.7235576923076923 0.6021634615384616 0.03125 0.052884615384615384
0 0.5685096153846154 0.6310096153846154 0.036057692307692304 0.07692307692307693
0 0.9206730769230769 0.578125 0.04567307692307692 0.08173076923076923
0 0.5865384615384616 0.04567307692307692 0.03125 0.052884615384615384
0 0.5096153846153846 0.65625 0.028846153846153848 0.07211538461538461
0 0.9723557692307693 0.5793269230769231 0.040865384615384616 0.08173076923076923
0 0.31490384615384615 0.7043269230769231 0.026442307692307692 0.05048076923076923
0 0.8353365384615384 0.6165865384615384 0.04567307692307692 0.07932692307692307
0 0.48677884615384615 0.6826923076923077 0.03125 0.07692307692307693
0 0.5504807692307693 0.6814903846153846 0.028846153846153848 0.0673076923076923
0 0.17307692307692307 0.7524038461538461 0.040865384615384616 0.08173076923076923
0 0.8810096153846154 0.6334134615384616 0.028846153846153848 0.0625
0 0.7139423076923077 0.6622596153846154 0.038461538461538464 0.06971153846153846
0 0.7584134615384616 0.6610576923076923 0.040865384615384616 0.07932692307692307
0 0.6033653846153846 0.6959134615384616 0.040865384615384616 0.07932692307692307
0 0.41346153846153844 0.7307692307692307 0.038461538461538464 0.06971153846153846
0 0.9699519230769231 0.6334134615384616 0.040865384615384616 0.08653846153846154
0 0.4483173076923077 0.7271634615384616 0.040865384615384616 0.07932692307692307
0 0.31009615384615385 0.7572115384615384 0.036057692307692304 0.07692307692307693
0 0.9302884615384616 0.6622596153846154 0.038461538461538464 0.06971153846153846
0 0.8966346153846154 0.6935096153846154 0.040865384615384616 0.08653846153846154
0 0.28725961538461536 0.8040865384615384 0.038461538461538464 0.06971153846153846
0 0.3545673076923077 0.7980769230769231 0.040865384615384616 0.07932692307692307
0 0.6394230769230769 0.7548076923076923 0.03365384615384615 0.07211538461538461
0 0.4338942307692308 0.7908653846153846 0.038461538461538464 0.06971153846153846
0 0.3954326923076923 0.8004807692307693 0.040865384615384616 0.08173076923076923
0 0.20552884615384615 0.12379807692307693 0.038461538461538464 0.06971153846153846
0 0.6694711538461539 0.7572115384615384 0.036057692307692304 0.08173076923076923
0 0.5588942307692307 0.78125 0.036057692307692304 0.07692307692307693
0 0.9543269230769231 0.71875 0.03365384615384615 0.0673076923076923
0 0.8377403846153846 0.7764423076923077 0.04567307692307692 0.07932692307692307
0 0.4423076923076923 0.8509615384615384 0.03365384615384615 0.0673076923076923
0 0.35216346153846156 0.10216346153846154 0.03125 0.052884615384615384
0 0.3293269230769231 0.109375 0.040865384615384616 0.07932692307692307
0 0.5012019230769231 0.8521634615384616 0.028846153846153848 0.07211538461538461
0 0.2692307692307692 0.9002403846153846 0.040865384615384616 0.07932692307692307
0 0.15264423076923078 0.14302884615384615 0.03125 0.07692307692307693
0 0.11177884615384616 0.9495192307692307 0.04326923076923077 0.09134615384615384
0 0.7920673076923077 0.8317307692307693 0.036057692307692304 0.07692307692307693
0 0.42788461538461536 0.8990384615384616 0.03365384615384615 0.0625
0 0.5228365384615384 0.8846153846153846 0.026442307692307692 0.052884615384615384
0 0.890625 0.8269230769230769 0.040865384615384616 0.07932692307692307
0 0.6081730769230769 0.8846153846153846 0.04326923076923077 0.07451923076923077
0 0.328125 0.9362980769230769 0.040865384615384616 0.08173076923076923
0 0.5408653846153846 0.9014423076923077 0.036057692307692304 0.08173076923076923
0 0.8942307692307693 0.02403846153846154 0.038461538461538464 0.04807692307692308
0 0.7403846153846154 0.8689903846153846 0.03365384615384615 0.0673076923076923
0 0.9831730769230769 0.8329326923076923 0.03365384615384615 0.07932692307692307
0 0.9567307692307693 0.8425480769230769 0.038461538461538464 0.06971153846153846
0 0.8365384615384616 0.8774038461538461 0.03125 0.07692307692307693
0 0.47475961538461536 0.9435096153846154 0.038461538461538464 0.06490384615384616
0 0.40865384615384615 0.10216346153846154 0.03125 0.057692307692307696
0 0.5432692307692307 0.08052884615384616 0.03125 0.057692307692307696
0 0.6694711538461539 0.9122596153846154 0.040865384615384616 0.08653846153846154
0 0.7067307692307693 0.9122596153846154 0.036057692307692304 0.06009615384615385
0 0.6430288461538461 0.9350961538461539 0.04326923076923077 0.06971153846153846
0 0.4326923076923077 0.9723557692307693 0.03365384615384615 0.055288461538461536
0 0.8245192307692307 0.9122596153846154 0.04807692307692308 0.07451923076923077
0 0.7127403846153846 0.054086538461538464 0.026442307692307692 0.052884615384615384
0 0.3004807692307692 0.12860576923076922 0.040865384615384616 0.08173076923076923
0 0.8810096153846154 0.9170673076923077 0.038461538461538464 0.04807692307692308
0 0.484375 0.9939903846153846 0.021634615384615384 0.01201923076923077
0 0.5300480769230769 0.9891826923076923 0.021634615384615384 0.021634615384615384
0 0.4651442307692308 0.10216346153846154 0.03125 0.052884615384615384
0 0.8052884615384616 0.046875 0.03365384615384615 0.0673076923076923
0 0.5192307692307693 0.10336538461538461 0.026442307692307692 0.05048076923076923
0 0.8629807692307693 0.05048076923076923 0.028846153846153848 0.0625
0 0.7764423076923077 0.07091346153846154 0.03365384615384615 0.0673076923076923
0 0.028846153846153848 0.20432692307692307 0.03365384615384615 0.07211538461538461
0 0.2439903846153846 0.171875 0.038461538461538464 0.07451923076923077
0 0.09134615384615384 0.20673076923076922 0.026442307692307692 0.057692307692307696
0 0.1971153846153846 0.19110576923076922 0.03365384615384615 0.0673076923076923
0 0.7487980769230769 0.10096153846153846 0.028846153846153848 0.0673076923076923
0 0.8822115384615384 0.07692307692307693 0.028846153846153848 0.0625
0 0.5012019230769231 0.14903846153846154 0.04567307692307692 0.08653846153846154
0 0.5949519230769231 0.13341346153846154 0.036057692307692304 0.07692307692307693
0 0.4579326923076923 0.15745192307692307 0.028846153846153848 0.0673076923076923
0 0.3942307692307692 0.16826923076923078 0.03125 0.057692307692307696
0 0.703125 0.12860576923076922 0.040865384615384616 0.07932692307692307
0 0.12980769230769232 0.25240384615384615 0.036057692307692304 0.07692307692307693
0 0.078125 0.2668269230769231 0.040865384615384616 0.07932692307692307
0 0.23918269230769232 0.2439903846153846 0.036057692307692304 0.07692307692307693
0 0.28365384615384615 0.23557692307692307 0.026442307692307692 0.057692307692307696
0 0.17908653846153846 0.2536057692307692 0.03125 0.057692307692307696
0 0.6490384615384616 0.17908653846153846 0.036057692307692304 0.06009615384615385
0 0.7487980769230769 0.16466346153846154 0.03365384615384615 0.0625
0 0.30408653846153844 0.24278846153846154 0.03125 0.057692307692307696
0 0.8305288461538461 0.15985576923076922 0.036057692307692304 0.07692307692307693
0 0.49038461538461536 0.22956730769230768 0.03125 0.05048076923076923
0 0.43990384615384615 0.2403846153846154 0.036057692307692304 0.08653846153846154
0 0.6826923076923077 0.19951923076923078 0.026442307692307692 0.052884615384615384
0 0.8834134615384616 0.1658653846153846 0.03125 0.057692307692307696
0 0.6262019230769231 0.22355769230769232 0.040865384615384616 0.06009615384615385
0 0.019230769230769232 0.33052884615384615 0.038461538461538464 0.07932692307692307
0 0.6490384615384616 0.2247596153846154 0.028846153846153848 0.0673076923076923
0 0.7331730769230769 0.22355769230769232 0.038461538461538464 0.06490384615384616
0 0.125 0.33052884615384615 0.036057692307692304 0.07692307692307693
0 0.5925480769230769 0.25 0.038461538461538464 0.06971153846153846
0 0.5024038461538461 0.2692307692307692 0.03125 0.057692307692307696
0 0.2824519230769231 0.3076923076923077 0.04326923076923077 0.07451923076923077
0 0.1778846153846154 0.328125 0.038461538461538464 0.06490384615384616
0 0.11057692307692307 0.09134615384615384 0.036057692307692304 0.06009615384615385
0 0.7872596153846154 0.2283653846153846 0.028846153846153848 0.0625
0 0.3389423076923077 0.3076923076923077 0.04567307692307692 0.07932692307692307
0 0.234375 0.32572115384615385 0.03125 0.052884615384615384
0 0.6983173076923077 0.2536057692307692 0.026442307692307692 0.052884615384615384
0 0.5432692307692307 0.28365384615384615 0.03365384615384615 0.0673076923076923
0 0.9302884615384616 0.21875 0.03365384615384615 0.0625
0 0.6346153846153846 0.27403846153846156 0.03365384615384615 0.0625
0 0.9086538461538461 0.23076923076923078 0.03365384615384615 0.0625
0 0.6778846153846154 0.27283653846153844 0.03365384615384615 0.0673076923076923