0 0.6790865384615384 0.10817307692307693 0.08413461538461539 0.11057692307692307
0 0.6105769230769231 0.13942307692307693 0.07451923076923077 0.11778846153846154
0 0.7788461538461539 0.13701923076923078 0.07932692307692307 0.08173076923076923
0 0.2860576923076923 0.17548076923076922 0.07451923076923077 0.10096153846153846
0 0.5384615384615384 0.18028846153846154 0.06971153846153846 0.09615384615384616
0 0.9507211538461539 0.16105769230769232 0.06971153846153846 0.08653846153846154
0 0.06009615384615385 0.2247596153846154 0.08413461538461539 0.11057692307692307
0 0.8064903846153846 0.19591346153846154 0.07451923076923077 0.09134615384615384
0 0.47115384615384615 0.24639423076923078 0.11778846153846154 0.15384615384615385
0 0.019230769230769232 0.28125 0.038461538461538464 0.08653846153846154
0 0.6418269230769231 0.28725961538461536 0.0985576923076923 0.1201923076923077
0 0.8365384615384616 0.2800480769230769 0.0985576923076923 0.10096153846153846
0 0.29086538461538464 0.32091346153846156 0.07451923076923077 0.09134615384615384
0 0.9471153846153846 0.29086538461538464 0.0889423076923077 0.1201923076923077
0 0.7704326923076923 0.31009615384615385 0.0889423076923077 0.11538461538461539
0 0.21394230769230768 0.34134615384615385 0.08413461538461539 0.1201923076923077
0 0.14182692307692307 0.34615384615384615 0.07932692307692307 0.10576923076923077
0 0.41346153846153844 0.34975961538461536 0.06971153846153846 0.07692307692307693
0 0.021634615384615384 0.38100961538461536 0.04326923076923077 0.11778846153846154
0 0.07091346153846154 0.38221153846153844 0.06971153846153846 0.10096153846153846
0 0.6838942307692307 0.03245192307692308 0.06971153846153846 0.06490384615384616
0 0.4723557692307692 0.40625 0.0985576923076923 0.11057692307692307
0 0.9182692307692307 0.40384615384615385 0.0889423076923077 0.11057692307692307
0 0.96875 0.4110576923076923 0.06009615384615385 0.10096153846153846
0 0.0673076923076923 0.06850961538461539 0.09134615384615384 0.09615384615384616
0 0.7632211538461539 0.4375 0.10817307692307693 0.12980769230769232
0 0.016826923076923076 0.07211538461538461 0.03365384615384615 0.07211538461538461
0 0.27403846153846156 0.057692307692307696 0.06490384615384616 0.09615384615384616
0 0.2536057692307692 0.5204326923076923 0.08173076923076923 0.125
0 0.9519230769230769 0.5336538461538461 0.09375 0.11538461538461539
0 0.9314903846153846 0.042067307692307696 0.07451923076923077 0.08413461538461539
0 0.7451923076923077 0.5889423076923077 0.07932692307692307 0.11057692307692307
0 0.53125 0.6081730769230769 0.11538461538461539 0.17307692307692307
0 0.8605769230769231 0.6129807692307693 0.10336538461538461 0.13942307692307693
0 0.5697115384615384 0.06009615384615385 0.07932692307692307 0.09134615384615384
0 0.35336538461538464 0.65625 0.1346153846153846 0.18269230769230768
0 0.4495192307692308 0.06971153846153846 0.09134615384615384 0.09615384615384616
0 0.6790865384615384 0.6730769230769231 0.11298076923076923 0.125
0 0.3581730769230769 0.07932692307692307 0.07932692307692307 0.11538461538461539
0 0.22115384615384615 0.09134615384615384 0.06971153846153846 0.11057692307692307
0 0.45913461538461536 0.7752403846153846 0.14903846153846154 0.18269230769230768
0 0.7524038461538461 0.7644230769230769 0.13221153846153846 0.1466346153846154
0 0.8473557692307693 0.05889423076923077 0.06490384615384616 0.08173076923076923
0 0.16466346153846154 0.109375 0.057692307692307696 0.07211538461538461
0 0.11177884615384616 0.11658653846153846 0.06971153846153846 0.09615384615384616
0 0.2800480769230769 0.10817307692307693 0.07211538461538461 0.0673076923076923