0 0.58671875 0.24453125 0.025 0.0578125
0 0.54609375 0.253125 0.0375 0.0578125
0 0.46640625 0.0265625 0.0421875 0.053125
0 0.02421875 0.31484375 0.0328125 0.053125
0 0.071875 0.3171875 0.028125 0.04375
0 0.10625 0.3203125 0.028125 0.0484375
0 0.60859375 0.26953125 0.046875 0.059375
0 0.13671875 0.32578125 0.0328125 0.053125
0 0.35703125 0.3125 0.0359375 0.0484375
0 0.68046875 0.2921875 0.04375 0.06875
0 0.73671875 0.29609375 0.04375 0.0734375
0 0.77734375 0.30625 0.0390625 0.071875
0 0.40703125 0.346875 0.0375 0.053125
0 0.81015625 0.30703125 0.04375 0.078125
0 0.371875 0.3640625 0.0296875 0.0265625
0 0.0078125 0.4140625 0.015625 0.071875
0 0.66796875 0.02578125 0.0390625 0.0515625
0 0.10859375 0.43203125 0.0328125 0.053125
0 0.45703125 0.3953125 0.034375 0.0625
0 0.071875 0.4359375 0.028125 0.0484375
0 0.9078125 0.35 0.0390625 0.0765625
0 0.92421875 0.35078125 0.03125 0.0765625
0 0.48203125 0.39765625 0.0359375 0.071875
0 0.02890625 0.44765625 0.034375 0.0578125
0 0.3859375 0.4125 0.0421875 0.059375
0 0.94375 0.35625 0.046875 0.1
0 0.50859375 0.40546875 0.025 0.0671875
0 0.0109375 0.09140625 0.021875 0.0671875
0 0.56015625 0.40703125 0.0328125 0.053125
0 0.14453125 0.45546875 0.0375 0.0578125
0 0.2234375 0.4640625 0.0375 0.0625
0 0.18515625 0.4703125 0.0328125 0.053125
0 0.596875 0.42734375 0.04375 0.0734375
0 0.52890625 0.44375 0.0484375 0.0734375
0 0.9734375 0.39921875 0.0359375 0.0859375
0 0.64921875 0.43359375 0.04375 0.0734375
0 0.29140625 0.48515625 0.03125 0.0390625
0 0.26328125 0.50859375 0.0296875 0.0625
0 0.70859375 0.0265625 0.0421875 0.053125
0 0.2984375 0.5328125 0.034375 0.0578125
0 0.35390625 0.53203125 0.034375 0.0625
0 0.02578125 0.57109375 0.0234375 0.053125
0 0.04921875 0.57578125 0.034375 0.0625
0 0.790625 0.49765625 0.05625 0.065625
0 0.38671875 0.54921875 0.04375 0.078125
0 0.71875 0.52109375 0.0390625 0.0671875
0 0.50546875 0.55078125 0.04375 0.0328125
0 0.99296875 0.51015625 0.0140625 0.0609375
0 0.77734375 0.54296875 0.05 0.0875
0 0.159375 0.09140625 0.0359375 0.0484375
0 0.13359375 0.09375 0.0375 0.0578125
0 0.184375 0.61953125 0.0421875 0.0640625
0 0.50703125 0.59296875 0.034375 0.0578125
0 0.45703125 0.59921875 0.0375 0.0625
0 0.10546875 0.64140625 0.028125 0.053125
0 0.16796875 0.65625 0.0359375 0.071875
0 0.52265625 0.62578125 0.040625 0.0359375
0 0.83125 0.5953125 0.0609375 0.05625
0 0.746875 0.61171875 0.05 0.0921875
0 0.553125 0.65234375 0.04375 0.078125
0 0.09140625 0.1078125 0.0359375 0.0484375
0 0.1875 0.09765625 0.028125 0.0484375
0 0.23125 0.709375 0.0375 0.0625
0 0.57890625 0.6734375 0.0296875 0.0671875
0 0.5125 0.68984375 0.04375 0.0734375
0 0.26640625 0.71796875 0.0390625 0.0671875
0 0.31796875 0.71953125 0.0375 0.053125
0 0.84296875 0.6640625 0.059375 0.0890625
0 0.21796875 0.096875 0.0328125 0.0484375
0 0.5953125 0.7 0.04375 0.06875
0 0.63046875 0.70546875 0.053125 0.078125
0 0.0359375 0.77890625 0.0265625 0.075
0 0.90859375 0.6875 0.05 0.0921875
0 0.33828125 0.7515625 0.04375 0.0734375
0 0.06015625 0.7953125 0.04375 0.078125
0 0.10859375 0.8046875 0.0515625 0.059375
0 0.93125 0.0328125 0.04375 0.065625
0 0.590625 0.78828125 0.06875 0.09375
0 0.38515625 0.82421875 0.0484375 0.0359375
0 0.1109375 0.871875 0.059375 0.084375
0 0.8171875 0.8 0.046875 0.1046875
0 0.07265625 0.8875 0.0484375 0.078125
0 0.67421875 0.82421875 0.05625 0.05625
0 0.93046875 0.80390625 0.065625 0.1015625
0 0.4125 0.86015625 0.0625 0.0703125
0 0.18515625 0.89375 0.0421875 0.0640625
0 0.865625 0.83125 0.0734375 0.1
0 0.3078125 0.0265625 0.0203125 0.0203125
0 0.37734375 0.9265625 0.053125 0.078125
0 0.3296875 0.94375 0.0734375 0.0484375
0 0.67109375 0.9125 0.0703125 0.1078125
0 0.1578125 0.9671875 0.053125 0.065625
0 0.2125 0.9671875 0.0625 0.065625
0 0.903125 0.90703125 0.075 0.1078125
0 0.85078125 0.92578125 0.0671875 0.0859375
0 0.76875 0.9390625 0.0765625 0.0765625
0 0.54609375 0.9609375 0.0578125 0.0703125
0 0.33671875 0.9796875 0.0890625 0.040625
0 0.59296875 0.96484375 0.0734375 0.053125
0 0.234375 0.03671875 0.034375 0.0265625
0 0.29921875 0.11796875 0.0375 0.053125
0 0.40703125 0.99296875 0.0578125 0.0140625
0 0.24375 0.1265625 0.04375 0.06875
0 0.3578125 0.11640625 0.0375 0.0578125
0 0.4828125 0.1109375 0.0375 0.0578125
0 0.44765625 0.1140625 0.034375 0.0578125
0 0.39609375 0.12890625 0.034375 0.0578125
0 0.5359375 0.12890625 0.0296875 0.0625
0 0.34375 0.028125 0.03125 0.03125
0 0.03203125 0.190625 0.0234375 0.0484375
0 0.046875 0.1921875 0.0328125 0.04375
0 0.63359375 0.1375 0.0296875 0.0578125
0 0.56015625 0.1484375 0.0375 0.0625
0 0.6625 0.14296875 0.0390625 0.0671875
0 0.1203125 0.2046875 0.0234375 0.053125
0 0.78984375 0.13671875 0.053125 0.06875
0 0.8453125 0.1328125 0.0390625 0.071875
0 0.2984375 0.19765625 0.034375 0.0671875
0 0.146875 0.215625 0.0328125 0.053125
0 0.95078125 0.18203125 0.04375 0.078125
0 0.51171875 0.23828125 0.034375 0.0625
0 0.42265625 0.03125 0.0421875 0.0546875