0 0.5420673076923077 0.33774038461538464 0.004807692307692308 0.009615384615384616
0 0.5372596153846154 0.3401442307692308 0.004807692307692308 0.009615384615384616
0 0.5324519230769231 0.3425480769230769 0.004807692307692308 0.004807692307692308
0 0.578125 0.3449519230769231 0.009615384615384616 0.004807692307692308
0 0.5600961538461539 0.34975961538461536 0.004807692307692308 0.009615384615384616
0 0.5745192307692307 0.35216346153846156 0.004807692307692308 0.009615384615384616
0 0.5649038461538461 0.35697115384615385 0.004807692307692308 0.009615384615384616
0 0.5925480769230769 0.359375 0.009615384615384616 0.009615384615384616
0 0.5204326923076923 0.359375 0.004807692307692308 0.009615384615384616
0 0.5600961538461539 0.3605769230769231 0.004807692307692308 0.014423076923076924
0 0.5997596153846154 0.3629807692307692 0.009615384615384616 0.009615384615384616
0 0.5769230769230769 0.3629807692307692 0.004807692307692308 0.009615384615384616
0 0.5721153846153846 0.3701923076923077 0.004807692307692308 0.014423076923076924
0 0.5600961538461539 0.3701923076923077 0.004807692307692308 0.009615384615384616
0 0.546875 0.375 0.009615384615384616 0.009615384615384616
0 0.5877403846153846 0.37740384615384615 0.009615384615384616 0.009615384615384616
0 0.5024038461538461 0.37740384615384615 0.004807692307692308 0.009615384615384616
0 0.5997596153846154 0.37740384615384615 0.009615384615384616 0.009615384615384616
0 0.6105769230769231 0.38221153846153844 0.009615384615384616 0.009615384615384616
0 0.5973557692307693 0.38461538461538464 0.009615384615384616 0.014423076923076924
0 0.5504807692307693 0.3870192307692308 0.009615384615384616 0.009615384615384616
0 0.5625 0.3894230769230769 0.009615384615384616 0.014423076923076924
0 0.515625 0.3894230769230769 0.009615384615384616 0.009615384615384616
0 0.49759615384615385 0.3894230769230769 0.014423076923076924 0.018028846153846152
0 0.5697115384615384 0.390625 0.009615384615384616 0.014423076923076924
0 0.5348557692307693 0.39302884615384615 0.009615384615384616 0.014423076923076924
0 0.5444711538461539 0.39783653846153844 0.004807692307692308 0.009615384615384616
0 0.5300480769230769 0.40024038461538464 0.004807692307692308 0.009615384615384616
0 0.6069711538461539 0.4026442307692308 0.009615384615384616 0.014423076923076924
0 0.5877403846153846 0.4026442307692308 0.009615384615384616 0.014423076923076924
0 0.5072115384615384 0.4026442307692308 0.009615384615384616 0.014423076923076924
0 0.5180288461538461 0.4074519230769231 0.004807692307692308 0.014423076923076924
0 0.5324519230769231 0.4098557692307692 0.004807692307692308 0.014423076923076924
0 0.5444711538461539 0.41225961538461536 0.004807692307692308 0.014423076923076924
0 0.5805288461538461 0.41225961538461536 0.009615384615384616 0.018028846153846152
0 0.6153846153846154 0.41466346153846156 0.009615384615384616 0.018028846153846152
0 0.5649038461538461 0.41466346153846156 0.009615384615384616 0.014423076923076924
0 0.6274038461538461 0.4170673076923077 0.009615384615384616 0.014423076923076924
0 0.5144230769230769 0.41947115384615385 0.009615384615384616 0.014423076923076924
0 0.5745192307692307 0.4254807692307692 0.009615384615384616 0.009615384615384616
0 0.49038461538461536 0.4326923076923077 0.009615384615384616 0.014423076923076924
0 0.5480769230769231 0.43509615384615385 0.009615384615384616 0.014423076923076924
0 0.6274038461538461 0.4423076923076923 0.014423076923076924 0.018028846153846152
0 0.5600961538461539 0.44471153846153844 0.014423076923076924 0.018028846153846152
0 0.49759615384615385 0.44711538461538464 0.009615384615384616 0.014423076923076924
0 0.5372596153846154 0.4519230769230769 0.014423076923076924 0.014423076923076924
0 0.5853365384615384 0.45552884615384615 0.014423076923076924 0.018028846153846152
0 0.5973557692307693 0.4579326923076923 0.014423076923076924 0.018028846153846152
0 0.5552884615384616 0.46274038461538464 0.009615384615384616 0.018028846153846152
0 0.640625 0.4651442307692308 0.014423076923076924 0.018028846153846152
0 0.5396634615384616 0.4699519230769231 0.014423076923076924 0.018028846153846152
0 0.46274038461538464 0.4699519230769231 0.014423076923076924 0.018028846153846152
0 0.5649038461538461 0.4723557692307692 0.014423076923076924 0.014423076923076924
0 0.5745192307692307 0.4723557692307692 0.009615384615384616 0.018028846153846152
0 0.5120192307692307 0.47475961538461536 0.009615384615384616 0.014423076923076924
0 0.5024038461538461 0.47475961538461536 0.014423076923076924 0.018028846153846152
0 0.6526442307692307 0.47475961538461536 0.014423076923076924 0.018028846153846152
0 0.5504807692307693 0.4795673076923077 0.014423076923076924 0.018028846153846152
0 0.5829326923076923 0.4795673076923077 0.014423076923076924 0.018028846153846152
0 0.5649038461538461 0.484375 0.014423076923076924 0.018028846153846152
0 0.5444711538461539 0.4879807692307692 0.004807692307692308 0.014423076923076924
0 0.49759615384615385 0.49278846153846156 0.009615384615384616 0.018028846153846152
0 0.6598557692307693 0.5 0.014423076923076924 0.018028846153846152
0 0.671875 0.5 0.014423076923076924 0.018028846153846152
0 0.5144230769230769 0.5 0.014423076923076924 0.018028846153846152
0 0.5625 0.5 0.018028846153846152 0.018028846153846152
0 0.6274038461538461 0.5 0.014423076923076924 0.018028846153846152
0 0.49278846153846156 0.5024038461538461 0.018028846153846152 0.018028846153846152
0 0.6129807692307693 0.5048076923076923 0.014423076923076924 0.018028846153846152
0 0.4254807692307692 0.5120192307692307 0.018028846153846152 0.02283653846153846
0 0.5973557692307693 0.5120192307692307 0.018028846153846152 0.027644230769230768
0 0.4795673076923077 0.5144230769230769 0.014423076923076924 0.018028846153846152
0 0.515625 0.515625 0.014423076923076924 0.018028846153846152
0 0.5420673076923077 0.5228365384615384 0.014423076923076924 0.018028846153846152
0 0.5649038461538461 0.5252403846153846 0.018028846153846152 0.027644230769230768
0 0.4651442307692308 0.5300480769230769 0.018028846153846152 0.027644230769230768
0 0.5600961538461539 0.5372596153846154 0.014423076923076924 0.018028846153846152
0 0.48197115384615385 0.5420673076923077 0.014423076923076924 0.018028846153846152
0 0.6646634615384616 0.5420673076923077 0.014423076923076924 0.018028846153846152
0 0.46033653846153844 0.5480769230769231 0.018028846153846152 0.027644230769230768
0 0.5072115384615384 0.5480769230769231 0.018028846153846152 0.027644230769230768
0 0.5769230769230769 0.5649038461538461 0.018028846153846152 0.027644230769230768
0 0.5552884615384616 0.5697115384615384 0.018028846153846152 0.03245192307692308
0 0.39302884615384615 0.5805288461538461 0.02283653846153846 0.037259615384615384
0 0.45552884615384615 0.5805288461538461 0.02283653846153846 0.027644230769230768
0 0.4855769230769231 0.5853365384615384 0.018028846153846152 0.03245192307692308
0 0.6346153846153846 0.5853365384615384 0.018028846153846152 0.027644230769230768
0 0.6850961538461539 0.5925480769230769 0.018028846153846152 0.027644230769230768
0 0.6129807692307693 0.5925480769230769 0.018028846153846152 0.03245192307692308
0 0.4375 0.5973557692307693 0.018028846153846152 0.03245192307692308
0 0.5204326923076923 0.5997596153846154 0.014423076923076924 0.027644230769230768
0 0.5096153846153846 0.6021634615384616 0.018028846153846152 0.027644230769230768
0 0.359375 0.6045673076923077 0.018028846153846152 0.03245192307692308
0 0.6550480769230769 0.6045673076923077 0.018028846153846152 0.03245192307692308
0 0.33774038461538464 0.6069711538461539 0.018028846153846152 0.02283653846153846
0 0.5420673076923077 0.609375 0.018028846153846152 0.03245192307692308
0 0.6875 0.6225961538461539 0.018028846153846152 0.02283653846153846
0 0.7271634615384616 0.6225961538461539 0.02283653846153846 0.027644230769230768
0 0.4879807692307692 0.625 0.02283653846153846 0.03245192307692308
0 0.4699519230769231 0.6274038461538461 0.014423076923076924 0.027644230769230768
0 0.6201923076923077 0.6298076923076923 0.02283653846153846 0.037259615384615384
0 0.4230769230769231 0.6322115384615384 0.02283653846153846 0.037259615384615384
0 0.3870192307692308 0.6346153846153846 0.02283653846153846 0.037259615384615384
0 0.5853365384615384 0.6370192307692307 0.018028846153846152 0.037259615384615384
0 0.7403846153846154 0.6394230769230769 0.018028846153846152 0.03245192307692308
0 0.6730769230769231 0.6430288461538461 0.018028846153846152 0.03245192307692308
0 0.6346153846153846 0.6454326923076923 0.02283653846153846 0.037259615384615384
0 0.5600961538461539 0.6502403846153846 0.02283653846153846 0.037259615384615384
0 0.6875 0.6502403846153846 0.02283653846153846 0.027644230769230768
0 0.33533653846153844 0.6598557692307693 0.018028846153846152 0.027644230769230768
0 0.7223557692307693 0.6622596153846154 0.02283653846153846 0.027644230769230768
0 0.7403846153846154 0.6670673076923077 0.018028846153846152 0.037259615384615384
0 0.6274038461538461 0.6754807692307693 0.02283653846153846 0.02283653846153846
0 0.6778846153846154 0.6754807692307693 0.02283653846153846 0.03245192307692308
0 0.4495192307692308 0.6778846153846154 0.027644230769230768 0.037259615384615384
0 0.49759615384615385 0.6802884615384616 0.018028846153846152 0.03245192307692308
0 0.3449519230769231 0.6826923076923077 0.02283653846153846 0.042067307692307696
0 0.6947115384615384 0.6826923076923077 0.02283653846153846 0.042067307692307696
0 0.7247596153846154 0.6923076923076923 0.027644230769230768 0.042067307692307696
0 0.7055288461538461 0.6947115384615384 0.027644230769230768 0.037259615384615384
0 0.6454326923076923 0.703125 0.027644230769230768 0.037259615384615384
0 0.25240384615384615 0.7055288461538461 0.02283653846153846 0.05048076923076923
0 0.45552884615384615 0.7055288461538461 0.027644230769230768 0.037259615384615384
0 0.7680288461538461 0.7055288461538461 0.02283653846153846 0.037259615384615384
0 0.625 0.7055288461538461 0.027644230769230768 0.042067307692307696
0 0.27283653846153844 0.7079326923076923 0.027644230769230768 0.037259615384615384
0 0.39783653846153844 0.7103365384615384 0.027644230769230768 0.03245192307692308
0 0.7872596153846154 0.7103365384615384 0.018028846153846152 0.03245192307692308
0 0.3076923076923077 0.7223557692307693 0.02283653846153846 0.037259615384615384
0 0.546875 0.7223557692307693 0.027644230769230768 0.03245192307692308
0 0.41466346153846156 0.7271634615384616 0.02283653846153846 0.027644230769230768
0 0.49278846153846156 0.7295673076923077 0.037259615384615384 0.037259615384615384
0 0.515625 0.7295673076923077 0.02283653846153846 0.042067307692307696
0 0.3605769230769231 0.7319711538461539 0.027644230769230768 0.037259615384615384
0 0.6298076923076923 0.734375 0.03245192307692308 0.037259615384615384
0 0.8052884615384616 0.7355769230769231 0.027644230769230768 0.046875
0 0.7680288461538461 0.7379807692307693 0.027644230769230768 0.042067307692307696
0 0.453125 0.7524038461538461 0.027644230769230768 0.042067307692307696
0 0.41947115384615385 0.7572115384615384 0.037259615384615384 0.03245192307692308
0 0.5697115384615384 0.7680288461538461 0.037259615384615384 0.055288461538461536
0 0.6526442307692307 0.7704326923076923 0.027644230769230768 0.042067307692307696
0 0.41466346153846156 0.7776442307692307 0.02283653846153846 0.05048076923076923
0 0.7355769230769231 0.7800480769230769 0.027644230769230768 0.05048076923076923
0 0.359375 0.7824519230769231 0.03245192307692308 0.042067307692307696
0 0.20552884615384615 0.7920673076923077 0.037259615384615384 0.07451923076923077
0 0.48197115384615385 0.7920673076923077 0.027644230769230768 0.05048076923076923
0 0.8305288461538461 0.796875 0.03245192307692308 0.05048076923076923
0 0.6153846153846154 0.8004807692307693 0.037259615384615384 0.042067307692307696
0 0.671875 0.8076923076923077 0.03245192307692308 0.055288461538461536
0 0.25721153846153844 0.8100961538461539 0.042067307692307696 0.05048076923076923
0 0.765625 0.8100961538461539 0.037259615384615384 0.05048076923076923
0 0.39783653846153844 0.8125 0.03245192307692308 0.046875
0 0.5096153846153846 0.8245192307692307 0.027644230769230768 0.042067307692307696
0 0.33533653846153844 0.8329326923076923 0.037259615384615384 0.06971153846153846
0 0.5649038461538461 0.8425480769230769 0.027644230769230768 0.046875
0 0.8569711538461539 0.8425480769230769 0.042067307692307696 0.06490384615384616
0 0.4519230769230769 0.8569711538461539 0.03245192307692308 0.046875
0 0.5276442307692307 0.8629807692307693 0.042067307692307696 0.06009615384615385
0 0.47475961538461536 0.8774038461538461 0.027644230769230768 0.042067307692307696
0 0.38461538461538464 0.8954326923076923 0.037259615384615384 0.06009615384615385
0 0.6802884615384616 0.9050480769230769 0.046875 0.06490384615384616
0 0.8473557692307693 0.9050480769230769 0.037259615384615384 0.055288461538461536
0 0.7728365384615384 0.9603365384615384 0.046875 0.07451923076923077
0 0.859375 0.9603365384615384 0.08774038461538461 0.06971153846153846
0 0.5096153846153846 0.9699519230769231 0.05048076923076923 0.055288461538461536