0 0.5360576923076923 0.1310096153846154 0.05048076923076923 0.07932692307692307
0 0.2608173076923077 0.140625 0.04326923076923077 0.057692307692307696
0 0.33653846153846156 0.14783653846153846 0.036057692307692304 0.05048076923076923
0 0.2283653846153846 0.15985576923076922 0.04326923076923077 0.057692307692307696
0 0.06971153846153846 0.14543269230769232 0.04567307692307692 0.05048076923076923
0 0.12860576923076922 0.15625 0.04326923076923077 0.057692307692307696
0 0.171875 0.16706730769230768 0.04807692307692308 0.06009615384615385
0 0.40384615384615385 0.19110576923076922 0.026442307692307692 0.03365384615384615
0 0.9543269230769231 0.24879807692307693 0.07451923076923077 0.09375
0 0.5793269230769231 0.2247596153846154 0.055288461538461536 0.06490384615384616
0 0.453125 0.21153846153846154 0.026442307692307692 0.03365384615384615
0 0.8557692307692307 0.2536057692307692 0.055288461538461536 0.06490384615384616
0 0.2848557692307692 0.20552884615384615 0.055288461538461536 0.06490384615384616
0 0.6983173076923077 0.2536057692307692 0.04807692307692308 0.07451923076923077
0 0.07572115384615384 0.21153846153846154 0.04326923076923077 0.057692307692307696
0 0.48197115384615385 0.2668269230769231 0.026442307692307692 0.04807692307692308
0 0.15384615384615385 0.23317307692307693 0.05048076923076923 0.07932692307692307
0 0.19471153846153846 0.23918269230769232 0.04807692307692308 0.06971153846153846
0 0.6382211538461539 0.28846153846153844 0.052884615384615384 0.06971153846153846
0 0.04326923076923077 0.23798076923076922 0.03365384615384615 0.0673076923076923
0 0.09615384615384616 0.24639423076923078 0.04326923076923077 0.057692307692307696
0 0.28846153846153844 0.27163461538461536 0.05048076923076923 0.08173076923076923
0 0.7163461538461539 0.3269230769230769 0.057692307692307696 0.07451923076923077
0 0.4110576923076923 0.296875 0.057692307692307696 0.07932692307692307
0 0.59375 0.32091346153846156 0.057692307692307696 0.08413461538461539
0 0.8257211538461539 0.3485576923076923 0.08173076923076923 0.12259615384615384
0 0.9050480769230769 0.36658653846153844 0.055288461538461536 0.07932692307692307
0 0.4519230769230769 0.31850961538461536 0.057692307692307696 0.07932692307692307
0 0.2512019230769231 0.296875 0.03365384615384615 0.057692307692307696
0 0.5276442307692307 0.3329326923076923 0.07692307692307693 0.0889423076923077
0 0.3137019230769231 0.31009615384615385 0.057692307692307696 0.0889423076923077
0 0.0625 0.2860576923076923 0.04807692307692308 0.06009615384615385
0 0.3545673076923077 0.3317307692307692 0.0625 0.08413461538461539
0 0.22716346153846154 0.3269230769230769 0.04326923076923077 0.0673076923076923
0 0.11057692307692307 0.32572115384615385 0.06971153846153846 0.0985576923076923
0 0.7584134615384616 0.40625 0.07451923076923077 0.09375
0 0.5288461538461539 0.40024038461538464 0.07451923076923077 0.10336538461538461
0 0.41947115384615385 0.40865384615384615 0.08413461538461539 0.11298076923076923
0 0.6778846153846154 0.46033653846153844 0.11057692307692307 0.1346153846153846
0 0.23918269230769232 0.41947115384615385 0.07451923076923077 0.10817307692307693
0 0.8725961538461539 0.4987980769230769 0.07932692307692307 0.11298076923076923
0 0.9411057692307693 0.5072115384615384 0.11778846153846154 0.18269230769230768
0 0.09735576923076923 0.46033653846153844 0.09134615384615384 0.1466346153846154
0 0.30649038461538464 0.5048076923076923 0.0889423076923077 0.11778846153846154
0 0.49278846153846156 0.5925480769230769 0.09615384615384616 0.1466346153846154
0 0.4230769230769231 0.5925480769230769 0.0985576923076923 0.11538461538461539
0 0.5913461538461539 0.6117788461538461 0.13701923076923078 0.17307692307692307
0 0.8137019230769231 0.6766826923076923 0.14423076923076922 0.20673076923076922
0 0.21514423076923078 0.6514423076923077 0.09375 0.12259615384615384
0 0.04447115384615385 0.65625 0.0889423076923077 0.21153846153846154
0 0.2776442307692308 0.7728365384615384 0.1346153846153846 0.19230769230769232