0 0.265625 0.0546875 0.0421875 0.0703125
0 0.45234375 0.5421875 0.090625 0.140625
0 0.575 0.54921875 0.0765625 0.1171875
0 0.03359375 0.575 0.065625 0.1265625
0 0.059375 0.065625 0.046875 0.0703125
0 0.7265625 0.61171875 0.1 0.1546875
0 0.29375 0.61953125 0.0984375 0.1359375
0 0.95625 0.61015625 0.0765625 0.140625
0 0.88671875 0.615625 0.090625 0.1453125
0 0.03359375 0.7046875 0.0625 0.1625
0 0.1296875 0.76328125 0.109375 0.215625
0 0.6515625 0.79140625 0.1125 0.13125
0 0.40625 0.81875 0.08125 0.140625
0 0.96953125 0.8375 0.0609375 0.178125
0 0.58984375 0.08671875 0.046875 0.0609375
0 0.30078125 0.9046875 0.090625 0.1765625
0 0.8890625 0.08359375 0.0421875 0.0890625
0 0.3125 0.09375 0.0375 0.0515625
0 0.60859375 0.9171875 0.075 0.075
0 0.83359375 0.9203125 0.11875 0.140625
0 0.40703125 0.09609375 0.0328125 0.0609375
0 0.3375 0.1 0.0328125 0.0515625
0 0.29609375 0.109375 0.0375 0.0421875
0 0.134375 0.1125 0.0421875 0.0703125
0 0.23359375 0.11328125 0.0328125 0.0703125
0 0.51484375 0.0140625 0.028125 0.028125
0 0.2046875 0.1328125 0.05625 0.084375
0 0.965625 0.01015625 0.028125 0.0203125
0 0.6 0.01328125 0.028125 0.0265625
0 0.975 0.1328125 0.0296875 0.0890625
0 0.465625 0.14453125 0.0421875 0.0703125
0 0.26484375 0.15 0.046875 0.0609375
0 0.3875 0.1546875 0.0515625 0.0703125
0 0.8375 0.1671875 0.0578125 0.09375
0 0.1890625 0.18828125 0.084375 0.05625
0 0.3578125 0.20625 0.0375 0.05625
0 0.440625 0.021875 0.028125 0.0421875
0 0.3328125 0.209375 0.053125 0.103125
0 0.69375 0.20546875 0.0515625 0.065625
0 0.9328125 0.0171875 0.028125 0.034375
0 0.49765625 0.21796875 0.05625 0.084375
0 0.10625 0.2265625 0.0671875 0.103125
0 0.22890625 0.24296875 0.1125 0.071875
0 0.26171875 0.25390625 0.0421875 0.075
0 0.58203125 0.27890625 0.046875 0.0703125
0 0.4078125 0.28359375 0.0859375 0.1265625
0 0.31875 0.03359375 0.0421875 0.0609375
0 0.75703125 0.028125 0.0421875 0.05625
0 0.96171875 0.28359375 0.0625 0.103125
0 0.0984375 0.0375 0.0421875 0.0609375
0 0.671875 0.2953125 0.05625 0.0890625
0 0.48984375 0.03046875 0.0375 0.0609375
0 0.13828125 0.33515625 0.04375 0.1109375
0 0.534375 0.34375 0.0625 0.1265625
0 0.26640625 0.353125 0.0578125 0.1453125
0 0.13125 0.040625 0.0421875 0.05625
0 0.85859375 0.35703125 0.071875 0.103125
0 0.1984375 0.0421875 0.0515625 0.046875
0 0.03828125 0.3859375 0.0765625 0.121875
0 0.47421875 0.3828125 0.0765625 0.140625
0 0.18359375 0.39453125 0.071875 0.1453125
0 0.64375 0.38671875 0.0671875 0.1078125
0 0.6359375 0.03671875 0.0375 0.0609375
0 0.9109375 0.034375 0.0296875 0.05625
0 0.82109375 0.0359375 0.046875 0.0609375
0 0.3578125 0.4515625 0.0671875 0.1125
0 0.74453125 0.45703125 0.0703125 0.0796875
0 0.83046875 0.4640625 0.0625 0.09375
0 0.390625 0.05 0.0421875 0.065625
0 0.65234375 0.47421875 0.084375 0.0515625