0 0.6947115384615384 0.4074519230769231 0.019230769230769232 0.02403846153846154
0 0.5709134615384616 0.4254807692307692 0.01201923076923077 0.014423076923076924
0 0.38100961538461536 0.44471153846153844 0.007211538461538462 0.014423076923076924
0 0.45913461538461536 0.4411057692307692 0.004807692307692308 0.004807692307692308
0 0.6334134615384616 0.4230769230769231 0.004807692307692308 0.004807692307692308
0 0.6298076923076923 0.4230769230769231 0.004807692307692308 0.004807692307692308
0 0.5132211538461539 0.4362980769230769 0.004807692307692308 0.004807692307692308
0 0.49158653846153844 0.4375 0.004807692307692308 0.004807692307692308
0 0.4362980769230769 0.44350961538461536 0.004807692307692308 0.004807692307692308
0 0.3894230769230769 0.45072115384615385 0.004807692307692308 0.009615384615384616
0 0.3762019230769231 0.45072115384615385 0.004807692307692308 0.004807692307692308
0 0.6658653846153846 0.42427884615384615 0.004807692307692308 0.004807692307692308
0 0.5420673076923077 0.4375 0.004807692307692308 0.004807692307692308
0 0.4362980769230769 0.4483173076923077 0.004807692307692308 0.004807692307692308
0 0.6105769230769231 0.43028846153846156 0.004807692307692308 0.004807692307692308
0 0.5012019230769231 0.4423076923076923 0.004807692307692308 0.004807692307692308
0 0.40024038461538464 0.45552884615384615 0.004807692307692308 0.009615384615384616
0 0.5360576923076923 0.44350961538461536 0.009615384615384616 0.004807692307692308
0 0.7331730769230769 0.421875 0.009615384615384616 0.004807692307692308
0 0.6634615384615384 0.43028846153846156 0.004807692307692308 0.004807692307692308
0 0.5516826923076923 0.4411057692307692 0.004807692307692308 0.004807692307692308
0 0.7223557692307693 0.4230769230769231 0.004807692307692308 0.004807692307692308
0 0.5060096153846154 0.44591346153846156 0.004807692307692308 0.004807692307692308
0 0.6538461538461539 0.43028846153846156 0.004807692307692308 0.004807692307692308
0 0.5240384615384616 0.44471153846153844 0.004807692307692308 0.004807692307692308
0 0.6033653846153846 0.4411057692307692 0.004807692307692308 0.004807692307692308
0 0.5576923076923077 0.44591346153846156 0.004807692307692308 0.004807692307692308
0 0.5108173076923077 0.45072115384615385 0.004807692307692308 0.004807692307692308
0 0.4831730769230769 0.453125 0.004807692307692308 0.004807692307692308
0 0.7596153846153846 0.42427884615384615 0.004807692307692308 0.004807692307692308
0 0.6766826923076923 0.4326923076923077 0.004807692307692308 0.004807692307692308
0 0.4182692307692308 0.46153846153846156 0.004807692307692308 0.009615384615384616
0 0.5576923076923077 0.44591346153846156 0.004807692307692308 0.004807692307692308
0 0.5528846153846154 0.44591346153846156 0.004807692307692308 0.004807692307692308
0 0.49759615384615385 0.4519230769230769 0.004807692307692308 0.004807692307692308
0 0.47475961538461536 0.4543269230769231 0.004807692307692308 0.004807692307692308
0 0.5432692307692307 0.44711538461538464 0.004807692307692308 0.004807692307692308
0 0.7439903846153846 0.4266826923076923 0.009615384615384616 0.009615384615384616
0 0.6418269230769231 0.4375 0.009615384615384616 0.009615384615384616
0 0.4423076923076923 0.45913461538461536 0.004807692307692308 0.009615384615384616
0 0.359375 0.4675480769230769 0.004807692307692308 0.009615384615384616
0 0.71875 0.43028846153846156 0.004807692307692308 0.009615384615384616
0 0.44711538461538464 0.4579326923076923 0.004807692307692308 0.009615384615384616
0 0.4326923076923077 0.46274038461538464 0.004807692307692308 0.004807692307692308
0 0.5949519230769231 0.4483173076923077 0.004807692307692308 0.009615384615384616
0 0.46033653846153844 0.45913461538461536 0.004807692307692308 0.004807692307692308
0 0.45552884615384615 0.46033653846153844 0.004807692307692308 0.004807692307692308
0 0.7668269230769231 0.4266826923076923 0.009615384615384616 0.004807692307692308
0 0.7295673076923077 0.4338942307692308 0.009615384615384616 0.009615384615384616
0 0.4230769230769231 0.46274038461538464 0.004807692307692308 0.004807692307692308
0 0.36899038461538464 0.47115384615384615 0.004807692307692308 0.009615384615384616
0 0.3557692307692308 0.4699519230769231 0.004807692307692308 0.004807692307692308
0 0.8016826923076923 0.4254807692307692 0.004807692307692308 0.009615384615384616
0 0.7367788461538461 0.43028846153846156 0.004807692307692308 0.004807692307692308
0 0.5204326923076923 0.453125 0.004807692307692308 0.004807692307692308
0 0.6177884615384616 0.44350961538461536 0.004807692307692308 0.004807692307692308
0 0.5432692307692307 0.45072115384615385 0.004807692307692308 0.004807692307692308
0 0.07091346153846154 0.5048076923076923 0.004807692307692308 0.004807692307692308
0 0.7596153846153846 0.43028846153846156 0.004807692307692308 0.009615384615384616
0 0.5348557692307693 0.4543269230769231 0.004807692307692308 0.009615384615384616
0 0.0625 0.5036057692307693 0.009615384615384616 0.009615384615384616
0 0.6129807692307693 0.4483173076923077 0.004807692307692308 0.004807692307692308
0 0.3762019230769231 0.47115384615384615 0.009615384615384616 0.009615384615384616
0 0.09735576923076923 0.5024038461538461 0.004807692307692308 0.004807692307692308
0 0.7512019230769231 0.4338942307692308 0.004807692307692308 0.004807692307692308
0 0.5576923076923077 0.4543269230769231 0.004807692307692308 0.004807692307692308
0 0.8485576923076923 0.4230769230769231 0.016826923076923076 0.02403846153846154
0 0.1045673076923077 0.5012019230769231 0.009615384615384616 0.004807692307692308
0 0.7908653846153846 0.42908653846153844 0.009615384615384616 0.004807692307692308
0 0.8641826923076923 0.421875 0.01201923076923077 0.014423076923076924
0 0.5300480769230769 0.4567307692307692 0.016826923076923076 0.016826923076923076
0 0.49399038461538464 0.46033653846153844 0.016826923076923076 0.016826923076923076
0 0.47596153846153844 0.4651442307692308 0.004807692307692308 0.009615384615384616
0 0.4338942307692308 0.4675480769230769 0.004807692307692308 0.004807692307692308
0 0.39663461538461536 0.47115384615384615 0.007211538461538462 0.014423076923076924
0 0.7379807692307693 0.4375 0.004807692307692308 0.009615384615384616
0 0.5036057692307693 0.46274038461538464 0.004807692307692308 0.009615384615384616
0 0.40384615384615385 0.4723557692307692 0.009615384615384616 0.009615384615384616
0 0.921875 0.4182692307692308 0.016826923076923076 0.019230769230769232
0 0.7716346153846154 0.4338942307692308 0.009615384615384616 0.009615384615384616
0 0.4807692307692308 0.4675480769230769 0.004807692307692308 0.004807692307692308
0 0.04326923076923077 0.5108173076923077 0.004807692307692308 0.009615384615384616
0 0.07932692307692307 0.5072115384615384 0.004807692307692308 0.009615384615384616
0 0.7776442307692307 0.4362980769230769 0.01201923076923077 0.014423076923076924
0 0.5108173076923077 0.46153846153846156 0.009615384615384616 0.009615384615384616
0 0.7451923076923077 0.4387019230769231 0.009615384615384616 0.004807692307692308
0 0.6225961538461539 0.4519230769230769 0.004807692307692308 0.004807692307692308
0 0.7127403846153846 0.4423076923076923 0.01201923076923077 0.014423076923076924
0 0.9519230769230769 0.41947115384615385 0.019230769230769232 0.019230769230769232
0 0.7247596153846154 0.4411057692307692 0.007211538461538462 0.014423076923076924
0 0.4230769230769231 0.47596153846153844 0.009615384615384616 0.009615384615384616
0 0.38221153846153844 0.48197115384615385 0.01201923076923077 0.014423076923076924
0 0.4579326923076923 0.47475961538461536 0.016826923076923076 0.016826923076923076
0 0.4338942307692308 0.47475961538461536 0.004807692307692308 0.009615384615384616
0 0.0889423076923077 0.5132211538461539 0.004807692307692308 0.004807692307692308
0 0.6538461538461539 0.453125 0.01201923076923077 0.014423076923076924
0 0.3701923076923077 0.4831730769230769 0.004807692307692308 0.004807692307692308
0 0.3605769230769231 0.48677884615384615 0.004807692307692308 0.009615384615384616
0 0.8197115384615384 0.4362980769230769 0.01201923076923077 0.014423076923076924
0 0.9423076923076923 0.4254807692307692 0.016826923076923076 0.019230769230769232
0 0.4098557692307692 0.4795673076923077 0.01201923076923077 0.014423076923076924
0 0.47475961538461536 0.47475961538461536 0.009615384615384616 0.009615384615384616
0 0.7451923076923077 0.44591346153846156 0.009615384615384616 0.009615384615384616
0 0.9699519230769231 0.4254807692307692 0.016826923076923076 0.02403846153846154
0 0.5552884615384616 0.46875 0.016826923076923076 0.016826923076923076
0 0.9831730769230769 0.42908653846153844 0.026442307692307692 0.04326923076923077
0 0.8016826923076923 0.4483173076923077 0.01201923076923077 0.014423076923076924
0 0.6370192307692307 0.4651442307692308 0.01201923076923077 0.014423076923076924
0 0.7487980769230769 0.453125 0.007211538461538462 0.014423076923076924
0 0.6225961538461539 0.46634615384615385 0.01201923076923077 0.014423076923076924
0 0.8762019230769231 0.4423076923076923 0.01201923076923077 0.019230769230769232
0 0.6153846153846154 0.4675480769230769 0.004807692307692308 0.004807692307692308
0 0.5444711538461539 0.47475961538461536 0.01201923076923077 0.014423076923076924
0 0.5745192307692307 0.4735576923076923 0.007211538461538462 0.019230769230769232
0 0.4182692307692308 0.49038461538461536 0.014423076923076924 0.01201923076923077
0 0.9254807692307693 0.4375 0.021634615384615384 0.028846153846153848
0 0.8137019230769231 0.4483173076923077 0.016826923076923076 0.019230769230769232
0 0.7620192307692307 0.4579326923076923 0.01201923076923077 0.019230769230769232
0 0.38100961538461536 0.49759615384615385 0.016826923076923076 0.019230769230769232
0 0.8461538461538461 0.4495192307692308 0.016826923076923076 0.019230769230769232
0 0.6526442307692307 0.46875 0.016826923076923076 0.02403846153846154
0 0.4362980769230769 0.49158653846153844 0.016826923076923076 0.02403846153846154
0 0.5637019230769231 0.4855769230769231 0.021634615384615384 0.03365384615384615
0 0.6033653846153846 0.4795673076923077 0.016826923076923076 0.019230769230769232
0 0.7067307692307693 0.47596153846153844 0.019230769230769232 0.02403846153846154
0 0.9591346153846154 0.44711538461538464 0.021634615384615384 0.028846153846153848
0 0.7463942307692307 0.4735576923076923 0.016826923076923076 0.019230769230769232
0 0.7283653846153846 0.4735576923076923 0.016826923076923076 0.02403846153846154
0 0.421875 0.5084134615384616 0.021634615384615384 0.028846153846153848
0 0.8185096153846154 0.46875 0.019230769230769232 0.02403846153846154
0 0.3112980769230769 0.5204326923076923 0.019230769230769232 0.019230769230769232
0 0.8016826923076923 0.47115384615384615 0.02403846153846154 0.02403846153846154
0 0.9098557692307693 0.45913461538461536 0.019230769230769232 0.02403846153846154
0 0.8762019230769231 0.4651442307692308 0.016826923076923076 0.028846153846153848
0 0.5540865384615384 0.5036057692307693 0.016826923076923076 0.019230769230769232
0 0.9903846153846154 0.45552884615384615 0.016826923076923076 0.02403846153846154
0 0.4567307692307692 0.5168269230769231 0.026442307692307692 0.03365384615384615
0 0.4807692307692308 0.5180288461538461 0.016826923076923076 0.03365384615384615
0 0.49759615384615385 0.5180288461538461 0.021634615384615384 0.028846153846153848
0 0.6165865384615384 0.5036057692307693 0.019230769230769232 0.02403846153846154
0 0.3293269230769231 0.5360576923076923 0.026442307692307692 0.028846153846153848
0 0.7560096153846154 0.49399038461538464 0.019230769230769232 0.02403846153846154
0 0.7716346153846154 0.49158653846153844 0.016826923076923076 0.02403846153846154
0 0.5180288461538461 0.5216346153846154 0.026442307692307692 0.038461538461538464
0 0.7908653846153846 0.5 0.026442307692307692 0.03365384615384615
0 0.25961538461538464 0.5625 0.03125 0.040865384615384616
0 0.8894230769230769 0.4987980769230769 0.036057692307692304 0.036057692307692304
0 0.9098557692307693 0.4963942307692308 0.021634615384615384 0.03365384615384615
0 0.9879807692307693 0.4879807692307692 0.02403846153846154 0.04326923076923077
0 0.6382211538461539 0.5276442307692307 0.03125 0.040865384615384616
0 0.84375 0.5120192307692307 0.026442307692307692 0.03365384615384615
0 0.40384615384615385 0.5685096153846154 0.03125 0.036057692307692304
0 0.7307692307692307 0.5432692307692307 0.026442307692307692 0.03365384615384615
0 0.46274038461538464 0.5769230769230769 0.026442307692307692 0.04326923076923077
0 0.9783653846153846 0.5276442307692307 0.04326923076923077 0.06009615384615385
0 0.19951923076923078 0.6129807692307693 0.04326923076923077 0.0625
0 0.7884615384615384 0.5600961538461539 0.026442307692307692 0.03365384615384615
0 0.8269230769230769 0.5733173076923077 0.036057692307692304 0.05048076923076923
0 0.8966346153846154 0.5721153846153846 0.038461538461538464 0.0625
0 0.38341346153846156 0.6334134615384616 0.04326923076923077 0.057692307692307696
0 0.09134615384615384 0.6802884615384616 0.0625 0.08413461538461539
0 0.234375 0.671875 0.055288461538461536 0.07932692307692307
0 0.2692307692307692 0.6730769230769231 0.057692307692307696 0.07932692307692307
0 0.46875 0.6610576923076923 0.057692307692307696 0.0889423076923077
0 0.6153846153846154 0.734375 0.06009615384615385 0.09615384615384616
0 0.7644230769230769 0.7608173076923077 0.055288461538461536 0.07932692307692307
0 0.9098557692307693 0.7644230769230769 0.0889423076923077 0.1466346153846154