0 0.4735576923076923 0.3137019230769231 0.036057692307692304 0.0625
0 0.6478365384615384 0.3317307692307692 0.040865384615384616 0.06490384615384616
0 0.375 0.33052884615384615 0.04807692307692308 0.07692307692307693
0 0.5432692307692307 0.34134615384615385 0.03125 0.055288461538461536
0 0.25240384615384615 0.3329326923076923 0.04567307692307692 0.06009615384615385
0 0.4362980769230769 0.3401442307692308 0.038461538461538464 0.06971153846153846
0 0.7115384615384616 0.38822115384615385 0.040865384615384616 0.06971153846153846
0 0.6153846153846154 0.38461538461538464 0.04807692307692308 0.07932692307692307
0 0.3112980769230769 0.37740384615384615 0.040865384615384616 0.07692307692307693
0 0.4963942307692308 0.3954326923076923 0.04567307692307692 0.08173076923076923
0 0.7632211538461539 0.4050480769230769 0.052884615384615384 0.09375
0 0.5673076923076923 0.4050480769230769 0.04807692307692308 0.08173076923076923
0 0.24278846153846154 0.4026442307692308 0.036057692307692304 0.0625
0 0.6802884615384616 0.42788461538461536 0.052884615384615384 0.08413461538461539
0 0.40625 0.42788461538461536 0.05048076923076923 0.07211538461538461
0 0.3401442307692308 0.48197115384615385 0.04567307692307692 0.07211538461538461
0 0.20793269230769232 0.5168269230769231 0.04807692307692308 0.0889423076923077
0 0.45913461538461536 0.5300480769230769 0.052884615384615384 0.10096153846153846
0 0.6189903846153846 0.5649038461538461 0.05048076923076923 0.07211538461538461
0 0.5384615384615384 0.5733173076923077 0.052884615384615384 0.09134615384615384