0 0.9230769230769231 0.20192307692307693 0.019230769230769232 0.028846153846153848
0 0.7391826923076923 0.17548076923076922 0.026442307692307692 0.036057692307692304
0 0.44591346153846156 0.13701923076923078 0.026442307692307692 0.036057692307692304
0 0.16346153846153846 0.09735576923076923 0.03365384615384615 0.04567307692307692
0 0.2764423076923077 0.11538461538461539 0.028846153846153848 0.040865384615384616
0 0.8894230769230769 0.20673076923076922 0.02403846153846154 0.038461538461538464
0 0.9615384615384616 0.21634615384615385 0.026442307692307692 0.036057692307692304
0 0.38461538461538464 0.13581730769230768 0.028846153846153848 0.040865384615384616
0 0.22355769230769232 0.11538461538461539 0.03365384615384615 0.040865384615384616
0 0.0673076923076923 0.09615384615384616 0.026442307692307692 0.03125
0 0.7824519230769231 0.19591346153846154 0.026442307692307692 0.036057692307692304
0 0.49759615384615385 0.15865384615384615 0.03125 0.036057692307692304
0 0.8125 0.203125 0.03365384615384615 0.040865384615384616
0 0.6286057692307693 0.17908653846153846 0.021634615384615384 0.028846153846153848
0 0.75 0.1971153846153846 0.03365384615384615 0.04567307692307692
0 0.9110576923076923 0.22115384615384615 0.026442307692307692 0.036057692307692304
0 0.8701923076923077 0.21634615384615385 0.03125 0.036057692307692304
0 0.6814903846153846 0.18990384615384615 0.021634615384615384 0.03365384615384615
0 0.42908653846153844 0.15625 0.026442307692307692 0.03125
0 0.5216346153846154 0.1778846153846154 0.021634615384615384 0.03365384615384615
0 0.20432692307692307 0.140625 0.02403846153846154 0.04326923076923077
0 0.15384615384615385 0.13822115384615385 0.026442307692307692 0.036057692307692304
0 0.41466346153846156 0.17668269230769232 0.03365384615384615 0.04567307692307692
0 0.7007211538461539 0.21754807692307693 0.026442307692307692 0.036057692307692304
0 0.9483173076923077 0.25240384615384615 0.03365384615384615 0.04567307692307692
0 0.46875 0.1875 0.021634615384615384 0.03365384615384615
0 0.5084134615384616 0.19230769230769232 0.028846153846153848 0.040865384615384616
0 0.8497596153846154 0.24278846153846154 0.021634615384615384 0.03365384615384615
0 0.45552884615384615 0.1875 0.021634615384615384 0.028846153846153848
0 0.35336538461538464 0.17548076923076922 0.03365384615384615 0.040865384615384616
0 0.6610576923076923 0.21875 0.028846153846153848 0.040865384615384616
0 0.057692307692307696 0.13822115384615385 0.021634615384615384 0.04807692307692308
0 0.24759615384615385 0.16346153846153846 0.028846153846153848 0.040865384615384616
0 0.6081730769230769 0.21394230769230768 0.028846153846153848 0.040865384615384616
0 0.7319711538461539 0.04807692307692308 0.026442307692307692 0.036057692307692304
0 0.2980769230769231 0.17427884615384615 0.028846153846153848 0.040865384615384616
0 0.9807692307692307 0.27283653846153844 0.03365384615384615 0.04567307692307692
0 0.7584134615384616 0.24158653846153846 0.03365384615384615 0.040865384615384616
0 0.5588942307692307 0.2127403846153846 0.028846153846153848 0.040865384615384616
0 0.8978365384615384 0.2608173076923077 0.028846153846153848 0.040865384615384616
0 0.1045673076923077 0.15144230769230768 0.026442307692307692 0.036057692307692304
0 0.3701923076923077 0.2091346153846154 0.03125 0.036057692307692304
0 0.17307692307692307 0.18389423076923078 0.028846153846153848 0.04567307692307692
0 0.7872596153846154 0.27163461538461536 0.02403846153846154 0.038461538461538464
0 0.44711538461538464 0.2247596153846154 0.019230769230769232 0.019230769230769232
0 0.2247596153846154 0.1935096153846154 0.028846153846153848 0.04567307692307692
0 0.8665865384615384 0.28725961538461536 0.028846153846153848 0.040865384615384616
0 0.9603365384615384 0.3004807692307692 0.026442307692307692 0.036057692307692304
0 0.9170673076923077 0.296875 0.028846153846153848 0.04567307692307692
0 0.6225961538461539 0.2548076923076923 0.026442307692307692 0.036057692307692304
0 0.4855769230769231 0.23557692307692307 0.03125 0.036057692307692304
0 0.7139423076923077 0.27283653846153844 0.028846153846153848 0.04567307692307692
0 0.5721153846153846 0.2548076923076923 0.03125 0.036057692307692304
0 0.6923076923076923 0.2776442307692308 0.03125 0.036057692307692304
0 0.5372596153846154 0.2548076923076923 0.026442307692307692 0.036057692307692304
0 0.0889423076923077 0.19230769230769232 0.028846153846153848 0.040865384615384616
0 0.3137019230769231 0.23076923076923078 0.026442307692307692 0.036057692307692304
0 0.45913461538461536 0.25600961538461536 0.021634615384615384 0.03365384615384615
0 0.4338942307692308 0.25240384615384615 0.03365384615384615 0.05048076923076923
0 0.24879807692307693 0.22716346153846154 0.028846153846153848 0.040865384615384616
0 0.40384615384615385 0.25 0.028846153846153848 0.04567307692307692
0 0.9939903846153846 0.33533653846153844 0.01201923076923077 0.03125
0 0.6442307692307693 0.2860576923076923 0.03365384615384615 0.040865384615384616
0 0.5096153846153846 0.2692307692307692 0.026442307692307692 0.036057692307692304
0 0.8137019230769231 0.3125 0.02403846153846154 0.038461538461538464
0 0.9074519230769231 0.33052884615384615 0.026442307692307692 0.036057692307692304
0 0.6201923076923077 0.28966346153846156 0.026442307692307692 0.036057692307692304
0 0.5625 0.2848557692307692 0.028846153846153848 0.05048076923076923
0 0.9567307692307693 0.3449519230769231 0.028846153846153848 0.040865384615384616
0 0.8737980769230769 0.33774038461538464 0.028846153846153848 0.04567307692307692
0 0.22716346153846154 0.24639423076923078 0.03365384615384615 0.04567307692307692
0 0.34134615384615385 0.265625 0.021634615384615384 0.03365384615384615
0 0.0733173076923077 0.22716346153846154 0.03365384615384615 0.04567307692307692
0 0.12259615384615384 0.23677884615384615 0.03365384615384615 0.04567307692307692
0 0.18028846153846154 0.24519230769230768 0.028846153846153848 0.040865384615384616
0 0.2848557692307692 0.265625 0.03365384615384615 0.040865384615384616
0 0.8377403846153846 0.34615384615384615 0.03365384615384615 0.040865384615384616
0 0.9723557692307693 0.36538461538461536 0.03365384615384615 0.040865384615384616
0 0.5432692307692307 0.30408653846153844 0.028846153846153848 0.040865384615384616
0 0.6838942307692307 0.3269230769230769 0.028846153846153848 0.040865384615384616
0 0.4807692307692308 0.2980769230769231 0.021634615384615384 0.03365384615384615
0 0.5865384615384616 0.31850961538461536 0.028846153846153848 0.040865384615384616
0 0.7860576923076923 0.35096153846153844 0.03365384615384615 0.040865384615384616
0 0.34375 0.013221153846153846 0.028846153846153848 0.026442307692307692
0 0.15144230769230768 0.27163461538461536 0.028846153846153848 0.04567307692307692
0 0.20552884615384615 0.28125 0.03365384615384615 0.040865384615384616
0 0.25240384615384615 0.28846153846153844 0.03125 0.036057692307692304
0 0.31850961538461536 0.3004807692307692 0.03365384615384615 0.04567307692307692
0 0.057692307692307696 0.2668269230769231 0.03125 0.036057692307692304
0 0.7247596153846154 0.3605769230769231 0.026442307692307692 0.036057692307692304
0 0.3605769230769231 0.3088942307692308 0.028846153846153848 0.040865384615384616
0 0.7524038461538461 0.06610576923076923 0.026442307692307692 0.036057692307692304
0 0.8233173076923077 0.3786057692307692 0.026442307692307692 0.036057692307692304
0 0.3786057692307692 0.31850961538461536 0.021634615384615384 0.028846153846153848
0 0.9002403846153846 0.3954326923076923 0.028846153846153848 0.040865384615384616
0 0.7512019230769231 0.3762019230769231 0.026442307692307692 0.03125
0 0.9495192307692307 0.40865384615384615 0.026442307692307692 0.036057692307692304
0 0.5528846153846154 0.35336538461538464 0.026442307692307692 0.026442307692307692
0 0.5552884615384616 0.038461538461538464 0.026442307692307692 0.03125
0 0.5084134615384616 0.35216346153846156 0.02403846153846154 0.038461538461538464
0 0.6911057692307693 0.38221153846153844 0.021634615384615384 0.028846153846153848
0 0.7175480769230769 0.38822115384615385 0.026442307692307692 0.036057692307692304
0 0.08173076923076923 0.3004807692307692 0.03125 0.036057692307692304
0 0.17908653846153846 0.31850961538461536 0.028846153846153848 0.040865384615384616
0 0.6514423076923077 0.38822115384615385 0.026442307692307692 0.036057692307692304
0 0.7932692307692307 0.4098557692307692 0.028846153846153848 0.04567307692307692
0 0.7560096153846154 0.4050480769230769 0.021634615384615384 0.02403846153846154
0 0.5588942307692307 0.3798076923076923 0.026442307692307692 0.036057692307692304
0 0.40024038461538464 0.359375 0.02403846153846154 0.038461538461538464
0 0.23557692307692307 0.33653846153846156 0.03365384615384615 0.040865384615384616
0 0.037259615384615384 0.3088942307692308 0.03365384615384615 0.040865384615384616
0 0.8497596153846154 0.4230769230769231 0.021634615384615384 0.028846153846153848
0 0.5973557692307693 0.3894230769230769 0.026442307692307692 0.036057692307692304
0 0.33653846153846156 0.35336538461538464 0.028846153846153848 0.04567307692307692
0 0.28725961538461536 0.34615384615384615 0.028846153846153848 0.04567307692307692
0 0.9855769230769231 0.4483173076923077 0.028846153846153848 0.040865384615384616
0 0.9603365384615384 0.45072115384615385 0.026442307692307692 0.036057692307692304
0 0.6826923076923077 0.41466346153846156 0.021634615384615384 0.03365384615384615
0 0.3737980769230769 0.3737980769230769 0.028846153846153848 0.040865384615384616
0 0.7355769230769231 0.4254807692307692 0.021634615384615384 0.03365384615384615
0 0.4230769230769231 0.38100961538461536 0.028846153846153848 0.04567307692307692
0 0.15745192307692307 0.34615384615384615 0.03365384615384615 0.040865384615384616
0 0.10336538461538461 0.34134615384615385 0.026442307692307692 0.036057692307692304
0 0.7439903846153846 0.4338942307692308 0.021634615384615384 0.028846153846153848
0 0.5733173076923077 0.41225961538461536 0.028846153846153848 0.040865384615384616
0 0.5336538461538461 0.40625 0.026442307692307692 0.036057692307692304
0 0.5204326923076923 0.4050480769230769 0.026442307692307692 0.036057692307692304
0 0.6213942307692307 0.4206730769230769 0.038461538461538464 0.040865384615384616
0 0.7980769230769231 0.44591346153846156 0.028846153846153848 0.04567307692307692
0 0.47596153846153844 0.4026442307692308 0.021634615384615384 0.028846153846153848
0 0.9387019230769231 0.47115384615384615 0.03365384615384615 0.04567307692307692
0 0.27403846153846156 0.37740384615384615 0.02403846153846154 0.038461538461538464
0 0.31009615384615385 0.3894230769230769 0.038461538461538464 0.05048076923076923
0 0.8112980769230769 0.08173076923076923 0.028846153846153848 0.040865384615384616
0 0.24759615384615385 0.3870192307692308 0.028846153846153848 0.04567307692307692
0 0.38100961538461536 0.4110576923076923 0.03365384615384615 0.04567307692307692
0 0.4411057692307692 0.4206730769230769 0.03125 0.036057692307692304
0 0.13581730769230768 0.3786057692307692 0.03365384615384615 0.040865384615384616
0 0.7043269230769231 0.46033653846153844 0.026442307692307692 0.03125
0 0.9855769230769231 0.5048076923076923 0.026442307692307692 0.03125
0 0.9050480769230769 0.49399038461538464 0.03365384615384615 0.04567307692307692
0 0.7560096153846154 0.47475961538461536 0.028846153846153848 0.040865384615384616
0 0.8725961538461539 0.49158653846153844 0.026442307692307692 0.026442307692307692
0 0.8100961538461539 0.4855769230769231 0.038461538461538464 0.040865384615384616
0 0.09975961538461539 0.38822115384615385 0.03365384615384615 0.040865384615384616
0 0.5036057692307693 0.453125 0.028846153846153848 0.040865384615384616
0 0.17668269230769232 0.4098557692307692 0.026442307692307692 0.036057692307692304
0 0.5504807692307693 0.46274038461538464 0.03125 0.03125
0 0.019230769230769232 0.3954326923076923 0.02403846153846154 0.04326923076923077
0 0.4254807692307692 0.4519230769230769 0.026442307692307692 0.036057692307692304
0 0.8581730769230769 0.5180288461538461 0.028846153846153848 0.040865384615384616
0 0.25240384615384615 0.43509615384615385 0.028846153846153848 0.040865384615384616
0 0.9375 0.53125 0.03365384615384615 0.04567307692307692
0 0.5865384615384616 0.484375 0.026442307692307692 0.036057692307692304
0 0.3389423076923077 0.4495192307692308 0.03365384615384615 0.05048076923076923
0 0.8028846153846154 0.5168269230769231 0.028846153846153848 0.04567307692307692
0 0.6550480769230769 0.4963942307692308 0.026442307692307692 0.036057692307692304
0 0.7439903846153846 0.5108173076923077 0.028846153846153848 0.040865384615384616
0 0.8401442307692307 0.5276442307692307 0.03125 0.036057692307692304
0 0.078125 0.4254807692307692 0.03365384615384615 0.04567307692307692
0 0.5456730769230769 0.4963942307692308 0.028846153846153848 0.040865384615384616
0 0.45072115384615385 0.4855769230769231 0.03125 0.036057692307692304
0 0.40625 0.48677884615384615 0.03365384615384615 0.04567307692307692
0 0.29927884615384615 0.47115384615384615 0.028846153846153848 0.04567307692307692
0 0.9795673076923077 0.5673076923076923 0.021634615384615384 0.028846153846153848
0 0.26322115384615385 0.47115384615384615 0.028846153846153848 0.04567307692307692
0 0.6899038461538461 0.53125 0.028846153846153848 0.05048076923076923
0 0.7788461538461539 0.546875 0.03365384615384615 0.04567307692307692
0 0.7019230769230769 0.07451923076923077 0.026442307692307692 0.036057692307692304
0 0.14302884615384615 0.46153846153846156 0.038461538461538464 0.04567307692307692
0 0.03485576923076923 0.453125 0.02403846153846154 0.04326923076923077
0 0.6286057692307693 0.5360576923076923 0.03365384615384615 0.04567307692307692
0 0.5661057692307693 0.5276442307692307 0.026442307692307692 0.036057692307692304
0 0.6454326923076923 0.5480769230769231 0.03365384615384615 0.04567307692307692
0 0.5865384615384616 0.5444711538461539 0.028846153846153848 0.040865384615384616
0 0.33052884615384615 0.5084134615384616 0.02403846153846154 0.038461538461538464
0 0.9242788461538461 0.5925480769230769 0.026442307692307692 0.03125
0 0.055288461538461536 0.4723557692307692 0.03365384615384615 0.040865384615384616
0 0.4483173076923077 0.5300480769230769 0.026442307692307692 0.036057692307692304
0 0.546875 0.055288461538461536 0.028846153846153848 0.040865384615384616
0 0.7007211538461539 0.5685096153846154 0.03365384615384615 0.04567307692307692
0 0.8088942307692307 0.5829326923076923 0.026442307692307692 0.036057692307692304
0 0.9639423076923077 0.6081730769230769 0.038461538461538464 0.04567307692307692
0 0.38461538461538464 0.5264423076923077 0.03365384615384615 0.040865384615384616
0 0.9002403846153846 0.5985576923076923 0.03365384615384615 0.040865384615384616
0 0.7536057692307693 0.5805288461538461 0.028846153846153848 0.04567307692307692
0 0.8581730769230769 0.5949519230769231 0.03365384615384615 0.04567307692307692
0 0.2920673076923077 0.5192307692307693 0.02403846153846154 0.038461538461538464
0 0.5048076923076923 0.5516826923076923 0.026442307692307692 0.036057692307692304
0 0.4951923076923077 0.05048076923076923 0.026442307692307692 0.036057692307692304
0 0.15144230769230768 0.5192307692307693 0.03365384615384615 0.04567307692307692
0 0.10096153846153846 0.5120192307692307 0.028846153846153848 0.040865384615384616
0 0.20192307692307693 0.015625 0.03365384615384615 0.03125
0 0.6189903846153846 0.5865384615384616 0.028846153846153848 0.04567307692307692
0 0.6862980769230769 0.6033653846153846 0.026442307692307692 0.036057692307692304
0 0.2091346153846154 0.5384615384615384 0.03365384615384615 0.040865384615384616
0 0.3173076923076923 0.5528846153846154 0.038461538461538464 0.04567307692307692
0 0.7319711538461539 0.6117788461538461 0.028846153846153848 0.040865384615384616
0 0.53125 0.5829326923076923 0.026442307692307692 0.036057692307692304
0 0.8822115384615384 0.6346153846153846 0.028846153846153848 0.04567307692307692
0 0.8689903846153846 0.1045673076923077 0.028846153846153848 0.040865384615384616
0 0.8305288461538461 0.6298076923076923 0.03125 0.036057692307692304
0 0.47596153846153844 0.5829326923076923 0.028846153846153848 0.040865384615384616
0 0.9302884615384616 0.6490384615384616 0.028846153846153848 0.040865384615384616
0 0.2956730769230769 0.027644230769230768 0.026442307692307692 0.036057692307692304
0 0.7884615384615384 0.6394230769230769 0.038461538461538464 0.040865384615384616
0 0.2668269230769231 0.5649038461538461 0.026442307692307692 0.036057692307692304
0 0.4387019230769231 0.5973557692307693 0.03365384615384615 0.04567307692307692
0 0.12259615384615384 0.5576923076923077 0.028846153846153848 0.04567307692307692
0 0.7067307692307693 0.640625 0.028846153846153848 0.04567307692307692
0 0.4495192307692308 0.05048076923076923 0.028846153846153848 0.04567307692307692
0 0.6682692307692307 0.6358173076923077 0.026442307692307692 0.036057692307692304
0 0.8305288461538461 0.6586538461538461 0.02403846153846154 0.038461538461538464
0 0.5024038461538461 0.6141826923076923 0.028846153846153848 0.040865384615384616
0 0.39663461538461536 0.6021634615384616 0.03365384615384615 0.040865384615384616
0 0.5564903846153846 0.6298076923076923 0.03125 0.036057692307692304
0 0.36177884615384615 0.6021634615384616 0.03125 0.036057692307692304
0 0.9158653846153846 0.6826923076923077 0.03365384615384615 0.040865384615384616
0 0.6478365384615384 0.07932692307692307 0.026442307692307692 0.036057692307692304
0 0.2536057692307692 0.02403846153846154 0.021634615384615384 0.028846153846153848
0 0.24879807692307693 0.5913461538461539 0.03365384615384615 0.040865384615384616
0 0.8713942307692307 0.6850961538461539 0.028846153846153848 0.04567307692307692
0 0.6887019230769231 0.08774038461538461 0.021634615384615384 0.028846153846153848
0 0.9483173076923077 0.7055288461538461 0.026442307692307692 0.036057692307692304
0 0.8353365384615384 0.6959134615384616 0.03365384615384615 0.040865384615384616
0 0.6009615384615384 0.6634615384615384 0.038461538461538464 0.040865384615384616
0 0.22235576923076922 0.6129807692307693 0.03365384615384615 0.040865384615384616
0 0.28365384615384615 0.6237980769230769 0.03365384615384615 0.04567307692307692
0 0.32211538461538464 0.6322115384615384 0.021634615384615384 0.028846153846153848
0 0.3641826923076923 0.6370192307692307 0.03125 0.036057692307692304
0 0.5673076923076923 0.6682692307692307 0.038461538461538464 0.05048076923076923
0 0.8858173076923077 0.7175480769230769 0.03365384615384615 0.04567307692307692
0 0.4891826923076923 0.6670673076923077 0.026442307692307692 0.036057692307692304
0 0.734375 0.09615384615384616 0.03365384615384615 0.04567307692307692
0 0.5829326923076923 0.07451923076923077 0.028846153846153848 0.040865384615384616
0 0.09975961538461539 0.010817307692307692 0.026442307692307692 0.021634615384615384
0 0.7596153846153846 0.7307692307692307 0.028846153846153848 0.04567307692307692
0 0.4110576923076923 0.6862980769230769 0.028846153846153848 0.040865384615384616
0 0.3605769230769231 0.6838942307692307 0.038461538461538464 0.04567307692307692
0 0.17427884615384615 0.6598557692307693 0.03365384615384615 0.04567307692307692
0 0.6947115384615384 0.7451923076923077 0.03365384615384615 0.04567307692307692
0 0.4254807692307692 0.7067307692307693 0.02403846153846154 0.038461538461538464
0 0.33413461538461536 0.6959134615384616 0.026442307692307692 0.036057692307692304
0 0.015625 0.6502403846153846 0.03125 0.040865384615384616
0 0.953125 0.7860576923076923 0.026442307692307692 0.036057692307692304
0 0.23076923076923078 0.6911057692307693 0.028846153846153848 0.040865384615384616
0 0.5072115384615384 0.7331730769230769 0.028846153846153848 0.052884615384615384
0 0.7932692307692307 0.7728365384615384 0.03365384615384615 0.04567307692307692
0 0.640625 0.7560096153846154 0.028846153846153848 0.04567307692307692
0 0.8545673076923077 0.7860576923076923 0.028846153846153848 0.040865384615384616
0 0.43509615384615385 0.7307692307692307 0.028846153846153848 0.04567307692307692
0 0.8858173076923077 0.7944711538461539 0.028846153846153848 0.040865384615384616
0 0.7295673076923077 0.7776442307692307 0.03365384615384615 0.04567307692307692
0 0.9326923076923077 0.8137019230769231 0.028846153846153848 0.040865384615384616
0 0.5564903846153846 0.7632211538461539 0.03365384615384615 0.05048076923076923
0 0.36778846153846156 0.7391826923076923 0.03365384615384615 0.04567307692307692
0 0.5901442307692307 0.7704326923076923 0.028846153846153848 0.040865384615384616
0 0.07692307692307693 0.016826923076923076 0.02403846153846154 0.03365384615384615
0 0.5300480769230769 0.7668269230769231 0.028846153846153848 0.040865384615384616
0 0.31971153846153844 0.7415865384615384 0.026442307692307692 0.036057692307692304
0 0.7103365384615384 0.8028846153846154 0.028846153846153848 0.04567307692307692
0 0.09975961538461539 0.7211538461538461 0.038461538461538464 0.05048076923076923
0 0.7632211538461539 0.8173076923076923 0.03365384615384615 0.040865384615384616
0 0.021634615384615384 0.7247596153846154 0.03125 0.03125
0 0.9050480769230769 0.8521634615384616 0.03365384615384615 0.04567307692307692
0 0.5805288461538461 0.8088942307692307 0.028846153846153848 0.04567307692307692
0 0.35216346153846156 0.7788461538461539 0.028846153846153848 0.040865384615384616
0 0.04567307692307692 0.7367788461538461 0.038461538461538464 0.04567307692307692
0 0.2932692307692308 0.7740384615384616 0.038461538461538464 0.04567307692307692
0 0.4050480769230769 0.7944711538461539 0.021634615384615384 0.03365384615384615
0 0.6923076923076923 0.8377403846153846 0.028846153846153848 0.04567307692307692
0 0.46875 0.8064903846153846 0.028846153846153848 0.040865384615384616
0 0.6225961538461539 0.8305288461538461 0.028846153846153848 0.040865384615384616
0 0.8641826923076923 0.8665865384615384 0.026442307692307692 0.036057692307692304
0 0.18269230769230768 0.03125 0.026442307692307692 0.03125
0 0.01201923076923077 0.7584134615384616 0.02403846153846154 0.04567307692307692
0 0.49399038461538464 0.8305288461538461 0.028846153846153848 0.040865384615384616
0 0.8052884615384616 0.8737980769230769 0.028846153846153848 0.04567307692307692
0 0.75 0.8665865384615384 0.03365384615384615 0.05048076923076923
0 0.3701923076923077 0.8125 0.03125 0.036057692307692304
0 0.3317307692307692 0.8149038461538461 0.03365384615384615 0.04567307692307692
0 0.4411057692307692 0.8329326923076923 0.03365384615384615 0.040865384615384616
0 0.7848557692307693 0.8834134615384616 0.03365384615384615 0.04567307692307692
0 0.11057692307692307 0.7884615384615384 0.03125 0.036057692307692304
0 0.7091346153846154 0.875 0.03365384615384615 0.052884615384615384
0 0.5492788461538461 0.8521634615384616 0.03365384615384615 0.040865384615384616
0 0.23076923076923078 0.04326923076923077 0.026442307692307692 0.03125
0 0.06129807692307692 0.796875 0.03365384615384615 0.040865384615384616
0 0.8521634615384616 0.9074519230769231 0.021634615384615384 0.03365384615384615
0 0.6682692307692307 0.8846153846153846 0.03365384615384615 0.040865384615384616
0 0.7728365384615384 0.1201923076923077 0.028846153846153848 0.040865384615384616
0 0.8185096153846154 0.9110576923076923 0.026442307692307692 0.036057692307692304
0 0.9242788461538461 0.9266826923076923 0.028846153846153848 0.040865384615384616
0 0.36778846153846156 0.8473557692307693 0.03365384615384615 0.04567307692307692
0 0.8713942307692307 0.9182692307692307 0.028846153846153848 0.040865384615384616
0 0.09254807692307693 0.8185096153846154 0.03365384615384615 0.04567307692307692
0 0.328125 0.05889423076923077 0.021634615384615384 0.03365384615384615
0 0.484375 0.8762019230769231 0.03365384615384615 0.05048076923076923
0 0.14783653846153846 0.8317307692307693 0.03365384615384615 0.04567307692307692
0 0.028846153846153848 0.8353365384615384 0.03365384615384615 0.052884615384615384
0 0.8317307692307693 0.13221153846153846 0.021634615384615384 0.03365384615384615
0 0.7896634615384616 0.9519230769230769 0.028846153846153848 0.040865384615384616
0 0.5697115384615384 0.9230769230769231 0.028846153846153848 0.040865384615384616
0 0.6237980769230769 0.9338942307692307 0.026442307692307692 0.036057692307692304
0 0.40384615384615385 0.9026442307692307 0.03365384615384615 0.04567307692307692
0 0.18990384615384615 0.875 0.03365384615384615 0.040865384615384616
0 0.4254807692307692 0.078125 0.026442307692307692 0.036057692307692304
0 0.6826923076923077 0.9471153846153846 0.026442307692307692 0.036057692307692304
0 0.08413461538461539 0.8677884615384616 0.03125 0.036057692307692304
0 0.45913461538461536 0.921875 0.028846153846153848 0.04567307692307692
0 0.9074519230769231 0.9855769230769231 0.021634615384615384 0.028846153846153848
0 0.734375 0.9675480769230769 0.03365384615384615 0.05048076923076923
0 0.8629807692307693 0.9831730769230769 0.03365384615384615 0.03365384615384615
0 0.8930288461538461 0.9951923076923077 0.021634615384615384 0.009615384615384616
0 0.13341346153846154 0.8978365384615384 0.028846153846153848 0.04567307692307692
0 0.6141826923076923 0.9651442307692307 0.028846153846153848 0.04567307692307692
0 0.5384615384615384 0.09615384615384616 0.03125 0.036057692307692304
0 0.7932692307692307 0.9855769230769231 0.028846153846153848 0.028846153846153848
0 0.21514423076923078 0.9110576923076923 0.03365384615384615 0.04567307692307692
0 0.48677884615384615 0.9543269230769231 0.03365384615384615 0.04567307692307692
0 0.1622596153846154 0.9098557692307693 0.03365384615384615 0.05048076923076923
0 0.09735576923076923 0.9038461538461539 0.038461538461538464 0.055288461538461536
0 0.5372596153846154 0.9699519230769231 0.028846153846153848 0.05048076923076923
0 0.47115384615384615 0.0889423076923077 0.03365384615384615 0.040865384615384616
0 0.6153846153846154 0.109375 0.026442307692307692 0.036057692307692304
0 0.42427884615384615 0.9543269230769231 0.038461538461538464 0.05048076923076923
0 0.6706730769230769 0.9831730769230769 0.028846153846153848 0.03365384615384615
0 0.515625 0.9819711538461539 0.026442307692307692 0.03125
0 0.2536057692307692 0.9507211538461539 0.036057692307692304 0.04326923076923077
0 0.21153846153846154 0.9471153846153846 0.03365384615384615 0.038461538461538464
0 0.14302884615384615 0.9399038461538461 0.026442307692307692 0.026442307692307692
0 0.46033653846153844 0.9867788461538461 0.03125 0.026442307692307692
0 0.5168269230769231 0.9963942307692307 0.03365384615384615 0.007211538461538462
0 0.6298076923076923 0.025240384615384616 0.026442307692307692 0.026442307692307692
0 0.8173076923076923 0.051682692307692304 0.026442307692307692 0.026442307692307692
0 0.27524038461538464 0.0673076923076923 0.021634615384615384 0.03365384615384615
0 0.6742788461538461 0.125 0.028846153846153848 0.040865384615384616
0 0.8413461538461539 0.15144230769230768 0.026442307692307692 0.036057692307692304
0 0.7536057692307693 0.14543269230769232 0.026442307692307692 0.036057692307692304
0 0.4987980769230769 0.009615384615384616 0.03125 0.019230769230769232
0 0.09495192307692307 0.057692307692307696 0.026442307692307692 0.036057692307692304
0 0.8918269230769231 0.171875 0.026442307692307692 0.03125
0 0.9314903846153846 0.17908653846153846 0.021634615384615384 0.03365384615384615
0 0.15144230769230768 0.07211538461538461 0.026442307692307692 0.036057692307692304
0 0.19831730769230768 0.07932692307692307 0.03125 0.036057692307692304
0 0.24759615384615385 0.08774038461538461 0.028846153846153848 0.040865384615384616
0 0.8269230769230769 0.16947115384615385 0.028846153846153848 0.040865384615384616
0 0.59375 0.13942307692307693 0.026442307692307692 0.036057692307692304
0 0.9615384615384616 0.07451923076923077 0.021634615384615384 0.028846153846153848
0 0.7692307692307693 0.046875 0.026442307692307692 0.03125
0 0.42427884615384615 0.1201923076923077 0.021634615384615384 0.03365384615384615
0 0.6177884615384616 0.15865384615384615 0.021634615384615384 0.028846153846153848