0 0.5552884615384616 0.009615384615384616 0.03365384615384615 0.019230769230769232
0 0.8149038461538461 0.08653846153846154 0.03125 0.04326923076923077
0 0.7043269230769231 0.09375 0.026442307692307692 0.038461538461538464
0 0.5420673076923077 0.109375 0.02403846153846154 0.03365384615384615
0 0.5012019230769231 0.11658653846153846 0.019230769230769232 0.03365384615384615
0 0.5841346153846154 0.11298076923076923 0.02403846153846154 0.028846153846153848
0 0.06490384615384616 0.1502403846153846 0.03125 0.04326923076923077
0 0.23557692307692307 0.13822115384615385 0.019230769230769232 0.028846153846153848
0 0.7331730769230769 0.004807692307692308 0.02403846153846154 0.009615384615384616
0 0.6514423076923077 0.11778846153846154 0.02403846153846154 0.03365384615384615
0 0.171875 0.15144230769230768 0.019230769230769232 0.03365384615384615
0 0.41947115384615385 0.13701923076923078 0.019230769230769232 0.028846153846153848
0 0.9182692307692307 0.1045673076923077 0.03125 0.04326923076923077
0 0.4543269230769231 0.13942307692307693 0.019230769230769232 0.03365384615384615
0 0.78125 0.11658653846153846 0.026442307692307692 0.038461538461538464
0 0.6069711538461539 0.13221153846153846 0.019230769230769232 0.028846153846153848
0 0.8629807692307693 0.1141826923076923 0.03125 0.04326923076923077
0 0.42908653846153844 0.018028846153846152 0.019230769230769232 0.028846153846153848
0 0.2980769230769231 0.16346153846153846 0.021634615384615384 0.038461538461538464
0 0.6790865384615384 0.14182692307692307 0.026442307692307692 0.038461538461538464
0 0.5685096153846154 0.15144230769230768 0.02403846153846154 0.03365384615384615
0 0.9447115384615384 0.125 0.03125 0.04326923076923077
0 0.4831730769230769 0.15985576923076922 0.02403846153846154 0.03365384615384615
0 0.3762019230769231 0.16706730769230768 0.016826923076923076 0.028846153846153848
0 0.3401442307692308 0.17067307692307693 0.028846153846153848 0.028846153846153848
0 0.4254807692307692 0.16466346153846154 0.019230769230769232 0.03365384615384615
0 0.609375 0.16105769230769232 0.02403846153846154 0.03365384615384615
0 0.23677884615384615 0.1875 0.026442307692307692 0.038461538461538464
0 0.5252403846153846 0.16706730769230768 0.019230769230769232 0.03365384615384615
0 0.15625 0.19471153846153846 0.03125 0.038461538461538464
0 0.7043269230769231 0.15985576923076922 0.026442307692307692 0.038461538461538464
0 0.026442307692307692 0.20793269230769232 0.036057692307692304 0.04326923076923077
0 0.4675480769230769 0.17908653846153846 0.028846153846153848 0.03365384615384615
0 0.5024038461538461 0.17668269230769232 0.02403846153846154 0.03365384615384615
0 0.08052884615384616 0.2091346153846154 0.02403846153846154 0.03365384615384615
0 0.8798076923076923 0.15745192307692307 0.03125 0.038461538461538464
0 0.859375 0.004807692307692308 0.03125 0.009615384615384616
0 0.7608173076923077 0.17548076923076922 0.019230769230769232 0.028846153846153848
0 0.3449519230769231 0.20673076923076922 0.021634615384615384 0.04326923076923077
0 0.5456730769230769 0.19591346153846154 0.026442307692307692 0.038461538461538464
0 0.9639423076923077 0.16826923076923078 0.03125 0.04807692307692308
0 0.4266826923076923 0.21033653846153846 0.019230769230769232 0.03365384615384615
0 0.4723557692307692 0.2091346153846154 0.02403846153846154 0.03365384615384615
0 0.7223557692307693 0.19230769230769232 0.026442307692307692 0.038461538461538464
0 0.3870192307692308 0.21514423076923078 0.02403846153846154 0.03365384615384615
0 0.8605769230769231 0.1814903846153846 0.026442307692307692 0.038461538461538464
0 0.3076923076923077 0.22355769230769232 0.03125 0.038461538461538464
0 0.2536057692307692 0.234375 0.036057692307692304 0.038461538461538464
0 0.056490384615384616 0.25 0.03125 0.038461538461538464
0 0.6850961538461539 0.2091346153846154 0.02403846153846154 0.03365384615384615
0 0.7548076923076923 0.20673076923076922 0.02403846153846154 0.028846153846153848
0 0.042067307692307696 0.054086538461538464 0.026442307692307692 0.038461538461538464
0 0.6274038461538461 0.014423076923076924 0.028846153846153848 0.028846153846153848
0 0.5829326923076923 0.2283653846153846 0.02403846153846154 0.03365384615384615
0 0.14182692307692307 0.25841346153846156 0.026442307692307692 0.04326923076923077
0 0.6430288461538461 0.2247596153846154 0.02403846153846154 0.03365384615384615
0 0.5588942307692307 0.23557692307692307 0.026442307692307692 0.04326923076923077
0 0.09975961538461539 0.04927884615384615 0.026442307692307692 0.04326923076923077
0 0.1658653846153846 0.265625 0.02403846153846154 0.03365384615384615
0 0.3786057692307692 0.25841346153846156 0.036057692307692304 0.038461538461538464
0 0.4182692307692308 0.2548076923076923 0.026442307692307692 0.04326923076923077
0 0.5228365384615384 0.25240384615384615 0.02403846153846154 0.03365384615384615
0 0.875 0.23076923076923078 0.028846153846153848 0.03365384615384615
0 0.25721153846153844 0.2824519230769231 0.03125 0.04326923076923077
0 0.7451923076923077 0.25 0.021634615384615384 0.04326923076923077
0 0.21995192307692307 0.28725961538461536 0.03125 0.038461538461538464
0 0.06009615384615385 0.30528846153846156 0.03125 0.04807692307692308
0 0.30528846153846156 0.2932692307692308 0.02403846153846154 0.028846153846153848
0 0.8918269230769231 0.2548076923076923 0.02403846153846154 0.028846153846153848
0 0.625 0.27524038461538464 0.026442307692307692 0.038461538461538464
0 0.5132211538461539 0.28846153846153844 0.026442307692307692 0.04807692307692308
0 0.3485576923076923 0.3016826923076923 0.026442307692307692 0.038461538461538464
0 0.13701923076923078 0.31971153846153844 0.03125 0.038461538461538464
0 0.7692307692307693 0.27524038461538464 0.028846153846153848 0.028846153846153848
0 0.4206730769230769 0.3016826923076923 0.03125 0.04326923076923077
0 0.38822115384615385 0.30528846153846156 0.026442307692307692 0.04326923076923077
0 0.18990384615384615 0.32211538461538464 0.026442307692307692 0.038461538461538464
0 0.46153846153846156 0.30528846153846156 0.028846153846153848 0.03365384615384615
0 0.296875 0.31850961538461536 0.021634615384615384 0.038461538461538464
0 0.22355769230769232 0.3317307692307692 0.03125 0.04326923076923077
0 0.5673076923076923 0.026442307692307692 0.03125 0.038461538461538464
0 0.5745192307692307 0.3112980769230769 0.03125 0.04807692307692308
0 0.8293269230769231 0.2956730769230769 0.03125 0.04326923076923077
0 0.2800480769230769 0.33653846153846156 0.036057692307692304 0.04807692307692308
0 0.8822115384615384 0.29447115384615385 0.028846153846153848 0.03365384615384615
0 0.4026442307692308 0.038461538461538464 0.019230769230769232 0.028846153846153848
0 0.31971153846153844 0.04447115384615385 0.02403846153846154 0.028846153846153848
0 0.7007211538461539 0.3137019230769231 0.026442307692307692 0.038461538461538464
0 0.32572115384615385 0.3425480769230769 0.03125 0.04326923076923077
0 0.4855769230769231 0.03485576923076923 0.026442307692307692 0.038461538461538464
0 0.12980769230769232 0.3605769230769231 0.03125 0.038461538461538464
0 0.7403846153846154 0.31850961538461536 0.03125 0.04326923076923077
0 0.06610576923076923 0.36778846153846156 0.026442307692307692 0.04326923076923077
0 0.7800480769230769 0.32211538461538464 0.03125 0.04326923076923077
0 0.3545673076923077 0.04326923076923077 0.02403846153846154 0.028846153846153848
0 0.6165865384615384 0.3389423076923077 0.028846153846153848 0.03365384615384615
0 0.4855769230769231 0.3605769230769231 0.03125 0.04326923076923077
0 0.039663461538461536 0.39302884615384615 0.03125 0.038461538461538464
0 0.5408653846153846 0.359375 0.03125 0.04807692307692308
0 0.6730769230769231 0.35096153846153844 0.026442307692307692 0.04326923076923077
0 0.15625 0.06009615384615385 0.02403846153846154 0.03365384615384615
0 0.4375 0.3713942307692308 0.03125 0.04807692307692308
0 0.9134615384615384 0.34615384615384615 0.03125 0.04326923076923077
0 0.3894230769230769 0.38461538461538464 0.028846153846153848 0.03365384615384615
0 0.8497596153846154 0.3545673076923077 0.03125 0.04326923076923077
0 0.7271634615384616 0.3641826923076923 0.026442307692307692 0.038461538461538464
0 0.4699519230769231 0.040865384615384616 0.02403846153846154 0.03365384615384615
0 0.15504807692307693 0.41466346153846156 0.03125 0.04326923076923077
0 0.44471153846153844 0.042067307692307696 0.019230769230769232 0.028846153846153848
0 0.7800480769230769 0.38100961538461536 0.03125 0.04326923076923077
0 0.20793269230769232 0.43509615384615385 0.03125 0.04807692307692308
0 0.5024038461538461 0.040865384615384616 0.019230769230769232 0.019230769230769232
0 0.328125 0.43149038461538464 0.036057692307692304 0.038461538461538464
0 0.07211538461538461 0.4519230769230769 0.036057692307692304 0.052884615384615384
0 0.2608173076923077 0.4387019230769231 0.03125 0.038461538461538464
0 0.9362980769230769 0.3918269230769231 0.03125 0.04807692307692308
0 0.9002403846153846 0.015625 0.02403846153846154 0.028846153846153848
0 0.22115384615384615 0.0625 0.026442307692307692 0.038461538461538464
0 0.8317307692307693 0.4050480769230769 0.026442307692307692 0.04326923076923077
0 0.4375 0.4338942307692308 0.03125 0.04807692307692308
0 0.38822115384615385 0.4423076923076923 0.026442307692307692 0.04326923076923077
0 0.7644230769230769 0.027644230769230768 0.03125 0.04326923076923077
0 0.7668269230769231 0.4387019230769231 0.036057692307692304 0.04326923076923077
0 0.6370192307692307 0.4483173076923077 0.026442307692307692 0.038461538461538464
0 0.2247596153846154 0.47716346153846156 0.026442307692307692 0.04326923076923077
0 0.4879807692307692 0.46153846153846156 0.03125 0.04807692307692308
0 0.9567307692307693 0.43028846153846156 0.03125 0.04807692307692308
0 0.5396634615384616 0.46274038461538464 0.03125 0.04807692307692308
0 0.7319711538461539 0.4483173076923077 0.03125 0.04807692307692308
0 0.11177884615384616 0.4951923076923077 0.036057692307692304 0.04326923076923077
0 0.29927884615384615 0.484375 0.03125 0.04326923076923077
0 0.6923076923076923 0.4567307692307692 0.026442307692307692 0.04326923076923077
0 0.7223557692307693 0.030048076923076924 0.03125 0.038461538461538464
0 0.171875 0.4951923076923077 0.036057692307692304 0.04807692307692308
0 0.8569711538461539 0.44711538461538464 0.03125 0.038461538461538464
0 0.5997596153846154 0.4699519230769231 0.036057692307692304 0.04807692307692308
0 0.009615384615384616 0.515625 0.014423076923076924 0.055288461538461536
0 0.35096153846153844 0.4951923076923077 0.040865384615384616 0.052884615384615384
0 0.8389423076923077 0.47596153846153844 0.021634615384615384 0.038461538461538464
0 0.9471153846153846 0.4831730769230769 0.036057692307692304 0.04807692307692308
0 0.7512019230769231 0.5 0.03125 0.038461538461538464
0 0.8064903846153846 0.4987980769230769 0.026442307692307692 0.04326923076923077
0 0.09495192307692307 0.5540865384615384 0.036057692307692304 0.04326923076923077
0 0.6418269230769231 0.5204326923076923 0.026442307692307692 0.038461538461538464
0 0.04326923076923077 0.5625 0.040865384615384616 0.05048076923076923
0 0.6971153846153846 0.5264423076923077 0.026442307692307692 0.04326923076923077
0 0.23317307692307693 0.5612980769230769 0.040865384615384616 0.04567307692307692
0 0.16346153846153846 0.5685096153846154 0.036057692307692304 0.052884615384615384
0 0.5612980769230769 0.5444711538461539 0.03125 0.04326923076923077
0 0.5240384615384616 0.5492788461538461 0.026442307692307692 0.038461538461538464
0 0.9903846153846154 0.5192307692307693 0.019230769230769232 0.04326923076923077
0 0.8185096153846154 0.5432692307692307 0.026442307692307692 0.038461538461538464
0 0.609375 0.5576923076923077 0.036057692307692304 0.04807692307692308
0 0.8665865384615384 0.5420673076923077 0.036057692307692304 0.04807692307692308
0 0.29086538461538464 0.5889423076923077 0.03125 0.04326923076923077
0 0.5516826923076923 0.052884615384615384 0.02403846153846154 0.03365384615384615
0 0.7572115384615384 0.5588942307692307 0.036057692307692304 0.04326923076923077
0 0.4206730769230769 0.5889423076923077 0.028846153846153848 0.03365384615384615
0 0.9447115384615384 0.5516826923076923 0.036057692307692304 0.04807692307692308
0 0.09975961538461539 0.6201923076923077 0.036057692307692304 0.04326923076923077
0 0.5709134615384616 0.5901442307692307 0.036057692307692304 0.04326923076923077
0 0.3317307692307692 0.609375 0.03125 0.04807692307692308
0 0.7055288461538461 0.5853365384615384 0.040865384615384616 0.052884615384615384
0 0.05048076923076923 0.6334134615384616 0.040865384615384616 0.052884615384615384
0 0.59375 0.052884615384615384 0.026442307692307692 0.04326923076923077
0 0.5120192307692307 0.06009615384615385 0.021634615384615384 0.038461538461538464
0 0.22596153846153846 0.6370192307692307 0.040865384615384616 0.052884615384615384
0 0.36538461538461536 0.6298076923076923 0.036057692307692304 0.038461538461538464
0 0.4807692307692308 0.6262019230769231 0.036057692307692304 0.038461538461538464
0 0.14903846153846154 0.6526442307692307 0.03365384615384615 0.03365384615384615
0 0.5973557692307693 0.6334134615384616 0.036057692307692304 0.04326923076923077
0 0.5096153846153846 0.6394230769230769 0.028846153846153848 0.028846153846153848
0 0.4266826923076923 0.6466346153846154 0.036057692307692304 0.04807692307692308
0 0.2980769230769231 0.6574519230769231 0.040865384615384616 0.052884615384615384
0 0.7524038461538461 0.6286057692307693 0.040865384615384616 0.04567307692307692
0 0.5625 0.6418269230769231 0.036057692307692304 0.04326923076923077
0 0.9915865384615384 0.6129807692307693 0.016826923076923076 0.052884615384615384
0 0.8341346153846154 0.6274038461538461 0.03125 0.038461538461538464
0 0.9002403846153846 0.6298076923076923 0.036057692307692304 0.04807692307692308
0 0.9567307692307693 0.6286057692307693 0.03125 0.04326923076923077
0 0.6862980769230769 0.6514423076923077 0.036057692307692304 0.04807692307692308
0 0.12980769230769232 0.6935096153846154 0.04567307692307692 0.052884615384615384
0 0.44711538461538464 0.06971153846153846 0.019230769230769232 0.028846153846153848
0 0.35096153846153844 0.6887019230769231 0.040865384615384616 0.0625
0 0.41225961538461536 0.7043269230769231 0.040865384615384616 0.057692307692307696
0 0.41225961538461536 0.07451923076923077 0.019230769230769232 0.03365384615384615
0 0.48677884615384615 0.7067307692307693 0.03125 0.052884615384615384
0 0.9663461538461539 0.6778846153846154 0.036057692307692304 0.04326923076923077
0 0.09615384615384616 0.09975961538461539 0.02403846153846154 0.03365384615384615
0 0.8197115384615384 0.6935096153846154 0.040865384615384616 0.05048076923076923
0 0.7475961538461539 0.7079326923076923 0.03125 0.052884615384615384
0 0.6033653846153846 0.7223557692307693 0.036057692307692304 0.052884615384615384
0 0.5120192307692307 0.006009615384615385 0.019230769230769232 0.01201923076923077
0 0.4651442307692308 0.008413461538461538 0.019230769230769232 0.016826923076923076
0 0.8930288461538461 0.7091346153846154 0.040865384615384616 0.04567307692307692
0 0.5649038461538461 0.7487980769230769 0.036057692307692304 0.052884615384615384
0 0.8930288461538461 0.04807692307692308 0.026442307692307692 0.04326923076923077
0 0.6682692307692307 0.7463942307692307 0.040865384615384616 0.05048076923076923
0 0.4855769230769231 0.078125 0.026442307692307692 0.038461538461538464
0 0.12980769230769232 0.8137019230769231 0.04567307692307692 0.052884615384615384
0 0.19831730769230768 0.8112980769230769 0.04567307692307692 0.0625
0 0.9362980769230769 0.7644230769230769 0.05048076923076923 0.057692307692307696
0 0.38461538461538464 0.8185096153846154 0.036057692307692304 0.052884615384615384
0 0.27524038461538464 0.8317307692307693 0.040865384615384616 0.052884615384615384
0 0.7367788461538461 0.8040865384615384 0.036057692307692304 0.04326923076923077
0 0.9951923076923077 0.7836538461538461 0.009615384615384616 0.052884615384615384
0 0.4423076923076923 0.8269230769230769 0.036057692307692304 0.057692307692307696
0 0.5252403846153846 0.8233173076923077 0.036057692307692304 0.0625
0 0.8088942307692307 0.8040865384615384 0.040865384615384616 0.057692307692307696
0 0.6478365384615384 0.07211538461538461 0.02403846153846154 0.03365384615384615
0 0.8822115384615384 0.8064903846153846 0.04567307692307692 0.052884615384615384
0 0.3293269230769231 0.8533653846153846 0.040865384615384616 0.052884615384615384
0 0.6682692307692307 0.8293269230769231 0.040865384615384616 0.05048076923076923
0 0.5961538461538461 0.84375 0.05048076923076923 0.0625
0 0.07211538461538461 0.1141826923076923 0.019230769230769232 0.03365384615384615
0 0.5612980769230769 0.08052884615384616 0.02403846153846154 0.03365384615384615
0 0.3713942307692308 0.0985576923076923 0.021634615384615384 0.038461538461538464
0 0.3389423076923077 0.10096153846153846 0.02403846153846154 0.03365384615384615
0 0.9098557692307693 0.06009615384615385 0.028846153846153848 0.03365384615384615
0 0.7536057692307693 0.0733173076923077 0.02403846153846154 0.03365384615384615
0 0.6634615384615384 0.08052884615384616 0.026442307692307692 0.04326923076923077
0 0.6730769230769231 0.004807692307692308 0.019230769230769232 0.009615384615384616
0 0.5216346153846154 0.09254807692307693 0.02403846153846154 0.03365384615384615
0 0.5036057692307693 0.09375 0.019230769230769232 0.019230769230769232
0 0.43509615384615385 0.10336538461538461 0.019230769230769232 0.028846153846153848
0 0.30288461538461536 0.11298076923076923 0.019230769230769232 0.03365384615384615
0 0.4675480769230769 0.10336538461538461 0.02403846153846154 0.03365384615384615