0 0.9591346153846154 0.31850961538461536 0.06009615384615385 0.08173076923076923
0 0.8401442307692307 0.33052884615384615 0.055288461538461536 0.07692307692307693
0 0.9098557692307693 0.33653846153846156 0.04326923076923077 0.04807692307692308
0 0.2776442307692308 0.31009615384615385 0.038461538461538464 0.04326923076923077
0 0.3425480769230769 0.31971153846153844 0.036057692307692304 0.052884615384615384
0 0.8185096153846154 0.3473557692307692 0.04567307692307692 0.057692307692307696
0 0.0625 0.3076923076923077 0.05048076923076923 0.057692307692307696
0 0.5685096153846154 0.35096153846153844 0.040865384615384616 0.0673076923076923
0 0.21394230769230768 0.33413461538461536 0.055288461538461536 0.07692307692307693
0 0.6598557692307693 0.3605769230769231 0.05048076923076923 0.052884615384615384
0 0.5973557692307693 0.35697115384615385 0.05048076923076923 0.057692307692307696
0 0.13341346153846154 0.33533653846153844 0.05048076923076923 0.07211538461538461
0 0.18629807692307693 0.3401442307692308 0.028846153846153848 0.038461538461538464
0 0.4266826923076923 0.3557692307692308 0.04567307692307692 0.07211538461538461
0 0.7475961538461539 0.3762019230769231 0.05048076923076923 0.0673076923076923
0 0.5168269230769231 0.36658653846153844 0.040865384615384616 0.0625
0 0.27163461538461536 0.3557692307692308 0.05048076923076923 0.0625
0 0.16706730769230768 0.34975961538461536 0.04567307692307692 0.0625
0 0.3641826923076923 0.36778846153846156 0.04567307692307692 0.057692307692307696
0 0.47596153846153844 0.3762019230769231 0.036057692307692304 0.04807692307692308
0 0.3329326923076923 0.3737980769230769 0.04567307692307692 0.057692307692307696
0 0.7091346153846154 0.43028846153846156 0.05048076923076923 0.0673076923076923
0 0.6610576923076923 0.43028846153846156 0.04567307692307692 0.0625
0 0.6153846153846154 0.453125 0.05048076923076923 0.052884615384615384
0 0.41586538461538464 0.6225961538461539 0.05048076923076923 0.052884615384615384