0 0.5276442307692307 0.1814903846153846 0.052884615384615384 0.07932692307692307
0 0.8269230769230769 0.1346153846153846 0.04807692307692308 0.07932692307692307
0 0.7163461538461539 0.15384615384615385 0.04567307692307692 0.06490384615384616
0 0.9206730769230769 0.13341346153846154 0.05048076923076923 0.055288461538461536
0 0.7920673076923077 0.15504807692307693 0.04326923076923077 0.04807692307692308
0 0.5913461538461539 0.19951923076923078 0.06009615384615385 0.07692307692307693
0 0.39903846153846156 0.234375 0.0673076923076923 0.09615384615384616
0 0.013221153846153846 0.2980769230769231 0.026442307692307692 0.11057692307692307
0 0.6814903846153846 0.18990384615384615 0.052884615384615384 0.07932692307692307
0 0.8786057692307693 0.15865384615384615 0.04567307692307692 0.06009615384615385
0 0.1814903846153846 0.0673076923076923 0.04807692307692308 0.05048076923076923
0 0.06971153846153846 0.2920673076923077 0.0625 0.08413461538461539
0 0.18629807692307693 0.2824519230769231 0.06971153846153846 0.10096153846153846
0 0.11177884615384616 0.296875 0.0673076923076923 0.09615384615384616
0 0.3016826923076923 0.05048076923076923 0.05048076923076923 0.055288461538461536
0 0.6862980769230769 0.007211538461538462 0.03125 0.014423076923076924
0 0.8052884615384616 0.1935096153846154 0.04567307692307692 0.06490384615384616
0 0.8605769230769231 0.19951923076923078 0.038461538461538464 0.05048076923076923
0 0.38221153846153844 0.040865384615384616 0.055288461538461536 0.0625
0 0.7788461538461539 0.21875 0.057692307692307696 0.07692307692307693
0 0.5372596153846154 0.25721153846153844 0.055288461538461536 0.0889423076923077
0 0.9266826923076923 0.20673076923076922 0.02403846153846154 0.036057692307692304
0 0.9471153846153846 0.20673076923076922 0.02403846153846154 0.0625
0 0.49038461538461536 0.27884615384615385 0.0625 0.09375
0 0.28125 0.31971153846153844 0.06009615384615385 0.09375
0 0.7295673076923077 0.2512019230769231 0.0625 0.09375
0 0.8954326923076923 0.23317307692307693 0.04807692307692308 0.06971153846153846
0 0.11778846153846154 0.08413461538461539 0.05048076923076923 0.06490384615384616
0 0.6694711538461539 0.013221153846153846 0.04567307692307692 0.026442307692307692
0 0.08413461538461539 0.3641826923076923 0.07211538461538461 0.11538461538461539
0 0.6706730769230769 0.2764423076923077 0.0673076923076923 0.08173076923076923
0 0.47475961538461536 0.3112980769230769 0.0625 0.0889423076923077
0 0.8533653846153846 0.25721153846153844 0.052884615384615384 0.06971153846153846
0 0.6454326923076923 0.015625 0.036057692307692304 0.03125
0 0.9290865384615384 0.25240384615384615 0.04567307692307692 0.055288461538461536
0 0.018028846153846152 0.4050480769230769 0.036057692307692304 0.0985576923076923
0 0.4879807692307692 0.03365384615384615 0.052884615384615384 0.0673076923076923
0 0.7283653846153846 0.007211538461538462 0.03365384615384615 0.014423076923076924
0 0.6514423076923077 0.31850961538461536 0.057692307692307696 0.08413461538461539
0 0.36538461538461536 0.3737980769230769 0.06490384615384616 0.10817307692307693
0 0.8269230769230769 0.3004807692307692 0.06009615384615385 0.07692307692307693
0 0.1971153846153846 0.40625 0.07692307692307693 0.12259615384615384
0 0.3389423076923077 0.38341346153846156 0.055288461538461536 0.09375
0 0.6081730769230769 0.34134615384615385 0.0625 0.08173076923076923
0 0.9555288461538461 0.29447115384615385 0.040865384615384616 0.09134615384615384
0 0.8846153846153846 0.30528846153846156 0.055288461538461536 0.0625
0 0.25 0.0733173076923077 0.052884615384615384 0.07932692307692307
0 0.453125 0.38100961538461536 0.07451923076923077 0.11057692307692307
0 0.2932692307692308 0.40865384615384615 0.07211538461538461 0.08413461538461539
0 0.5588942307692307 0.3942307692307692 0.057692307692307696 0.08413461538461539
0 0.7163461538461539 0.3798076923076923 0.06490384615384616 0.10336538461538461
0 0.5300480769230769 0.4170673076923077 0.052884615384615384 0.07451923076923077
0 0.9074519230769231 0.36538461538461536 0.0625 0.08413461538461539
0 0.6766826923076923 0.40384615384615385 0.0673076923076923 0.09134615384615384
0 0.7860576923076923 0.3870192307692308 0.0673076923076923 0.09134615384615384
0 0.6165865384615384 0.4182692307692308 0.055288461538461536 0.09375
0 0.09014423076923077 0.5144230769230769 0.0985576923076923 0.11298076923076923
0 0.5276442307692307 0.037259615384615384 0.04807692307692308 0.052884615384615384
0 0.32091346153846156 0.49278846153846156 0.07692307692307693 0.09134615384615384
0 0.9639423076923077 0.3918269230769231 0.052884615384615384 0.06971153846153846
0 0.8701923076923077 0.40865384615384615 0.057692307692307696 0.08173076923076923
0 0.4543269230769231 0.04927884615384615 0.052884615384615384 0.07451923076923077
0 0.3894230769230769 0.4891826923076923 0.06971153846153846 0.10576923076923077
0 0.8112980769230769 0.009615384615384616 0.04567307692307692 0.019230769230769232
0 0.6634615384615384 0.4807692307692308 0.06971153846153846 0.10576923076923077
0 0.24158653846153846 0.5552884615384616 0.07692307692307693 0.11538461538461539
0 0.5745192307692307 0.5084134615384616 0.0673076923076923 0.11298076923076923
0 0.14903846153846154 0.5793269230769231 0.08173076923076923 0.09375
0 0.16346153846153846 0.10336538461538461 0.05048076923076923 0.06009615384615385
0 0.5072115384615384 0.5444711538461539 0.07451923076923077 0.11057692307692307
0 0.9723557692307693 0.47716346153846156 0.055288461538461536 0.10336538461538461
0 0.0625 0.6298076923076923 0.08653846153846154 0.12980769230769232
0 0.8305288461538461 0.5132211538461539 0.0673076923076923 0.09134615384615384
0 0.7788461538461539 0.5348557692307693 0.07211538461538461 0.09615384615384616
0 0.35697115384615385 0.6045673076923077 0.07211538461538461 0.11538461538461539
0 0.6189903846153846 0.038461538461538464 0.038461538461538464 0.05048076923076923
0 0.953125 0.5480769230769231 0.0673076923076923 0.08173076923076923
0 0.6658653846153846 0.5997596153846154 0.08173076923076923 0.11538461538461539
0 0.16466346153846154 0.6814903846153846 0.07692307692307693 0.11538461538461539
0 0.23918269230769232 0.10096153846153846 0.04807692307692308 0.07451923076923077
0 0.9158653846153846 0.5841346153846154 0.07932692307692307 0.10576923076923077
0 0.4795673076923077 0.6574519230769231 0.08173076923076923 0.11538461538461539
0 0.7175480769230769 0.026442307692307692 0.04567307692307692 0.052884615384615384
0 0.9819711538461539 0.5877403846153846 0.036057692307692304 0.10336538461538461
0 0.30408653846153844 0.7007211538461539 0.08413461538461539 0.11298076923076923
0 0.5925480769230769 0.6574519230769231 0.08173076923076923 0.1201923076923077
0 0.40024038461538464 0.078125 0.052884615384615384 0.06971153846153846
0 0.8485576923076923 0.013221153846153846 0.038461538461538464 0.026442307692307692
0 0.052884615384615384 0.1346153846153846 0.052884615384615384 0.07932692307692307
0 0.7872596153846154 0.02283653846153846 0.040865384615384616 0.04567307692307692
0 0.3894230769230769 0.7199519230769231 0.0889423076923077 0.1346153846153846
0 0.10697115384615384 0.12860576923076922 0.057692307692307696 0.0625
0 0.30528846153846156 0.09735576923076923 0.057692307692307696 0.08173076923076923
0 0.7620192307692307 0.6862980769230769 0.07211538461538461 0.11538461538461539
0 0.8137019230769231 0.6778846153846154 0.07211538461538461 0.09615384615384616
0 0.9146634615384616 0.016826923076923076 0.03125 0.03365384615384615
0 0.5300480769230769 0.7788461538461539 0.0889423076923077 0.14423076923076922
0 0.9915865384615384 0.7319711538461539 0.016826923076923076 0.10817307692307693
0 0.9579326923076923 0.7584134615384616 0.0673076923076923 0.09615384615384616
0 0.8870192307692307 0.7836538461538461 0.08653846153846154 0.125
0 0.6887019230769231 0.8473557692307693 0.09615384615384616 0.10817307692307693
0 0.18870192307692307 0.9314903846153846 0.08653846153846154 0.12980769230769232
0 0.7644230769230769 0.8401442307692307 0.08653846153846154 0.1201923076923077
0 0.5180288461538461 0.08173076923076923 0.05048076923076923 0.06009615384615385
0 0.3112980769230769 0.9483173076923077 0.06971153846153846 0.10336538461538461
0 0.36658653846153844 0.9411057692307693 0.10336538461538461 0.11778846153846154
0 0.8317307692307693 0.9050480769230769 0.08653846153846154 0.09375
0 0.5504807692307693 0.08413461538461539 0.04567307692307692 0.06490384615384616
0 0.7319711538461539 0.9242788461538461 0.09375 0.09375
0 0.9242788461538461 0.8942307692307693 0.08653846153846154 0.09375
0 0.234375 0.9819711538461539 0.10817307692307693 0.036057692307692304
0 0.7752403846153846 0.04927884615384615 0.04326923076923077 0.052884615384615384
0 0.08774038461538461 0.15985576923076922 0.04326923076923077 0.07932692307692307
0 0.5661057692307693 0.9723557692307693 0.0889423076923077 0.055288461538461536
0 0.8521634615384616 0.039663461538461536 0.03365384615384615 0.040865384615384616
0 0.3858173076923077 0.11538461538461539 0.055288461538461536 0.0625
0 0.8221153846153846 0.04567307692307692 0.038461538461538464 0.05048076923076923
0 0.02403846153846154 0.17908653846153846 0.04807692307692308 0.0985576923076923
0 0.1875 0.15384615384615385 0.0625 0.0889423076923077
0 0.5829326923076923 0.09134615384615384 0.04567307692307692 0.06490384615384616
0 0.6262019230769231 0.08413461538461539 0.040865384615384616 0.06009615384615385
0 0.9086538461538461 0.04326923076923077 0.038461538461538464 0.040865384615384616
0 0.671875 0.08774038461538461 0.04567307692307692 0.055288461538461536
0 0.265625 0.15745192307692307 0.0625 0.08413461538461539
0 0.7055288461538461 0.08774038461538461 0.06009615384615385 0.0673076923076923
0 0.5132211538461539 0.1201923076923077 0.05048076923076923 0.06490384615384616
0 0.8088942307692307 0.08173076923076923 0.038461538461538464 0.05048076923076923
0 0.8930288461538461 0.06971153846153846 0.05048076923076923 0.06490384615384616
0 0.7704326923076923 0.09254807692307693 0.05048076923076923 0.06009615384615385
0 0.9254807692307693 0.06850961538461539 0.021634615384615384 0.052884615384615384
0 0.009615384615384616 0.22235576923076922 0.019230769230769232 0.10336538461538461
0 0.6117788461538461 0.12379807692307693 0.04807692307692308 0.06971153846153846
0 0.5649038461538461 0.008413461538461538 0.04807692307692308 0.016826923076923076
0 0.8557692307692307 0.09254807692307693 0.04567307692307692 0.06009615384615385
0 0.40024038461538464 0.16706730769230768 0.0625 0.0889423076923077
0 0.3449519230769231 0.1778846153846154 0.0673076923076923 0.09615384615384616
0 0.6538461538461539 0.12860576923076922 0.040865384615384616 0.06009615384615385
0 0.17427884615384615 0.21754807692307693 0.08173076923076923 0.0889423076923077
0 0.3076923076923077 0.19831730769230768 0.06490384615384616 0.10336538461538461
0 0.24639423076923078 0.2091346153846154 0.06971153846153846 0.10096153846153846
0 0.46634615384615385 0.18629807692307693 0.06490384615384616 0.0985576923076923