0 0.6646634615384616 0.10697115384615384 0.003605769230769231 0.004807692307692308
0 0.6790865384615384 0.10697115384615384 0.003605769230769231 0.003605769230769231
0 0.53125 0.109375 0.002403846153846154 0.002403846153846154
0 0.5588942307692307 0.109375 0.003605769230769231 0.002403846153846154
0 0.5480769230769231 0.109375 0.003605769230769231 0.004807692307692308
0 0.1658653846153846 0.11057692307692307 0.003605769230769231 0.008413461538461538
0 0.3894230769230769 0.11057692307692307 0.003605769230769231 0.004807692307692308
0 0.5072115384615384 0.11057692307692307 0.003605769230769231 0.001201923076923077
0 0.1935096153846154 0.11177884615384616 0.001201923076923077 0.003605769230769231
0 0.5204326923076923 0.11177884615384616 0.003605769230769231 0.003605769230769231
0 0.4963942307692308 0.11177884615384616 0.003605769230769231 0.002403846153846154
0 0.140625 0.11298076923076923 0.003605769230769231 0.004807692307692308
0 0.5733173076923077 0.11298076923076923 0.003605769230769231 0.004807692307692308
0 0.17427884615384615 0.11298076923076923 0.002403846153846154 0.006009615384615385
0 0.2247596153846154 0.1141826923076923 0.003605769230769231 0.007211538461538462
0 0.5817307692307693 0.1141826923076923 0.003605769230769231 0.007211538461538462
0 0.5144230769230769 0.11538461538461539 0.004807692307692308 0.003605769230769231
0 0.5372596153846154 0.11538461538461539 0.003605769230769231 0.003605769230769231
0 0.5516826923076923 0.11658653846153846 0.003605769230769231 0.003605769230769231
0 0.6766826923076923 0.11658653846153846 0.007211538461538462 0.01201923076923077
0 0.6923076923076923 0.11778846153846154 0.004807692307692308 0.006009615384615385
0 0.7764423076923077 0.11778846153846154 0.006009615384615385 0.004807692307692308
0 0.20432692307692307 0.11899038461538461 0.003605769230769231 0.008413461538461538
0 0.36538461538461536 0.11899038461538461 0.004807692307692308 0.008413461538461538
0 0.35096153846153844 0.11899038461538461 0.004807692307692308 0.004807692307692308
0 0.38341346153846156 0.12139423076923077 0.002403846153846154 0.003605769230769231
0 0.5192307692307693 0.12139423076923077 0.006009615384615385 0.004807692307692308
0 0.2283653846153846 0.12259615384615384 0.004807692307692308 0.004807692307692308
0 0.7043269230769231 0.12259615384615384 0.003605769230769231 0.003605769230769231
0 0.7127403846153846 0.12259615384615384 0.004807692307692308 0.006009615384615385
0 0.71875 0.12259615384615384 0.003605769230769231 0.006009615384615385
0 0.5120192307692307 0.12379807692307693 0.003605769230769231 0.002403846153846154
0 0.016826923076923076 0.12379807692307693 0.003605769230769231 0.007211538461538462
0 0.5108173076923077 0.125 0.001201923076923077 0.001201923076923077
0 0.009615384615384616 0.12620192307692307 0.004807692307692308 0.006009615384615385
0 0.47836538461538464 0.12620192307692307 0.004807692307692308 0.006009615384615385
0 0.3233173076923077 0.12620192307692307 0.004807692307692308 0.004807692307692308
0 0.3701923076923077 0.12740384615384615 0.006009615384615385 0.006009615384615385
0 0.6862980769230769 0.12740384615384615 0.003605769230769231 0.002403846153846154
0 0.7367788461538461 0.12740384615384615 0.003605769230769231 0.006009615384615385
0 0.5480769230769231 0.12860576923076922 0.003605769230769231 0.006009615384615385
0 0.33413461538461536 0.12980769230769232 0.004807692307692308 0.008413461538461538
0 0.49399038461538464 0.1310096153846154 0.004807692307692308 0.004807692307692308
0 0.32572115384615385 0.1310096153846154 0.003605769230769231 0.002403846153846154
0 0.7067307692307693 0.1310096153846154 0.003605769230769231 0.006009615384615385
0 0.41586538461538464 0.1310096153846154 0.006009615384615385 0.007211538461538462
0 0.5024038461538461 0.13221153846153846 0.004807692307692308 0.008413461538461538
0 0.21514423076923078 0.13341346153846154 0.007211538461538462 0.006009615384615385
0 0.7163461538461539 0.13341346153846154 0.004807692307692308 0.003605769230769231
0 0.13822115384615385 0.1346153846153846 0.003605769230769231 0.008413461538461538
0 0.39663461538461536 0.1346153846153846 0.003605769230769231 0.010817307692307692
0 0.7451923076923077 0.1346153846153846 0.004807692307692308 0.006009615384615385
0 0.47115384615384615 0.13581730769230768 0.004807692307692308 0.006009615384615385
0 0.8990384615384616 0.13701923076923078 0.006009615384615385 0.003605769230769231
0 0.5204326923076923 0.13701923076923078 0.004807692307692308 0.006009615384615385
0 0.6947115384615384 0.13701923076923078 0.007211538461538462 0.006009615384615385
0 0.6850961538461539 0.13822115384615385 0.003605769230769231 0.004807692307692308
0 0.9014423076923077 0.13822115384615385 0.003605769230769231 0.002403846153846154
0 0.7067307692307693 0.13822115384615385 0.003605769230769231 0.003605769230769231
0 0.7716346153846154 0.13942307692307693 0.004807692307692308 0.007211538461538462
0 0.22235576923076922 0.13942307692307693 0.008413461538461538 0.007211538461538462
0 0.1622596153846154 0.13942307692307693 0.006009615384615385 0.010817307692307692
0 0.5348557692307693 0.13942307692307693 0.004807692307692308 0.006009615384615385
0 0.13822115384615385 0.13942307692307693 0.007211538461538462 0.004807692307692308
0 0.5132211538461539 0.13942307692307693 0.003605769230769231 0.004807692307692308
0 0.6105769230769231 0.14182692307692307 0.001201923076923077 0.003605769230769231
0 0.3918269230769231 0.14302884615384615 0.007211538461538462 0.006009615384615385
0 0.33533653846153844 0.14302884615384615 0.006009615384615385 0.008413461538461538
0 0.25600961538461536 0.14423076923076922 0.004807692307692308 0.009615384615384616
0 0.4987980769230769 0.14423076923076922 0.003605769230769231 0.004807692307692308
0 0.5528846153846154 0.14423076923076922 0.003605769230769231 0.006009615384615385
0 0.5288461538461539 0.14543269230769232 0.004807692307692308 0.003605769230769231
0 0.7403846153846154 0.14543269230769232 0.004807692307692308 0.008413461538461538
0 0.9134615384615384 0.1466346153846154 0.01201923076923077 0.009615384615384616
0 0.3293269230769231 0.1466346153846154 0.003605769230769231 0.003605769230769231
0 0.04567307692307692 0.1466346153846154 0.007211538461538462 0.010817307692307692
0 0.06971153846153846 0.1466346153846154 0.007211538461538462 0.008413461538461538
0 0.27163461538461536 0.14783653846153846 0.004807692307692308 0.007211538461538462
0 0.4567307692307692 0.14783653846153846 0.009615384615384616 0.008413461538461538
0 0.2956730769230769 0.14783653846153846 0.008413461538461538 0.007211538461538462
0 0.53125 0.14783653846153846 0.004807692307692308 0.007211538461538462
0 0.5408653846153846 0.14783653846153846 0.003605769230769231 0.007211538461538462
0 0.5661057692307693 0.14903846153846154 0.004807692307692308 0.003605769230769231
0 0.6442307692307693 0.14903846153846154 0.004807692307692308 0.008413461538461538
0 0.6730769230769231 0.14903846153846154 0.003605769230769231 0.003605769230769231
0 0.3798076923076923 0.1502403846153846 0.004807692307692308 0.007211538461538462
0 0.7716346153846154 0.15144230769230768 0.003605769230769231 0.002403846153846154
0 0.5504807692307693 0.15144230769230768 0.003605769230769231 0.003605769230769231
0 0.8701923076923077 0.15144230769230768 0.006009615384615385 0.007211538461538462
0 0.6502403846153846 0.15144230769230768 0.004807692307692308 0.004807692307692308
0 0.8629807692307693 0.15144230769230768 0.004807692307692308 0.003605769230769231
0 0.20072115384615385 0.15144230769230768 0.007211538461538462 0.008413461538461538
0 0.17307692307692307 0.15264423076923078 0.008413461538461538 0.009615384615384616
0 0.6838942307692307 0.15264423076923078 0.003605769230769231 0.006009615384615385
0 0.23197115384615385 0.15384615384615385 0.009615384615384616 0.01201923076923077
0 0.3125 0.15384615384615385 0.004807692307692308 0.004807692307692308
0 0.5180288461538461 0.15384615384615385 0.003605769230769231 0.004807692307692308
0 0.6069711538461539 0.15384615384615385 0.003605769230769231 0.004807692307692308
0 0.5252403846153846 0.15384615384615385 0.004807692307692308 0.006009615384615385
0 0.025240384615384616 0.15504807692307693 0.003605769230769231 0.006009615384615385
0 0.2776442307692308 0.15504807692307693 0.007211538461538462 0.010817307692307692
0 0.32091346153846156 0.15504807692307693 0.007211538461538462 0.010817307692307692
0 0.15625 0.15625 0.008413461538461538 0.01201923076923077
0 0.359375 0.15625 0.003605769230769231 0.007211538461538462
0 0.5084134615384616 0.15625 0.006009615384615385 0.009615384615384616
0 0.6610576923076923 0.15625 0.003605769230769231 0.004807692307692308
0 0.6911057692307693 0.15625 0.002403846153846154 0.003605769230769231
0 0.2980769230769231 0.15745192307692307 0.003605769230769231 0.008413461538461538
0 0.38822115384615385 0.15745192307692307 0.007211538461538462 0.008413461538461538
0 0.3329326923076923 0.15865384615384615 0.002403846153846154 0.009615384615384616
0 0.6742788461538461 0.15865384615384615 0.004807692307692308 0.004807692307692308
0 0.2848557692307692 0.15985576923076922 0.007211538461538462 0.006009615384615385
0 0.6947115384615384 0.15985576923076922 0.004807692307692308 0.008413461538461538
0 0.35096153846153844 0.15985576923076922 0.003605769230769231 0.006009615384615385
0 0.5540865384615384 0.15985576923076922 0.004807692307692308 0.006009615384615385
0 0.5060096153846154 0.16105769230769232 0.002403846153846154 0.004807692307692308
0 0.25721153846153844 0.16105769230769232 0.007211538461538462 0.006009615384615385
0 0.2932692307692308 0.16105769230769232 0.007211538461538462 0.008413461538461538
0 0.39663461538461536 0.16105769230769232 0.003605769230769231 0.008413461538461538
0 0.6706730769230769 0.16105769230769232 0.003605769230769231 0.006009615384615385
0 0.9134615384615384 0.1622596153846154 0.001201923076923077 0.002403846153846154
0 0.5024038461538461 0.1622596153846154 0.004807692307692308 0.006009615384615385
0 0.5336538461538461 0.1622596153846154 0.004807692307692308 0.006009615384615385
0 0.14543269230769232 0.16346153846153846 0.009615384615384616 0.013221153846153846
0 0.3449519230769231 0.16346153846153846 0.003605769230769231 0.007211538461538462
0 0.49038461538461536 0.16346153846153846 0.004807692307692308 0.004807692307692308
0 0.33774038461538464 0.16346153846153846 0.003605769230769231 0.006009615384615385
0 0.8918269230769231 0.16346153846153846 0.007211538461538462 0.004807692307692308
0 0.01201923076923077 0.16346153846153846 0.009615384615384616 0.01201923076923077
0 0.4963942307692308 0.16466346153846154 0.003605769230769231 0.003605769230769231
0 0.7644230769230769 0.16466346153846154 0.004807692307692308 0.003605769230769231
0 0.22716346153846154 0.16466346153846154 0.007211538461538462 0.009615384615384616
0 0.31971153846153844 0.16466346153846154 0.007211538461538462 0.004807692307692308
0 0.7548076923076923 0.1658653846153846 0.004807692307692308 0.006009615384615385
0 0.2704326923076923 0.1658653846153846 0.009615384615384616 0.01201923076923077
0 0.5096153846153846 0.1658653846153846 0.004807692307692308 0.004807692307692308
0 0.3557692307692308 0.16826923076923078 0.004807692307692308 0.006009615384615385
0 0.41466346153846156 0.16826923076923078 0.003605769230769231 0.007211538461538462
0 0.6778846153846154 0.16826923076923078 0.007211538461538462 0.009615384615384616
0 0.37259615384615385 0.16826923076923078 0.007211538461538462 0.008413461538461538
0 0.19951923076923078 0.16947115384615385 0.007211538461538462 0.01201923076923077
0 0.5504807692307693 0.16947115384615385 0.004807692307692308 0.004807692307692308
0 0.8774038461538461 0.16947115384615385 0.006009615384615385 0.003605769230769231
0 0.5 0.16947115384615385 0.003605769230769231 0.002403846153846154
0 0.13701923076923078 0.17067307692307693 0.009615384615384616 0.009615384615384616
0 0.44591346153846156 0.17067307692307693 0.004807692307692308 0.008413461538461538
0 0.6658653846153846 0.171875 0.003605769230769231 0.004807692307692308
0 0.5060096153846154 0.171875 0.004807692307692308 0.006009615384615385
0 0.5288461538461539 0.171875 0.004807692307692308 0.006009615384615385
0 0.5420673076923077 0.171875 0.003605769230769231 0.006009615384615385
0 0.11177884615384616 0.171875 0.008413461538461538 0.01201923076923077
0 0.7427884615384616 0.171875 0.004807692307692308 0.007211538461538462
0 0.07572115384615384 0.171875 0.007211538461538462 0.007211538461538462
0 0.9182692307692307 0.17307692307692307 0.009615384615384616 0.008413461538461538
0 0.09615384615384616 0.17307692307692307 0.006009615384615385 0.008413461538461538
0 0.3004807692307692 0.17307692307692307 0.004807692307692308 0.009615384615384616
0 0.3329326923076923 0.17307692307692307 0.007211538461538462 0.004807692307692308
0 0.9098557692307693 0.17548076923076922 0.007211538461538462 0.006009615384615385
0 0.22235576923076922 0.17548076923076922 0.004807692307692308 0.008413461538461538
0 0.5721153846153846 0.17548076923076922 0.003605769230769231 0.006009615384615385
0 0.7716346153846154 0.17548076923076922 0.004807692307692308 0.007211538461538462
0 0.1201923076923077 0.17548076923076922 0.004807692307692308 0.007211538461538462
0 0.38221153846153844 0.17548076923076922 0.007211538461538462 0.009615384615384616
0 0.4050480769230769 0.17668269230769232 0.006009615384615385 0.006009615384615385
0 0.5612980769230769 0.17668269230769232 0.004807692307692308 0.003605769230769231
0 0.8834134615384616 0.17668269230769232 0.007211538461538462 0.003605769230769231
0 0.2439903846153846 0.17668269230769232 0.007211538461538462 0.01201923076923077
0 0.43028846153846156 0.17668269230769232 0.007211538461538462 0.007211538461538462
0 0.20673076923076922 0.1778846153846154 0.008413461538461538 0.010817307692307692
0 0.8245192307692307 0.17908653846153846 0.008413461538461538 0.013221153846153846
0 0.10336538461538461 0.17908653846153846 0.007211538461538462 0.01201923076923077
0 0.31971153846153844 0.17908653846153846 0.004807692307692308 0.007211538461538462
0 0.5 0.17908653846153846 0.004807692307692308 0.009615384615384616
0 0.8149038461538461 0.17908653846153846 0.003605769230769231 0.008413461538461538
0 0.9002403846153846 0.18028846153846154 0.007211538461538462 0.01201923076923077
0 0.9435096153846154 0.18028846153846154 0.004807692307692308 0.006009615384615385
0 0.48677884615384615 0.18028846153846154 0.004807692307692308 0.006009615384615385
0 0.5444711538461539 0.18028846153846154 0.004807692307692308 0.003605769230769231
0 0.4699519230769231 0.18028846153846154 0.008413461538461538 0.007211538461538462
0 0.28125 0.1814903846153846 0.006009615384615385 0.01201923076923077
0 0.5552884615384616 0.1814903846153846 0.004807692307692308 0.006009615384615385
0 0.4543269230769231 0.1814903846153846 0.008413461538461538 0.007211538461538462
0 0.5805288461538461 0.1814903846153846 0.003605769230769231 0.007211538461538462
0 0.9278846153846154 0.18269230769230768 0.007211538461538462 0.006009615384615385
0 0.3605769230769231 0.18269230769230768 0.004807692307692308 0.006009615384615385
0 0.49399038461538464 0.18269230769230768 0.003605769230769231 0.001201923076923077
0 0.6490384615384616 0.18389423076923078 0.004807692307692308 0.008413461538461538
0 0.5072115384615384 0.18389423076923078 0.004807692307692308 0.006009615384615385
0 0.27403846153846156 0.18509615384615385 0.004807692307692308 0.004807692307692308
0 0.2692307692307692 0.18509615384615385 0.004807692307692308 0.006009615384615385
0 0.765625 0.18509615384615385 0.004807692307692308 0.003605769230769231
0 0.08653846153846154 0.18629807692307693 0.004807692307692308 0.007211538461538462
0 0.41225961538461536 0.18629807692307693 0.007211538461538462 0.007211538461538462
0 0.07932692307692307 0.18629807692307693 0.004807692307692308 0.003605769230769231
0 0.8100961538461539 0.18629807692307693 0.004807692307692308 0.008413461538461538
0 0.5612980769230769 0.18629807692307693 0.004807692307692308 0.006009615384615385
0 0.7043269230769231 0.18629807692307693 0.004807692307692308 0.006009615384615385
0 0.546875 0.1875 0.003605769230769231 0.007211538461538462
0 0.7283653846153846 0.1875 0.003605769230769231 0.004807692307692308
0 0.7163461538461539 0.1875 0.002403846153846154 0.006009615384615385
0 0.4855769230769231 0.18870192307692307 0.002403846153846154 0.007211538461538462
0 0.8581730769230769 0.18870192307692307 0.006009615384615385 0.006009615384615385
0 0.44711538461538464 0.18870192307692307 0.007211538461538462 0.006009615384615385
0 0.5396634615384616 0.18870192307692307 0.004807692307692308 0.006009615384615385
0 0.49278846153846156 0.18870192307692307 0.004807692307692308 0.007211538461538462
0 0.5685096153846154 0.18870192307692307 0.004807692307692308 0.007211538461538462
0 0.7247596153846154 0.18870192307692307 0.003605769230769231 0.007211538461538462
0 0.2608173076923077 0.18990384615384615 0.004807692307692308 0.007211538461538462
0 0.7475961538461539 0.18990384615384615 0.004807692307692308 0.007211538461538462
0 0.6454326923076923 0.19110576923076922 0.004807692307692308 0.008413461538461538
0 0.13341346153846154 0.19110576923076922 0.006009615384615385 0.007211538461538462
0 0.4579326923076923 0.19110576923076922 0.003605769230769231 0.003605769230769231
0 0.578125 0.19110576923076922 0.004807692307692308 0.007211538461538462
0 0.953125 0.19230769230769232 0.007211538461538462 0.006009615384615385
0 0.5288461538461539 0.19230769230769232 0.004807692307692308 0.006009615384615385
0 0.6141826923076923 0.19230769230769232 0.003605769230769231 0.007211538461538462
0 0.9362980769230769 0.19230769230769232 0.007211538461538462 0.006009615384615385
0 0.5420673076923077 0.19230769230769232 0.006009615384615385 0.006009615384615385
0 0.10817307692307693 0.1935096153846154 0.004807692307692308 0.007211538461538462
0 0.03245192307692308 0.1935096153846154 0.007211538461538462 0.007211538461538462
0 0.42788461538461536 0.1935096153846154 0.006009615384615385 0.01201923076923077
0 0.9771634615384616 0.1935096153846154 0.007211538461538462 0.003605769230769231
0 0.7620192307692307 0.1935096153846154 0.004807692307692308 0.003605769230769231
0 0.22956730769230768 0.19471153846153846 0.004807692307692308 0.008413461538461538
0 0.26802884615384615 0.19471153846153846 0.004807692307692308 0.003605769230769231
0 0.7752403846153846 0.19591346153846154 0.006009615384615385 0.007211538461538462
0 0.9915865384615384 0.19591346153846154 0.007211538461538462 0.003605769230769231
0 0.5901442307692307 0.19591346153846154 0.006009615384615385 0.003605769230769231
0 0.8798076923076923 0.19591346153846154 0.007211538461538462 0.006009615384615385
0 0.6899038461538461 0.1971153846153846 0.004807692307692308 0.008413461538461538
0 0.5552884615384616 0.1971153846153846 0.004807692307692308 0.007211538461538462
0 0.5733173076923077 0.1971153846153846 0.004807692307692308 0.007211538461538462
0 0.609375 0.1971153846153846 0.004807692307692308 0.004807692307692308
0 0.6682692307692307 0.1971153846153846 0.004807692307692308 0.009615384615384616
0 0.8088942307692307 0.19831730769230768 0.006009615384615385 0.006009615384615385
0 0.9711538461538461 0.19831730769230768 0.004807692307692308 0.006009615384615385
0 0.3485576923076923 0.19831730769230768 0.004807692307692308 0.010817307692307692
0 0.7079326923076923 0.19951923076923078 0.004807692307692308 0.006009615384615385
0 0.24158653846153846 0.19951923076923078 0.004807692307692308 0.007211538461538462
0 0.34134615384615385 0.19951923076923078 0.004807692307692308 0.009615384615384616
0 0.3641826923076923 0.19951923076923078 0.004807692307692308 0.007211538461538462
0 0.7007211538461539 0.19951923076923078 0.004807692307692308 0.007211538461538462
0 0.2548076923076923 0.20072115384615385 0.004807692307692308 0.008413461538461538
0 0.07932692307692307 0.20072115384615385 0.008413461538461538 0.009615384615384616
0 0.21514423076923078 0.20072115384615385 0.004807692307692308 0.009615384615384616
0 0.5877403846153846 0.20072115384615385 0.003605769230769231 0.004807692307692308
0 0.5036057692307693 0.20072115384615385 0.007211538461538462 0.006009615384615385
0 0.26802884615384615 0.20192307692307693 0.004807692307692308 0.007211538461538462
0 0.578125 0.20192307692307693 0.004807692307692308 0.007211538461538462
0 0.5973557692307693 0.20192307692307693 0.004807692307692308 0.007211538461538462
0 0.8617788461538461 0.20192307692307693 0.006009615384615385 0.006009615384615385
0 0.2091346153846154 0.20192307692307693 0.003605769230769231 0.008413461538461538
0 0.6286057692307693 0.20192307692307693 0.004807692307692308 0.006009615384615385
0 0.7980769230769231 0.203125 0.004807692307692308 0.007211538461538462
0 0.5132211538461539 0.203125 0.004807692307692308 0.004807692307692308
0 0.5504807692307693 0.203125 0.003605769230769231 0.007211538461538462
0 0.3088942307692308 0.203125 0.004807692307692308 0.006009615384615385
0 0.4795673076923077 0.203125 0.004807692307692308 0.003605769230769231
0 0.22355769230769232 0.20432692307692307 0.004807692307692308 0.007211538461538462
0 0.5408653846153846 0.20432692307692307 0.003605769230769231 0.004807692307692308
0 0.020432692307692308 0.20432692307692307 0.006009615384615385 0.008413461538461538
0 0.6418269230769231 0.20432692307692307 0.004807692307692308 0.008413461538461538
0 0.9194711538461539 0.20432692307692307 0.008413461538461538 0.004807692307692308
0 0.3701923076923077 0.20432692307692307 0.009615384615384616 0.01201923076923077
0 0.5288461538461539 0.20432692307692307 0.003605769230769231 0.009615384615384616
0 0.5865384615384616 0.20432692307692307 0.004807692307692308 0.007211538461538462
0 0.7536057692307693 0.20432692307692307 0.007211538461538462 0.007211538461538462
0 0.8713942307692307 0.20552884615384615 0.008413461538461538 0.006009615384615385
0 0.234375 0.20552884615384615 0.004807692307692308 0.003605769230769231
0 0.2608173076923077 0.20552884615384615 0.007211538461538462 0.009615384615384616
0 0.42427884615384615 0.20673076923076922 0.007211538461538462 0.010817307692307692
0 0.8449519230769231 0.20673076923076922 0.006009615384615385 0.007211538461538462
0 0.15865384615384615 0.20673076923076922 0.004807692307692308 0.007211538461538462
0 0.8810096153846154 0.20793269230769232 0.004807692307692308 0.002403846153846154
0 0.90625 0.20793269230769232 0.006009615384615385 0.003605769230769231
0 0.9399038461538461 0.20793269230769232 0.008413461538461538 0.007211538461538462
0 0.4338942307692308 0.20793269230769232 0.004807692307692308 0.004807692307692308
0 0.4651442307692308 0.20793269230769232 0.006009615384615385 0.004807692307692308
0 0.6129807692307693 0.2091346153846154 0.004807692307692308 0.006009615384615385
0 0.625 0.2091346153846154 0.003605769230769231 0.006009615384615385
0 0.24519230769230768 0.2091346153846154 0.004807692307692308 0.009615384615384616
0 0.44350961538461536 0.2091346153846154 0.004807692307692308 0.004807692307692308
0 0.48197115384615385 0.2091346153846154 0.004807692307692308 0.009615384615384616
0 0.5228365384615384 0.2091346153846154 0.004807692307692308 0.006009615384615385
0 0.49399038461538464 0.21033653846153846 0.004807692307692308 0.007211538461538462
0 0.5144230769230769 0.21033653846153846 0.004807692307692308 0.007211538461538462
0 0.5360576923076923 0.21033653846153846 0.004807692307692308 0.007211538461538462
0 0.7103365384615384 0.21033653846153846 0.004807692307692308 0.007211538461538462
0 0.4879807692307692 0.21033653846153846 0.004807692307692308 0.008413461538461538
0 0.8197115384615384 0.21153846153846154 0.007211538461538462 0.009615384615384616
0 0.1466346153846154 0.21153846153846154 0.006009615384615385 0.009615384615384616
0 0.16947115384615385 0.21153846153846154 0.007211538461538462 0.009615384615384616
0 0.6790865384615384 0.21153846153846154 0.004807692307692308 0.009615384615384616
0 0.7319711538461539 0.21153846153846154 0.004807692307692308 0.004807692307692308
0 0.055288461538461536 0.2127403846153846 0.004807692307692308 0.007211538461538462
0 0.19831730769230768 0.2127403846153846 0.004807692307692308 0.008413461538461538
0 0.30408653846153844 0.2127403846153846 0.007211538461538462 0.01201923076923077
0 0.03245192307692308 0.2127403846153846 0.007211538461538462 0.007211538461538462
0 0.578125 0.2127403846153846 0.007211538461538462 0.007211538461538462
0 0.8401442307692307 0.21394230769230768 0.004807692307692308 0.003605769230769231
0 0.8978365384615384 0.21394230769230768 0.006009615384615385 0.003605769230769231
0 0.23557692307692307 0.21394230769230768 0.003605769230769231 0.008413461538461538
0 0.16105769230769232 0.21394230769230768 0.006009615384615385 0.007211538461538462
0 0.8701923076923077 0.21514423076923078 0.006009615384615385 0.006009615384615385
0 0.6706730769230769 0.21514423076923078 0.003605769230769231 0.008413461538461538
0 0.12139423076923077 0.21514423076923078 0.007211538461538462 0.01201923076923077
0 0.002403846153846154 0.21514423076923078 0.004807692307692308 0.013221153846153846
0 0.28846153846153844 0.21514423076923078 0.007211538461538462 0.009615384615384616
0 0.7776442307692307 0.21634615384615385 0.007211538461538462 0.006009615384615385
0 0.19110576923076922 0.21634615384615385 0.006009615384615385 0.008413461538461538
0 0.359375 0.21634615384615385 0.004807692307692308 0.006009615384615385
0 0.7415865384615384 0.21634615384615385 0.007211538461538462 0.007211538461538462
0 0.5685096153846154 0.21754807692307693 0.004807692307692308 0.006009615384615385
0 0.07572115384615384 0.21754807692307693 0.008413461538461538 0.010817307692307692
0 0.09615384615384616 0.21754807692307693 0.004807692307692308 0.009615384615384616
0 0.046875 0.21754807692307693 0.007211538461538462 0.007211538461538462
0 0.8858173076923077 0.21754807692307693 0.004807692307692308 0.003605769230769231
0 0.9387019230769231 0.21875 0.008413461538461538 0.006009615384615385
0 0.9543269230769231 0.21875 0.008413461538461538 0.006009615384615385
0 0.375 0.21875 0.007211538461538462 0.010817307692307692
0 0.515625 0.21875 0.006009615384615385 0.006009615384615385
0 0.8028846153846154 0.21995192307692307 0.007211538461538462 0.006009615384615385
0 0.984375 0.21995192307692307 0.006009615384615385 0.006009615384615385
0 0.35216346153846156 0.21995192307692307 0.007211538461538462 0.006009615384615385
0 0.5324519230769231 0.21995192307692307 0.003605769230769231 0.003605769230769231
0 0.8545673076923077 0.22115384615384615 0.007211538461538462 0.007211538461538462
0 0.17668269230769232 0.22115384615384615 0.004807692307692308 0.01201923076923077
0 0.5384615384615384 0.22115384615384615 0.004807692307692308 0.004807692307692308
0 0.9266826923076923 0.22115384615384615 0.004807692307692308 0.003605769230769231
0 0.1658653846153846 0.22115384615384615 0.004807692307692308 0.008413461538461538
0 0.8317307692307693 0.22115384615384615 0.008413461538461538 0.009615384615384616
0 0.7584134615384616 0.22115384615384615 0.009615384615384616 0.007211538461538462
0 0.7115384615384616 0.22235576923076922 0.004807692307692308 0.006009615384615385
0 0.4963942307692308 0.22235576923076922 0.004807692307692308 0.007211538461538462
0 0.5600961538461539 0.22355769230769232 0.006009615384615385 0.007211538461538462
0 0.06850961538461539 0.2247596153846154 0.008413461538461538 0.010817307692307692
0 0.20192307692307693 0.2247596153846154 0.004807692307692308 0.007211538461538462
0 0.6298076923076923 0.2247596153846154 0.004807692307692308 0.004807692307692308
0 0.5913461538461539 0.22596153846153846 0.003605769230769231 0.007211538461538462
0 0.03245192307692308 0.22596153846153846 0.009615384615384616 0.010817307692307692
0 0.65625 0.22596153846153846 0.004807692307692308 0.008413461538461538
0 0.6802884615384616 0.22716346153846154 0.004807692307692308 0.006009615384615385
0 0.6730769230769231 0.2283653846153846 0.007211538461538462 0.008413461538461538
0 0.7139423076923077 0.2283653846153846 0.003605769230769231 0.006009615384615385
0 0.15384615384615385 0.22956730769230768 0.007211538461538462 0.013221153846153846
0 0.7788461538461539 0.22956730769230768 0.007211538461538462 0.01201923076923077
0 0.9122596153846154 0.22956730769230768 0.008413461538461538 0.008413461538461538
0 0.9651442307692307 0.22956730769230768 0.007211538461538462 0.008413461538461538
0 0.3894230769230769 0.22956730769230768 0.007211538461538462 0.010817307692307692
0 0.7560096153846154 0.22956730769230768 0.008413461538461538 0.008413461538461538
0 0.11298076923076923 0.23076923076923078 0.008413461538461538 0.010817307692307692
0 0.24158653846153846 0.23076923076923078 0.007211538461538462 0.010817307692307692
0 0.53125 0.23076923076923078 0.004807692307692308 0.006009615384615385
0 0.7355769230769231 0.23076923076923078 0.004807692307692308 0.004807692307692308
0 0.5588942307692307 0.23197115384615385 0.004807692307692308 0.004807692307692308
0 0.23197115384615385 0.23317307692307693 0.007211538461538462 0.010817307692307692
0 0.13341346153846154 0.23317307692307693 0.009615384615384616 0.009615384615384616
0 0.31971153846153844 0.23317307692307693 0.007211538461538462 0.009615384615384616
0 0.6201923076923077 0.23317307692307693 0.007211538461538462 0.007211538461538462
0 0.19951923076923078 0.23317307692307693 0.006009615384615385 0.006009615384615385
0 0.4326923076923077 0.23317307692307693 0.007211538461538462 0.010817307692307692
0 0.6478365384615384 0.23317307692307693 0.007211538461538462 0.008413461538461538
0 0.875 0.234375 0.007211538461538462 0.003605769230769231
0 0.49278846153846156 0.23557692307692307 0.007211538461538462 0.010817307692307692
0 0.5805288461538461 0.23557692307692307 0.004807692307692308 0.008413461538461538
0 0.9519230769230769 0.23677884615384615 0.006009615384615385 0.004807692307692308
0 0.4026442307692308 0.23677884615384615 0.007211538461538462 0.009615384615384616
0 0.013221153846153846 0.23677884615384615 0.004807692307692308 0.01201923076923077
0 0.18509615384615385 0.23798076923076922 0.006009615384615385 0.01201923076923077
0 0.9879807692307693 0.23798076923076922 0.008413461538461538 0.009615384615384616
0 0.22355769230769232 0.23798076923076922 0.006009615384615385 0.013221153846153846
0 0.25841346153846156 0.23798076923076922 0.008413461538461538 0.01201923076923077
0 0.5901442307692307 0.23798076923076922 0.004807692307692308 0.007211538461538462
0 0.8605769230769231 0.23918269230769232 0.008413461538461538 0.003605769230769231
0 0.9302884615384616 0.23918269230769232 0.007211538461538462 0.008413461538461538
0 0.9447115384615384 0.23918269230769232 0.007211538461538462 0.003605769230769231
0 0.2920673076923077 0.23918269230769232 0.007211538461538462 0.008413461538461538
0 0.7632211538461539 0.23918269230769232 0.008413461538461538 0.010817307692307692
0 0.8954326923076923 0.23918269230769232 0.007211538461538462 0.007211538461538462
0 0.640625 0.23918269230769232 0.007211538461538462 0.007211538461538462
0 0.09495192307692307 0.2403846153846154 0.008413461538461538 0.010817307692307692
0 0.33413461538461536 0.2403846153846154 0.006009615384615385 0.010817307692307692
0 0.7067307692307693 0.2403846153846154 0.004807692307692308 0.008413461538461538
0 0.8473557692307693 0.2403846153846154 0.003605769230769231 0.004807692307692308
0 0.43028846153846156 0.24158653846153846 0.007211538461538462 0.01201923076923077
0 0.5300480769230769 0.24158653846153846 0.007211538461538462 0.008413461538461538
0 0.3161057692307692 0.2439903846153846 0.010817307692307692 0.013221153846153846
0 0.7127403846153846 0.2439903846153846 0.006009615384615385 0.006009615384615385
0 0.06009615384615385 0.24519230769230768 0.008413461538461538 0.015625
0 0.44350961538461536 0.24519230769230768 0.007211538461538462 0.010817307692307692
0 0.3004807692307692 0.24639423076923078 0.004807692307692308 0.008413461538461538
0 0.6610576923076923 0.24639423076923078 0.006009615384615385 0.006009615384615385
0 0.7896634615384616 0.24639423076923078 0.007211538461538462 0.01201923076923077
0 0.030048076923076924 0.24639423076923078 0.009615384615384616 0.013221153846153846
0 0.5865384615384616 0.24759615384615385 0.004807692307692308 0.008413461538461538
0 0.7512019230769231 0.24759615384615385 0.007211538461538462 0.009615384615384616
0 0.84375 0.24879807692307693 0.007211538461538462 0.006009615384615385
0 0.5036057692307693 0.24879807692307693 0.006009615384615385 0.008413461538461538
0 0.5625 0.24879807692307693 0.006009615384615385 0.009615384615384616
0 0.4170673076923077 0.25 0.010817307692307692 0.01201923076923077
0 0.6057692307692307 0.25 0.004807692307692308 0.007211538461538462
0 0.9951923076923077 0.25 0.007211538461538462 0.003605769230769231
0 0.8028846153846154 0.25240384615384615 0.008413461538461538 0.01201923076923077
0 0.6213942307692307 0.25240384615384615 0.007211538461538462 0.010817307692307692
0 0.054086538461538464 0.2536057692307692 0.009615384615384616 0.013221153846153846
0 0.7668269230769231 0.2536057692307692 0.008413461538461538 0.01201923076923077
0 0.009615384615384616 0.2536057692307692 0.014423076923076924 0.015625
0 0.9290865384615384 0.2548076923076923 0.01201923076923077 0.01201923076923077
0 0.6129807692307693 0.2548076923076923 0.007211538461538462 0.01201923076923077
0 0.5204326923076923 0.25721153846153844 0.006009615384615385 0.01201923076923077
0 0.29086538461538464 0.25841346153846156 0.007211538461538462 0.01201923076923077
0 0.7199519230769231 0.25841346153846156 0.006009615384615385 0.007211538461538462
0 0.0829326923076923 0.25961538461538464 0.004807692307692308 0.007211538461538462
0 0.7283653846153846 0.25961538461538464 0.008413461538461538 0.009615384615384616
0 0.5492788461538461 0.25961538461538464 0.006009615384615385 0.006009615384615385
0 0.75 0.2608173076923077 0.008413461538461538 0.01201923076923077
0 0.65625 0.2620192307692308 0.004807692307692308 0.008413461538461538
0 0.5240384615384616 0.2620192307692308 0.006009615384615385 0.009615384615384616
0 0.5985576923076923 0.2620192307692308 0.004807692307692308 0.009615384615384616
0 0.7019230769230769 0.2620192307692308 0.006009615384615385 0.009615384615384616
0 0.12980769230769232 0.26322115384615385 0.008413461538461538 0.010817307692307692
0 0.037259615384615384 0.2644230769230769 0.009615384615384616 0.014423076923076924
0 0.5444711538461539 0.2644230769230769 0.004807692307692308 0.008413461538461538
0 0.5745192307692307 0.2644230769230769 0.007211538461538462 0.008413461538461538
0 0.34375 0.2644230769230769 0.004807692307692308 0.009615384615384616
0 0.6838942307692307 0.2644230769230769 0.004807692307692308 0.009615384615384616
0 0.9242788461538461 0.265625 0.010817307692307692 0.01201923076923077
0 0.7355769230769231 0.265625 0.008413461538461538 0.009615384615384616
0 0.9543269230769231 0.2668269230769231 0.007211538461538462 0.006009615384615385
0 0.9735576923076923 0.2668269230769231 0.014423076923076924 0.018028846153846152
0 0.7151442307692307 0.2668269230769231 0.009615384615384616 0.009615384615384616
0 0.8774038461538461 0.26802884615384615 0.010817307692307692 0.013221153846153846
0 0.48197115384615385 0.26802884615384615 0.007211538461538462 0.009615384615384616
0 0.6899038461538461 0.26802884615384615 0.007211538461538462 0.009615384615384616
0 0.8942307692307693 0.2692307692307692 0.009615384615384616 0.015625
0 0.6538461538461539 0.2692307692307692 0.007211538461538462 0.004807692307692308
0 0.9038461538461539 0.2704326923076923 0.009615384615384616 0.01201923076923077
0 0.41586538461538464 0.2704326923076923 0.007211538461538462 0.010817307692307692
0 0.8209134615384616 0.27163461538461536 0.01201923076923077 0.014423076923076924
0 0.8353365384615384 0.27163461538461536 0.007211538461538462 0.010817307692307692
0 0.9879807692307693 0.27163461538461536 0.008413461538461538 0.003605769230769231
0 0.5697115384615384 0.27163461538461536 0.008413461538461538 0.010817307692307692
0 0.671875 0.27163461538461536 0.007211538461538462 0.008413461538461538
0 0.8449519230769231 0.27163461538461536 0.013221153846153846 0.013221153846153846
0 0.4495192307692308 0.27163461538461536 0.009615384615384616 0.013221153846153846
0 0.6418269230769231 0.27163461538461536 0.007211538461538462 0.013221153846153846
0 0.5012019230769231 0.27403846153846156 0.007211538461538462 0.01201923076923077
0 0.35336538461538464 0.27403846153846156 0.004807692307692308 0.010817307692307692
0 0.7872596153846154 0.27524038461538464 0.010817307692307692 0.009615384615384616
0 0.6814903846153846 0.27524038461538464 0.006009615384615385 0.009615384615384616
0 0.796875 0.27524038461538464 0.009615384615384616 0.01201923076923077
0 0.44350961538461536 0.27524038461538464 0.007211538461538462 0.010817307692307692
0 0.6177884615384616 0.27524038461538464 0.007211538461538462 0.010817307692307692
0 0.6514423076923077 0.27524038461538464 0.007211538461538462 0.008413461538461538
0 0.8557692307692307 0.2764423076923077 0.010817307692307692 0.013221153846153846
0 0.30288461538461536 0.2764423076923077 0.009615384615384616 0.013221153846153846
0 0.2692307692307692 0.2776442307692308 0.007211538461538462 0.009615384615384616
0 0.3641826923076923 0.2776442307692308 0.007211538461538462 0.010817307692307692
0 0.5372596153846154 0.2776442307692308 0.009615384615384616 0.010817307692307692
0 0.5504807692307693 0.27884615384615385 0.007211538461538462 0.007211538461538462
0 0.23918269230769232 0.27884615384615385 0.008413461538461538 0.010817307692307692
0 0.3485576923076923 0.2800480769230769 0.004807692307692308 0.01201923076923077
0 0.5973557692307693 0.2800480769230769 0.007211538461538462 0.01201923076923077
0 0.7524038461538461 0.2800480769230769 0.009615384615384616 0.009615384615384616
0 0.5072115384615384 0.28125 0.007211538461538462 0.01201923076923077
0 0.8112980769230769 0.2824519230769231 0.009615384615384616 0.015625
0 0.7415865384615384 0.2824519230769231 0.01201923076923077 0.014423076923076924
0 0.20673076923076922 0.2860576923076923 0.009615384615384616 0.01201923076923077
0 0.6935096153846154 0.2860576923076923 0.007211538461538462 0.010817307692307692
0 0.8149038461538461 0.28846153846153844 0.010817307692307692 0.014423076923076924
0 0.5829326923076923 0.28846153846153844 0.009615384615384616 0.010817307692307692
0 0.5324519230769231 0.28966346153846156 0.008413461538461538 0.01201923076923077
0 0.5661057692307693 0.28966346153846156 0.003605769230769231 0.007211538461538462
0 0.6382211538461539 0.28966346153846156 0.009615384615384616 0.01201923076923077
0 0.7860576923076923 0.29086538461538464 0.014423076923076924 0.01201923076923077
0 0.14903846153846154 0.29086538461538464 0.008413461538461538 0.010817307692307692
0 0.8413461538461539 0.29086538461538464 0.010817307692307692 0.015625
0 0.7788461538461539 0.29086538461538464 0.009615384615384616 0.01201923076923077
0 0.5925480769230769 0.2920673076923077 0.008413461538461538 0.01201923076923077
0 0.31971153846153844 0.2920673076923077 0.009615384615384616 0.010817307692307692
0 0.4519230769230769 0.29447115384615385 0.007211538461538462 0.01201923076923077
0 0.5600961538461539 0.29447115384615385 0.004807692307692308 0.009615384615384616
0 0.7415865384615384 0.29447115384615385 0.008413461538461538 0.004807692307692308
0 0.7151442307692307 0.29447115384615385 0.010817307692307692 0.01201923076923077
0 0.5492788461538461 0.2956730769230769 0.008413461538461538 0.009615384615384616
0 0.4675480769230769 0.296875 0.004807692307692308 0.009615384615384616
0 0.8834134615384616 0.29927884615384615 0.014423076923076924 0.020432692307692308
0 0.9122596153846154 0.29927884615384615 0.015625 0.019230769230769232
0 0.47115384615384615 0.29927884615384615 0.008413461538461538 0.010817307692307692
0 0.7307692307692307 0.29927884615384615 0.008413461538461538 0.01201923076923077
0 0.7644230769230769 0.3004807692307692 0.009615384615384616 0.009615384615384616
0 0.10697115384615384 0.3004807692307692 0.01201923076923077 0.01201923076923077
0 0.5240384615384616 0.3004807692307692 0.009615384615384616 0.008413461538461538
0 0.6298076923076923 0.30288461538461536 0.004807692307692308 0.01201923076923077
0 0.5372596153846154 0.30288461538461536 0.009615384615384616 0.01201923076923077
0 0.6911057692307693 0.30288461538461536 0.009615384615384616 0.013221153846153846
0 0.7439903846153846 0.30288461538461536 0.008413461538461538 0.009615384615384616
0 0.32211538461538464 0.30408653846153844 0.008413461538461538 0.01201923076923077
0 0.5 0.30408653846153844 0.008413461538461538 0.010817307692307692
0 0.6358173076923077 0.30408653846153844 0.008413461538461538 0.009615384615384616
0 0.3449519230769231 0.30528846153846156 0.009615384615384616 0.01201923076923077
0 0.8581730769230769 0.30649038461538464 0.01201923076923077 0.013221153846153846
0 0.24519230769230768 0.3076923076923077 0.009615384615384616 0.01201923076923077
0 0.5204326923076923 0.3076923076923077 0.01201923076923077 0.008413461538461538
0 0.12980769230769232 0.3088942307692308 0.008413461538461538 0.01201923076923077
0 0.46274038461538464 0.31009615384615385 0.006009615384615385 0.008413461538461538
0 0.03365384615384615 0.3112980769230769 0.009615384615384616 0.015625
0 0.5480769230769231 0.3112980769230769 0.010817307692307692 0.015625
0 0.003605769230769231 0.3125 0.003605769230769231 0.019230769230769232
0 0.010817307692307692 0.3125 0.008413461538461538 0.018028846153846152
0 0.1466346153846154 0.3137019230769231 0.008413461538461538 0.010817307692307692
0 0.19471153846153846 0.31490384615384615 0.009615384615384616 0.01201923076923077
0 0.5084134615384616 0.31490384615384615 0.010817307692307692 0.015625
0 0.6826923076923077 0.3161057692307692 0.009615384615384616 0.013221153846153846
0 0.9471153846153846 0.3173076923076923 0.015625 0.020432692307692308
0 0.6622596153846154 0.3173076923076923 0.009615384615384616 0.007211538461538462
0 0.5192307692307693 0.31850961538461536 0.008413461538461538 0.01201923076923077
0 0.47716346153846156 0.31971153846153844 0.007211538461538462 0.01201923076923077
0 0.6213942307692307 0.31971153846153844 0.009615384615384616 0.010817307692307692
0 0.6754807692307693 0.31971153846153844 0.01201923076923077 0.013221153846153846
0 0.11298076923076923 0.32091346153846156 0.013221153846153846 0.013221153846153846
0 0.17548076923076922 0.32091346153846156 0.007211538461538462 0.01201923076923077
0 0.9663461538461539 0.3233173076923077 0.015625 0.008413461538461538
0 0.23197115384615385 0.3233173076923077 0.009615384615384616 0.010817307692307692
0 0.46875 0.3233173076923077 0.009615384615384616 0.013221153846153846
0 0.7295673076923077 0.3233173076923077 0.009615384615384616 0.01201923076923077
0 0.31490384615384615 0.3245192307692308 0.009615384615384616 0.01201923076923077
0 0.41586538461538464 0.3245192307692308 0.009615384615384616 0.014423076923076924
0 0.5396634615384616 0.3269230769230769 0.008413461538461538 0.01201923076923077
0 0.12860576923076922 0.3269230769230769 0.009615384615384616 0.014423076923076924
0 0.44711538461538464 0.3269230769230769 0.007211538461538462 0.014423076923076924
0 0.6622596153846154 0.328125 0.009615384615384616 0.01201923076923077
0 0.3425480769230769 0.33052884615384615 0.006009615384615385 0.009615384615384616
0 0.8305288461538461 0.3317307692307692 0.013221153846153846 0.016826923076923076
0 0.4074519230769231 0.3317307692307692 0.007211538461538462 0.01201923076923077
0 0.7175480769230769 0.3317307692307692 0.01201923076923077 0.014423076923076924
0 0.33653846153846156 0.3329326923076923 0.007211538461538462 0.01201923076923077
0 0.2439903846153846 0.3329326923076923 0.008413461538461538 0.01201923076923077
0 0.6262019230769231 0.33533653846153844 0.009615384615384616 0.013221153846153846
0 0.3798076923076923 0.33533653846153844 0.010817307692307692 0.006009615384615385
0 0.4411057692307692 0.33533653846153844 0.009615384615384616 0.016826923076923076
0 0.18990384615384615 0.33774038461538464 0.01201923076923077 0.016826923076923076
0 0.3605769230769231 0.3401442307692308 0.009615384615384616 0.014423076923076924
0 0.65625 0.3401442307692308 0.01201923076923077 0.016826923076923076
0 0.4182692307692308 0.3449519230769231 0.008413461538461538 0.01201923076923077
0 0.9831730769230769 0.3449519230769231 0.015625 0.020432692307692308
0 0.33533653846153844 0.34615384615384615 0.009615384615384616 0.009615384615384616
0 0.3485576923076923 0.3473557692307692 0.01201923076923077 0.016826923076923076
0 0.14543269230769232 0.3473557692307692 0.009615384615384616 0.013221153846153846
0 0.37740384615384615 0.3473557692307692 0.010817307692307692 0.015625
0 0.5324519230769231 0.3485576923076923 0.01201923076923077 0.018028846153846152
0 0.6177884615384616 0.35216346153846156 0.01201923076923077 0.020432692307692308
0 0.33052884615384615 0.35336538461538464 0.010817307692307692 0.014423076923076924
0 0.6105769230769231 0.35336538461538464 0.007211538461538462 0.014423076923076924
0 0.859375 0.35336538461538464 0.021634615384615384 0.028846153846153848
0 0.9387019230769231 0.3557692307692308 0.020432692307692308 0.027644230769230768
0 0.32091346153846156 0.3581730769230769 0.010817307692307692 0.018028846153846152
0 0.2283653846153846 0.359375 0.01201923076923077 0.013221153846153846
0 0.10096153846153846 0.3629807692307692 0.010817307692307692 0.015625
0 0.25961538461538464 0.3629807692307692 0.009615384615384616 0.015625
0 0.2848557692307692 0.3629807692307692 0.004807692307692308 0.015625
0 0.2920673076923077 0.3629807692307692 0.010817307692307692 0.018028846153846152
0 0.25 0.3641826923076923 0.007211538461538462 0.014423076923076924
0 0.8076923076923077 0.3641826923076923 0.015625 0.02403846153846154
0 0.7644230769230769 0.36658653846153844 0.015625 0.021634615384615384
0 0.6658653846153846 0.36778846153846156 0.015625 0.019230769230769232
0 0.6310096153846154 0.3701923076923077 0.018028846153846152 0.028846153846153848
0 0.11057692307692307 0.3713942307692308 0.009615384615384616 0.016826923076923076
0 0.046875 0.375 0.01201923076923077 0.018028846153846152
0 0.14182692307692307 0.375 0.008413461538461538 0.01201923076923077
0 0.5252403846153846 0.3798076923076923 0.01201923076923077 0.018028846153846152
0 0.4855769230769231 0.38221153846153844 0.01201923076923077 0.020432692307692308
0 0.5036057692307693 0.38221153846153844 0.015625 0.019230769230769232
0 0.5432692307692307 0.3858173076923077 0.014423076923076924 0.020432692307692308
0 0.006009615384615385 0.38461538461538464 0.01201923076923077 0.014423076923076924
0 0.9459134615384616 0.3858173076923077 0.019230769230769232 0.030048076923076924
0 0.07572115384615384 0.38822115384615385 0.014423076923076924 0.016826923076923076
0 0.12980769230769232 0.38822115384615385 0.01201923076923077 0.013221153846153846
0 0.14903846153846154 0.3894230769230769 0.009615384615384616 0.014423076923076924
0 0.9014423076923077 0.3894230769230769 0.02403846153846154 0.030048076923076924
0 0.7536057692307693 0.3918269230769231 0.01201923076923077 0.020432692307692308
0 0.1622596153846154 0.39783653846153844 0.013221153846153846 0.016826923076923076
0 0.04447115384615385 0.39903846153846156 0.014423076923076924 0.020432692307692308
0 0.7367788461538461 0.4014423076923077 0.016826923076923076 0.02403846153846154
0 0.23798076923076922 0.4026442307692308 0.009615384615384616 0.010817307692307692
0 0.6766826923076923 0.40384615384615385 0.018028846153846152 0.02403846153846154
0 0.48197115384615385 0.4098557692307692 0.014423076923076924 0.021634615384615384
0 0.8329326923076923 0.41466346153846156 0.02403846153846154 0.028846153846153848
0 0.5336538461538461 0.4170673076923077 0.01201923076923077 0.015625
0 0.44711538461538464 0.41947115384615385 0.018028846153846152 0.030048076923076924
0 0.0829326923076923 0.4206730769230769 0.019230769230769232 0.019230769230769232
0 0.6418269230769231 0.4206730769230769 0.016826923076923076 0.025240384615384616
0 0.5661057692307693 0.421875 0.018028846153846152 0.02283653846153846
0 0.13581730769230768 0.4266826923076923 0.015625 0.020432692307692308
0 0.009615384615384616 0.4326923076923077 0.013221153846153846 0.018028846153846152
0 0.39903846153846156 0.43509615384615385 0.016826923076923076 0.02403846153846154
0 0.34375 0.43990384615384615 0.020432692307692308 0.021634615384615384
0 0.08413461538461539 0.44350961538461536 0.018028846153846152 0.02283653846153846
0 0.37259615384615385 0.44350961538461536 0.018028846153846152 0.02283653846153846
0 0.6706730769230769 0.44350961538461536 0.018028846153846152 0.026442307692307692
0 0.53125 0.44471153846153844 0.015625 0.02403846153846154
0 0.7403846153846154 0.45072115384615385 0.014423076923076924 0.021634615384615384
0 0.7932692307692307 0.4519230769230769 0.018028846153846152 0.025240384615384616
0 0.004807692307692308 0.4519230769230769 0.009615384615384616 0.02403846153846154
0 0.057692307692307696 0.4543269230769231 0.014423076923076924 0.020432692307692308
0 0.5036057692307693 0.4639423076923077 0.018028846153846152 0.027644230769230768
0 0.34134615384615385 0.4675480769230769 0.026442307692307692 0.030048076923076924
0 0.12379807692307693 0.4735576923076923 0.016826923076923076 0.025240384615384616
0 0.2980769230769231 0.47475961538461536 0.020432692307692308 0.026442307692307692
0 0.8641826923076923 0.47596153846153844 0.02403846153846154 0.03125
0 0.9831730769230769 0.47596153846153844 0.026442307692307692 0.037259615384615384
0 0.21153846153846154 0.4807692307692308 0.015625 0.020432692307692308
0 0.010817307692307692 0.4963942307692308 0.018028846153846152 0.027644230769230768
0 0.1502403846153846 0.4987980769230769 0.015625 0.016826923076923076
0 0.2860576923076923 0.5012019230769231 0.02403846153846154 0.030048076923076924
0 0.24278846153846154 0.5036057692307693 0.020432692307692308 0.026442307692307692
0 0.1971153846153846 0.5084134615384616 0.020432692307692308 0.027644230769230768
0 0.7067307692307693 0.5108173076923077 0.02283653846153846 0.036057692307692304
0 0.6177884615384616 0.5132211538461539 0.020432692307692308 0.03245192307692308
0 0.08052884615384616 0.5204326923076923 0.016826923076923076 0.02403846153846154
0 0.1622596153846154 0.5228365384615384 0.016826923076923076 0.02283653846153846
0 0.3485576923076923 0.5264423076923077 0.02403846153846154 0.037259615384615384
0 0.008413461538461538 0.5408653846153846 0.016826923076923076 0.028846153846153848
0 0.25841346153846156 0.5432692307692307 0.025240384615384616 0.027644230769230768
0 0.042067307692307696 0.5480769230769231 0.018028846153846152 0.028846153846153848
0 0.7319711538461539 0.5504807692307693 0.020432692307692308 0.036057692307692304
0 0.4879807692307692 0.6274038461538461 0.019230769230769232 0.03125
0 0.06971153846153846 0.6358173076923077 0.028846153846153848 0.04567307692307692
0 0.4230769230769231 0.6658653846153846 0.028846153846153848 0.040865384615384616
0 0.19230769230769232 0.6862980769230769 0.03125 0.039663461538461536
0 0.125 0.7103365384615384 0.03485576923076923 0.04567307692307692
0 0.6802884615384616 0.7235576923076923 0.03245192307692308 0.052884615384615384
0 0.2824519230769231 0.7620192307692307 0.03485576923076923 0.051682692307692304
0 0.04567307692307692 0.7788461538461539 0.038461538461538464 0.04807692307692308
0 0.5625 0.08533653846153846 0.001201923076923077 0.002403846153846154
0 0.3389423076923077 0.8485576923076923 0.036057692307692304 0.056490384615384616
0 0.5336538461538461 0.09014423076923077 0.004807692307692308 0.006009615384615385
0 0.5408653846153846 0.09014423076923077 0.003605769230769231 0.003605769230769231
0 0.5600961538461539 0.09134615384615384 0.003605769230769231 0.003605769230769231
0 0.515625 0.09134615384615384 0.003605769230769231 0.003605769230769231
0 0.546875 0.09375 0.001201923076923077 0.002403846153846154
0 0.5120192307692307 0.09495192307692307 0.003605769230769231 0.003605769230769231
0 0.5552884615384616 0.0985576923076923 0.004807692307692308 0.003605769230769231
0 0.5216346153846154 0.09975961538461539 0.003605769230769231 0.006009615384615385
0 0.5 0.10096153846153846 0.003605769230769231 0.004807692307692308
0 0.5456730769230769 0.10216346153846154 0.003605769230769231 0.003605769230769231
0 0.5805288461538461 0.10216346153846154 0.002403846153846154 0.003605769230769231
0 0.6009615384615384 0.10216346153846154 0.003605769230769231 0.003605769230769231
0 0.4891826923076923 0.10336538461538461 0.004807692307692308 0.003605769230769231