0 0.32211538461538464 0.13942307692307693 0.0625 0.07692307692307693
0 0.8088942307692307 0.09134615384615384 0.07451923076923077 0.12740384615384615
0 0.8665865384615384 0.09975961538461539 0.07211538461538461 0.11778846153846154
0 0.33533653846153844 0.1658653846153846 0.04567307692307692 0.08173076923076923
0 0.39302884615384615 0.16105769230769232 0.057692307692307696 0.10336538461538461
0 0.5697115384615384 0.14423076923076922 0.08413461538461539 0.08653846153846154
0 0.6706730769230769 0.14302884615384615 0.0625 0.10336538461538461
0 0.20673076923076922 0.20072115384615385 0.07451923076923077 0.12259615384615384
0 0.4795673076923077 0.16706730769230768 0.08413461538461539 0.12740384615384615
0 0.9375 0.11177884615384616 0.04567307692307692 0.08173076923076923
0 0.6298076923076923 0.16466346153846154 0.052884615384615384 0.09615384615384616
0 0.7548076923076923 0.15865384615384615 0.0889423076923077 0.11057692307692307
0 0.16105769230769232 0.24519230769230768 0.0625 0.11538461538461539
0 0.109375 0.2512019230769231 0.0673076923076923 0.11538461538461539
0 0.07692307692307693 0.2620192307692308 0.057692307692307696 0.0889423076923077
0 0.23317307692307693 0.25240384615384615 0.06971153846153846 0.125
0 0.28846153846153844 0.25600961538461536 0.08173076923076923 0.1466346153846154
0 0.8894230769230769 0.19591346153846154 0.07451923076923077 0.12740384615384615
0 0.009615384615384616 0.31009615384615385 0.019230769230769232 0.1201923076923077
0 0.34375 0.27163461538461536 0.06971153846153846 0.12980769230769232
0 0.9471153846153846 0.203125 0.055288461538461536 0.125
0 0.5817307692307693 0.2536057692307692 0.09615384615384616 0.18269230769230768
0 0.40865384615384615 0.28966346153846156 0.07932692307692307 0.13701923076923078
0 0.5168269230769231 0.28846153846153844 0.07451923076923077 0.13701923076923078
0 0.6790865384615384 0.26802884615384615 0.09134615384615384 0.14182692307692307
0 0.030048076923076924 0.35216346153846156 0.06009615384615385 0.13221153846153846
0 0.057692307692307696 0.3581730769230769 0.07692307692307693 0.11778846153846154
0 0.2692307692307692 0.3485576923076923 0.08413461538461539 0.09134615384615384
0 0.7524038461538461 0.2920673076923077 0.07932692307692307 0.13221153846153846
0 0.18389423076923078 0.36778846153846156 0.0673076923076923 0.10336538461538461
0 0.6105769230769231 0.32091346153846156 0.07211538461538461 0.14423076923076922
0 0.8401442307692307 0.30649038461538464 0.07692307692307693 0.07692307692307693
0 0.640625 0.33413461538461536 0.08413461538461539 0.15865384615384615
0 0.20072115384615385 0.4230769230769231 0.10096153846153846 0.1658653846153846
0 0.7019230769230769 0.3641826923076923 0.09134615384615384 0.15144230769230768
0 0.23557692307692307 0.47475961538461536 0.09375 0.13942307692307693
0 0.11298076923076923 0.4987980769230769 0.10817307692307693 0.14903846153846154
0 0.8209134615384616 0.02283653846153846 0.06009615384615385 0.04567307692307692
0 0.765625 0.4230769230769231 0.09615384615384616 0.15625
0 0.7872596153846154 0.5252403846153846 0.125 0.1971153846153846
0 0.8389423076923077 0.5685096153846154 0.16105769230769232 0.24278846153846154
0 0.24519230769230768 0.6418269230769231 0.16826923076923078 0.1971153846153846
0 0.359375 0.6310096153846154 0.10336538461538461 0.18990384615384615
0 0.8954326923076923 0.03245192307692308 0.06009615384615385 0.06490384615384616
0 0.7427884615384616 0.04807692307692308 0.0673076923076923 0.09615384615384616
0 0.5673076923076923 0.06490384615384616 0.04567307692307692 0.07451923076923077
0 0.19110576923076922 0.8100961538461539 0.14903846153846154 0.25721153846153844
0 0.6911057692307693 0.06129807692307692 0.055288461538461536 0.07932692307692307
0 0.9182692307692307 0.8341346153846154 0.16346153846153846 0.2403846153846154
0 0.6129807692307693 0.0733173076923077 0.06971153846153846 0.0889423076923077