0 0.33774038461538464 0.1201923076923077 0.057692307692307696 0.0889423076923077
0 0.8990384615384616 0.12980769230769232 0.07211538461538461 0.07211538461538461
0 0.7512019230769231 0.13942307692307693 0.04807692307692308 0.06490384615384616
0 0.6165865384615384 0.14302884615384615 0.05048076923076923 0.06490384615384616
0 0.71875 0.019230769230769232 0.05048076923076923 0.03125
0 0.5432692307692307 0.16105769230769232 0.052884615384615384 0.07932692307692307
0 0.28125 0.16826923076923078 0.0625 0.0985576923076923
0 0.3870192307692308 0.015625 0.038461538461538464 0.03125
0 0.48197115384615385 0.19471153846153846 0.0673076923076923 0.09375
0 0.7704326923076923 0.20192307692307693 0.057692307692307696 0.08413461538461539
0 0.4411057692307692 0.019230769230769232 0.040865384615384616 0.038461538461538464
0 0.171875 0.22355769230769232 0.0625 0.0889423076923077
0 0.7103365384615384 0.24158653846153846 0.057692307692307696 0.09375
0 0.8677884615384616 0.2512019230769231 0.0625 0.08413461538461539
0 0.7692307692307693 0.27524038461538464 0.07211538461538461 0.10336538461538461
0 0.17908653846153846 0.27403846153846156 0.0625 0.07932692307692307
0 0.38341346153846156 0.2800480769230769 0.057692307692307696 0.07932692307692307
0 0.9134615384615384 0.29927884615384615 0.05048076923076923 0.05048076923076923
0 0.6286057692307693 0.296875 0.07692307692307693 0.10336538461538461
0 0.04927884615384615 0.3317307692307692 0.04326923076923077 0.07451923076923077
0 0.5889423076923077 0.036057692307692304 0.052884615384615384 0.06971153846153846
0 0.625 0.34975961538461536 0.0625 0.0985576923076923
0 0.18269230769230768 0.34615384615384615 0.0625 0.09375
0 0.45552884615384615 0.3557692307692308 0.07692307692307693 0.09375
0 0.08774038461538461 0.37259615384615385 0.057692307692307696 0.0985576923076923
0 0.27524038461538464 0.38100961538461536 0.07932692307692307 0.10817307692307693
0 0.040865384615384616 0.036057692307692304 0.057692307692307696 0.07211538461538461
0 0.4230769230769231 0.47836538461538464 0.07692307692307693 0.10817307692307693
0 0.030048076923076924 0.47716346153846156 0.06009615384615385 0.10817307692307693
0 0.5805288461538461 0.4963942307692308 0.07211538461538461 0.10817307692307693
0 0.6694711538461539 0.5 0.07692307692307693 0.0889423076923077
0 0.296875 0.5288461538461539 0.0673076923076923 0.11057692307692307
0 0.09735576923076923 0.5276442307692307 0.07692307692307693 0.10817307692307693
0 0.8112980769230769 0.5528846153846154 0.0625 0.09375
0 0.9362980769230769 0.5576923076923077 0.0673076923076923 0.10336538461538461
0 0.11538461538461539 0.6129807692307693 0.07692307692307693 0.12259615384615384
0 0.453125 0.6490384615384616 0.07692307692307693 0.11298076923076923
0 0.8641826923076923 0.7055288461538461 0.08413461538461539 0.13221153846153846
0 0.65625 0.7043269230769231 0.0625 0.0985576923076923
0 0.9759615384615384 0.7271634615384616 0.04326923076923077 0.125
0 0.021634615384615384 0.7860576923076923 0.04326923076923077 0.16346153846153846
0 0.2439903846153846 0.8473557692307693 0.07692307692307693 0.10336538461538461
0 0.5264423076923077 0.859375 0.0889423076923077 0.0889423076923077