0 0.78359375 0.19140625 0.090625 0.1625
0 0.18828125 0.08515625 0.0875 0.1484375
0 0.2984375 0.1234375 0.0984375 0.1546875
0 0.75 0.0609375 0.0625 0.046875
0 0.66484375 0.26953125 0.0765625 0.1375
0 0.90625 0.359375 0.09375 0.1546875
0 0.47109375 0.278125 0.0796875 0.1296875
0 0.08984375 0.2234375 0.09375 0.159375
0 0.98125 0.44921875 0.0375 0.1703125
0 0.33046875 0.33828125 0.08125 0.15625
0 0.878125 0.109375 0.0671875 0.0875
0 0.97265625 0.13515625 0.0546875 0.0890625
0 0.7484375 0.4890625 0.0828125 0.146875
0 0.171875 0.37578125 0.0953125 0.1453125
0 0.5484375 0.45859375 0.075 0.128125
0 0.90078125 0.60703125 0.0875 0.1484375
0 0.3890625 0.4984375 0.0890625 0.13125
0 0.02109375 0.47421875 0.0421875 0.1515625
0 0.225 0.5453125 0.09375 0.1796875
0 0.63125 0.6390625 0.075 0.1328125
0 0.76796875 0.68515625 0.0859375 0.1390625
0 0.503125 0.6828125 0.0828125 0.14375
0 0.4625 0.05703125 0.06875 0.1140625
0 0.6359375 0.09375 0.0828125 0.146875
0 0.04765625 0.678125 0.0953125 0.15
0 0.84765625 0.85546875 0.0890625 0.153125
0 0.75390625 0.85234375 0.0890625 0.153125
0 0.61640625 0.8421875 0.084375 0.15625
0 0.33671875 0.80390625 0.09375 0.1546875
0 0.440625 0.90234375 0.09375 0.1546875
0 0.12578125 0.88203125 0.1171875 0.1078125