0 0.1515625 0.05078125 0.021875 0.025
0 0.58515625 0.090625 0.0203125 0.0203125
0 0.68828125 0.078125 0.0265625 0.034375
0 0.43515625 0.10859375 0.021875 0.034375
0 0.36875 0.11953125 0.0265625 0.034375
0 0.29765625 0.13046875 0.0265625 0.034375
0 0.0046875 0.1671875 0.009375 0.03125
0 0.46171875 0.11015625 0.0296875 0.0171875
0 0.71953125 0.08125 0.0375 0.05
0 0.928125 0.0578125 0.0328125 0.0484375
0 0.39296875 0.1234375 0.0171875 0.025
0 0.1546875 0.15546875 0.025 0.0171875
0 0.22421875 0.14921875 0.021875 0.034375
0 0.34296875 0.134375 0.0203125 0.015625
0 0.315625 0.1375 0.028125 0.04375
0 0.75234375 0.08671875 0.0296875 0.0171875
0 0.871875 0.071875 0.028125 0.04375
0 0.52265625 0.11484375 0.03125 0.03125
0 0.9046875 0.0703125 0.0328125 0.0484375
0 0.11640625 0.16953125 0.0328125 0.0171875
0 0.11640625 0.0578125 0.0203125 0.0203125
0 0.26796875 0.15078125 0.028125 0.0390625
0 0.196875 0.16171875 0.0359375 0.0359375
0 0.61015625 0.1109375 0.028125 0.04375
0 0.078125 0.17890625 0.021875 0.034375
0 0.41171875 0.1375 0.0265625 0.034375
0 0.5625 0.11953125 0.0375 0.05
0 0.82265625 0.0921875 0.0375 0.0546875
0 0.0515625 0.1890625 0.021875 0.034375
0 0.340625 0.15390625 0.01875 0.0375
0 0.4671875 0.13828125 0.0234375 0.0390625
0 0.6703125 0.115625 0.0171875 0.0328125
0 0.2890625 0.16484375 0.0171875 0.0328125
0 0.5 0.1390625 0.028125 0.04375
0 0.446875 0.1453125 0.028125 0.04375
0 0.7734375 0.1078125 0.028125 0.04375
0 0.596875 0.12890625 0.0234375 0.0390625
0 0.3875 0.15703125 0.0265625 0.034375
0 0.165625 0.18671875 0.0328125 0.04375
0 0.69140625 0.12265625 0.021875 0.034375
0 0.54296875 0.14296875 0.03125 0.03125
0 0.303125 0.175 0.028125 0.04375
0 0.253125 0.18046875 0.0328125 0.04375
0 0.42109375 0.16015625 0.0265625 0.034375
0 0.009375 0.2140625 0.01875 0.034375
0 0.6609375 0.134375 0.034375 0.0578125
0 0.36640625 0.1734375 0.028125 0.0484375
0 0.73515625 0.13046875 0.028125 0.04375
0 0.7546875 0.128125 0.0296875 0.053125
0 0.13671875 0.20390625 0.0328125 0.0484375
0 0.5234375 0.15625 0.028125 0.0484375
0 0.63359375 0.14296875 0.0328125 0.04375
0 0.90546875 0.11640625 0.0375 0.0453125
0 0.03125 0.23125 0.028125 0.0390625
0 0.1984375 0.23125 0.0375 0.05
0 0.871875 0.14921875 0.046875 0.0546875
0 0.4375 0.20234375 0.0328125 0.0484375
0 0.92265625 0.14296875 0.0421875 0.05
0 0.02890625 0.2546875 0.034375 0.0265625
0 0.709375 0.1734375 0.025 0.0484375
0 0.07734375 0.2515625 0.0375 0.0546875
0 0.39765625 0.21875 0.0375 0.0453125
0 0.81796875 0.1671875 0.0421875 0.0453125
0 0.75390625 0.17734375 0.03125 0.03125
0 0.6234375 0.19609375 0.0328125 0.0484375
0 0.66484375 0.190625 0.0375 0.05
0 0.12734375 0.259375 0.0359375 0.040625
0 0.7828125 0.1828125 0.0390625 0.059375
0 0.0140625 0.27890625 0.028125 0.0359375
0 0.85 0.17890625 0.0375 0.05
0 0.56953125 0.21328125 0.03125 0.0265625
0 0.6 0.21015625 0.0328125 0.040625
0 0.04375 0.28046875 0.034375 0.053125
0 0.51953125 0.22421875 0.0390625 0.059375
0 0.18046875 0.27109375 0.0375 0.0546875
0 0.74765625 0.20390625 0.0421875 0.05
0 0.303125 0.26015625 0.0390625 0.059375
0 0.909375 0.18828125 0.0390625 0.059375
0 0.69765625 0.2140625 0.040625 0.040625
0 0.2546875 0.27109375 0.0390625 0.059375
0 0.21640625 0.278125 0.0375 0.05
0 0.40703125 0.25703125 0.0375 0.05
0 0.15703125 0.28984375 0.046875 0.046875
0 0.0140625 0.3078125 0.028125 0.05
0 0.95234375 0.1953125 0.034375 0.0578125
0 0.1234375 0.29921875 0.03125 0.0265625
0 0.65 0.2390625 0.03125 0.0359375
0 0.07578125 0.31171875 0.034375 0.053125
0 0.278125 0.2875 0.0171875 0.0328125
0 0.6203125 0.2453125 0.0328125 0.040625
0 0.84140625 0.2203125 0.04375 0.0640625
0 0.57265625 0.25546875 0.0390625 0.059375
0 0.34296875 0.28359375 0.0328125 0.04375
0 0.87890625 0.22734375 0.0453125 0.0828125
0 0.528125 0.2765625 0.040625 0.040625
0 0.45 0.28671875 0.0421875 0.05
0 0.73828125 0.253125 0.034375 0.0578125
0 0.65078125 0.26640625 0.03125 0.0359375
0 0.7703125 0.25390625 0.0359375 0.0671875
0 0.1140625 0.33515625 0.034375 0.053125
0 0.59140625 0.2765625 0.0296875 0.0578125
0 0.70625 0.26484375 0.0375 0.0546875
0 0.78984375 0.25625 0.025 0.0484375
0 0.16484375 0.3359375 0.0484375 0.0640625
0 0.39453125 0.3078125 0.0375 0.05
0 0.66640625 0.2765625 0.025 0.053125
0 0.034375 0.35390625 0.03125 0.03125
0 0.0625 0.35546875 0.0390625 0.059375
0 0.6171875 0.2921875 0.028125 0.0484375
0 0.27421875 0.334375 0.046875 0.0546875
0 0.3640625 0.3234375 0.0296875 0.0578125
0 0.64453125 0.290625 0.0484375 0.059375
0 0.23125 0.34375 0.0484375 0.06875
0 0.34296875 0.33984375 0.0390625 0.0640625
0 0.46015625 0.33046875 0.034375 0.0578125
0 0.7484375 0.29921875 0.0453125 0.0421875
0 0.0125 0.39453125 0.025 0.0265625
0 0.48515625 0.3390625 0.04375 0.059375
0 0.5546875 0.33515625 0.0421875 0.0546875
0 0.28515625 0.05703125 0.0203125 0.0203125
0 0.59921875 0.33828125 0.0484375 0.0640625
0 0.4015625 0.3625 0.046875 0.0515625
0 0.0828125 0.084375 0.0203125 0.0203125
0 0.00703125 0.42734375 0.0140625 0.0265625
0 0.57421875 0.3578125 0.021875 0.034375
0 0.14453125 0.41796875 0.040625 0.0734375
0 0.74453125 0.01171875 0.0328125 0.0234375
0 0.66171875 0.35625 0.034375 0.0265625
0 0.44140625 0.38359375 0.040625 0.0359375
0 0.7 0.35859375 0.0328125 0.0171875
0 0.5546875 0.3765625 0.0328125 0.040625
0 0.76015625 0.35390625 0.04375 0.0640625
0 0.09296875 0.4359375 0.0328125 0.0484375
0 0.071875 0.44765625 0.0375 0.0546875
0 0.35390625 0.415625 0.0421875 0.05
0 0.50390625 0.396875 0.0453125 0.0421875
0 0.96875 0.346875 0.0328125 0.08125
0 0.67265625 0.38515625 0.0265625 0.0265625
0 0.30234375 0.43046875 0.0484375 0.06875
0 0.04296875 0.4625 0.04375 0.06875
0 0.57421875 0.39921875 0.0265625 0.0625
0 0.01875 0.4703125 0.0375 0.059375
0 0.90546875 0.36328125 0.059375 0.04375
0 0.459375 0.41875 0.046875 0.046875
0 0.41640625 0.42578125 0.0453125 0.0734375
0 0.85859375 0.37890625 0.05 0.0734375
0 0.2359375 0.4578125 0.053125 0.065625
0 0.5484375 0.41953125 0.059375 0.075
0 0.71953125 0.4078125 0.05 0.078125
0 0.1890625 0.475 0.04375 0.059375
0 0.5140625 0.43984375 0.0359375 0.040625
0 0.35703125 0.459375 0.0515625 0.05625
0 0.65703125 0.4296875 0.05 0.078125
0 0.8546875 0.00859375 0.03125 0.0171875
0 0.8453125 0.40859375 0.0359375 0.0671875
0 0.82578125 0.41328125 0.040625 0.0734375
0 0.76953125 0.4296875 0.046875 0.0546875
0 0.23203125 0.50078125 0.0390625 0.028125
0 0.63046875 0.0265625 0.0265625 0.03125
0 0.1078125 0.5171875 0.053125 0.0703125
0 0.4875 0.4734375 0.0640625 0.0796875
0 0.0609375 0.09921875 0.021875 0.0296875
0 0.03359375 0.53828125 0.040625 0.0734375
0 0.91328125 0.43046875 0.0640625 0.084375
0 0.06875 0.53671875 0.0484375 0.06875
0 0.21171875 0.5234375 0.04375 0.0328125
0 0.60625 0.475 0.0390625 0.059375
0 0.109375 0.09296875 0.0171875 0.025
0 0.3453125 0.51875 0.059375 0.0796875
0 0.25234375 0.5328125 0.0359375 0.03125
0 0.64765625 0.02890625 0.0171875 0.025
0 0.21328125 0.0828125 0.0203125 0.0203125
0 0.0171875 0.5734375 0.03125 0.0671875
0 0.1921875 0.559375 0.046875 0.0546875
0 0.43359375 0.0578125 0.021875 0.025
0 0.03203125 0.10703125 0.0171875 0.0296875
0 0.45390625 0.54296875 0.059375 0.0796875
0 0.6703125 0.02890625 0.021875 0.0296875
0 0.0875 0.103125 0.0296875 0.0125
0 0.55546875 0.5375 0.0453125 0.0421875
0 0.6140625 0.5375 0.0515625 0.0515625
0 0.2265625 0.58671875 0.046875 0.0921875
0 0.73203125 0.53203125 0.0640625 0.0796875
0 0.31484375 0.58828125 0.04375 0.1
0 0.58671875 0.04375 0.0265625 0.034375
0 0.1859375 0.60390625 0.0640625 0.0796875
0 0.54453125 0.04921875 0.03125 0.0265625
0 0.28046875 0.6109375 0.0609375 0.0890625
0 0.1265625 0.6328125 0.046875 0.0875
0 0.834375 0.01640625 0.03125 0.0328125
0 0.06484375 0.63984375 0.0546875 0.0796875
0 0.51328125 0.05546875 0.0203125 0.0203125
0 0.57890625 0.590625 0.0453125 0.0734375
0 0.41796875 0.62421875 0.075 0.0953125
0 0.8984375 0.0140625 0.03125 0.028125
0 0.11328125 0.10703125 0.0203125 0.0203125
0 0.38359375 0.63515625 0.0390625 0.06875
0 0.41875 0.06953125 0.021875 0.025
0 0.70625 0.03359375 0.03125 0.03125
0 0.73203125 0.60234375 0.06875 0.0859375
0 0.5203125 0.628125 0.0625 0.1015625
0 0.25625 0.09140625 0.0171875 0.0296875
0 0.63046875 0.63125 0.06875 0.08125
0 0.85625 0.60546875 0.071875 0.1078125
0 0.97265625 0.6046875 0.0546875 0.065625
0 0.034375 0.734375 0.028125 0.08125
0 0.6265625 0.05078125 0.021875 0.034375
0 0.53515625 0.06171875 0.0265625 0.0265625
0 0.98828125 0.634375 0.0234375 0.040625
0 0.23671875 0.73046875 0.0546875 0.0796875
0 0.934375 0.01953125 0.025 0.0390625
0 0.73671875 0.03984375 0.021875 0.025
0 0.74375 0.68515625 0.09375 0.134375
0 0.42890625 0.73203125 0.0625 0.0671875
0 0.16328125 0.11015625 0.021875 0.025
0 0.61796875 0.05390625 0.021875 0.034375
0 0.6828125 0.7109375 0.0984375 0.134375
0 0.1015625 0.05234375 0.015625 0.015625
0 0.43359375 0.0140625 0.025 0.021875
0 0.12890625 0.11640625 0.021875 0.0296875
0 0.82734375 0.69765625 0.08125 0.109375
0 0.1609375 0.7796875 0.084375 0.0921875
0 0.48125 0.74453125 0.071875 0.103125
0 0.09453125 0.12109375 0.021875 0.025
0 0.29453125 0.7796875 0.075 0.090625
0 0.98125 0.7109375 0.0375 0.1125
0 0.4296875 0.084375 0.025 0.021875
0 0.078125 0.84765625 0.075 0.0953125
0 0.41484375 0.8109375 0.075 0.1265625
0 0.24296875 0.83671875 0.06875 0.0859375
0 0.36015625 0.825 0.075 0.090625
0 0.5015625 0.078125 0.021875 0.025
0 0.38671875 0.0921875 0.0171875 0.025
0 0.53828125 0.81484375 0.0765625 0.1140625
0 0.6515625 0.06171875 0.03125 0.0359375
0 0.80546875 0.04296875 0.025 0.0171875
0 0.8765625 0.034375 0.0265625 0.0265625
0 0.91640625 0.79609375 0.0765625 0.109375
0 0.846875 0.81875 0.084375 0.1015625
0 0.70390625 0.853125 0.0953125 0.0703125
0 0.43203125 0.8953125 0.084375 0.0546875
0 0.60078125 0.88671875 0.0671875 0.03125
0 0.29765625 0.92421875 0.071875 0.0265625
0 0.4046875 0.09921875 0.021875 0.0296875
0 0.3140625 0.02890625 0.0203125 0.0203125
0 0.04453125 0.14765625 0.0265625 0.03125
0 0.75390625 0.06015625 0.021875 0.0296875
0 0.84375 0.04921875 0.021875 0.034375
0 0.52890625 0.090625 0.03125 0.03125
0 0.0140625 0.153125 0.0234375 0.0390625
0 0.1171875 0.140625 0.021875 0.034375
0 0.8140625 0.0578125 0.034375 0.021875
0 0.23515625 0.12890625 0.021875 0.025
0 0.25546875 0.1265625 0.0203125 0.015625
0 0.14765625 0.1390625 0.0203125 0.015625
0 0.4921875 0.096875 0.03125 0.03125
0 0.16953125 0.1390625 0.021875 0.025
0 0.740625 0.06875 0.025 0.0484375