0 0.23317307692307693 0.11538461538461539 0.02403846153846154 0.03365384615384615
0 0.25841346153846156 0.12139423076923077 0.019230769230769232 0.02403846153846154
0 0.5108173076923077 0.11778846153846154 0.019230769230769232 0.03365384615384615
0 0.010817307692307692 0.12740384615384615 0.021634615384615384 0.04807692307692308
0 0.7800480769230769 0.11778846153846154 0.04326923076923077 0.05048076923076923
0 0.8641826923076923 0.12379807692307693 0.04326923076923077 0.05048076923076923
0 0.2439903846153846 0.13942307692307693 0.02403846153846154 0.03365384615384615
0 0.5384615384615384 0.13341346153846154 0.028846153846153848 0.04326923076923077
0 0.41586538461538464 0.140625 0.03365384615384615 0.03365384615384615
0 0.5841346153846154 0.14182692307692307 0.03365384615384615 0.04326923076923077
0 0.6490384615384616 0.14302884615384615 0.04326923076923077 0.055288461538461536
0 0.07091346153846154 0.15264423076923078 0.04326923076923077 0.06971153846153846
0 0.19110576923076922 0.15504807692307693 0.04326923076923077 0.038461538461538464
0 0.8413461538461539 0.1466346153846154 0.04326923076923077 0.06009615384615385
0 0.5060096153846154 0.15264423076923078 0.038461538461538464 0.04807692307692308
0 0.30649038461538464 0.16105769230769232 0.038461538461538464 0.055288461538461536
0 0.7259615384615384 0.16105769230769232 0.057692307692307696 0.07932692307692307
0 0.25841346153846156 0.16826923076923078 0.038461538461538464 0.04807692307692308
0 0.421875 0.17067307692307693 0.02403846153846154 0.04326923076923077
0 0.45913461538461536 0.17067307692307693 0.038461538461538464 0.055288461538461536
0 0.03365384615384615 0.1814903846153846 0.038461538461538464 0.04326923076923077
0 0.33653846153846156 0.1778846153846154 0.04807692307692308 0.055288461538461536
0 0.3894230769230769 0.18269230769230768 0.03365384615384615 0.04326923076923077
0 0.22716346153846154 0.20192307692307693 0.057692307692307696 0.07932692307692307
0 0.8028846153846154 0.19471153846153846 0.052884615384615384 0.09375
0 0.5048076923076923 0.203125 0.04326923076923077 0.055288461538461536
0 0.9471153846153846 0.20432692307692307 0.038461538461538464 0.06971153846153846
0 0.6730769230769231 0.2091346153846154 0.03365384615384615 0.06009615384615385
0 0.10817307692307693 0.22235576923076922 0.038461538461538464 0.06009615384615385
0 0.8629807692307693 0.21153846153846154 0.057692307692307696 0.07451923076923077
0 0.9074519230769231 0.21033653846153846 0.0625 0.08413461538461539
0 0.6298076923076923 0.21514423076923078 0.08413461538461539 0.13221153846153846
0 0.06009615384615385 0.2247596153846154 0.04807692307692308 0.06490384615384616
0 0.3629807692307692 0.22716346153846154 0.057692307692307696 0.07932692307692307
0 0.5697115384615384 0.22596153846153846 0.0625 0.07451923076923077
0 0.2608173076923077 0.2439903846153846 0.07211538461538461 0.0889423076923077
0 0.4795673076923077 0.25 0.052884615384615384 0.08413461538461539
0 0.18028846153846154 0.25841346153846156 0.057692307692307696 0.07932692307692307
0 0.8942307692307693 0.2608173076923077 0.057692307692307696 0.07451923076923077
0 0.96875 0.28125 0.057692307692307696 0.0889423076923077
0 0.02403846153846154 0.33052884615384615 0.04807692307692308 0.10817307692307693
0 0.9579326923076923 0.36658653846153844 0.0673076923076923 0.07932692307692307
0 0.2127403846153846 0.38221153846153844 0.07692307692307693 0.11298076923076923
0 0.45072115384615385 0.38100961538461536 0.0625 0.10817307692307693
0 0.8665865384615384 0.3942307692307692 0.055288461538461536 0.06009615384615385
0 0.8617788461538461 0.4543269230769231 0.07932692307692307 0.12259615384615384
0 0.9459134615384616 0.07211538461538461 0.05048076923076923 0.06009615384615385
0 0.040865384615384616 0.09134615384615384 0.038461538461538464 0.05048076923076923