0 0.042067307692307696 0.35096153846153844 0.07451923076923077 0.18028846153846154
0 0.11298076923076923 0.009615384615384616 0.057692307692307696 0.019230769230769232
0 0.3737980769230769 0.4495192307692308 0.14423076923076922 0.20673076923076922
0 0.7307692307692307 0.07932692307692307 0.055288461538461536 0.0673076923076923
0 0.6165865384615384 0.07091346153846154 0.05048076923076923 0.055288461538461536
0 0.9423076923076923 0.6153846153846154 0.11538461538461539 0.21153846153846154
0 0.31850961538461536 0.027644230769230768 0.05048076923076923 0.055288461538461536
0 0.7932692307692307 0.0985576923076923 0.057692307692307696 0.07692307692307693
0 0.39903846153846156 0.039663461538461536 0.057692307692307696 0.07932692307692307
0 0.15745192307692307 0.02403846153846154 0.04567307692307692 0.04807692307692308
0 0.8112980769230769 0.8834134615384616 0.23798076923076922 0.23317307692307693
0 0.20552884615384615 0.8377403846153846 0.24278846153846154 0.21634615384615385
0 0.8894230769230769 0.15144230769230768 0.05048076923076923 0.06490384615384616
0 0.2548076923076923 0.04927884615384615 0.04326923076923077 0.07932692307692307
0 0.20552884615384615 0.055288461538461536 0.057692307692307696 0.08173076923076923
0 0.46033653846153844 0.11177884615384616 0.052884615384615384 0.08413461538461539
0 0.6850961538461539 0.1466346153846154 0.06490384615384616 0.10336538461538461
0 0.5120192307692307 0.12259615384615384 0.0673076923076923 0.09134615384615384
0 0.5925480769230769 0.1346153846153846 0.0625 0.08173076923076923
0 0.9711538461538461 0.19591346153846154 0.057692307692307696 0.0985576923076923
0 0.9903846153846154 0.20432692307692307 0.019230769230769232 0.10576923076923077
0 0.11057692307692307 0.06370192307692307 0.07211538461538461 0.11778846153846154
0 0.35697115384615385 0.1045673076923077 0.057692307692307696 0.08413461538461539
0 0.43509615384615385 0.12620192307692307 0.0625 0.08413461538461539
0 0.7680288461538461 0.21033653846153846 0.07692307692307693 0.11778846153846154
0 0.8233173076923077 0.21995192307692307 0.07211538461538461 0.09615384615384616
0 0.2848557692307692 0.1466346153846154 0.07211538461538461 0.11778846153846154
0 0.3858173076923077 0.16826923076923078 0.08653846153846154 0.1201923076923077
0 0.8954326923076923 0.2512019230769231 0.07211538461538461 0.12259615384615384
0 0.703125 0.23918269230769232 0.07692307692307693 0.12259615384615384
0 0.6959134615384616 0.05048076923076923 0.040865384615384616 0.055288461538461536
0 0.5204326923076923 0.2403846153846154 0.08653846153846154 0.1201923076923077
0 0.5901442307692307 0.2512019230769231 0.09375 0.13942307692307693
0 0.1971153846153846 0.1935096153846154 0.10576923076923077 0.16826923076923078
0 0.984375 0.328125 0.03125 0.12259615384615384
0 0.09615384615384616 0.19230769230769232 0.09615384615384616 0.12980769230769232
0 0.8557692307692307 0.08774038461538461 0.04807692307692308 0.06971153846153846
0 0.9459134615384616 0.4411057692307692 0.10817307692307693 0.1466346153846154
0 0.5793269230769231 0.046875 0.052884615384615384 0.07451923076923077
0 0.49278846153846156 0.03245192307692308 0.040865384615384616 0.055288461538461536
0 0.7668269230769231 0.44591346153846156 0.1466346153846154 0.1971153846153846