0 0.5084134615384616 0.12139423076923077 0.08413461538461539 0.10096153846153846
0 0.16105769230769232 0.08533653846153846 0.0889423076923077 0.12259615384615384
0 0.9723557692307693 0.21995192307692307 0.055288461538461536 0.0985576923076923
0 0.84375 0.05889423076923077 0.055288461538461536 0.04567307692307692
0 0.7067307692307693 0.25841346153846156 0.07692307692307693 0.10336538461538461
0 0.20072115384615385 0.22956730769230768 0.0889423076923077 0.13221153846153846
0 0.9651442307692307 0.3557692307692308 0.06971153846153846 0.10576923076923077
0 0.7920673076923077 0.3629807692307692 0.08653846153846154 0.10576923076923077
0 0.38221153846153844 0.3317307692307692 0.10096153846153846 0.12980769230769232
0 0.9891826923076923 0.1045673076923077 0.021634615384615384 0.09375
0 0.3016826923076923 0.4483173076923077 0.09615384615384616 0.12980769230769232
0 0.3329326923076923 0.037259615384615384 0.07451923076923077 0.07451923076923077
0 0.5865384615384616 0.515625 0.07451923076923077 0.10096153846153846
0 0.7451923076923077 0.5372596153846154 0.08653846153846154 0.10576923076923077
0 0.1778846153846154 0.5360576923076923 0.09134615384615384 0.1201923076923077
0 0.421875 0.6646634615384616 0.09134615384615384 0.12980769230769232
0 0.6646634615384616 0.109375 0.07211538461538461 0.07692307692307693
0 0.8052884615384616 0.12740384615384615 0.08173076923076923 0.10576923076923077