0 0.8521634615384616 0.09375 0.019230769230769232 0.014423076923076924
0 0.04807692307692308 0.10817307692307693 0.009615384615384616 0.009615384615384616
0 0.7800480769230769 0.09495192307692307 0.019230769230769232 0.019230769230769232
0 0.6129807692307693 0.09735576923076923 0.014423076923076924 0.014423076923076924
0 0.44591346153846156 0.10096153846153846 0.019230769230769232 0.014423076923076924
0 0.0733173076923077 0.109375 0.009615384615384616 0.014423076923076924
0 0.5853365384615384 0.10096153846153846 0.014423076923076924 0.014423076923076924
0 0.013221153846153846 0.11057692307692307 0.009615384615384616 0.014423076923076924
0 0.5300480769230769 0.10216346153846154 0.014423076923076924 0.009615384615384616
0 0.515625 0.10216346153846154 0.014423076923076924 0.014423076923076924
0 0.7199519230769231 0.0985576923076923 0.014423076923076924 0.014423076923076924
0 0.5649038461538461 0.10096153846153846 0.014423076923076924 0.014423076923076924
0 0.5480769230769231 0.10336538461538461 0.014423076923076924 0.014423076923076924
0 0.5997596153846154 0.10216346153846154 0.014423076923076924 0.009615384615384616
0 0.7908653846153846 0.09975961538461539 0.019230769230769232 0.014423076923076924
0 0.9483173076923077 0.09615384615384616 0.019230769230769232 0.014423076923076924
0 0.030048076923076924 0.11298076923076923 0.014423076923076924 0.014423076923076924
0 0.6658653846153846 0.10216346153846154 0.019230769230769232 0.019230769230769232
0 0.4651442307692308 0.1045673076923077 0.014423076923076924 0.014423076923076924
0 0.6358173076923077 0.1045673076923077 0.014423076923076924 0.014423076923076924
0 0.8076923076923077 0.10096153846153846 0.019230769230769232 0.014423076923076924
0 0.6875 0.10336538461538461 0.009615384615384616 0.014423076923076924
0 0.4831730769230769 0.10697115384615384 0.014423076923076924 0.014423076923076924
0 0.8305288461538461 0.10336538461538461 0.014423076923076924 0.014423076923076924
0 0.4951923076923077 0.109375 0.009615384615384616 0.014423076923076924
0 0.24759615384615385 0.1141826923076923 0.009615384615384616 0.009615384615384616
0 0.5925480769230769 0.109375 0.019230769230769232 0.014423076923076924
0 0.703125 0.10697115384615384 0.019230769230769232 0.014423076923076924
0 0.2980769230769231 0.1141826923076923 0.009615384615384616 0.014423076923076924
0 0.6454326923076923 0.11057692307692307 0.014423076923076924 0.009615384615384616
0 0.25721153846153844 0.11658653846153846 0.014423076923076924 0.014423076923076924
0 0.9050480769230769 0.10576923076923077 0.014423076923076924 0.014423076923076924
0 0.7680288461538461 0.10817307692307693 0.014423076923076924 0.014423076923076924
0 0.41586538461538464 0.1141826923076923 0.014423076923076924 0.014423076923076924
0 0.3401442307692308 0.11778846153846154 0.014423076923076924 0.014423076923076924
0 0.7283653846153846 0.11177884615384616 0.019230769230769232 0.014423076923076924
0 0.5576923076923077 0.1141826923076923 0.019230769230769232 0.019230769230769232
0 0.8473557692307693 0.11177884615384616 0.009615384615384616 0.014423076923076924
0 0.43509615384615385 0.11899038461538461 0.014423076923076924 0.009615384615384616
0 0.1622596153846154 0.12379807692307693 0.014423076923076924 0.014423076923076924
0 0.41225961538461536 0.11899038461538461 0.009615384615384616 0.014423076923076924
0 0.8209134615384616 0.1141826923076923 0.009615384615384616 0.009615384615384616
0 0.23677884615384615 0.125 0.014423076923076924 0.014423076923076924
0 0.20192307692307693 0.125 0.014423076923076924 0.014423076923076924
0 0.8581730769230769 0.1141826923076923 0.019230769230769232 0.014423076923076924
0 0.08173076923076923 0.12740384615384615 0.014423076923076924 0.014423076923076924
0 0.01201923076923077 0.1310096153846154 0.014423076923076924 0.014423076923076924
0 0.6947115384615384 0.11899038461538461 0.014423076923076924 0.014423076923076924
0 0.27403846153846156 0.12620192307692307 0.019230769230769232 0.014423076923076924
0 0.2536057692307692 0.12740384615384615 0.014423076923076924 0.009615384615384616
0 0.6646634615384616 0.1201923076923077 0.014423076923076924 0.009615384615384616
0 0.6502403846153846 0.1201923076923077 0.014423076923076924 0.014423076923076924
0 0.6009615384615384 0.1201923076923077 0.02403846153846154 0.02403846153846154
0 0.3762019230769231 0.125 0.014423076923076924 0.014423076923076924
0 0.3269230769230769 0.125 0.009615384615384616 0.014423076923076924
0 0.9831730769230769 0.1141826923076923 0.019230769230769232 0.02403846153846154
0 0.6213942307692307 0.12259615384615384 0.014423076923076924 0.014423076923076924
0 0.2091346153846154 0.12980769230769232 0.014423076923076924 0.014423076923076924
0 0.02403846153846154 0.13341346153846154 0.009615384615384616 0.014423076923076924
0 0.05889423076923077 0.13221153846153846 0.019230769230769232 0.019230769230769232
0 0.8016826923076923 0.1201923076923077 0.02403846153846154 0.014423076923076924
0 0.8293269230769231 0.12139423076923077 0.014423076923076924 0.009615384615384616
0 0.7487980769230769 0.12259615384615384 0.014423076923076924 0.02403846153846154
0 0.22355769230769232 0.13221153846153846 0.009615384615384616 0.014423076923076924
0 0.78125 0.12259615384615384 0.014423076923076924 0.014423076923076924
0 0.3485576923076923 0.12980769230769232 0.014423076923076924 0.009615384615384616
0 0.33413461538461536 0.12980769230769232 0.014423076923076924 0.014423076923076924
0 0.6766826923076923 0.12379807692307693 0.014423076923076924 0.02403846153846154
0 0.4567307692307692 0.12860576923076922 0.019230769230769232 0.019230769230769232
0 0.1045673076923077 0.1346153846153846 0.014423076923076924 0.019230769230769232
0 0.5168269230769231 0.12980769230769232 0.019230769230769232 0.019230769230769232
0 0.3942307692307692 0.1310096153846154 0.014423076923076924 0.014423076923076924
0 0.08173076923076923 0.13701923076923078 0.009615384615384616 0.014423076923076924
0 0.4963942307692308 0.12980769230769232 0.019230769230769232 0.019230769230769232
0 0.40625 0.1310096153846154 0.009615384615384616 0.009615384615384616
0 0.03365384615384615 0.13822115384615385 0.019230769230769232 0.014423076923076924
0 0.9471153846153846 0.12139423076923077 0.019230769230769232 0.019230769230769232
0 0.29447115384615385 0.13341346153846154 0.019230769230769232 0.014423076923076924
0 0.921875 0.12259615384615384 0.014423076923076924 0.02403846153846154
0 0.7860576923076923 0.12740384615384615 0.014423076923076924 0.014423076923076924
0 0.42908653846153844 0.13341346153846154 0.019230769230769232 0.019230769230769232
0 0.17908653846153846 0.13822115384615385 0.014423076923076924 0.019230769230769232
0 0.8810096153846154 0.125 0.02403846153846154 0.02403846153846154
0 0.47596153846153844 0.13221153846153846 0.019230769230769232 0.019230769230769232
0 0.16105769230769232 0.13822115384615385 0.014423076923076924 0.014423076923076924
0 0.9711538461538461 0.12379807692307693 0.019230769230769232 0.019230769230769232
0 0.6418269230769231 0.12980769230769232 0.019230769230769232 0.014423076923076924
0 0.734375 0.12860576923076922 0.019230769230769232 0.014423076923076924
0 0.6141826923076923 0.13221153846153846 0.019230769230769232 0.014423076923076924
0 0.5360576923076923 0.13341346153846154 0.019230769230769232 0.019230769230769232
0 0.3713942307692308 0.13701923076923078 0.014423076923076924 0.014423076923076924
0 0.1935096153846154 0.13942307692307693 0.014423076923076924 0.014423076923076924
0 0.8137019230769231 0.12860576923076922 0.014423076923076924 0.009615384615384616
0 0.90625 0.12980769230769232 0.02403846153846154 0.019230769230769232
0 0.5709134615384616 0.13581730769230768 0.014423076923076924 0.019230769230769232
0 0.7764423076923077 0.13221153846153846 0.014423076923076924 0.014423076923076924
0 0.41346153846153844 0.13822115384615385 0.019230769230769232 0.019230769230769232
0 0.84375 0.13341346153846154 0.019230769230769232 0.014423076923076924
0 0.44350961538461536 0.140625 0.019230769230769232 0.019230769230769232
0 0.5540865384615384 0.13822115384615385 0.019230769230769232 0.019230769230769232
0 0.35697115384615385 0.14302884615384615 0.014423076923076924 0.019230769230769232
0 0.14182692307692307 0.1466346153846154 0.014423076923076924 0.014423076923076924
0 0.12860576923076922 0.1466346153846154 0.014423076923076924 0.014423076923076924
0 0.8245192307692307 0.1346153846153846 0.019230769230769232 0.014423076923076924
0 0.008413461538461538 0.14903846153846154 0.014423076923076924 0.014423076923076924
0 0.2644230769230769 0.14423076923076922 0.019230769230769232 0.019230769230769232
0 0.65625 0.140625 0.019230769230769232 0.014423076923076924
0 0.6394230769230769 0.140625 0.014423076923076924 0.014423076923076924
0 0.2512019230769231 0.14783653846153846 0.014423076923076924 0.014423076923076924
0 0.15625 0.14903846153846154 0.014423076923076924 0.019230769230769232
0 0.09134615384615384 0.1502403846153846 0.014423076923076924 0.019230769230769232
0 0.38100961538461536 0.14543269230769232 0.019230769230769232 0.019230769230769232
0 0.7067307692307693 0.13942307692307693 0.02403846153846154 0.019230769230769232
0 0.6262019230769231 0.140625 0.014423076923076924 0.019230769230769232
0 0.5961538461538461 0.14182692307692307 0.014423076923076924 0.004807692307692308
0 0.07211538461538461 0.15264423076923078 0.019230769230769232 0.014423076923076924
0 0.28365384615384615 0.14903846153846154 0.014423076923076924 0.019230769230769232
0 0.9290865384615384 0.140625 0.02403846153846154 0.019230769230769232
0 0.3016826923076923 0.15144230769230768 0.019230769230769232 0.019230769230769232
0 0.054086538461538464 0.15504807692307693 0.019230769230769232 0.019230769230769232
0 0.7211538461538461 0.14423076923076922 0.014423076923076924 0.019230769230769232
0 0.22956730769230768 0.15264423076923078 0.019230769230769232 0.019230769230769232
0 0.019230769230769232 0.15625 0.019230769230769232 0.014423076923076924
0 0.45913461538461536 0.14903846153846154 0.019230769230769232 0.019230769230769232
0 0.23918269230769232 0.15504807692307693 0.014423076923076924 0.019230769230769232
0 0.8016826923076923 0.14543269230769232 0.019230769230769232 0.019230769230769232
0 0.6959134615384616 0.1466346153846154 0.019230769230769232 0.019230769230769232
0 0.3245192307692308 0.15384615384615385 0.019230769230769232 0.019230769230769232
0 0.9495192307692307 0.14423076923076922 0.019230769230769232 0.014423076923076924
0 0.34375 0.15504807692307693 0.019230769230769232 0.019230769230769232
0 0.8762019230769231 0.14543269230769232 0.02403846153846154 0.019230769230769232
0 0.6490384615384616 0.1502403846153846 0.019230769230769232 0.019230769230769232
0 0.8894230769230769 0.14543269230769232 0.019230769230769232 0.014423076923076924
0 0.5721153846153846 0.15144230769230768 0.019230769230769232 0.014423076923076924
0 0.40384615384615385 0.15384615384615385 0.019230769230769232 0.019230769230769232
0 0.7716346153846154 0.1502403846153846 0.019230769230769232 0.014423076923076924
0 0.8317307692307693 0.14903846153846154 0.02403846153846154 0.019230769230769232
0 0.5384615384615384 0.15384615384615385 0.019230769230769232 0.019230769230769232
0 0.009615384615384616 0.16346153846153846 0.014423076923076924 0.019230769230769232
0 0.13701923076923078 0.16105769230769232 0.019230769230769232 0.014423076923076924
0 0.9759615384615384 0.1466346153846154 0.02403846153846154 0.02403846153846154
0 0.671875 0.15144230769230768 0.02403846153846154 0.019230769230769232
0 0.12620192307692307 0.16105769230769232 0.009615384615384616 0.014423076923076924
0 0.171875 0.16346153846153846 0.014423076923076924 0.019230769230769232
0 0.7860576923076923 0.15264423076923078 0.014423076923076924 0.014423076923076924
0 0.9663461538461539 0.14903846153846154 0.019230769230769232 0.019230769230769232
0 0.109375 0.16466346153846154 0.014423076923076924 0.019230769230769232
0 0.5961538461538461 0.15625 0.019230769230769232 0.019230769230769232
0 0.296875 0.16346153846153846 0.019230769230769232 0.019230769230769232
0 0.040865384615384616 0.16826923076923078 0.019230769230769232 0.019230769230769232
0 0.36177884615384615 0.16466346153846154 0.02403846153846154 0.02403846153846154
0 0.49158653846153844 0.1622596153846154 0.02403846153846154 0.02403846153846154
0 0.8665865384615384 0.15625 0.019230769230769232 0.028846153846153848
0 0.8161057692307693 0.15625 0.019230769230769232 0.02403846153846154
0 0.4362980769230769 0.16346153846153846 0.019230769230769232 0.019230769230769232
0 0.22115384615384615 0.16706730769230768 0.02403846153846154 0.019230769230769232
0 0.1935096153846154 0.16947115384615385 0.019230769230769232 0.019230769230769232
0 0.7596153846153846 0.1622596153846154 0.014423076923076924 0.014423076923076924
0 0.021634615384615384 0.17548076923076922 0.014423076923076924 0.014423076923076924
0 0.15865384615384615 0.17307692307692307 0.019230769230769232 0.014423076923076924
0 0.8870192307692307 0.15985576923076922 0.028846153846153848 0.019230769230769232
0 0.9266826923076923 0.1622596153846154 0.014423076923076924 0.014423076923076924
0 0.6394230769230769 0.16706730769230768 0.019230769230769232 0.019230769230769232
0 0.9495192307692307 0.16105769230769232 0.02403846153846154 0.02403846153846154
0 0.30649038461538464 0.17307692307692307 0.019230769230769232 0.02403846153846154
0 0.2620192307692308 0.17548076923076922 0.02403846153846154 0.019230769230769232
0 0.4495192307692308 0.17307692307692307 0.019230769230769232 0.019230769230769232
0 0.5721153846153846 0.171875 0.02403846153846154 0.019230769230769232
0 0.8040865384615384 0.17067307692307693 0.02403846153846154 0.02403846153846154
0 0.11658653846153846 0.18269230769230768 0.019230769230769232 0.019230769230769232
0 0.016826923076923076 0.18629807692307693 0.019230769230769232 0.014423076923076924
0 0.7668269230769231 0.17307692307692307 0.019230769230769232 0.019230769230769232
0 0.40865384615384615 0.17908653846153846 0.02403846153846154 0.019230769230769232
0 0.34375 0.18028846153846154 0.02403846153846154 0.028846153846153848
0 0.13341346153846154 0.18389423076923078 0.014423076923076924 0.019230769230769232
0 0.9759615384615384 0.16947115384615385 0.019230769230769232 0.014423076923076924
0 0.9266826923076923 0.17067307692307693 0.02403846153846154 0.019230769230769232
0 0.47596153846153844 0.1778846153846154 0.02403846153846154 0.019230769230769232
0 0.08653846153846154 0.1875 0.019230769230769232 0.02403846153846154
0 0.28125 0.18389423076923078 0.019230769230769232 0.02403846153846154
0 0.8413461538461539 0.17427884615384615 0.019230769230769232 0.02403846153846154
0 0.5120192307692307 0.18028846153846154 0.02403846153846154 0.028846153846153848
0 0.9014423076923077 0.17307692307692307 0.03365384615384615 0.02403846153846154
0 0.5913461538461539 0.1814903846153846 0.019230769230769232 0.02403846153846154
0 0.14903846153846154 0.18870192307692307 0.014423076923076924 0.019230769230769232
0 0.36658653846153844 0.18509615384615385 0.019230769230769232 0.019230769230769232
0 0.06610576923076923 0.18990384615384615 0.019230769230769232 0.03365384615384615
0 0.6334134615384616 0.18028846153846154 0.028846153846153848 0.019230769230769232
0 0.6117788461538461 0.18028846153846154 0.019230769230769232 0.019230769230769232
0 0.1935096153846154 0.1875 0.019230769230769232 0.019230769230769232
0 0.6790865384615384 0.1814903846153846 0.019230769230769232 0.028846153846153848
0 0.38461538461538464 0.18990384615384615 0.02403846153846154 0.019230769230769232
0 0.22956730769230768 0.19230769230769232 0.02403846153846154 0.02403846153846154
0 0.5709134615384616 0.18870192307692307 0.028846153846153848 0.02403846153846154
0 0.6670673076923077 0.1875 0.019230769230769232 0.019230769230769232
0 0.7475961538461539 0.1875 0.019230769230769232 0.019230769230769232
0 0.020432692307692308 0.20072115384615385 0.02403846153846154 0.02403846153846154
0 0.3125 0.19831730769230768 0.02403846153846154 0.028846153846153848
0 0.9627403846153846 0.18629807692307693 0.02403846153846154 0.02403846153846154
0 0.9483173076923077 0.18629807692307693 0.019230769230769232 0.03365384615384615
0 0.8305288461538461 0.18870192307692307 0.028846153846153848 0.028846153846153848
0 0.43509615384615385 0.19591346153846154 0.028846153846153848 0.028846153846153848
0 0.21033653846153846 0.19951923076923078 0.02403846153846154 0.02403846153846154
0 0.2980769230769231 0.20072115384615385 0.028846153846153848 0.02403846153846154
0 0.37259615384615385 0.19951923076923078 0.019230769230769232 0.019230769230769232
0 0.9278846153846154 0.18990384615384615 0.02403846153846154 0.028846153846153848
0 0.3112980769230769 0.02403846153846154 0.019230769230769232 0.014423076923076924
0 0.8725961538461539 0.1935096153846154 0.02403846153846154 0.02403846153846154
0 0.7752403846153846 0.19471153846153846 0.019230769230769232 0.02403846153846154
0 0.3401442307692308 0.20192307692307693 0.02403846153846154 0.02403846153846154
0 0.9855769230769231 0.19110576923076922 0.019230769230769232 0.03365384615384615
0 0.7920673076923077 0.1971153846153846 0.03365384615384615 0.028846153846153848
0 0.05048076923076923 0.2091346153846154 0.014423076923076924 0.019230769230769232
0 0.4855769230769231 0.20192307692307693 0.019230769230769232 0.02403846153846154
0 0.625 0.20072115384615385 0.019230769230769232 0.019230769230769232
0 0.40024038461538464 0.20432692307692307 0.019230769230769232 0.019230769230769232
0 0.7055288461538461 0.19951923076923078 0.02403846153846154 0.019230769230769232
0 0.5528846153846154 0.20192307692307693 0.019230769230769232 0.028846153846153848
0 0.4579326923076923 0.20432692307692307 0.028846153846153848 0.02403846153846154
0 0.640625 0.203125 0.02403846153846154 0.02403846153846154
0 0.18509615384615385 0.21153846153846154 0.019230769230769232 0.02403846153846154
0 0.6875 0.20432692307692307 0.02403846153846154 0.02403846153846154
0 0.018028846153846152 0.21634615384615385 0.014423076923076924 0.02403846153846154
0 0.010817307692307692 0.21634615384615385 0.021634615384615384 0.028846153846153848
0 0.6081730769230769 0.20793269230769232 0.02403846153846154 0.019230769230769232
0 0.24759615384615385 0.21514423076923078 0.019230769230769232 0.02403846153846154
0 0.4855769230769231 0.2127403846153846 0.02403846153846154 0.028846153846153848
0 0.8197115384615384 0.20673076923076922 0.019230769230769232 0.028846153846153848
0 0.7572115384615384 0.20793269230769232 0.028846153846153848 0.028846153846153848
0 0.5324519230769231 0.21394230769230768 0.02403846153846154 0.028846153846153848
0 0.3473557692307692 0.21995192307692307 0.02403846153846154 0.02403846153846154
0 0.06009615384615385 0.2247596153846154 0.028846153846153848 0.03365384615384615
0 0.16466346153846154 0.22596153846153846 0.019230769230769232 0.02403846153846154
0 0.5949519230769231 0.22355769230769232 0.02403846153846154 0.028846153846153848
0 0.1141826923076923 0.030048076923076924 0.014423076923076924 0.009615384615384616
0 0.8028846153846154 0.22235576923076922 0.03365384615384615 0.03365384615384615
0 0.9170673076923077 0.21995192307692307 0.028846153846153848 0.028846153846153848
0 0.6274038461538461 0.2247596153846154 0.019230769230769232 0.028846153846153848
0 0.7776442307692307 0.2247596153846154 0.03365384615384615 0.03365384615384615
0 0.2704326923076923 0.23317307692307693 0.019230769230769232 0.028846153846153848
0 0.08533653846153846 0.23677884615384615 0.028846153846153848 0.028846153846153848
0 0.9302884615384616 0.22235576923076922 0.02403846153846154 0.03365384615384615
0 0.8449519230769231 0.22596153846153846 0.028846153846153848 0.02403846153846154
0 0.9675480769230769 0.22355769230769232 0.028846153846153848 0.03365384615384615
0 0.3798076923076923 0.234375 0.019230769230769232 0.02403846153846154
0 0.7079326923076923 0.2283653846153846 0.038461538461538464 0.028846153846153848
0 0.6706730769230769 0.2283653846153846 0.028846153846153848 0.028846153846153848
0 0.4026442307692308 0.23317307692307693 0.02403846153846154 0.028846153846153848
0 0.26322115384615385 0.23798076923076922 0.02403846153846154 0.03365384615384615
0 0.027644230769230768 0.2439903846153846 0.019230769230769232 0.019230769230769232
0 0.13822115384615385 0.24158653846153846 0.019230769230769232 0.02403846153846154
0 0.8930288461538461 0.2283653846153846 0.02403846153846154 0.028846153846153848
0 0.4699519230769231 0.23557692307692307 0.019230769230769232 0.028846153846153848
0 0.007211538461538462 0.24879807692307693 0.014423076923076924 0.038461538461538464
0 0.3076923076923077 0.2439903846153846 0.02403846153846154 0.019230769230769232
0 0.2127403846153846 0.24519230769230768 0.02403846153846154 0.028846153846153848
0 0.5733173076923077 0.23918269230769232 0.03365384615384615 0.028846153846153848
0 0.3605769230769231 0.24278846153846154 0.028846153846153848 0.028846153846153848
0 0.18028846153846154 0.24639423076923078 0.019230769230769232 0.02403846153846154
0 0.4879807692307692 0.2403846153846154 0.02403846153846154 0.028846153846153848
0 0.44471153846153844 0.2439903846153846 0.019230769230769232 0.028846153846153848
0 0.8257211538461539 0.23918269230769232 0.03365384615384615 0.03365384615384615
0 0.039663461538461536 0.25600961538461536 0.02403846153846154 0.019230769230769232
0 0.8581730769230769 0.2439903846153846 0.028846153846153848 0.03365384615384615
0 0.30288461538461536 0.2536057692307692 0.02403846153846154 0.019230769230769232
0 0.15745192307692307 0.25600961538461536 0.02403846153846154 0.028846153846153848
0 0.09014423076923077 0.25721153846153844 0.019230769230769232 0.02403846153846154
0 0.2644230769230769 0.2608173076923077 0.02403846153846154 0.028846153846153848
0 0.7980769230769231 0.2548076923076923 0.02403846153846154 0.02403846153846154
0 0.5925480769230769 0.25841346153846156 0.02403846153846154 0.03365384615384615
0 0.12620192307692307 0.2704326923076923 0.028846153846153848 0.02403846153846154
0 0.3269230769230769 0.2668269230769231 0.028846153846153848 0.02403846153846154
0 0.9567307692307693 0.25600961538461536 0.02403846153846154 0.03365384615384615
0 0.04447115384615385 0.27283653846153844 0.019230769230769232 0.028846153846153848
0 0.23076923076923078 0.2692307692307692 0.03365384615384615 0.019230769230769232
0 0.296875 0.03125 0.009615384615384616 0.009615384615384616
0 0.32211538461538464 0.03125 0.014423076923076924 0.014423076923076924
0 0.46153846153846156 0.2692307692307692 0.028846153846153848 0.02403846153846154
0 0.19591346153846154 0.27283653846153844 0.02403846153846154 0.02403846153846154
0 0.8737980769230769 0.2620192307692308 0.03365384615384615 0.038461538461538464
0 0.3870192307692308 0.27524038461538464 0.028846153846153848 0.02403846153846154
0 0.7836538461538461 0.26802884615384615 0.03365384615384615 0.028846153846153848
0 0.7019230769230769 0.2692307692307692 0.02403846153846154 0.038461538461538464
0 0.6790865384615384 0.2692307692307692 0.028846153846153848 0.04326923076923077
0 0.30408653846153844 0.27884615384615385 0.028846153846153848 0.038461538461538464
0 0.2439903846153846 0.2800480769230769 0.028846153846153848 0.02403846153846154
0 0.2860576923076923 0.03125 0.014423076923076924 0.014423076923076924
0 0.36658653846153844 0.2800480769230769 0.028846153846153848 0.038461538461538464
0 0.028846153846153848 0.28846153846153844 0.028846153846153848 0.028846153846153848
0 0.9110576923076923 0.27283653846153844 0.028846153846153848 0.038461538461538464
0 0.5192307692307693 0.2824519230769231 0.038461538461538464 0.04807692307692308
0 0.6334134615384616 0.2800480769230769 0.03365384615384615 0.028846153846153848
0 0.16947115384615385 0.29086538461538464 0.03365384615384615 0.038461538461538464
0 0.65625 0.2848557692307692 0.014423076923076924 0.038461538461538464
0 0.09615384615384616 0.29447115384615385 0.019230769230769232 0.02403846153846154
0 0.7163461538461539 0.28846153846153844 0.038461538461538464 0.04326923076923077
0 0.13341346153846154 0.2980769230769231 0.02403846153846154 0.02403846153846154
0 0.20432692307692307 0.296875 0.028846153846153848 0.038461538461538464
0 0.22956730769230768 0.03485576923076923 0.014423076923076924 0.014423076923076924
0 0.1346153846153846 0.036057692307692304 0.019230769230769232 0.014423076923076924
0 0.46153846153846156 0.2980769230769231 0.03365384615384615 0.038461538461538464
0 0.8689903846153846 0.2920673076923077 0.03365384615384615 0.02403846153846154
0 0.23197115384615385 0.30288461538461536 0.028846153846153848 0.028846153846153848
0 0.5540865384615384 0.29927884615384615 0.04326923076923077 0.028846153846153848
0 0.39663461538461536 0.03125 0.019230769230769232 0.014423076923076924
0 0.008413461538461538 0.3137019230769231 0.014423076923076924 0.03365384615384615
0 0.7668269230769231 0.30288461538461536 0.038461538461538464 0.04326923076923077
0 0.35336538461538464 0.31009615384615385 0.03365384615384615 0.028846153846153848
0 0.4411057692307692 0.3088942307692308 0.028846153846153848 0.038461538461538464
0 0.3112980769230769 0.3112980769230769 0.03365384615384615 0.028846153846153848
0 0.6358173076923077 0.3076923076923077 0.028846153846153848 0.03365384615384615
0 0.16947115384615385 0.038461538461538464 0.014423076923076924 0.014423076923076924
0 0.16105769230769232 0.038461538461538464 0.014423076923076924 0.009615384615384616
0 0.8870192307692307 0.31009615384615385 0.038461538461538464 0.028846153846153848
0 0.8293269230769231 0.3112980769230769 0.038461538461538464 0.038461538461538464
0 0.9194711538461539 0.31490384615384615 0.04326923076923077 0.03365384615384615
0 0.8617788461538461 0.31850961538461536 0.04807692307692308 0.038461538461538464
0 0.421875 0.32572115384615385 0.03365384615384615 0.03365384615384615
0 0.25600961538461536 0.036057692307692304 0.014423076923076924 0.014423076923076924
0 0.27163461538461536 0.036057692307692304 0.014423076923076924 0.019230769230769232
0 0.109375 0.039663461538461536 0.014423076923076924 0.014423076923076924
0 0.5612980769230769 0.32572115384615385 0.02403846153846154 0.03365384615384615
0 0.734375 0.3233173076923077 0.04807692307692308 0.04807692307692308
0 0.38822115384615385 0.33052884615384615 0.028846153846153848 0.038461538461538464
0 0.5384615384615384 0.3269230769230769 0.028846153846153848 0.038461538461538464
0 0.18028846153846154 0.33413461538461536 0.03365384615384615 0.04326923076923077
0 0.9783653846153846 0.31850961538461536 0.036057692307692304 0.028846153846153848
0 0.24759615384615385 0.33533653846153844 0.03365384615384615 0.038461538461538464
0 0.4675480769230769 0.33052884615384615 0.038461538461538464 0.04326923076923077
0 0.33052884615384615 0.33533653846153844 0.03365384615384615 0.028846153846153848
0 0.4170673076923077 0.036057692307692304 0.014423076923076924 0.009615384615384616
0 0.07451923076923077 0.3449519230769231 0.03365384615384615 0.04807692307692308
0 0.43990384615384615 0.34615384615384615 0.03365384615384615 0.028846153846153848
0 0.19951923076923078 0.039663461538461536 0.014423076923076924 0.014423076923076924
0 0.6153846153846154 0.3449519230769231 0.038461538461538464 0.04807692307692308
0 0.19951923076923078 0.35697115384615385 0.038461538461538464 0.04326923076923077
0 0.7728365384615384 0.3473557692307692 0.04807692307692308 0.055288461538461536
0 0.3004807692307692 0.3581730769230769 0.03365384615384615 0.038461538461538464
0 0.08413461538461539 0.04447115384615385 0.019230769230769232 0.014423076923076924
0 0.5576923076923077 0.36177884615384615 0.04807692307692308 0.038461538461538464
0 0.8846153846153846 0.3581730769230769 0.03365384615384615 0.04326923076923077
0 0.359375 0.039663461538461536 0.019230769230769232 0.019230769230769232
0 0.9603365384615384 0.359375 0.04807692307692308 0.04326923076923077
0 0.3605769230769231 0.37259615384615385 0.03365384615384615 0.04807692307692308
0 0.4026442307692308 0.3713942307692308 0.038461538461538464 0.05048076923076923
0 0.9278846153846154 0.36538461538461536 0.04807692307692308 0.04807692307692308
0 0.5228365384615384 0.37259615384615385 0.03365384615384615 0.04326923076923077
0 0.4423076923076923 0.3786057692307692 0.04807692307692308 0.04807692307692308
0 0.7872596153846154 0.37259615384615385 0.05048076923076923 0.04326923076923077
0 0.007211538461538462 0.38822115384615385 0.009615384615384616 0.038461538461538464
0 0.08774038461538461 0.3942307692307692 0.038461538461538464 0.038461538461538464
0 0.2403846153846154 0.3942307692307692 0.04326923076923077 0.038461538461538464
0 0.703125 0.3870192307692308 0.05048076923076923 0.04807692307692308
0 0.19951923076923078 0.3954326923076923 0.04326923076923077 0.05048076923076923
0 0.6502403846153846 0.390625 0.04807692307692308 0.038461538461538464
0 0.06370192307692307 0.046875 0.014423076923076924 0.014423076923076924
0 0.30649038461538464 0.39903846153846156 0.04326923076923077 0.02403846153846154
0 0.46875 0.41225961538461536 0.038461538461538464 0.05048076923076923
0 0.9831730769230769 0.40384615384615385 0.03125 0.055288461538461536
0 0.03125 0.4206730769230769 0.04326923076923077 0.05048076923076923
0 0.01201923076923077 0.05048076923076923 0.009615384615384616 0.009615384615384616
0 0.5733173076923077 0.41586538461538464 0.038461538461538464 0.055288461538461536
0 0.41586538461538464 0.4182692307692308 0.05048076923076923 0.038461538461538464
0 0.32091346153846156 0.4230769230769231 0.03365384615384615 0.038461538461538464
0 0.8040865384615384 0.4182692307692308 0.04326923076923077 0.038461538461538464
0 0.9759615384615384 0.036057692307692304 0.019230769230769232 0.014423076923076924
0 0.6165865384615384 0.4230769230769231 0.04807692307692308 0.055288461538461536
0 0.234375 0.4326923076923077 0.04326923076923077 0.04326923076923077
0 0.09375 0.43509615384615385 0.038461538461538464 0.04326923076923077
0 0.11899038461538461 0.44471153846153844 0.03365384615384615 0.04326923076923077
0 0.8858173076923077 0.43509615384615385 0.055288461538461536 0.06009615384615385
0 0.47115384615384615 0.04447115384615385 0.014423076923076924 0.014423076923076924
0 0.7139423076923077 0.4411057692307692 0.03365384615384615 0.05048076923076923
0 0.3016826923076923 0.45072115384615385 0.05048076923076923 0.04326923076923077
0 0.7956730769230769 0.44711538461538464 0.05048076923076923 0.06490384615384616
0 0.40865384615384615 0.4639423076923077 0.04326923076923077 0.04807692307692308
0 0.15745192307692307 0.46875 0.04326923076923077 0.038461538461538464
0 0.6923076923076923 0.4639423076923077 0.05048076923076923 0.04807692307692308
0 0.9567307692307693 0.039663461538461536 0.014423076923076924 0.019230769230769232
0 0.6370192307692307 0.48197115384615385 0.052884615384615384 0.06971153846153846
0 0.3076923076923077 0.49158653846153844 0.04807692307692308 0.06490384615384616
0 0.6923076923076923 0.484375 0.04807692307692308 0.055288461538461536
0 0.9747596153846154 0.484375 0.05048076923076923 0.038461538461538464
0 0.4519230769230769 0.051682692307692304 0.014423076923076924 0.009615384615384616
0 0.453125 0.4963942307692308 0.06009615384615385 0.04807692307692308
0 0.9230769230769231 0.49038461538461536 0.04326923076923077 0.05048076923076923
0 0.5745192307692307 0.5012019230769231 0.04807692307692308 0.06009615384615385
0 0.484375 0.05048076923076923 0.014423076923076924 0.009615384615384616
0 0.8425480769230769 0.4987980769230769 0.04326923076923077 0.05048076923076923
0 0.203125 0.5204326923076923 0.02403846153846154 0.04326923076923077
0 0.1778846153846154 0.5264423076923077 0.038461538461538464 0.05048076923076923
0 0.9819711538461539 0.5192307692307693 0.036057692307692304 0.06009615384615385
0 0.018028846153846152 0.5360576923076923 0.03365384615384615 0.06971153846153846
0 0.4795673076923077 0.5324519230769231 0.05048076923076923 0.05048076923076923
0 0.004807692307692308 0.06009615384615385 0.009615384615384616 0.014423076923076924
0 0.08653846153846154 0.5420673076923077 0.04807692307692308 0.05048076923076923
0 0.40625 0.5360576923076923 0.06490384615384616 0.06009615384615385
0 0.5024038461538461 0.055288461538461536 0.014423076923076924 0.014423076923076924
0 0.7487980769230769 0.5456730769230769 0.06971153846153846 0.0673076923076923
0 0.4723557692307692 0.055288461538461536 0.009615384615384616 0.009615384615384616
0 0.7836538461538461 0.5504807692307693 0.055288461538461536 0.06490384615384616
0 0.8858173076923077 0.5649038461538461 0.06009615384615385 0.06009615384615385
0 0.32572115384615385 0.5817307692307693 0.04807692307692308 0.05048076923076923
0 0.59375 0.5769230769230769 0.06009615384615385 0.05048076923076923
0 0.9651442307692307 0.04927884615384615 0.014423076923076924 0.02403846153846154
0 0.13341346153846154 0.5889423076923077 0.06490384615384616 0.06009615384615385
0 0.5384615384615384 0.59375 0.05048076923076923 0.06490384615384616
0 0.9459134615384616 0.5973557692307693 0.09375 0.0889423076923077
0 0.2548076923076923 0.6141826923076923 0.0625 0.07451923076923077
0 0.015625 0.07091346153846154 0.014423076923076924 0.014423076923076924
0 0.7776442307692307 0.057692307692307696 0.014423076923076924 0.014423076923076924
0 0.04927884615384615 0.6237980769230769 0.07451923076923077 0.04807692307692308
0 0.7475961538461539 0.057692307692307696 0.014423076923076924 0.009615384615384616
0 0.46033653846153844 0.06370192307692307 0.014423076923076924 0.014423076923076924
0 0.4675480769230769 0.625 0.0673076923076923 0.07451923076923077
0 0.8353365384615384 0.6262019230769231 0.055288461538461536 0.04807692307692308
0 0.5324519230769231 0.06370192307692307 0.009615384615384616 0.009615384615384616
0 0.4074519230769231 0.6490384615384616 0.0673076923076923 0.06971153846153846
0 0.6850961538461539 0.6466346153846154 0.06971153846153846 0.0673076923076923
0 0.3125 0.6538461538461539 0.0625 0.07451923076923077
0 0.9350961538461539 0.057692307692307696 0.019230769230769232 0.014423076923076924
0 0.5456730769230769 0.06610576923076923 0.009615384615384616 0.014423076923076924
0 0.6105769230769231 0.06490384615384616 0.009615384615384616 0.009615384615384616
0 0.703125 0.06370192307692307 0.019230769230769232 0.014423076923076924
0 0.7307692307692307 0.06610576923076923 0.009615384615384616 0.009615384615384616
0 0.6754807692307693 0.06610576923076923 0.014423076923076924 0.009615384615384616
0 0.8966346153846154 0.6754807692307693 0.06490384615384616 0.06490384615384616
0 0.07572115384615384 0.6923076923076923 0.057692307692307696 0.06971153846153846
0 0.6213942307692307 0.6923076923076923 0.06490384615384616 0.06490384615384616
0 0.8233173076923077 0.6887019230769231 0.06009615384615385 0.06490384615384616
0 0.5612980769230769 0.7163461538461539 0.0673076923076923 0.08413461538461539
0 0.07091346153846154 0.08173076923076923 0.009615384615384616 0.009615384615384616
0 0.9543269230769231 0.7247596153846154 0.09134615384615384 0.0985576923076923
0 0.7728365384615384 0.75 0.0889423076923077 0.0889423076923077
0 0.02283653846153846 0.7788461538461539 0.028846153846153848 0.06009615384615385
0 0.6742788461538461 0.7776442307692307 0.07692307692307693 0.08413461538461539
0 0.5649038461538461 0.07692307692307693 0.014423076923076924 0.009615384615384616
0 0.41466346153846156 0.7860576923076923 0.0889423076923077 0.0889423076923077
0 0.6478365384615384 0.07572115384615384 0.014423076923076924 0.009615384615384616
0 0.30528846153846156 0.8004807692307693 0.07692307692307693 0.0889423076923077
0 0.5877403846153846 0.07932692307692307 0.009615384615384616 0.009615384615384616
0 0.8569711538461539 0.7992788461538461 0.07932692307692307 0.0889423076923077
0 0.039663461538461536 0.09134615384615384 0.009615384615384616 0.014423076923076924
0 0.07091346153846154 0.09014423076923077 0.009615384615384616 0.014423076923076924
0 0.5829326923076923 0.08173076923076923 0.009615384615384616 0.004807692307692308
0 0.9771634615384616 0.8257211538461539 0.04567307692307692 0.07451923076923077
0 0.08052884615384616 0.8545673076923077 0.0625 0.07932692307692307
0 0.5997596153846154 0.0829326923076923 0.014423076923076924 0.009615384615384616
0 0.6262019230769231 0.8569711538461539 0.07692307692307693 0.0889423076923077
0 0.18028846153846154 0.09134615384615384 0.014423076923076924 0.014423076923076924
0 0.7055288461538461 0.08173076923076923 0.014423076923076924 0.014423076923076924
0 0.3701923076923077 0.09014423076923077 0.019230769230769232 0.019230769230769232
0 0.6430288461538461 0.08533653846153846 0.009615384615384616 0.014423076923076924
0 0.10576923076923077 0.09495192307692307 0.009615384615384616 0.014423076923076924
0 0.7980769230769231 0.08533653846153846 0.014423076923076924 0.014423076923076924
0 0.13341346153846154 0.09615384615384616 0.019230769230769232 0.02403846153846154
0 0.8701923076923077 0.08413461538461539 0.014423076923076924 0.014423076923076924
0 0.49278846153846156 0.09014423076923077 0.019230769230769232 0.014423076923076924
0 0.4098557692307692 0.9110576923076923 0.10336538461538461 0.11778846153846154
0 0.8545673076923077 0.9134615384615384 0.07932692307692307 0.10336538461538461
0 0.9242788461538461 0.9278846153846154 0.07692307692307693 0.08413461538461539
0 0.6875 0.9387019230769231 0.10336538461538461 0.08413461538461539
0 0.27283653846153844 0.9639423076923077 0.14182692307692307 0.07211538461538461
0 0.8774038461538461 0.09014423076923077 0.019230769230769232 0.019230769230769232
0 0.46033653846153844 0.0985576923076923 0.014423076923076924 0.009615384615384616
0 0.5913461538461539 0.96875 0.14903846153846154 0.0625