0 0.9579326923076923 0.22596153846153846 0.08413461538461539 0.125
0 0.5132211538461539 0.2403846153846154 0.09375 0.1346153846153846
0 0.0733173076923077 0.22716346153846154 0.06009615384615385 0.09134615384615384
0 0.3894230769230769 0.27163461538461536 0.04567307692307692 0.07211538461538461
0 0.19471153846153846 0.2608173076923077 0.036057692307692304 0.04807692307692308
0 0.04447115384615385 0.2608173076923077 0.06971153846153846 0.11298076923076923
0 0.125 0.2668269230769231 0.03365384615384615 0.04326923076923077
0 0.8581730769230769 0.31009615384615385 0.06490384615384616 0.07692307692307693
0 0.28365384615384615 0.2800480769230769 0.04567307692307692 0.07211538461538461
0 0.4338942307692308 0.29447115384615385 0.055288461538461536 0.10576923076923077
0 0.7127403846153846 0.32091346153846156 0.0673076923076923 0.07211538461538461
0 0.1658653846153846 0.2920673076923077 0.028846153846153848 0.04326923076923077
0 0.22956730769230768 0.30528846153846156 0.038461538461538464 0.04807692307692308
0 0.6310096153846154 0.33413461538461536 0.040865384615384616 0.052884615384615384
0 0.3317307692307692 0.36658653846153844 0.0889423076923077 0.12980769230769232
0 0.7572115384615384 0.4987980769230769 0.11538461538461539 0.16826923076923078
0 0.2824519230769231 0.5516826923076923 0.09615384615384616 0.1466346153846154