0 0.5203125 0.14375 0.01875 0.0328125
0 0.790625 0.1484375 0.028125 0.0421875
0 0.1359375 0.13984375 0.028125 0.028125
0 0.36015625 0.14609375 0.01875 0.0375
0 0.29765625 0.14453125 0.0234375 0.0328125
0 0.69140625 0.1515625 0.0234375 0.0375
0 0.25859375 0.14921875 0.0234375 0.0328125
0 0.5921875 0.1546875 0.0234375 0.0328125
0 0.16328125 0.14921875 0.028125 0.0375
0 0.846875 0.165625 0.028125 0.0421875
0 0.2125 0.16171875 0.0234375 0.0421875
0 0.56796875 0.16953125 0.01875 0.0234375
0 0.896875 0.178125 0.028125 0.0421875
0 0.75546875 0.17578125 0.0296875 0.05625
0 0.378125 0.17109375 0.0234375 0.0375
0 0.33203125 0.17265625 0.028125 0.0375
0 0.628125 0.178125 0.0296875 0.046875
0 0.12578125 0.171875 0.01875 0.0328125
0 0.28359375 0.17890625 0.0234375 0.0234375
0 0.5359375 0.18359375 0.028125 0.0421875
0 0.7046875 0.18671875 0.028125 0.0421875
0 0.6609375 0.1859375 0.0234375 0.0328125
0 0.4640625 0.18671875 0.025 0.046875
0 0.075 0.1796875 0.01875 0.0421875
0 0.73671875 0.19140625 0.028125 0.0375
0 0.79921875 0.19765625 0.028125 0.0421875
0 0.4109375 0.2 0.0328125 0.046875
0 0.8546875 0.21015625 0.028125 0.0421875
0 0.92578125 0.215625 0.0234375 0.0421875
0 0.16953125 0.20546875 0.01875 0.028125
0 0.49296875 0.2109375 0.0296875 0.046875
0 0.23359375 0.2109375 0.0234375 0.0421875
0 0.821875 0.2234375 0.0296875 0.046875
0 0.63671875 0.22890625 0.028125 0.0421875
0 0.28046875 0.225 0.0296875 0.046875
0 0.34296875 0.22578125 0.028125 0.0421875
0 0.5390625 0.234375 0.0328125 0.0515625
0 0.43046875 0.23671875 0.0328125 0.0515625
0 0.7640625 0.2453125 0.0328125 0.0515625
0 0.5953125 0.246875 0.028125 0.0375
0 0.10390625 0.24296875 0.0296875 0.046875
0 0.88203125 0.25625 0.028125 0.0421875
0 0.16796875 0.25625 0.028125 0.0328125
0 0.66328125 0.27421875 0.0328125 0.0515625
0 0.48984375 0.2734375 0.0375 0.0609375
0 0.23046875 0.26875 0.0375 0.0421875
0 0.8 0.28359375 0.0328125 0.05625
0 0.3046875 0.27734375 0.0328125 0.046875
0 0.934375 0.28828125 0.0328125 0.0515625
0 0.71953125 0.2859375 0.0375 0.065625
0 0.56640625 0.2921875 0.0328125 0.0609375
0 0.371875 0.29140625 0.0296875 0.0515625
0 0.453125 0.2953125 0.0328125 0.0515625
0 0.0640625 0.290625 0.0375 0.0515625
0 0.13515625 0.30859375 0.0328125 0.0515625
0 0.8875 0.32421875 0.0328125 0.0515625
0 0.76484375 0.32890625 0.0375 0.0515625
0 0.60703125 0.33515625 0.0328125 0.0515625
0 0.8296875 0.34140625 0.0375 0.0609375
0 0.41171875 0.3453125 0.0375 0.075
0 0.53046875 0.3546875 0.0375 0.0609375
0 0.2109375 0.35390625 0.0328125 0.05625
0 0.08828125 0.3609375 0.0375 0.0515625
0 0.3265625 0.3671875 0.0421875 0.065625
0 0.93046875 0.38046875 0.0375 0.05625
0 0.66640625 0.38046875 0.0375 0.0703125
0 0.25859375 0.3875 0.0421875 0.065625
0 0.46953125 0.39296875 0.046875 0.065625
0 0.73515625 0.4046875 0.0375 0.05625
0 0.88125 0.4296875 0.0421875 0.0609375
0 0.36953125 0.43046875 0.0421875 0.065625
0 0.78984375 0.4375 0.0375 0.0609375
0 0.15234375 0.4265625 0.0375 0.075
0 0.57265625 0.45078125 0.0421875 0.0609375
0 0.3078125 0.11484375 0.0234375 0.0328125
0 0.425 0.12109375 0.0234375 0.0328125
0 0.3375 0.11953125 0.01875 0.028125
0 0.27265625 0.11875 0.0234375 0.0328125
0 0.184375 0.11953125 0.01875 0.0328125
0 0.48984375 0.125 0.0234375 0.0375
0 0.56875 0.128125 0.01875 0.028125
0 0.61953125 0.13203125 0.01875 0.028125
0 0.3953125 0.128125 0.028125 0.0328125
0 0.228125 0.125 0.01875 0.028125
0 0.82109375 0.1375 0.028125 0.0328125
0 0.45078125 0.1359375 0.0234375 0.0328125
0 0.871875 0.14296875 0.028125 0.0421875
0 0.6546875 0.1390625 0.0234375 0.0328125
0 0.73046875 0.14296875 0.028125 0.0421875
0 0.09921875 0.134375 0.0234375 0.0328125