0 0.4338942307692308 0.13581730769230768 0.055288461538461536 0.08173076923076923
0 0.17067307692307693 0.21995192307692307 0.04567307692307692 0.06009615384615385
0 0.24519230769230768 0.20673076923076922 0.040865384615384616 0.052884615384615384
0 0.14543269230769232 0.24759615384615385 0.04567307692307692 0.06009615384615385
0 0.006009615384615385 0.2764423076923077 0.01201923076923077 0.052884615384615384
0 0.04807692307692308 0.27163461538461536 0.04567307692307692 0.06009615384615385
0 0.09375 0.2704326923076923 0.05048076923076923 0.0625
0 0.3233173076923077 0.22956730769230768 0.028846153846153848 0.036057692307692304
0 0.8677884615384616 0.13341346153846154 0.07932692307692307 0.0985576923076923
0 0.5012019230769231 0.2127403846153846 0.06009615384615385 0.0673076923076923
0 0.375 0.23557692307692307 0.028846153846153848 0.036057692307692304
0 0.7740384615384616 0.16466346153846154 0.06009615384615385 0.0673076923076923
0 0.21153846153846154 0.2764423076923077 0.06009615384615385 0.0673076923076923
0 0.6225961538461539 0.2091346153846154 0.052884615384615384 0.07692307692307693
0 0.018028846153846152 0.33774038461538464 0.036057692307692304 0.06009615384615385
0 0.4182692307692308 0.28125 0.03125 0.05048076923076923
0 0.09375 0.3389423076923077 0.055288461538461536 0.08173076923076923
0 0.1346153846153846 0.33413461538461536 0.052884615384615384 0.07211538461538461
0 0.5745192307692307 0.25841346153846156 0.057692307692307696 0.07211538461538461
0 0.042067307692307696 0.36658653846153844 0.04567307692307692 0.06009615384615385
0 0.23317307692307693 0.33774038461538464 0.055288461538461536 0.08413461538461539
0 0.6598557692307693 0.27403846153846156 0.0625 0.07692307692307693
0 0.359375 0.3293269230769231 0.0625 0.08173076923076923
0 0.5408653846153846 0.30288461538461536 0.0625 0.08653846153846154
0 0.7704326923076923 0.2644230769230769 0.0889423076923077 0.125
0 0.8533653846153846 0.25961538461538464 0.06009615384615385 0.08173076923076923
0 0.4026442307692308 0.3389423076923077 0.0625 0.08173076923076923
0 0.20552884615384615 0.3737980769230769 0.036057692307692304 0.06009615384615385
0 0.4795673076923077 0.3317307692307692 0.08413461538461539 0.09375
0 0.26802884615384615 0.36899038461538464 0.06490384615384616 0.09134615384615384
0 0.02283653846153846 0.41346153846153844 0.04567307692307692 0.0625
0 0.3137019230769231 0.37740384615384615 0.0673076923076923 0.08653846153846154
0 0.18990384615384615 0.4098557692307692 0.04807692307692308 0.06971153846153846
0 0.078125 0.43990384615384615 0.07451923076923077 0.10096153846153846
0 0.7235576923076923 0.3389423076923077 0.07932692307692307 0.0985576923076923
0 0.5 0.39663461538461536 0.08173076923076923 0.10817307692307693
0 0.39663461538461536 0.4338942307692308 0.09134615384615384 0.11778846153846154
0 0.6598557692307693 0.41346153846153844 0.11778846153846154 0.13942307692307693
0 0.22716346153846154 0.49399038461538464 0.08173076923076923 0.11298076923076923
0 0.8581730769230769 0.39663461538461536 0.08653846153846154 0.11778846153846154
0 0.9302884615384616 0.38221153846153844 0.13942307692307693 0.1875
0 0.10096153846153846 0.5721153846153846 0.10096153846153846 0.15144230769230768
0 0.31490384615384615 0.5576923076923077 0.09615384615384616 0.12259615384615384
0 0.5180288461538461 0.5901442307692307 0.10576923076923077 0.15144230769230768
0 0.45072115384615385 0.609375 0.10576923076923077 0.1201923076923077
0 0.6177884615384616 0.5829326923076923 0.1466346153846154 0.18028846153846154
0 0.8497596153846154 0.5829326923076923 0.15625 0.21394230769230768
0 0.2668269230769231 0.7235576923076923 0.10096153846153846 0.12740384615384615
0 0.09134615384615384 0.7800480769230769 0.13221153846153846 0.21634615384615385
0 0.36177884615384615 0.8233173076923077 0.14423076923076922 0.1971153846153846