0 0.2703125 0.09140625 0.0421875 0.059375
0 0.97890625 0.18984375 0.0421875 0.0546875
0 0.54609375 0.14921875 0.0421875 0.059375
0 0.3359375 0.13359375 0.0359375 0.0484375
0 0.05078125 0.10625 0.0265625 0.0390625
0 0.15625 0.11875 0.0328125 0.053125
0 0.90390625 0.19765625 0.0375 0.0578125
0 0.815625 0.19765625 0.04375 0.06875
0 0.77109375 0.2 0.04375 0.06875
0 0.06015625 0.128125 0.0375 0.053125
0 0.63203125 0.19296875 0.0421875 0.0640625
0 0.7328125 0.21015625 0.0421875 0.0640625
0 0.38515625 0.1734375 0.0375 0.053125
0 0.25546875 0.16484375 0.0328125 0.04375
0 0.57109375 0.19765625 0.0484375 0.06875
0 0.6875 0.21953125 0.046875 0.0640625
0 0.33984375 0.1875 0.0421875 0.059375
0 0.97734375 0.26171875 0.0453125 0.0734375
0 0.22578125 0.18515625 0.04375 0.06875
0 0.0921875 0.1734375 0.04375 0.06875
0 0.90859375 0.2703125 0.0375 0.053125
0 0.18125 0.19375 0.0359375 0.0484375
0 0.63828125 0.24453125 0.0359375 0.0484375
0 0.23984375 0.21171875 0.0375 0.0578125
0 0.87890625 0.27890625 0.0375 0.0578125
0 0.5265625 0.24453125 0.046875 0.0546875
0 0.4484375 0.23828125 0.040625 0.0453125
0 0.38515625 0.23671875 0.0375 0.0578125
0 0.84609375 0.28515625 0.0375 0.0578125
0 0.34296875 0.24375 0.0328125 0.053125
0 0.78203125 0.29453125 0.0421875 0.0546875
0 0.6625 0.284375 0.046875 0.059375
0 0.49375 0.26953125 0.0375 0.053125
0 0.91328125 0.315625 0.034375 0.0578125
0 0.25625 0.24921875 0.0421875 0.059375
0 0.93984375 0.3234375 0.0375 0.0578125
0 0.74609375 0.30703125 0.0421875 0.0546875
0 0.13828125 0.2453125 0.0375 0.0578125
0 0.603125 0.2984375 0.040625 0.05
0 0.1765625 0.25625 0.0375 0.0578125
0 0.975 0.34453125 0.040625 0.05
0 0.58515625 0.3109375 0.0375 0.053125
0 0.05625 0.26484375 0.0421875 0.0546875
0 0.3796875 0.3109375 0.040625 0.0359375
0 0.875 0.3625 0.0453125 0.05
0 0.22578125 0.296875 0.0453125 0.040625
0 0.76171875 0.35546875 0.04375 0.0734375
0 0.6578125 0.34921875 0.040625 0.0453125
0 0.6015625 0.353125 0.0515625 0.0546875
0 0.95078125 0.3984375 0.046875 0.059375
0 0.45078125 0.35 0.040625 0.0453125
0 0.56328125 0.3640625 0.0328125 0.053125
0 0.37890625 0.34765625 0.040625 0.05
0 0.265625 0.3359375 0.05625 0.05625
0 0.02890625 0.3109375 0.0265625 0.034375
0 0.22421875 0.3359375 0.0375 0.053125
0 0.85078125 0.4015625 0.046875 0.059375
0 0.1578125 0.34765625 0.040625 0.05
0 0.08203125 0.33984375 0.040625 0.05
0 0.48203125 0.38203125 0.046875 0.0640625
0 0.428125 0.38125 0.046875 0.0546875
0 0.134375 0.36640625 0.0421875 0.059375
0 0.96328125 0.45390625 0.0375 0.053125
0 0.72890625 0.4421875 0.0421875 0.059375
0 0.6734375 0.4390625 0.046875 0.0640625
0 0.23359375 0.3953125 0.046875 0.059375
0 0.5859375 0.434375 0.046875 0.0640625
0 0.76953125 0.45859375 0.04375 0.06875
0 0.30390625 0.4140625 0.046875 0.0546875
0 0.93203125 0.4828125 0.0421875 0.0640625
0 0.81484375 0.47265625 0.0359375 0.0484375
0 0.98515625 0.4953125 0.0296875 0.08125
0 0.5578125 0.4546875 0.0375 0.053125
0 0.42890625 0.44375 0.0421875 0.059375
0 0.5140625 0.4578125 0.0421875 0.059375
0 0.190625 0.43046875 0.0421875 0.0640625
0 0.83984375 0.5015625 0.046875 0.0546875
0 0.31640625 0.45234375 0.0421875 0.059375
0 0.10625 0.4328125 0.0328125 0.053125
0 0.72265625 0.50703125 0.0484375 0.06875
0 0.6 0.49609375 0.04375 0.0734375
0 0.07265625 0.44765625 0.0375 0.0625
0 0.93671875 0.55546875 0.04375 0.0734375
0 0.83359375 0.5609375 0.046875 0.059375
0 0.08515625 0.48671875 0.04375 0.06875
0 0.1875 0.50859375 0.0296875 0.0671875
0 0.1109375 0.50078125 0.0484375 0.06875
0 0.21015625 0.51328125 0.0484375 0.06875
0 0.3328125 0.5640625 0.04375 0.06875
0 0.62265625 0.59453125 0.053125 0.078125
0 0.7359375 0.62421875 0.046875 0.0640625
0 0.95234375 0.64765625 0.053125 0.0734375
0 0.02421875 0.56015625 0.0484375 0.0515625
0 0.51328125 0.62265625 0.0484375 0.06875
0 0.190625 0.6140625 0.0484375 0.0734375
0 0.83203125 0.684375 0.0484375 0.06875
0 0.10859375 0.6125 0.0375 0.0625
0 0.01328125 0.60546875 0.0265625 0.0828125
0 0.27578125 0.63671875 0.0453125 0.05
0 0.86953125 0.7296875 0.0578125 0.075
0 0.43203125 0.6859375 0.040625 0.0453125
0 0.615625 0.7078125 0.0578125 0.0796875
0 0.38046875 0.6875 0.0421875 0.059375
0 0.28515625 0.68046875 0.0515625 0.0640625
0 0.13359375 0.67109375 0.053125 0.078125
0 0.7 0.73984375 0.053125 0.078125
0 0.07578125 0.68046875 0.0515625 0.059375
0 0.4265625 0.734375 0.053125 0.06875
0 0.796875 0.796875 0.0578125 0.0703125
0 0.6421875 0.803125 0.053125 0.06875