0 0.26802884615384615 0.7884615384615384 0.014423076923076924 0.021634615384615384
0 0.24158653846153846 0.7872596153846154 0.01201923076923077 0.014423076923076924
0 0.5697115384615384 0.8052884615384616 0.01201923076923077 0.016826923076923076
0 0.5973557692307693 0.8088942307692307 0.01201923076923077 0.021634615384615384
0 0.6478365384615384 0.8125 0.014423076923076924 0.019230769230769232
0 0.71875 0.8161057692307693 0.01201923076923077 0.019230769230769232
0 0.546875 0.8064903846153846 0.014423076923076924 0.014423076923076924
0 0.29086538461538464 0.7932692307692307 0.01201923076923077 0.021634615384615384
0 0.3125 0.7956730769230769 0.01201923076923077 0.014423076923076924
0 0.5228365384615384 0.8076923076923077 0.01201923076923077 0.016826923076923076
0 0.4735576923076923 0.8052884615384616 0.01201923076923077 0.016826923076923076
0 0.21634615384615385 0.7920673076923077 0.014423076923076924 0.016826923076923076
0 0.6923076923076923 0.8173076923076923 0.01201923076923077 0.016826923076923076
0 0.36177884615384615 0.7992788461538461 0.01201923076923077 0.019230769230769232
0 0.19110576923076922 0.7920673076923077 0.014423076923076924 0.02403846153846154
0 0.38221153846153844 0.8016826923076923 0.007211538461538462 0.016826923076923076
0 0.4519230769230769 0.8052884615384616 0.01201923076923077 0.021634615384615384
0 0.42908653846153844 0.8052884615384616 0.019230769230769232 0.019230769230769232
0 0.49759615384615385 0.8088942307692307 0.014423076923076924 0.019230769230769232
0 0.33774038461538464 0.8004807692307693 0.009615384615384616 0.016826923076923076
0 0.40625 0.8040865384615384 0.014423076923076924 0.016826923076923076
0 0.6225961538461539 0.8161057692307693 0.009615384615384616 0.019230769230769232
0 0.6694711538461539 0.8185096153846154 0.009615384615384616 0.016826923076923076
0 0.6057692307692307 0.8269230769230769 0.01201923076923077 0.021634615384615384
0 0.6310096153846154 0.828125 0.01201923076923077 0.019230769230769232
0 0.6574519230769231 0.8293269230769231 0.014423076923076924 0.019230769230769232
0 0.7247596153846154 0.8353365384615384 0.009615384615384616 0.014423076923076924
0 0.5805288461538461 0.828125 0.014423076923076924 0.019230769230769232
0 0.31009615384615385 0.8149038461538461 0.01201923076923077 0.016826923076923076
0 0.5540865384615384 0.828125 0.014423076923076924 0.016826923076923076
0 0.5036057692307693 0.8257211538461539 0.014423076923076924 0.019230769230769232
0 0.4795673076923077 0.8245192307692307 0.01201923076923077 0.014423076923076924
0 0.5276442307692307 0.828125 0.014423076923076924 0.014423076923076924
0 0.43149038461538464 0.8221153846153846 0.01201923076923077 0.014423076923076924
0 0.703125 0.8365384615384616 0.01201923076923077 0.014423076923076924
0 0.4567307692307692 0.8245192307692307 0.01201923076923077 0.016826923076923076
0 0.28966346153846156 0.8173076923076923 0.01201923076923077 0.016826923076923076
0 0.23918269230769232 0.8161057692307693 0.014423076923076924 0.019230769230769232
0 0.6790865384615384 0.8389423076923077 0.009615384615384616 0.019230769230769232
0 0.4098557692307692 0.8245192307692307 0.01201923076923077 0.019230769230769232
0 0.25961538461538464 0.8185096153846154 0.01201923076923077 0.014423076923076924
0 0.21514423076923078 0.8161057692307693 0.009615384615384616 0.016826923076923076
0 0.3641826923076923 0.8245192307692307 0.01201923076923077 0.014423076923076924
0 0.3401442307692308 0.8245192307692307 0.009615384615384616 0.014423076923076924
0 0.3870192307692308 0.8293269230769231 0.009615384615384616 0.016826923076923076
0 0.18870192307692307 0.8209134615384616 0.009615384615384616 0.014423076923076924
0 0.26802884615384615 0.8293269230769231 0.01201923076923077 0.014423076923076924
0 0.7283653846153846 0.8533653846153846 0.014423076923076924 0.019230769230769232
0 0.7007211538461539 0.8521634615384616 0.01201923076923077 0.016826923076923076
0 0.375 0.8365384615384616 0.009615384615384616 0.014423076923076924
0 0.48197115384615385 0.84375 0.014423076923076924 0.014423076923076924
0 0.5877403846153846 0.8485576923076923 0.01201923076923077 0.016826923076923076
0 0.453125 0.8413461538461539 0.009615384615384616 0.016826923076923076
0 0.6153846153846154 0.8497596153846154 0.01201923076923077 0.016826923076923076
0 0.6706730769230769 0.8533653846153846 0.01201923076923077 0.016826923076923076
0 0.5324519230769231 0.8473557692307693 0.014423076923076924 0.014423076923076924
0 0.5588942307692307 0.8485576923076923 0.014423076923076924 0.019230769230769232
0 0.43028846153846156 0.8425480769230769 0.01201923076923077 0.01201923076923077
0 0.5072115384615384 0.8473557692307693 0.01201923076923077 0.016826923076923076
0 0.4050480769230769 0.8413461538461539 0.007211538461538462 0.01201923076923077
0 0.31850961538461536 0.8377403846153846 0.014423076923076924 0.019230769230769232
0 0.2956730769230769 0.8377403846153846 0.009615384615384616 0.019230769230769232
0 0.18028846153846154 0.8329326923076923 0.014423076923076924 0.019230769230769232
0 0.34615384615384615 0.8425480769230769 0.01201923076923077 0.014423076923076924
0 0.21033653846153846 0.8353365384615384 0.01201923076923077 0.014423076923076924
0 0.6454326923076923 0.859375 0.009615384615384616 0.019230769230769232
0 0.7379807692307693 0.8665865384615384 0.01201923076923077 0.014423076923076924
0 0.6862980769230769 0.8653846153846154 0.009615384615384616 0.01201923076923077
0 0.7115384615384616 0.8677884615384616 0.014423076923076924 0.019230769230769232
0 0.23798076923076922 0.84375 0.01201923076923077 0.01201923076923077
0 0.5372596153846154 0.859375 0.009615384615384616 0.01201923076923077
0 0.2776442307692308 0.8473557692307693 0.009615384615384616 0.009615384615384616
0 0.6141826923076923 0.8653846153846154 0.01201923076923077 0.016826923076923076
0 0.4855769230769231 0.859375 0.009615384615384616 0.01201923076923077
0 0.6370192307692307 0.8677884615384616 0.01201923076923077 0.021634615384615384
0 0.6598557692307693 0.8689903846153846 0.01201923076923077 0.014423076923076924
0 0.3737980769230769 0.8557692307692307 0.007211538461538462 0.01201923076923077
0 0.35216346153846156 0.8545673076923077 0.01201923076923077 0.016826923076923076
0 0.4014423076923077 0.8569711538461539 0.007211538461538462 0.01201923076923077
0 0.42908653846153844 0.8581730769230769 0.009615384615384616 0.01201923076923077
0 0.5637019230769231 0.8653846153846154 0.009615384615384616 0.01201923076923077
0 0.3269230769230769 0.8545673076923077 0.009615384615384616 0.019230769230769232
0 0.5877403846153846 0.8677884615384616 0.01201923076923077 0.019230769230769232
0 0.45552884615384615 0.8605769230769231 0.009615384615384616 0.009615384615384616
0 0.5120192307692307 0.8641826923076923 0.009615384615384616 0.014423076923076924
0 0.22355769230769232 0.8497596153846154 0.009615384615384616 0.01201923076923077
0 0.2548076923076923 0.8521634615384616 0.01201923076923077 0.021634615384615384
0 0.171875 0.8473557692307693 0.014423076923076924 0.014423076923076924
0 0.2980769230769231 0.8545673076923077 0.007211538461538462 0.016826923076923076
0 0.19831730769230768 0.8521634615384616 0.009615384615384616 0.01201923076923077
0 0.5276442307692307 0.8701923076923077 0.009615384615384616 0.019230769230769232
0 0.7319711538461539 0.8822115384615384 0.01201923076923077 0.014423076923076924
0 0.5516826923076923 0.8762019230769231 0.009615384615384616 0.01201923076923077
0 0.5793269230769231 0.8786057692307693 0.009615384615384616 0.01201923076923077
0 0.6069711538461539 0.8798076923076923 0.007211538461538462 0.01201923076923077
0 0.31971153846153844 0.8653846153846154 0.009615384615384616 0.009615384615384616
0 0.5396634615384616 0.8762019230769231 0.01201923076923077 0.016826923076923076
0 0.46634615384615385 0.8737980769230769 0.01201923076923077 0.019230769230769232
0 0.26322115384615385 0.8629807692307693 0.007211538461538462 0.01201923076923077
0 0.5192307692307693 0.8774038461538461 0.01201923076923077 0.019230769230769232
0 0.2127403846153846 0.8617788461538461 0.014423076923076924 0.014423076923076924
0 0.6923076923076923 0.8870192307692307 0.014423076923076924 0.019230769230769232
0 0.421875 0.8725961538461539 0.007211538461538462 0.009615384615384616
0 0.2247596153846154 0.8617788461538461 0.007211538461538462 0.01201923076923077
0 0.37740384615384615 0.8713942307692307 0.009615384615384616 0.01201923076923077
0 0.07692307692307693 0.8557692307692307 0.007211538461538462 0.009615384615384616
0 0.8858173076923077 0.8978365384615384 0.014423076923076924 0.019230769230769232
0 0.8365384615384616 0.8966346153846154 0.016826923076923076 0.02403846153846154
0 0.7824519230769231 0.8942307692307693 0.009615384615384616 0.021634615384615384
0 0.6442307692307693 0.8870192307692307 0.01201923076923077 0.014423076923076924
0 0.39663461538461536 0.875 0.019230769230769232 0.021634615384615384
0 0.49399038461538464 0.8798076923076923 0.009615384615384616 0.016826923076923076
0 0.4254807692307692 0.8762019230769231 0.007211538461538462 0.016826923076923076
0 0.8629807692307693 0.8990384615384616 0.014423076923076924 0.02403846153846154
0 0.2848557692307692 0.8689903846153846 0.009615384615384616 0.014423076923076924
0 0.12139423076923077 0.8605769230769231 0.01201923076923077 0.016826923076923076
0 0.5024038461538461 0.8810096153846154 0.009615384615384616 0.014423076923076924
0 0.7247596153846154 0.8918269230769231 0.01201923076923077 0.021634615384615384
0 0.2403846153846154 0.8677884615384616 0.007211538461538462 0.014423076923076924
0 0.15745192307692307 0.8629807692307693 0.014423076923076924 0.021634615384615384
0 0.7524038461538461 0.8942307692307693 0.009615384615384616 0.02403846153846154
0 0.29086538461538464 0.8701923076923077 0.007211538461538462 0.01201923076923077
0 0.3629807692307692 0.875 0.009615384615384616 0.019230769230769232
0 0.4050480769230769 0.8774038461538461 0.014423076923076924 0.021634615384615384
0 0.4807692307692308 0.8822115384615384 0.014423076923076924 0.014423076923076924
0 0.65625 0.890625 0.009615384615384616 0.016826923076923076
0 0.6213942307692307 0.8894230769230769 0.014423076923076924 0.021634615384615384
0 0.34975961538461536 0.875 0.01201923076923077 0.019230769230769232
0 0.44350961538461536 0.8798076923076923 0.01201923076923077 0.014423076923076924
0 0.7091346153846154 0.8942307692307693 0.01201923076923077 0.019230769230769232
0 0.5877403846153846 0.8870192307692307 0.01201923076923077 0.014423076923076924
0 0.43028846153846156 0.8798076923076923 0.009615384615384616 0.019230769230769232
0 0.5600961538461539 0.8870192307692307 0.009615384615384616 0.016826923076923076
0 0.3173076923076923 0.8737980769230769 0.01201923076923077 0.01201923076923077
0 0.6850961538461539 0.8942307692307693 0.014423076923076924 0.021634615384615384
0 0.5252403846153846 0.8858173076923077 0.01201923076923077 0.021634615384615384
0 0.7163461538461539 0.8954326923076923 0.009615384615384616 0.016826923076923076
0 0.9314903846153846 0.9074519230769231 0.016826923076923076 0.026442307692307692
0 0.003605769230769231 0.859375 0.007211538461538462 0.021634615384615384
0 0.5997596153846154 0.8918269230769231 0.01201923076923077 0.016826923076923076
0 0.7596153846153846 0.9002403846153846 0.01201923076923077 0.014423076923076924
0 0.296875 0.8762019230769231 0.004807692307692308 0.016826923076923076
0 0.3545673076923077 0.8786057692307693 0.014423076923076924 0.021634615384615384
0 0.7331730769230769 0.8990384615384616 0.009615384615384616 0.016826923076923076
0 0.6322115384615384 0.8930288461538461 0.01201923076923077 0.014423076923076924
0 0.5504807692307693 0.890625 0.009615384615384616 0.009615384615384616
0 0.9110576923076923 0.9086538461538461 0.016826923076923076 0.021634615384615384
0 0.6802884615384616 0.8966346153846154 0.009615384615384616 0.02403846153846154
0 0.6706730769230769 0.8966346153846154 0.007211538461538462 0.014423076923076924
0 0.234375 0.875 0.01201923076923077 0.019230769230769232
0 0.04567307692307692 0.8653846153846154 0.014423076923076924 0.026442307692307692
0 0.9435096153846154 0.9134615384615384 0.014423076923076924 0.021634615384615384
0 0.8112980769230769 0.90625 0.014423076923076924 0.021634615384615384
0 0.8497596153846154 0.9086538461538461 0.019230769230769232 0.026442307692307692
0 0.34134615384615385 0.8822115384615384 0.01201923076923077 0.019230769230769232
0 0.1814903846153846 0.8737980769230769 0.01201923076923077 0.014423076923076924
0 0.07451923076923077 0.8677884615384616 0.007211538461538462 0.016826923076923076
0 0.41225961538461536 0.8870192307692307 0.007211538461538462 0.016826923076923076
0 0.10817307692307693 0.8701923076923077 0.009615384615384616 0.014423076923076924
0 0.27283653846153844 0.8798076923076923 0.014423076923076924 0.019230769230769232
0 0.3870192307692308 0.8858173076923077 0.007211538461538462 0.019230769230769232
0 0.1466346153846154 0.8725961538461539 0.007211538461538462 0.02403846153846154
0 0.10096153846153846 0.8701923076923077 0.01201923076923077 0.02403846153846154
0 0.25721153846153844 0.8798076923076923 0.01201923076923077 0.019230769230769232
0 0.2091346153846154 0.8786057692307693 0.009615384615384616 0.014423076923076924
0 0.5120192307692307 0.8942307692307693 0.01201923076923077 0.019230769230769232
0 0.21995192307692307 0.8786057692307693 0.01201923076923077 0.016826923076923076
0 0.19110576923076922 0.8786057692307693 0.009615384615384616 0.019230769230769232
0 0.20072115384615385 0.8786057692307693 0.009615384615384616 0.019230769230769232
0 0.3329326923076923 0.8858173076923077 0.009615384615384616 0.016826923076923076
0 0.13942307692307693 0.8762019230769231 0.014423076923076924 0.021634615384615384
0 0.3737980769230769 0.8894230769230769 0.009615384615384616 0.014423076923076924
0 0.3137019230769231 0.8858173076923077 0.01201923076923077 0.019230769230769232
0 0.5829326923076923 0.9002403846153846 0.014423076923076924 0.016826923076923076
0 0.8028846153846154 0.9122596153846154 0.01201923076923077 0.021634615384615384
0 0.11778846153846154 0.8786057692307693 0.007211538461538462 0.01201923076923077
0 0.06610576923076923 0.8810096153846154 0.014423076923076924 0.021634615384615384
0 0.41947115384615385 0.9723557692307693 0.014423076923076924 0.014423076923076924
0 0.5180288461538461 0.9783653846153846 0.016826923076923076 0.01201923076923077
0 0.7644230769230769 0.9915865384615384 0.019230769230769232 0.016826923076923076
0 0.8389423076923077 0.9927884615384616 0.019230769230769232 0.014423076923076924
0 0.6225961538461539 0.9879807692307693 0.016826923076923076 0.021634615384615384
0 0.6574519230769231 0.9903846153846154 0.016826923076923076 0.019230769230769232
0 0.8677884615384616 0.9951923076923077 0.02403846153846154 0.009615384615384616
0 0.16466346153846154 0.9663461538461539 0.014423076923076924 0.019230769230769232
0 0.019230769230769232 0.9603365384615384 0.028846153846153848 0.016826923076923076
0 0.22716346153846154 0.9711538461538461 0.019230769230769232 0.02403846153846154
0 0.6971153846153846 0.9903846153846154 0.02403846153846154 0.019230769230769232
0 0.04447115384615385 0.9615384615384616 0.016826923076923076 0.014423076923076924
0 0.71875 0.9939903846153846 0.019230769230769232 0.01201923076923077
0 0.6730769230769231 0.9915865384615384 0.014423076923076924 0.016826923076923076
0 0.796875 0.9951923076923077 0.021634615384615384 0.009615384615384616
0 0.07572115384615384 0.9639423076923077 0.016826923076923076 0.02403846153846154
0 0.5673076923076923 0.9891826923076923 0.019230769230769232 0.016826923076923076
0 0.2091346153846154 0.9723557692307693 0.016826923076923076 0.021634615384615384
0 0.31009615384615385 0.9771634615384616 0.019230769230769232 0.019230769230769232
0 0.7427884615384616 0.9951923076923077 0.019230769230769232 0.009615384615384616
0 0.7752403846153846 0.9975961538461539 0.01201923076923077 0.004807692307692308
0 0.3389423076923077 0.9807692307692307 0.014423076923076924 0.019230769230769232
0 0.5168269230769231 0.9879807692307693 0.02403846153846154 0.02403846153846154
0 0.265625 0.9759615384615384 0.016826923076923076 0.021634615384615384
0 0.3870192307692308 0.984375 0.014423076923076924 0.014423076923076924
0 0.5913461538461539 0.9927884615384616 0.014423076923076924 0.014423076923076924
0 0.056490384615384616 0.9663461538461539 0.014423076923076924 0.016826923076923076
0 0.41466346153846156 0.9867788461538461 0.01201923076923077 0.019230769230769232
0 0.6586538461538461 0.9963942307692307 0.014423076923076924 0.007211538461538462
0 0.4891826923076923 0.9915865384615384 0.016826923076923076 0.009615384615384616
0 0.36899038461538464 0.9855769230769231 0.021634615384615384 0.01201923076923077
0 0.1466346153846154 0.9735576923076923 0.014423076923076924 0.007211538461538462
0 0.4050480769230769 0.9879807692307693 0.01201923076923077 0.01201923076923077
0 0.5528846153846154 0.9951923076923077 0.014423076923076924 0.009615384615384616
0 0.12379807692307693 0.9735576923076923 0.021634615384615384 0.014423076923076924
0 0.1935096153846154 0.9771634615384616 0.016826923076923076 0.014423076923076924
0 0.6045673076923077 0.9951923076923077 0.016826923076923076 0.009615384615384616
0 0.296875 0.984375 0.009615384615384616 0.007211538461538462
0 0.328125 0.9855769230769231 0.016826923076923076 0.01201923076923077
0 0.5408653846153846 0.9963942307692307 0.014423076923076924 0.007211538461538462