0 0.9603365384615384 0.16706730769230768 0.018028846153846152 0.018028846153846152
0 0.9326923076923077 0.16947115384615385 0.018028846153846152 0.018028846153846152
0 0.7548076923076923 0.18028846153846154 0.014423076923076924 0.014423076923076924
0 0.9002403846153846 0.1875 0.014423076923076924 0.02283653846153846
0 0.5673076923076923 0.1875 0.009615384615384616 0.014423076923076924
0 0.8052884615384616 0.1875 0.014423076923076924 0.018028846153846152
0 0.7151442307692307 0.18990384615384615 0.014423076923076924 0.014423076923076924
0 0.7776442307692307 0.19471153846153846 0.014423076923076924 0.014423076923076924
0 0.3245192307692308 0.21033653846153846 0.004807692307692308 0.004807692307692308
0 0.22235576923076922 0.2127403846153846 0.004807692307692308 0.004807692307692308
0 0.171875 0.2127403846153846 0.004807692307692308 0.004807692307692308
0 0.33533653846153844 0.2127403846153846 0.004807692307692308 0.004807692307692308
0 0.5180288461538461 0.2127403846153846 0.004807692307692308 0.009615384615384616
0 0.265625 0.2127403846153846 0.004807692307692308 0.004807692307692308
0 0.3798076923076923 0.2127403846153846 0.004807692307692308 0.009615384615384616
0 0.3954326923076923 0.2127403846153846 0.004807692307692308 0.004807692307692308
0 0.41225961538461536 0.2127403846153846 0.009615384615384616 0.009615384615384616
0 0.8353365384615384 0.21514423076923078 0.004807692307692308 0.004807692307692308
0 0.18990384615384615 0.21514423076923078 0.004807692307692308 0.004807692307692308
0 0.20552884615384615 0.21514423076923078 0.004807692307692308 0.004807692307692308
0 0.21033653846153846 0.21514423076923078 0.004807692307692308 0.004807692307692308
0 0.25 0.21514423076923078 0.004807692307692308 0.009615384615384616
0 0.2824519230769231 0.21514423076923078 0.004807692307692308 0.004807692307692308
0 0.31971153846153844 0.21514423076923078 0.004807692307692308 0.009615384615384616
0 0.3449519230769231 0.21514423076923078 0.004807692307692308 0.009615384615384616
0 0.1875 0.21514423076923078 0.004807692307692308 0.004807692307692308
0 0.31009615384615385 0.21514423076923078 0.004807692307692308 0.004807692307692308
0 0.22956730769230768 0.21514423076923078 0.004807692307692308 0.004807692307692308
0 0.35216346153846156 0.21514423076923078 0.004807692307692308 0.004807692307692308
0 0.4026442307692308 0.21514423076923078 0.009615384615384616 0.009615384615384616
0 0.43028846153846156 0.21514423076923078 0.004807692307692308 0.004807692307692308
0 0.14302884615384615 0.21514423076923078 0.004807692307692308 0.004807692307692308
0 0.17548076923076922 0.21514423076923078 0.004807692307692308 0.004807692307692308
0 0.1778846153846154 0.21514423076923078 0.004807692307692308 0.004807692307692308
0 0.30288461538461536 0.21514423076923078 0.004807692307692308 0.004807692307692308
0 0.6622596153846154 0.21514423076923078 0.009615384615384616 0.014423076923076924
0 0.734375 0.21514423076923078 0.009615384615384616 0.004807692307692308
0 0.8305288461538461 0.21754807692307693 0.004807692307692308 0.004807692307692308
0 0.15264423076923078 0.21754807692307693 0.004807692307692308 0.004807692307692308
0 0.1622596153846154 0.21754807692307693 0.004807692307692308 0.004807692307692308
0 0.25961538461538464 0.21754807692307693 0.004807692307692308 0.004807692307692308
0 0.5144230769230769 0.21754807692307693 0.009615384615384616 0.009615384615384616
0 0.5600961538461539 0.21754807692307693 0.004807692307692308 0.014423076923076924
0 0.2548076923076923 0.21754807692307693 0.004807692307692308 0.004807692307692308
0 0.3701923076923077 0.21754807692307693 0.004807692307692308 0.004807692307692308
0 0.4495192307692308 0.21754807692307693 0.004807692307692308 0.004807692307692308
0 0.5324519230769231 0.21754807692307693 0.004807692307692308 0.009615384615384616
0 0.45552884615384615 0.21754807692307693 0.004807692307692308 0.009615384615384616
0 0.4951923076923077 0.21995192307692307 0.009615384615384616 0.004807692307692308
0 0.8798076923076923 0.21995192307692307 0.004807692307692308 0.004807692307692308
0 0.14783653846153846 0.21995192307692307 0.004807692307692308 0.004807692307692308
0 0.18509615384615385 0.21995192307692307 0.004807692307692308 0.004807692307692308
0 0.4074519230769231 0.21995192307692307 0.004807692307692308 0.009615384615384616
0 0.18990384615384615 0.21995192307692307 0.004807692307692308 0.004807692307692308
0 0.296875 0.21995192307692307 0.004807692307692308 0.004807692307692308
0 0.3425480769230769 0.21995192307692307 0.004807692307692308 0.004807692307692308
0 0.5420673076923077 0.21995192307692307 0.004807692307692308 0.009615384615384616
0 0.6298076923076923 0.21995192307692307 0.009615384615384616 0.014423076923076924
0 0.22235576923076922 0.21995192307692307 0.004807692307692308 0.004807692307692308
0 0.4326923076923077 0.21995192307692307 0.004807692307692308 0.009615384615384616
0 0.13221153846153846 0.22235576923076922 0.004807692307692308 0.004807692307692308
0 0.5973557692307693 0.22235576923076922 0.009615384615384616 0.009615384615384616
0 0.125 0.22235576923076922 0.004807692307692308 0.004807692307692308
0 0.16947115384615385 0.22235576923076922 0.004807692307692308 0.004807692307692308
0 0.2644230769230769 0.22235576923076922 0.004807692307692308 0.004807692307692308
0 0.39783653846153844 0.22235576923076922 0.009615384615384616 0.009615384615384616
0 0.4230769230769231 0.22235576923076922 0.009615384615384616 0.009615384615384616
0 0.11057692307692307 0.22235576923076922 0.009615384615384616 0.009615384615384616
0 0.15264423076923078 0.22235576923076922 0.004807692307692308 0.004807692307692308
0 0.20552884615384615 0.22235576923076922 0.004807692307692308 0.004807692307692308
0 0.21033653846153846 0.22235576923076922 0.004807692307692308 0.004807692307692308
0 0.5252403846153846 0.22235576923076922 0.009615384615384616 0.014423076923076924
0 0.578125 0.22235576923076922 0.009615384615384616 0.009615384615384616
0 0.25961538461538464 0.2247596153846154 0.004807692307692308 0.009615384615384616
0 0.5096153846153846 0.2247596153846154 0.004807692307692308 0.009615384615384616
0 0.1045673076923077 0.2247596153846154 0.004807692307692308 0.009615384615384616
0 0.35697115384615385 0.2247596153846154 0.004807692307692308 0.009615384615384616
0 0.3894230769230769 0.2247596153846154 0.009615384615384616 0.009615384615384616
0 0.4699519230769231 0.2247596153846154 0.004807692307692308 0.014423076923076924
0 0.5180288461538461 0.2247596153846154 0.004807692307692308 0.014423076923076924
0 0.41225961538461536 0.2247596153846154 0.009615384615384616 0.009615384615384616
0 0.5552884615384616 0.22716346153846154 0.004807692307692308 0.014423076923076924
0 0.47716346153846156 0.22716346153846154 0.009615384615384616 0.009615384615384616
0 0.6346153846153846 0.22716346153846154 0.009615384615384616 0.009615384615384616
0 0.12259615384615384 0.22716346153846154 0.004807692307692308 0.004807692307692308
0 0.14302884615384615 0.22716346153846154 0.004807692307692308 0.004807692307692308
0 0.5324519230769231 0.22716346153846154 0.009615384615384616 0.014423076923076924
0 0.08774038461538461 0.22716346153846154 0.004807692307692308 0.004807692307692308
0 0.45552884615384615 0.22716346153846154 0.004807692307692308 0.004807692307692308
0 0.5877403846153846 0.22716346153846154 0.014423076923076924 0.014423076923076924
0 0.33774038461538464 0.22956730769230768 0.004807692307692308 0.009615384615384616
0 0.3449519230769231 0.22956730769230768 0.004807692307692308 0.014423076923076924
0 0.9879807692307693 0.22956730769230768 0.009615384615384616 0.018028846153846152
0 0.13701923076923078 0.22956730769230768 0.004807692307692308 0.004807692307692308
0 0.4254807692307692 0.22956730769230768 0.004807692307692308 0.009615384615384616
0 0.734375 0.22956730769230768 0.014423076923076924 0.018028846153846152
0 0.020432692307692308 0.22956730769230768 0.004807692307692308 0.009615384615384616
0 0.296875 0.22956730769230768 0.004807692307692308 0.004807692307692308
0 0.4855769230769231 0.22956730769230768 0.009615384615384616 0.009615384615384616
0 0.09495192307692307 0.22956730769230768 0.004807692307692308 0.004807692307692308
0 0.43028846153846156 0.23197115384615385 0.004807692307692308 0.014423076923076924
0 0.5024038461538461 0.23197115384615385 0.009615384615384616 0.014423076923076924
0 0.28966346153846156 0.23197115384615385 0.004807692307692308 0.014423076923076924
0 0.5973557692307693 0.23197115384615385 0.009615384615384616 0.014423076923076924
0 0.3076923076923077 0.23197115384615385 0.009615384615384616 0.014423076923076924
0 0.3269230769230769 0.23197115384615385 0.009615384615384616 0.009615384615384616
0 0.46274038461538464 0.23197115384615385 0.009615384615384616 0.014423076923076924
0 0.5769230769230769 0.23197115384615385 0.009615384615384616 0.009615384615384616
0 0.21033653846153846 0.234375 0.004807692307692308 0.004807692307692308
0 0.3004807692307692 0.234375 0.009615384615384616 0.014423076923076924
0 0.44471153846153844 0.234375 0.004807692307692308 0.009615384615384616
0 0.6177884615384616 0.234375 0.009615384615384616 0.014423076923076924
0 0.3954326923076923 0.234375 0.004807692307692308 0.014423076923076924
0 0.4026442307692308 0.234375 0.009615384615384616 0.014423076923076924
0 0.2620192307692308 0.234375 0.009615384615384616 0.009615384615384616
0 0.9927884615384616 0.23557692307692307 0.004807692307692308 0.027644230769230768
0 0.15985576923076922 0.23557692307692307 0.009615384615384616 0.009615384615384616
0 0.203125 0.23557692307692307 0.004807692307692308 0.009615384615384616
0 0.11057692307692307 0.23557692307692307 0.009615384615384616 0.009615384615384616
0 0.36538461538461536 0.23798076923076922 0.014423076923076924 0.014423076923076924
0 0.7295673076923077 0.23798076923076922 0.014423076923076924 0.014423076923076924
0 0.171875 0.23798076923076922 0.004807692307692308 0.009615384615384616
0 0.26802884615384615 0.2403846153846154 0.004807692307692308 0.009615384615384616
0 0.5697115384615384 0.2403846153846154 0.009615384615384616 0.014423076923076924
0 0.25 0.24278846153846154 0.009615384615384616 0.009615384615384616
0 0.13701923076923078 0.24278846153846154 0.004807692307692308 0.009615384615384616
0 0.6670673076923077 0.24278846153846154 0.009615384615384616 0.014423076923076924
0 0.22956730769230768 0.24519230769230768 0.004807692307692308 0.014423076923076924
0 0.020432692307692308 0.24519230769230768 0.004807692307692308 0.014423076923076924
0 0.14783653846153846 0.24759615384615385 0.009615384615384616 0.014423076923076924
0 0.19471153846153846 0.24759615384615385 0.009615384615384616 0.014423076923076924
0 0.004807692307692308 0.25240384615384615 0.009615384615384616 0.014423076923076924
0 0.328125 0.25 0.009615384615384616 0.014423076923076924
0 0.7103365384615384 0.25 0.014423076923076924 0.014423076923076924
0 0.2403846153846154 0.25 0.004807692307692308 0.014423076923076924
0 0.2644230769230769 0.25240384615384615 0.009615384615384616 0.009615384615384616
0 0.09735576923076923 0.25240384615384615 0.009615384615384616 0.018028846153846152
0 0.4519230769230769 0.25240384615384615 0.009615384615384616 0.009615384615384616
0 0.12259615384615384 0.2548076923076923 0.009615384615384616 0.018028846153846152
0 0.1622596153846154 0.2548076923076923 0.009615384615384616 0.014423076923076924
0 0.32211538461538464 0.2548076923076923 0.014423076923076924 0.018028846153846152
0 0.07451923076923077 0.25721153846153844 0.014423076923076924 0.014423076923076924
0 0.014423076923076924 0.25721153846153844 0.009615384615384616 0.014423076923076924
0 0.296875 0.25721153846153844 0.014423076923076924 0.014423076923076924
0 0.43028846153846156 0.25961538461538464 0.004807692307692308 0.014423076923076924
0 0.08774038461538461 0.25961538461538464 0.014423076923076924 0.014423076923076924
0 0.13942307692307693 0.25961538461538464 0.014423076923076924 0.014423076923076924
0 0.3629807692307692 0.2620192307692308 0.014423076923076924 0.018028846153846152
0 0.41466346153846156 0.2620192307692308 0.014423076923076924 0.018028846153846152
0 0.6995192307692307 0.2620192307692308 0.014423076923076924 0.014423076923076924
0 0.3894230769230769 0.2644230769230769 0.014423076923076924 0.018028846153846152
0 0.44711538461538464 0.2644230769230769 0.009615384615384616 0.014423076923076924
0 0.37740384615384615 0.265625 0.009615384615384616 0.018028846153846152
0 0.03485576923076923 0.265625 0.009615384615384616 0.014423076923076924
0 0.5 0.265625 0.014423076923076924 0.014423076923076924
0 0.3473557692307692 0.265625 0.014423076923076924 0.018028846153846152
0 0.453125 0.265625 0.009615384615384616 0.009615384615384616
0 0.4855769230769231 0.265625 0.009615384615384616 0.009615384615384616
0 0.5528846153846154 0.265625 0.009615384615384616 0.014423076923076924
0 0.5444711538461539 0.2704326923076923 0.009615384615384616 0.014423076923076924
0 0.4230769230769231 0.27283653846153844 0.009615384615384616 0.014423076923076924
0 0.6370192307692307 0.27283653846153844 0.009615384615384616 0.009615384615384616
0 0.042067307692307696 0.27283653846153844 0.004807692307692308 0.009615384615384616
0 0.4326923076923077 0.27524038461538464 0.009615384615384616 0.014423076923076924
0 0.44471153846153844 0.27524038461538464 0.009615384615384616 0.014423076923076924
0 0.4795673076923077 0.27524038461538464 0.009615384615384616 0.014423076923076924
0 0.28966346153846156 0.27524038461538464 0.004807692307692308 0.014423076923076924
0 0.1778846153846154 0.2776442307692308 0.009615384615384616 0.014423076923076924
0 0.13942307692307693 0.2800480769230769 0.014423076923076924 0.014423076923076924
0 0.15745192307692307 0.2800480769230769 0.009615384615384616 0.014423076923076924
0 0.609375 0.2800480769230769 0.014423076923076924 0.014423076923076924
0 0.07692307692307693 0.2800480769230769 0.018028846153846152 0.02283653846153846
0 0.109375 0.2800480769230769 0.009615384615384616 0.018028846153846152
0 0.018028846153846152 0.2824519230769231 0.009615384615384616 0.018028846153846152
0 0.46033653846153844 0.2824519230769231 0.009615384615384616 0.014423076923076924
0 0.5528846153846154 0.2824519230769231 0.009615384615384616 0.014423076923076924
0 0.5697115384615384 0.2824519230769231 0.004807692307692308 0.014423076923076924
0 0.09975961538461539 0.2824519230769231 0.018028846153846152 0.018028846153846152
0 0.5805288461538461 0.2848557692307692 0.014423076923076924 0.014423076923076924
0 0.4879807692307692 0.28725961538461536 0.014423076923076924 0.018028846153846152
0 0.037259615384615384 0.28725961538461536 0.009615384615384616 0.014423076923076924
0 0.6274038461538461 0.28725961538461536 0.009615384615384616 0.014423076923076924
0 0.421875 0.28725961538461536 0.014423076923076924 0.02283653846153846
0 0.5072115384615384 0.28966346153846156 0.014423076923076924 0.014423076923076924
0 0.640625 0.28966346153846156 0.018028846153846152 0.02283653846153846
0 0.3425480769230769 0.28966346153846156 0.009615384615384616 0.014423076923076924
0 0.007211538461538462 0.2920673076923077 0.014423076923076924 0.018028846153846152
0 0.5949519230769231 0.28966346153846156 0.009615384615384616 0.014423076923076924
0 0.6778846153846154 0.28966346153846156 0.014423076923076924 0.014423076923076924
0 0.9471153846153846 0.2920673076923077 0.018028846153846152 0.02283653846153846
0 0.5348557692307693 0.29447115384615385 0.014423076923076924 0.014423076923076924
0 0.5 0.29447115384615385 0.014423076923076924 0.014423076923076924
0 0.2824519230769231 0.296875 0.014423076923076924 0.02283653846153846
0 0.5649038461538461 0.296875 0.009615384615384616 0.014423076923076924
0 0.3329326923076923 0.296875 0.009615384615384616 0.014423076923076924
0 0.020432692307692308 0.296875 0.009615384615384616 0.014423076923076924
0 0.44471153846153844 0.296875 0.014423076923076924 0.02283653846153846
0 0.1778846153846154 0.2980769230769231 0.014423076923076924 0.02283653846153846
0 0.19951923076923078 0.2980769230769231 0.014423076923076924 0.018028846153846152
0 0.5829326923076923 0.2980769230769231 0.009615384615384616 0.014423076923076924
0 0.5997596153846154 0.3004807692307692 0.014423076923076924 0.014423076923076924
0 0.09254807692307693 0.3004807692307692 0.018028846153846152 0.02283653846153846
0 0.11778846153846154 0.3004807692307692 0.018028846153846152 0.02283653846153846
0 0.45552884615384615 0.30288461538461536 0.014423076923076924 0.018028846153846152
0 0.6850961538461539 0.30288461538461536 0.009615384615384616 0.014423076923076924
0 0.5697115384615384 0.30528846153846156 0.014423076923076924 0.014423076923076924
0 0.3173076923076923 0.30528846153846156 0.014423076923076924 0.018028846153846152
0 0.6177884615384616 0.30528846153846156 0.009615384615384616 0.014423076923076924
0 0.12980769230769232 0.3076923076923077 0.018028846153846152 0.02283653846153846
0 0.4675480769230769 0.31009615384615385 0.018028846153846152 0.02283653846153846
0 0.5 0.31009615384615385 0.014423076923076924 0.014423076923076924
0 0.24519230769230768 0.3125 0.009615384615384616 0.014423076923076924
0 0.41225961538461536 0.3125 0.014423076923076924 0.014423076923076924
0 0.5204326923076923 0.31490384615384615 0.014423076923076924 0.014423076923076924
0 0.5625 0.31490384615384615 0.014423076923076924 0.014423076923076924
0 0.9555288461538461 0.31490384615384615 0.018028846153846152 0.02283653846153846
0 0.609375 0.31490384615384615 0.009615384615384616 0.014423076923076924
0 0.21995192307692307 0.31490384615384615 0.004807692307692308 0.014423076923076924
0 0.25961538461538464 0.3173076923076923 0.018028846153846152 0.027644230769230768
0 0.21033653846153846 0.31971153846153844 0.014423076923076924 0.018028846153846152
0 0.30288461538461536 0.31971153846153844 0.014423076923076924 0.018028846153846152
0 0.3401442307692308 0.31971153846153844 0.014423076923076924 0.018028846153846152
0 0.203125 0.3269230769230769 0.014423076923076924 0.018028846153846152
0 0.46033653846153844 0.3269230769230769 0.014423076923076924 0.014423076923076924
0 0.5805288461538461 0.3269230769230769 0.014423076923076924 0.014423076923076924
0 0.36778846153846156 0.328125 0.009615384615384616 0.014423076923076924
0 0.18269230769230768 0.328125 0.018028846153846152 0.018028846153846152
0 0.6826923076923077 0.328125 0.02283653846153846 0.02283653846153846
0 0.5120192307692307 0.328125 0.014423076923076924 0.018028846153846152
0 0.5949519230769231 0.33052884615384615 0.014423076923076924 0.018028846153846152
0 0.01201923076923077 0.3329326923076923 0.014423076923076924 0.02283653846153846
0 0.4074519230769231 0.3329326923076923 0.014423076923076924 0.014423076923076924
0 0.31971153846153844 0.33774038461538464 0.014423076923076924 0.02283653846153846
0 0.24759615384615385 0.3401442307692308 0.02283653846153846 0.03245192307692308
0 0.10697115384615384 0.3401442307692308 0.027644230769230768 0.03245192307692308
0 0.390625 0.3401442307692308 0.009615384615384616 0.018028846153846152
0 0.22956730769230768 0.3425480769230769 0.014423076923076924 0.018028846153846152
0 0.025240384615384616 0.3425480769230769 0.018028846153846152 0.02283653846153846
0 0.21514423076923078 0.3425480769230769 0.014423076923076924 0.02283653846153846
0 0.6129807692307693 0.3425480769230769 0.018028846153846152 0.02283653846153846
0 0.3629807692307692 0.3425480769230769 0.018028846153846152 0.014423076923076924
0 0.5805288461538461 0.3449519230769231 0.014423076923076924 0.018028846153846152
0 0.49038461538461536 0.3473557692307692 0.014423076923076924 0.02283653846153846
0 0.171875 0.3473557692307692 0.027644230769230768 0.037259615384615384
0 0.515625 0.3473557692307692 0.014423076923076924 0.018028846153846152
0 0.41225961538461536 0.35216346153846156 0.014423076923076924 0.018028846153846152
0 0.5649038461538461 0.3545673076923077 0.018028846153846152 0.018028846153846152
0 0.4326923076923077 0.3545673076923077 0.014423076923076924 0.018028846153846152
0 0.9278846153846154 0.35697115384615385 0.027644230769230768 0.027644230769230768
0 0.4795673076923077 0.359375 0.018028846153846152 0.02283653846153846
0 0.546875 0.359375 0.014423076923076924 0.02283653846153846
0 0.3605769230769231 0.359375 0.018028846153846152 0.018028846153846152
0 0.7103365384615384 0.359375 0.018028846153846152 0.02283653846153846
0 0.07451923076923077 0.359375 0.027644230769230768 0.042067307692307696
0 0.5 0.3605769230769231 0.014423076923076924 0.018028846153846152
0 0.5348557692307693 0.3629807692307692 0.018028846153846152 0.02283653846153846
0 0.018028846153846152 0.3629807692307692 0.018028846153846152 0.027644230769230768
0 0.5949519230769231 0.3629807692307692 0.018028846153846152 0.02283653846153846
0 0.4050480769230769 0.36778846153846156 0.014423076923076924 0.02283653846153846
0 0.042067307692307696 0.37259615384615385 0.018028846153846152 0.03245192307692308
0 0.19230769230769232 0.37259615384615385 0.02283653846153846 0.03245192307692308
0 0.5697115384615384 0.375 0.018028846153846152 0.02283653846153846
0 0.4519230769230769 0.375 0.018028846153846152 0.027644230769230768
0 0.33774038461538464 0.37740384615384615 0.018028846153846152 0.018028846153846152
0 0.31490384615384615 0.3798076923076923 0.014423076923076924 0.018028846153846152
0 0.5180288461538461 0.3798076923076923 0.018028846153846152 0.02283653846153846
0 0.6875 0.3798076923076923 0.02283653846153846 0.02283653846153846
0 0.609375 0.38221153846153844 0.018028846153846152 0.02283653846153846
0 0.22956730769230768 0.38221153846153844 0.027644230769230768 0.03245192307692308
0 0.007211538461538462 0.3894230769230769 0.014423076923076924 0.03245192307692308
0 0.109375 0.3954326923076923 0.02283653846153846 0.027644230769230768
0 0.8100961538461539 0.39783653846153844 0.018028846153846152 0.027644230769230768
0 0.7524038461538461 0.39783653846153844 0.018028846153846152 0.03245192307692308
0 0.13701923076923078 0.40024038461538464 0.027644230769230768 0.037259615384615384
0 0.5444711538461539 0.4026442307692308 0.018028846153846152 0.018028846153846152
0 0.5745192307692307 0.4026442307692308 0.018028846153846152 0.02283653846153846
0 0.7752403846153846 0.4074519230769231 0.018028846153846152 0.027644230769230768
0 0.4855769230769231 0.4074519230769231 0.018028846153846152 0.027644230769230768
0 0.4254807692307692 0.4074519230769231 0.018028846153846152 0.018028846153846152
0 0.34975961538461536 0.4074519230769231 0.018028846153846152 0.02283653846153846
0 0.5324519230769231 0.4098557692307692 0.014423076923076924 0.014423076923076924
0 0.04807692307692308 0.41225961538461536 0.027644230769230768 0.03245192307692308
0 0.3329326923076923 0.41947115384615385 0.018028846153846152 0.02283653846153846
0 0.4723557692307692 0.42788461538461536 0.02283653846153846 0.03245192307692308
0 0.546875 0.42788461538461536 0.018028846153846152 0.02283653846153846
0 0.8245192307692307 0.4326923076923077 0.02283653846153846 0.02283653846153846
0 0.8004807692307693 0.43990384615384615 0.018028846153846152 0.027644230769230768
0 0.671875 0.43990384615384615 0.02283653846153846 0.03245192307692308
0 0.4098557692307692 0.4423076923076923 0.02283653846153846 0.027644230769230768
0 0.14783653846153846 0.4579326923076923 0.03245192307692308 0.046875
0 0.18509615384615385 0.4579326923076923 0.042067307692307696 0.05048076923076923
0 0.24519230769230768 0.46033653846153844 0.027644230769230768 0.037259615384615384
0 0.75 0.46033653846153844 0.02283653846153846 0.027644230769230768
0 0.027644230769230768 0.4675480769230769 0.03245192307692308 0.042067307692307696
0 0.3701923076923077 0.4675480769230769 0.02283653846153846 0.027644230769230768
0 0.4375 0.4675480769230769 0.02283653846153846 0.02283653846153846
0 0.6598557692307693 0.4723557692307692 0.02283653846153846 0.03245192307692308
0 0.3449519230769231 0.4795673076923077 0.02283653846153846 0.027644230769230768
0 0.8221153846153846 0.4855769230769231 0.042067307692307696 0.055288461538461536
0 0.5949519230769231 0.49038461538461536 0.027644230769230768 0.037259615384615384
0 0.5072115384615384 0.49278846153846156 0.027644230769230768 0.03245192307692308
0 0.7596153846153846 0.4951923076923077 0.018028846153846152 0.027644230769230768
0 0.6370192307692307 0.4951923076923077 0.03245192307692308 0.046875
0 0.41947115384615385 0.49759615384615385 0.02283653846153846 0.037259615384615384
0 0.3245192307692308 0.5048076923076923 0.027644230769230768 0.037259615384615384
0 0.3605769230769231 0.5096153846153846 0.03245192307692308 0.03245192307692308
0 0.25240384615384615 0.5120192307692307 0.037259615384615384 0.06490384615384616
0 0.19230769230769232 0.5276442307692307 0.042067307692307696 0.06009615384615385
0 0.5721153846153846 0.5300480769230769 0.02283653846153846 0.027644230769230768
0 0.5348557692307693 0.5324519230769231 0.018028846153846152 0.027644230769230768
0 0.3425480769230769 0.5649038461538461 0.042067307692307696 0.06490384615384616
0 0.47475961538461536 0.5697115384615384 0.027644230769230768 0.03245192307692308
0 0.7019230769230769 0.5721153846153846 0.03245192307692308 0.042067307692307696
0 0.6322115384615384 0.578125 0.027644230769230768 0.037259615384615384
0 0.4230769230769231 0.5949519230769231 0.03245192307692308 0.042067307692307696
0 0.7319711538461539 0.5973557692307693 0.042067307692307696 0.055288461538461536
0 0.4519230769230769 0.6322115384615384 0.05048076923076923 0.08774038461538461
0 0.5829326923076923 0.7019230769230769 0.037259615384615384 0.027644230769230768
0 0.234375 0.7295673076923077 0.05048076923076923 0.07451923076923077
0 0.6875 0.734375 0.055288461538461536 0.0829326923076923
0 0.6105769230769231 0.7824519230769231 0.06490384615384616 0.09735576923076923