0 0.7908653846153846 0.13221153846153846 0.038461538461538464 0.057692307692307696
0 0.03245192307692308 0.11298076923076923 0.028846153846153848 0.055288461538461536
0 0.0733173076923077 0.11778846153846154 0.038461538461538464 0.05048076923076923
0 0.5096153846153846 0.14543269230769232 0.038461538461538464 0.055288461538461536
0 0.7199519230769231 0.16466346153846154 0.03365384615384615 0.04567307692307692
0 0.9963942307692307 0.1814903846153846 0.007211538461538462 0.036057692307692304
0 0.9002403846153846 0.1778846153846154 0.03125 0.05048076923076923
0 0.14783653846153846 0.13942307692307693 0.036057692307692304 0.06009615384615385
0 0.23677884615384615 0.15264423076923078 0.038461538461538464 0.06490384615384616
0 0.2776442307692308 0.1622596153846154 0.040865384615384616 0.06490384615384616
0 0.9891826923076923 0.20192307692307693 0.021634615384615384 0.052884615384615384
0 0.4170673076923077 0.17427884615384615 0.038461538461538464 0.06009615384615385
0 0.3161057692307692 0.17668269230769232 0.038461538461538464 0.06009615384615385
0 0.6646634615384616 0.19591346153846154 0.03365384615384615 0.05048076923076923
0 0.7920673076923077 0.20673076923076922 0.028846153846153848 0.040865384615384616
0 0.47596153846153844 0.19110576923076922 0.04326923076923077 0.0625
0 0.028846153846153848 0.17427884615384615 0.026442307692307692 0.052884615384615384
0 0.359375 0.19471153846153846 0.04326923076923077 0.06009615384615385
0 0.7067307692307693 0.21634615384615385 0.036057692307692304 0.055288461538461536
0 0.06490384615384616 0.18870192307692307 0.04326923076923077 0.07211538461538461
0 0.8209134615384616 0.23197115384615385 0.038461538461538464 0.06490384615384616
0 0.953125 0.24158653846153846 0.038461538461538464 0.0625
0 0.13221153846153846 0.2091346153846154 0.03365384615384615 0.05048076923076923
0 0.8629807692307693 0.24759615384615385 0.03125 0.04807692307692308
0 0.40384615384615385 0.2247596153846154 0.036057692307692304 0.04567307692307692
0 0.8016826923076923 0.25600961538461536 0.03365384615384615 0.057692307692307696
0 0.15985576923076922 0.22235576923076922 0.036057692307692304 0.057692307692307696
0 0.5144230769230769 0.2439903846153846 0.040865384615384616 0.05048076923076923
0 0.5913461538461539 0.2512019230769231 0.036057692307692304 0.04567307692307692
0 0.6550480769230769 0.25600961538461536 0.036057692307692304 0.055288461538461536
0 0.19230769230769232 0.23317307692307693 0.036057692307692304 0.057692307692307696
0 0.6947115384615384 0.27163461538461536 0.03365384615384615 0.055288461538461536
0 0.2536057692307692 0.2536057692307692 0.040865384615384616 0.052884615384615384
0 0.3737980769230769 0.2620192307692308 0.04326923076923077 0.057692307692307696
0 0.5420673076923077 0.27403846153846156 0.036057692307692304 0.05048076923076923
0 0.12139423076923077 0.25240384615384615 0.03125 0.057692307692307696
0 0.78125 0.28846153846153844 0.040865384615384616 0.055288461538461536
0 0.09254807692307693 0.25721153846153844 0.03125 0.055288461538461536
0 0.28725961538461536 0.2704326923076923 0.036057692307692304 0.05048076923076923
0 0.8978365384615384 0.30528846153846156 0.036057692307692304 0.055288461538461536
0 0.42908653846153844 0.2860576923076923 0.036057692307692304 0.04567307692307692
0 0.8569711538461539 0.3088942307692308 0.036057692307692304 0.06009615384615385
0 0.055288461538461536 0.27163461538461536 0.036057692307692304 0.04567307692307692
0 0.44591346153846156 0.2980769230769231 0.036057692307692304 0.05048076923076923
0 0.9747596153846154 0.33533653846153844 0.038461538461538464 0.055288461538461536
0 0.6478365384615384 0.33052884615384615 0.036057692307692304 0.036057692307692304
0 0.15144230769230768 0.3076923076923077 0.040865384615384616 0.04567307692307692
0 0.8016826923076923 0.34134615384615385 0.04326923076923077 0.038461538461538464
0 0.26322115384615385 0.3161057692307692 0.040865384615384616 0.06971153846153846
0 0.36778846153846156 0.3269230769230769 0.036057692307692304 0.04326923076923077
0 0.4230769230769231 0.3389423076923077 0.04567307692307692 0.055288461538461536
0 0.07091346153846154 0.3293269230769231 0.04567307692307692 0.055288461538461536
0 0.5721153846153846 0.359375 0.036057692307692304 0.04326923076923077
0 0.45913461538461536 0.35697115384615385 0.03125 0.05048076923076923
0 0.6430288461538461 0.36778846153846156 0.036057692307692304 0.04807692307692308
0 0.7560096153846154 0.375 0.05048076923076923 0.052884615384615384
0 0.9903846153846154 0.3870192307692308 0.019230769230769232 0.03365384615384615
0 0.7992788461538461 0.38100961538461536 0.036057692307692304 0.05048076923076923
0 0.16947115384615385 0.3485576923076923 0.04567307692307692 0.057692307692307696
0 0.8629807692307693 0.40384615384615385 0.038461538461538464 0.04807692307692308
0 0.9387019230769231 0.4074519230769231 0.038461538461538464 0.04807692307692308
0 0.5360576923076923 0.3870192307692308 0.04326923076923077 0.0625
0 0.5901442307692307 0.3942307692307692 0.04326923076923077 0.052884615384615384
0 0.8822115384615384 0.42427884615384615 0.040865384615384616 0.057692307692307696
0 0.04927884615384615 0.38221153846153844 0.03365384615384615 0.052884615384615384
0 0.2824519230769231 0.4074519230769231 0.040865384615384616 0.057692307692307696
0 0.33653846153846156 0.41346153846153844 0.040865384615384616 0.0625
0 0.7788461538461539 0.4387019230769231 0.04326923076923077 0.057692307692307696
0 0.42427884615384615 0.4230769230769231 0.04807692307692308 0.06009615384615385
0 0.2403846153846154 0.4182692307692308 0.038461538461538464 0.0673076923076923
0 0.7067307692307693 0.44591346153846156 0.04326923076923077 0.052884615384615384
0 0.07572115384615384 0.41346153846153844 0.038461538461538464 0.06009615384615385
0 0.1935096153846154 0.42427884615384615 0.03365384615384615 0.04567307692307692
0 0.016826923076923076 0.4182692307692308 0.03125 0.07932692307692307
0 0.4495192307692308 0.44711538461538464 0.03365384615384615 0.052884615384615384
0 0.5793269230769231 0.45552884615384615 0.038461538461538464 0.057692307692307696
0 0.49399038461538464 0.45552884615384615 0.040865384615384616 0.06009615384615385
0 0.8173076923076923 0.4795673076923077 0.038461538461538464 0.06009615384615385
0 0.16466346153846154 0.44711538461538464 0.04326923076923077 0.052884615384615384
0 0.6887019230769231 0.4807692307692308 0.040865384615384616 0.055288461538461536
0 0.8990384615384616 0.4963942307692308 0.028846153846153848 0.052884615384615384
0 0.2800480769230769 0.47115384615384615 0.04326923076923077 0.0625
0 0.4014423076923077 0.4807692307692308 0.040865384615384616 0.06971153846153846
0 0.9302884615384616 0.515625 0.03365384615384615 0.06009615384615385
0 0.06009615384615385 0.4855769230769231 0.038461538461538464 0.06971153846153846
0 0.16105769230769232 0.5072115384615384 0.040865384615384616 0.055288461538461536
0 0.9122596153846154 0.5528846153846154 0.038461538461538464 0.0673076923076923
0 0.8076923076923077 0.5564903846153846 0.026442307692307692 0.06490384615384616
0 0.8834134615384616 0.5625 0.04326923076923077 0.06490384615384616
0 0.7860576923076923 0.5600961538461539 0.04326923076923077 0.06490384615384616
0 0.6550480769230769 0.5889423076923077 0.038461538461538464 0.0625
0 0.3641826923076923 0.5745192307692307 0.04807692307692308 0.07211538461538461
0 0.24879807692307693 0.5853365384615384 0.040865384615384616 0.0625
0 0.028846153846153848 0.5757211538461539 0.04567307692307692 0.06971153846153846
0 0.9651442307692307 0.6346153846153846 0.05048076923076923 0.05048076923076923
0 0.46875 0.6189903846153846 0.04567307692307692 0.06490384615384616
0 0.7884615384615384 0.6622596153846154 0.04326923076923077 0.07211538461538461
0 0.14423076923076922 0.6298076923076923 0.040865384615384616 0.06490384615384616
0 0.8701923076923077 0.6730769230769231 0.036057692307692304 0.0625
0 0.9735576923076923 0.6802884615384616 0.040865384615384616 0.08173076923076923
0 0.6995192307692307 0.6706730769230769 0.04326923076923077 0.04567307692307692
0 0.0985576923076923 0.6694711538461539 0.052884615384615384 0.07211538461538461
0 0.5396634615384616 0.6935096153846154 0.038461538461538464 0.04326923076923077
0 0.35216346153846156 0.6875 0.052884615384615384 0.07451923076923077
0 0.5877403846153846 0.7043269230769231 0.038461538461538464 0.057692307692307696
0 0.6826923076923077 0.7103365384615384 0.04567307692307692 0.0625
0 0.8365384615384616 0.7259615384615384 0.04807692307692308 0.07692307692307693
0 0.2644230769230769 0.7067307692307693 0.05048076923076923 0.07211538461538461
0 0.8918269230769231 0.7439903846153846 0.04567307692307692 0.057692307692307696
0 0.5360576923076923 0.7427884615384616 0.04807692307692308 0.0673076923076923
0 0.16105769230769232 0.7463942307692307 0.05048076923076923 0.06971153846153846
0 0.3125 0.7776442307692307 0.04807692307692308 0.06490384615384616