0 0.96484375 0.1828125 0.0703125 0.103125
0 0.59609375 0.11484375 0.084375 0.121875
0 0.896875 0.18046875 0.071875 0.1015625
0 0.153125 0.07890625 0.084375 0.1171875
0 0.6984375 0.0484375 0.05625 0.0453125
0 0.5703125 0.02578125 0.0578125 0.05
0 0.29921875 0.15 0.08125 0.103125
0 0.46953125 0.1921875 0.078125 0.1109375
0 0.92890625 0.09765625 0.0625 0.05625
0 0.53203125 0.2375 0.08125 0.1296875
0 0.7765625 0.2875 0.0953125 0.109375
0 0.97578125 0.33046875 0.0484375 0.1296875
0 0.21640625 0.23515625 0.0875 0.1125
0 0.08984375 0.21953125 0.084375 0.1171875
0 0.434375 0.29140625 0.084375 0.0953125
0 0.57890625 0.321875 0.0859375 0.13125
0 0.81328125 0.084375 0.0609375 0.071875
0 0.68125 0.3703125 0.0859375 0.078125
0 0.98671875 0.45546875 0.0265625 0.1234375
0 0.8359375 0.43515625 0.078125 0.1109375
0 0.27421875 0.3640625 0.0796875 0.115625
0 0.13359375 0.34609375 0.0828125 0.1125
0 0.40234375 0.41015625 0.0875 0.1078125
0 0.66953125 0.4765625 0.09375 0.11875
0 0.5640625 0.47265625 0.0796875 0.1203125
0 0.82734375 0.5265625 0.075 0.09375
0 0.95546875 0.5984375 0.08125 0.125
0 0.04453125 0.44765625 0.0890625 0.1234375
0 0.1859375 0.48828125 0.0890625 0.1171875
0 0.32734375 0.53984375 0.090625 0.1265625
0 0.80703125 0.65859375 0.10625 0.14375
0 0.49921875 0.625 0.103125 0.146875
0 0.01953125 0.53671875 0.0390625 0.1078125
0 0.63828125 0.67109375 0.1046875 0.1125
0 0.0625 0.61796875 0.1125 0.1265625
0 0.24375 0.65546875 0.1140625 0.1578125
0 0.296875 0.03984375 0.078125 0.0796875
0 0.75625 0.11640625 0.090625 0.1265625
0 0.403125 0.7546875 0.0953125 0.1328125
0 0.46015625 0.0609375 0.0890625 0.121875
0 0.59765625 0.8 0.1171875 0.15
0 0.69375 0.8609375 0.090625 0.109375
0 0.89140625 0.925 0.0859375 0.15