0 0.12980769230769232 0.01201923076923077 0.018028846153846152 0.02283653846153846
0 0.75 0.01201923076923077 0.014423076923076924 0.014423076923076924
0 0.45552884615384615 0.10697115384615384 0.014423076923076924 0.02283653846153846
0 0.5228365384615384 0.11057692307692307 0.014423076923076924 0.014423076923076924
0 0.3125 0.11057692307692307 0.018028846153846152 0.027644230769230768
0 0.9447115384615384 0.11298076923076923 0.018028846153846152 0.02283653846153846
0 0.6802884615384616 0.11538461538461539 0.018028846153846152 0.018028846153846152
0 0.5805288461538461 0.01201923076923077 0.014423076923076924 0.018028846153846152
0 0.09014423076923077 0.11778846153846154 0.02283653846153846 0.027644230769230768
0 0.5697115384615384 0.12259615384615384 0.014423076923076924 0.02283653846153846
0 0.4855769230769231 0.12259615384615384 0.018028846153846152 0.027644230769230768
0 0.9254807692307693 0.01201923076923077 0.014423076923076924 0.014423076923076924
0 0.6069711538461539 0.125 0.02283653846153846 0.02283653846153846
0 0.2548076923076923 0.12740384615384615 0.018028846153846152 0.02283653846153846
0 0.234375 0.12980769230769232 0.02283653846153846 0.027644230769230768
0 0.3425480769230769 0.1346153846153846 0.018028846153846152 0.02283653846153846
0 0.640625 0.1346153846153846 0.014423076923076924 0.02283653846153846
0 0.7379807692307693 0.014423076923076924 0.018028846153846152 0.018028846153846152
0 0.7127403846153846 0.13701923076923078 0.014423076923076924 0.018028846153846152
0 0.018028846153846152 0.13701923076923078 0.018028846153846152 0.03245192307692308
0 0.5769230769230769 0.13942307692307693 0.014423076923076924 0.018028846153846152
0 0.7620192307692307 0.140625 0.018028846153846152 0.02283653846153846
0 0.9879807692307693 0.14302884615384615 0.014423076923076924 0.037259615384615384
0 0.8725961538461539 0.14302884615384615 0.02283653846153846 0.02283653846153846
0 0.9050480769230769 0.14302884615384615 0.018028846153846152 0.02283653846153846
0 0.9699519230769231 0.014423076923076924 0.014423076923076924 0.018028846153846152
0 0.6694711538461539 0.015625 0.014423076923076924 0.018028846153846152
0 0.9651442307692307 0.14783653846153846 0.02283653846153846 0.027644230769230768
0 0.8197115384615384 0.15504807692307693 0.018028846153846152 0.027644230769230768
0 0.20793269230769232 0.015625 0.014423076923076924 0.014423076923076924
0 0.40024038461538464 0.15745192307692307 0.02283653846153846 0.027644230769230768
0 0.21033653846153846 0.1622596153846154 0.018028846153846152 0.02283653846153846
0 0.9122596153846154 0.015625 0.018028846153846152 0.02283653846153846
0 0.5144230769230769 0.015625 0.009615384615384616 0.014423076923076924
0 0.15504807692307693 0.16947115384615385 0.018028846153846152 0.02283653846153846
0 0.35697115384615385 0.1778846153846154 0.018028846153846152 0.027644230769230768
0 0.5252403846153846 0.1778846153846154 0.018028846153846152 0.018028846153846152
0 0.8221153846153846 0.18028846153846154 0.018028846153846152 0.027644230769230768
0 0.015625 0.18509615384615385 0.018028846153846152 0.02283653846153846
0 0.1875 0.18509615384615385 0.018028846153846152 0.018028846153846152
0 0.46033653846153844 0.19230769230769232 0.02283653846153846 0.02283653846153846
0 0.296875 0.19471153846153846 0.018028846153846152 0.027644230769230768
0 0.05048076923076923 0.1971153846153846 0.018028846153846152 0.02283653846153846
0 0.15985576923076922 0.020432692307692308 0.014423076923076924 0.014423076923076924
0 0.27524038461538464 0.020432692307692308 0.018028846153846152 0.02283653846153846
0 0.8028846153846154 0.020432692307692308 0.018028846153846152 0.02283653846153846
0 0.9050480769230769 0.20192307692307693 0.018028846153846152 0.03245192307692308
0 0.140625 0.20552884615384615 0.018028846153846152 0.027644230769230768
0 0.9675480769230769 0.20552884615384615 0.018028846153846152 0.02283653846153846
0 0.890625 0.020432692307692308 0.018028846153846152 0.018028846153846152
0 0.24519230769230768 0.21754807692307693 0.02283653846153846 0.02283653846153846
0 0.3449519230769231 0.02283653846153846 0.014423076923076924 0.018028846153846152
0 0.44471153846153844 0.02283653846153846 0.009615384615384616 0.009615384615384616
0 0.5504807692307693 0.22235576923076922 0.018028846153846152 0.027644230769230768
0 0.9170673076923077 0.2247596153846154 0.018028846153846152 0.027644230769230768
0 0.6322115384615384 0.22716346153846154 0.02283653846153846 0.027644230769230768
0 0.3545673076923077 0.22956730769230768 0.018028846153846152 0.027644230769230768
0 0.5252403846153846 0.02283653846153846 0.014423076923076924 0.018028846153846152
0 0.7055288461538461 0.23557692307692307 0.02283653846153846 0.027644230769230768
0 0.3954326923076923 0.23798076923076922 0.018028846153846152 0.02283653846153846
0 0.8569711538461539 0.025240384615384616 0.014423076923076924 0.018028846153846152
0 0.5997596153846154 0.025240384615384616 0.014423076923076924 0.014423076923076924
0 0.734375 0.24278846153846154 0.02283653846153846 0.027644230769230768
0 0.5180288461538461 0.24519230769230768 0.018028846153846152 0.02283653846153846
0 0.5649038461538461 0.025240384615384616 0.014423076923076924 0.014423076923076924
0 0.9170673076923077 0.2548076923076923 0.02283653846153846 0.02283653846153846
0 0.8052884615384616 0.25721153846153844 0.027644230769230768 0.02283653846153846
0 0.2848557692307692 0.2620192307692308 0.02283653846153846 0.02283653846153846
0 0.17307692307692307 0.025240384615384616 0.014423076923076924 0.02283653846153846
0 0.09495192307692307 0.265625 0.02283653846153846 0.027644230769230768
0 0.21995192307692307 0.2704326923076923 0.02283653846153846 0.02283653846153846
0 0.7680288461538461 0.027644230769230768 0.014423076923076924 0.02283653846153846
0 0.9699519230769231 0.296875 0.018028846153846152 0.03245192307692308
0 0.8605769230769231 0.3004807692307692 0.027644230769230768 0.027644230769230768
0 0.20793269230769232 0.030048076923076924 0.014423076923076924 0.018028846153846152
0 0.6875 0.030048076923076924 0.018028846153846152 0.02283653846153846
0 0.009615384615384616 0.3076923076923077 0.018028846153846152 0.037259615384615384
0 0.48197115384615385 0.03245192307692308 0.014423076923076924 0.02283653846153846
0 0.6394230769230769 0.03245192307692308 0.018028846153846152 0.02283653846153846
0 0.33052884615384615 0.3173076923076923 0.02283653846153846 0.037259615384615384
0 0.6394230769230769 0.31971153846153844 0.02283653846153846 0.037259615384615384
0 0.7355769230769231 0.3245192307692308 0.02283653846153846 0.03245192307692308
0 0.44711538461538464 0.03245192307692308 0.014423076923076924 0.014423076923076924
0 0.5 0.3269230769230769 0.02283653846153846 0.03245192307692308
0 0.18990384615384615 0.35216346153846156 0.027644230769230768 0.027644230769230768
0 0.27524038461538464 0.36538461538461536 0.02283653846153846 0.02283653846153846
0 0.8473557692307693 0.037259615384615384 0.014423076923076924 0.014423076923076924
0 0.03245192307692308 0.37740384615384615 0.037259615384615384 0.037259615384615384
0 0.30528846153846156 0.037259615384615384 0.018028846153846152 0.027644230769230768
0 0.9603365384615384 0.039663461538461536 0.014423076923076924 0.018028846153846152
0 0.8221153846153846 0.039663461538461536 0.014423076923076924 0.018028846153846152
0 0.6045673076923077 0.4098557692307692 0.027644230769230768 0.037259615384615384
0 0.4723557692307692 0.4170673076923077 0.02283653846153846 0.037259615384615384
0 0.12740384615384615 0.04447115384615385 0.018028846153846152 0.02283653846153846
0 0.19471153846153846 0.43990384615384615 0.027644230769230768 0.037259615384615384
0 0.0829326923076923 0.04447115384615385 0.02283653846153846 0.027644230769230768
0 0.8978365384615384 0.04447115384615385 0.018028846153846152 0.018028846153846152
0 0.7680288461538461 0.046875 0.018028846153846152 0.014423076923076924
0 0.8846153846153846 0.45552884615384615 0.027644230769230768 0.027644230769230768
0 0.34975961538461536 0.046875 0.014423076923076924 0.027644230769230768
0 0.15745192307692307 0.04807692307692308 0.018028846153846152 0.018028846153846152
0 0.06971153846153846 0.49038461538461536 0.027644230769230768 0.03245192307692308
0 0.19230769230769232 0.05048076923076923 0.014423076923076924 0.018028846153846152
0 0.6923076923076923 0.49278846153846156 0.027644230769230768 0.037259615384615384
0 0.609375 0.05048076923076923 0.018028846153846152 0.02283653846153846
0 0.5276442307692307 0.5048076923076923 0.018028846153846152 0.037259615384615384
0 0.32211538461538464 0.5072115384615384 0.027644230769230768 0.03245192307692308
0 0.390625 0.052884615384615384 0.009615384615384616 0.014423076923076924
0 0.2403846153846154 0.052884615384615384 0.014423076923076924 0.02283653846153846
0 0.15264423076923078 0.5300480769230769 0.03245192307692308 0.03245192307692308
0 0.9122596153846154 0.5348557692307693 0.027644230769230768 0.037259615384615384
0 0.9050480769230769 0.055288461538461536 0.018028846153846152 0.018028846153846152
0 0.7920673076923077 0.057692307692307696 0.018028846153846152 0.018028846153846152
0 0.9747596153846154 0.057692307692307696 0.014423076923076924 0.018028846153846152
0 0.9423076923076923 0.5949519230769231 0.03245192307692308 0.042067307692307696
0 0.8197115384615384 0.06009615384615385 0.014423076923076924 0.018028846153846152
0 0.9423076923076923 0.06009615384615385 0.018028846153846152 0.02283653846153846
0 0.7103365384615384 0.06009615384615385 0.014423076923076924 0.018028846153846152
0 0.7824519230769231 0.6129807692307693 0.03245192307692308 0.042067307692307696
0 0.4519230769230769 0.0625 0.018028846153846152 0.02283653846153846
0 0.5396634615384616 0.6201923076923077 0.027644230769230768 0.042067307692307696
0 0.8677884615384616 0.007211538461538462 0.014423076923076924 0.014423076923076924
0 0.42788461538461536 0.007211538461538462 0.009615384615384616 0.014423076923076924
0 0.12259615384615384 0.0673076923076923 0.014423076923076924 0.018028846153846152
0 0.3954326923076923 0.0673076923076923 0.014423076923076924 0.02283653846153846
0 0.5396634615384616 0.0673076923076923 0.014423076923076924 0.02283653846153846
0 0.8521634615384616 0.0673076923076923 0.018028846153846152 0.014423076923076924
0 0.3173076923076923 0.6899038461538461 0.037259615384615384 0.042067307692307696
0 0.6021634615384616 0.07451923076923077 0.018028846153846152 0.02283653846153846
0 0.9603365384615384 0.007211538461538462 0.014423076923076924 0.014423076923076924
0 0.22235576923076922 0.07451923076923077 0.018028846153846152 0.018028846153846152
0 0.04447115384615385 0.7355769230769231 0.037259615384615384 0.042067307692307696
0 0.9026442307692307 0.07451923076923077 0.014423076923076924 0.02283653846153846
0 0.43509615384615385 0.7475961538461539 0.037259615384615384 0.05048076923076923
0 0.2800480769230769 0.07692307692307693 0.014423076923076924 0.02283653846153846
0 0.49759615384615385 0.07692307692307693 0.014423076923076924 0.02283653846153846
0 0.33533653846153844 0.078125 0.014423076923076924 0.02283653846153846
0 0.5480769230769231 0.078125 0.018028846153846152 0.018028846153846152
0 0.13701923076923078 0.8004807692307693 0.046875 0.06490384615384616
0 0.16947115384615385 0.08052884615384616 0.018028846153846152 0.02283653846153846
0 0.28966346153846156 0.859375 0.042067307692307696 0.055288461538461536
0 0.9879807692307693 0.08774038461538461 0.014423076923076924 0.027644230769230768
0 0.515625 0.08774038461538461 0.014423076923076924 0.018028846153846152
0 0.025240384615384616 0.8846153846153846 0.046875 0.042067307692307696
0 0.6225961538461539 0.09014423076923077 0.018028846153846152 0.02283653846153846
0 0.7896634615384616 0.09014423076923077 0.014423076923076924 0.02283653846153846
0 0.3545673076923077 0.890625 0.037259615384615384 0.037259615384615384
0 0.1502403846153846 0.09014423076923077 0.018028846153846152 0.027644230769230768
0 0.8353365384615384 0.09014423076923077 0.018028846153846152 0.02283653846153846
0 0.8822115384615384 0.09495192307692307 0.018028846153846152 0.018028846153846152
0 0.234375 0.09495192307692307 0.018028846153846152 0.02283653846153846
0 0.4254807692307692 0.09495192307692307 0.014423076923076924 0.02283653846153846
0 0.8149038461538461 0.09975961538461539 0.018028846153846152 0.02283653846153846
0 0.7127403846153846 0.09975961538461539 0.018028846153846152 0.02283653846153846
0 0.7680288461538461 0.09975961538461539 0.018028846153846152 0.018028846153846152
0 0.07451923076923077 0.10216346153846154 0.014423076923076924 0.027644230769230768