0 0.375 0.09975961538461539 0.009615384615384616 0.009615384615384616
0 0.1466346153846154 0.0985576923076923 0.009615384615384616 0.009615384615384616
0 0.45913461538461536 0.10576923076923077 0.004807692307692308 0.009615384615384616
0 0.3076923076923077 0.10336538461538461 0.004807692307692308 0.009615384615384616
0 0.4543269230769231 0.10817307692307693 0.004807692307692308 0.004807692307692308
0 0.2800480769230769 0.10576923076923077 0.009615384615384616 0.009615384615384616
0 0.33413461538461536 0.10817307692307693 0.009615384615384616 0.009615384615384616
0 0.07932692307692307 0.10336538461538461 0.004807692307692308 0.009615384615384616
0 0.32211538461538464 0.10697115384615384 0.009615384615384616 0.014423076923076924
0 0.7620192307692307 0.11538461538461539 0.004807692307692308 0.014423076923076924
0 0.09254807692307693 0.10576923076923077 0.009615384615384616 0.009615384615384616
0 0.8497596153846154 0.11899038461538461 0.004807692307692308 0.009615384615384616
0 0.6045673076923077 0.1141826923076923 0.009615384615384616 0.009615384615384616
0 0.4543269230769231 0.11177884615384616 0.004807692307692308 0.009615384615384616
0 0.14423076923076922 0.109375 0.004807692307692308 0.009615384615384616
0 0.15264423076923078 0.109375 0.009615384615384616 0.004807692307692308
0 0.234375 0.11298076923076923 0.009615384615384616 0.009615384615384616
0 0.11658653846153846 0.11298076923076923 0.009615384615384616 0.009615384615384616
0 0.3870192307692308 0.11778846153846154 0.009615384615384616 0.009615384615384616
0 0.31009615384615385 0.11899038461538461 0.009615384615384616 0.014423076923076924
0 0.4963942307692308 0.12259615384615384 0.009615384615384616 0.014423076923076924
0 0.7560096153846154 0.12980769230769232 0.009615384615384616 0.014423076923076924
0 0.39663461538461536 0.12259615384615384 0.009615384615384616 0.014423076923076924
0 0.8665865384615384 0.13341346153846154 0.004807692307692308 0.009615384615384616
0 0.4254807692307692 0.12620192307692307 0.004807692307692308 0.004807692307692308
0 0.5661057692307693 0.1310096153846154 0.009615384615384616 0.009615384615384616
0 0.8653846153846154 0.13581730769230768 0.009615384615384616 0.009615384615384616
0 0.6237980769230769 0.13221153846153846 0.009615384615384616 0.009615384615384616
0 0.11057692307692307 0.125 0.009615384615384616 0.004807692307692308
0 0.12620192307692307 0.12860576923076922 0.009615384615384616 0.014423076923076924
0 0.40865384615384615 0.13341346153846154 0.009615384615384616 0.014423076923076924
0 0.6682692307692307 0.13942307692307693 0.009615384615384616 0.014423076923076924
0 0.4855769230769231 0.13701923076923078 0.009615384615384616 0.014423076923076924
0 0.09375 0.12980769230769232 0.009615384615384616 0.009615384615384616
0 0.49399038461538464 0.13942307692307693 0.009615384615384616 0.014423076923076924
0 0.3581730769230769 0.13701923076923078 0.014423076923076924 0.004807692307692308
0 0.2932692307692308 0.13701923076923078 0.009615384615384616 0.009615384615384616
0 0.6935096153846154 0.14903846153846154 0.009615384615384616 0.009615384615384616
0 0.6382211538461539 0.14783653846153846 0.009615384615384616 0.009615384615384616
0 0.6213942307692307 0.14783653846153846 0.009615384615384616 0.004807692307692308
0 0.7584134615384616 0.15264423076923078 0.009615384615384616 0.014423076923076924
0 0.14302884615384615 0.14182692307692307 0.009615384615384616 0.014423076923076924
0 0.3581730769230769 0.14543269230769232 0.009615384615384616 0.009615384615384616
0 0.7331730769230769 0.15384615384615385 0.014423076923076924 0.019230769230769232
0 0.33413461538461536 0.14783653846153846 0.009615384615384616 0.014423076923076924
0 0.2932692307692308 0.1466346153846154 0.009615384615384616 0.014423076923076924
0 0.44591346153846156 0.15144230769230768 0.014423076923076924 0.019230769230769232
0 0.16346153846153846 0.1466346153846154 0.009615384615384616 0.004807692307692308
0 0.32091346153846156 0.14903846153846154 0.009615384615384616 0.009615384615384616
0 0.6983173076923077 0.15865384615384615 0.014423076923076924 0.014423076923076924
0 0.3137019230769231 0.15144230769230768 0.009615384615384616 0.009615384615384616
0 0.3581730769230769 0.15504807692307693 0.009615384615384616 0.009615384615384616
0 0.6634615384615384 0.1622596153846154 0.014423076923076924 0.014423076923076924
0 0.6466346153846154 0.1622596153846154 0.009615384615384616 0.014423076923076924
0 0.390625 0.15745192307692307 0.009615384615384616 0.009615384615384616
0 0.6165865384615384 0.16466346153846154 0.014423076923076924 0.014423076923076924
0 0.4230769230769231 0.16105769230769232 0.009615384615384616 0.014423076923076924
0 0.8040865384615384 0.16706730769230768 0.014423076923076924 0.019230769230769232
0 0.7836538461538461 0.16947115384615385 0.014423076923076924 0.019230769230769232
0 0.3112980769230769 0.16105769230769232 0.009615384615384616 0.014423076923076924
0 0.6911057692307693 0.16826923076923078 0.014423076923076924 0.014423076923076924
0 0.10336538461538461 0.15985576923076922 0.014423076923076924 0.014423076923076924
0 0.4879807692307692 0.16706730769230768 0.014423076923076924 0.019230769230769232
0 0.27163461538461536 0.16346153846153846 0.009615384615384616 0.009615384615384616
0 0.38822115384615385 0.16706730769230768 0.009615384615384616 0.014423076923076924
0 0.4110576923076923 0.17067307692307693 0.014423076923076924 0.019230769230769232
0 0.53125 0.171875 0.014423076923076924 0.014423076923076924
0 0.5733173076923077 0.17427884615384615 0.009615384615384616 0.009615384615384616
0 0.6983173076923077 0.17668269230769232 0.009615384615384616 0.014423076923076924
0 0.5588942307692307 0.17427884615384615 0.014423076923076924 0.014423076923076924
0 0.7584134615384616 0.1778846153846154 0.014423076923076924 0.019230769230769232
0 0.34615384615384615 0.17067307692307693 0.004807692307692308 0.004807692307692308
0 0.2980769230769231 0.16947115384615385 0.009615384615384616 0.009615384615384616
0 0.6081730769230769 0.1778846153846154 0.014423076923076924 0.014423076923076924
0 0.3762019230769231 0.17307692307692307 0.009615384615384616 0.014423076923076924
0 0.7115384615384616 0.1814903846153846 0.009615384615384616 0.014423076923076924
0 0.6754807692307693 0.1814903846153846 0.009615384615384616 0.019230769230769232
0 0.42788461538461536 0.17668269230769232 0.009615384615384616 0.014423076923076924
0 0.38822115384615385 0.1778846153846154 0.014423076923076924 0.019230769230769232
0 0.45913461538461536 0.17908653846153846 0.014423076923076924 0.014423076923076924
0 0.28846153846153844 0.17908653846153846 0.009615384615384616 0.014423076923076924
0 0.5829326923076923 0.18389423076923078 0.014423076923076924 0.014423076923076924
0 0.515625 0.18269230769230768 0.014423076923076924 0.019230769230769232
0 0.30288461538461536 0.1814903846153846 0.009615384615384616 0.014423076923076924
0 0.34615384615384615 0.18269230769230768 0.009615384615384616 0.014423076923076924
0 0.5757211538461539 0.18870192307692307 0.014423076923076924 0.014423076923076924
0 0.40865384615384615 0.18629807692307693 0.009615384615384616 0.014423076923076924
0 0.3557692307692308 0.18509615384615385 0.014423076923076924 0.014423076923076924
0 0.5649038461538461 0.19110576923076922 0.009615384615384616 0.014423076923076924
0 0.8317307692307693 0.19591346153846154 0.014423076923076924 0.014423076923076924
0 0.7199519230769231 0.1935096153846154 0.014423076923076924 0.014423076923076924
0 0.6394230769230769 0.19230769230769232 0.014423076923076924 0.019230769230769232
0 0.4735576923076923 0.18990384615384615 0.009615384615384616 0.009615384615384616
0 0.7848557692307693 0.1971153846153846 0.014423076923076924 0.019230769230769232
0 0.6899038461538461 0.19831730769230768 0.014423076923076924 0.014423076923076924
0 0.44471153846153844 0.19591346153846154 0.009615384615384616 0.014423076923076924
0 0.41225961538461536 0.19591346153846154 0.014423076923076924 0.014423076923076924
0 0.6502403846153846 0.19951923076923078 0.014423076923076924 0.014423076923076924
0 0.3798076923076923 0.1971153846153846 0.014423076923076924 0.014423076923076924
0 0.3425480769230769 0.1971153846153846 0.014423076923076924 0.019230769230769232
0 0.07932692307692307 0.19230769230769232 0.014423076923076924 0.014423076923076924
0 0.3545673076923077 0.1971153846153846 0.014423076923076924 0.019230769230769232
0 0.32211538461538464 0.19831730769230768 0.014423076923076924 0.014423076923076924
0 0.5048076923076923 0.203125 0.014423076923076924 0.019230769230769232
0 0.75 0.20793269230769232 0.014423076923076924 0.019230769230769232
0 0.057692307692307696 0.19591346153846154 0.014423076923076924 0.014423076923076924
0 0.5697115384615384 0.20432692307692307 0.014423076923076924 0.019230769230769232
0 0.5168269230769231 0.20552884615384615 0.014423076923076924 0.019230769230769232
0 0.4699519230769231 0.20552884615384615 0.009615384615384616 0.014423076923076924
0 0.4170673076923077 0.20673076923076922 0.014423076923076924 0.014423076923076924
0 0.43509615384615385 0.20673076923076922 0.009615384615384616 0.014423076923076924
0 0.06490384615384616 0.203125 0.014423076923076924 0.014423076923076924
0 0.6598557692307693 0.2127403846153846 0.014423076923076924 0.014423076923076924
0 0.42788461538461536 0.21153846153846154 0.014423076923076924 0.019230769230769232
0 0.33774038461538464 0.21033653846153846 0.014423076923076924 0.019230769230769232
0 0.12259615384615384 0.20552884615384615 0.014423076923076924 0.019230769230769232
0 0.5817307692307693 0.21394230769230768 0.009615384615384616 0.019230769230769232
0 0.2644230769230769 0.2091346153846154 0.009615384615384616 0.014423076923076924
0 0.14783653846153846 0.2091346153846154 0.014423076923076924 0.014423076923076924
0 0.375 0.2127403846153846 0.009615384615384616 0.014423076923076924
0 0.38461538461538464 0.2127403846153846 0.014423076923076924 0.014423076923076924
0 0.2848557692307692 0.21394230769230768 0.014423076923076924 0.019230769230769232
0 0.6502403846153846 0.21995192307692307 0.019230769230769232 0.019230769230769232
0 0.671875 0.22235576923076922 0.014423076923076924 0.019230769230769232
0 0.09254807692307693 0.2127403846153846 0.014423076923076924 0.019230769230769232
0 0.4519230769230769 0.22115384615384615 0.014423076923076924 0.019230769230769232
0 0.5396634615384616 0.22355769230769232 0.014423076923076924 0.014423076923076924
0 0.4795673076923077 0.2247596153846154 0.014423076923076924 0.019230769230769232
0 0.0673076923076923 0.21754807692307693 0.014423076923076924 0.014423076923076924
0 0.7800480769230769 0.23197115384615385 0.014423076923076924 0.014423076923076924
0 0.7223557692307693 0.23076923076923078 0.014423076923076924 0.019230769230769232
0 0.2920673076923077 0.22596153846153846 0.014423076923076924 0.019230769230769232
0 0.6346153846153846 0.23197115384615385 0.014423076923076924 0.019230769230769232
0 0.5697115384615384 0.23317307692307693 0.014423076923076924 0.019230769230769232
0 0.42788461538461536 0.23076923076923078 0.014423076923076924 0.019230769230769232
0 0.7067307692307693 0.23798076923076922 0.014423076923076924 0.019230769230769232
0 0.27283653846153844 0.23076923076923078 0.014423076923076924 0.019230769230769232
0 0.09975961538461539 0.2283653846153846 0.014423076923076924 0.019230769230769232
0 0.3641826923076923 0.23798076923076922 0.019230769230769232 0.019230769230769232
0 0.7848557692307693 0.24519230769230768 0.014423076923076924 0.014423076923076924
0 0.13221153846153846 0.23918269230769232 0.014423076923076924 0.014423076923076924
0 0.3329326923076923 0.24278846153846154 0.019230769230769232 0.02403846153846154
0 0.4579326923076923 0.2439903846153846 0.019230769230769232 0.019230769230769232
0 0.484375 0.24759615384615385 0.019230769230769232 0.02403846153846154
0 0.14423076923076922 0.24639423076923078 0.019230769230769232 0.019230769230769232
0 0.025240384615384616 0.2439903846153846 0.014423076923076924 0.019230769230769232
0 0.6442307692307693 0.2548076923076923 0.014423076923076924 0.019230769230769232
0 0.6117788461538461 0.2548076923076923 0.014423076923076924 0.02403846153846154
0 0.5228365384615384 0.25240384615384615 0.014423076923076924 0.019230769230769232
0 0.7175480769230769 0.25841346153846156 0.014423076923076924 0.019230769230769232
0 0.6526442307692307 0.25721153846153844 0.019230769230769232 0.019230769230769232
0 0.7728365384615384 0.25961538461538464 0.014423076923076924 0.019230769230769232
0 0.27283653846153844 0.2512019230769231 0.014423076923076924 0.014423076923076924
0 0.8629807692307693 0.26322115384615385 0.019230769230769232 0.02403846153846154
0 0.055288461538461536 0.25240384615384615 0.014423076923076924 0.019230769230769232
0 0.9591346153846154 0.26802884615384615 0.019230769230769232 0.02403846153846154
0 0.9879807692307693 0.26802884615384615 0.019230769230769232 0.02403846153846154
0 0.5733173076923077 0.2608173076923077 0.019230769230769232 0.02403846153846154
0 0.42908653846153844 0.25841346153846156 0.019230769230769232 0.019230769230769232
0 0.036057692307692304 0.25600961538461536 0.014423076923076924 0.019230769230769232
0 0.8137019230769231 0.2704326923076923 0.019230769230769232 0.019230769230769232
0 0.5132211538461539 0.2644230769230769 0.014423076923076924 0.019230769230769232
0 0.7584134615384616 0.2704326923076923 0.014423076923076924 0.02403846153846154
0 0.9459134615384616 0.27283653846153844 0.019230769230769232 0.019230769230769232
0 0.36658653846153844 0.265625 0.019230769230769232 0.014423076923076924
0 0.3581730769230769 0.26802884615384615 0.014423076923076924 0.019230769230769232
0 0.38822115384615385 0.27283653846153844 0.014423076923076924 0.019230769230769232
0 0.9182692307692307 0.2824519230769231 0.019230769230769232 0.02403846153846154
0 0.6586538461538461 0.2776442307692308 0.014423076923076924 0.019230769230769232
0 0.2860576923076923 0.27163461538461536 0.019230769230769232 0.019230769230769232
0 0.6466346153846154 0.2800480769230769 0.019230769230769232 0.02403846153846154
0 0.8786057692307693 0.2860576923076923 0.019230769230769232 0.02403846153846154
0 0.265625 0.2764423076923077 0.019230769230769232 0.019230769230769232
0 0.17668269230769232 0.2764423076923077 0.009615384615384616 0.019230769230769232
0 0.71875 0.28846153846153844 0.02403846153846154 0.028846153846153848
0 0.4387019230769231 0.2860576923076923 0.014423076923076924 0.019230769230769232
0 0.5192307692307693 0.28725961538461536 0.019230769230769232 0.02403846153846154
0 0.4807692307692308 0.28725961538461536 0.019230769230769232 0.02403846153846154
0 0.06610576923076923 0.2800480769230769 0.014423076923076924 0.02403846153846154
0 0.27403846153846156 0.28365384615384615 0.014423076923076924 0.02403846153846154
0 0.12379807692307693 0.2860576923076923 0.014423076923076924 0.019230769230769232
0 0.3088942307692308 0.28846153846153844 0.014423076923076924 0.02403846153846154
0 0.8317307692307693 0.2980769230769231 0.014423076923076924 0.014423076923076924
0 0.3858173076923077 0.2920673076923077 0.02403846153846154 0.02403846153846154
0 0.5480769230769231 0.2980769230769231 0.019230769230769232 0.02403846153846154
0 0.04807692307692308 0.28846153846153844 0.014423076923076924 0.019230769230769232
0 0.6129807692307693 0.29927884615384615 0.019230769230769232 0.02403846153846154
0 0.8413461538461539 0.3088942307692308 0.019230769230769232 0.02403846153846154
0 0.7884615384615384 0.3076923076923077 0.019230769230769232 0.02403846153846154
0 0.9483173076923077 0.3125 0.02403846153846154 0.02403846153846154
0 0.12860576923076922 0.30649038461538464 0.019230769230769232 0.019230769230769232
0 0.5841346153846154 0.3137019230769231 0.02403846153846154 0.028846153846153848
0 0.054086538461538464 0.30649038461538464 0.019230769230769232 0.02403846153846154
0 0.42908653846153844 0.3137019230769231 0.019230769230769232 0.02403846153846154
0 0.6213942307692307 0.3173076923076923 0.02403846153846154 0.02403846153846154
0 0.9663461538461539 0.32572115384615385 0.019230769230769232 0.02403846153846154
0 0.038461538461538464 0.3161057692307692 0.019230769230769232 0.02403846153846154
0 0.33653846153846156 0.32211538461538464 0.014423076923076924 0.02403846153846154
0 0.5240384615384616 0.3269230769230769 0.019230769230769232 0.02403846153846154
0 0.6923076923076923 0.33052884615384615 0.019230769230769232 0.028846153846153848
0 0.6526442307692307 0.33052884615384615 0.019230769230769232 0.02403846153846154
0 0.8100961538461539 0.3329326923076923 0.02403846153846154 0.028846153846153848
0 0.27524038461538464 0.3269230769230769 0.019230769230769232 0.02403846153846154
0 0.7079326923076923 0.33653846153846156 0.019230769230769232 0.02403846153846154
0 0.7427884615384616 0.3401442307692308 0.02403846153846154 0.02403846153846154
0 0.4723557692307692 0.33774038461538464 0.019230769230769232 0.028846153846153848
0 0.4879807692307692 0.33774038461538464 0.019230769230769232 0.02403846153846154
0 0.8846153846153846 0.3473557692307692 0.028846153846153848 0.02403846153846154
0 0.10697115384615384 0.3401442307692308 0.019230769230769232 0.02403846153846154
0 0.625 0.35216346153846156 0.014423076923076924 0.028846153846153848
0 0.7776442307692307 0.3545673076923077 0.019230769230769232 0.028846153846153848
0 0.36778846153846156 0.3473557692307692 0.014423076923076924 0.02403846153846154
0 0.4074519230769231 0.35336538461538464 0.019230769230769232 0.028846153846153848
0 0.34975961538461536 0.35697115384615385 0.019230769230769232 0.02403846153846154
0 0.7079326923076923 0.3629807692307692 0.02403846153846154 0.028846153846153848
0 0.8930288461538461 0.37259615384615385 0.028846153846153848 0.028846153846153848
0 0.2620192307692308 0.36177884615384615 0.019230769230769232 0.02403846153846154
0 0.8052884615384616 0.37259615384615385 0.019230769230769232 0.02403846153846154
0 0.28966346153846156 0.3641826923076923 0.019230769230769232 0.02403846153846154
0 0.10697115384615384 0.3629807692307692 0.02403846153846154 0.02403846153846154
0 0.5444711538461539 0.3737980769230769 0.02403846153846154 0.028846153846153848
0 0.08052884615384616 0.36538461538461536 0.019230769230769232 0.028846153846153848
0 0.014423076923076924 0.3713942307692308 0.014423076923076924 0.038461538461538464
0 0.9747596153846154 0.39302884615384615 0.02403846153846154 0.02403846153846154
0 0.6225961538461539 0.3870192307692308 0.02403846153846154 0.03365384615384615
0 0.13221153846153846 0.38461538461538464 0.019230769230769232 0.02403846153846154
0 0.3557692307692308 0.39783653846153844 0.02403846153846154 0.028846153846153848
0 0.056490384615384616 0.40024038461538464 0.02403846153846154 0.02403846153846154
0 0.9158653846153846 0.421875 0.02403846153846154 0.02403846153846154
0 0.6382211538461539 0.41947115384615385 0.02403846153846154 0.028846153846153848
0 0.44350961538461536 0.4206730769230769 0.028846153846153848 0.038461538461538464
0 0.2668269230769231 0.4182692307692308 0.02403846153846154 0.03365384615384615
0 0.3605769230769231 0.42788461538461536 0.02403846153846154 0.038461538461538464
0 0.8293269230769231 0.4362980769230769 0.03365384615384615 0.03365384615384615
0 0.515625 0.4326923076923077 0.028846153846153848 0.038461538461538464
0 0.2091346153846154 0.43028846153846156 0.019230769230769232 0.03365384615384615
0 0.6935096153846154 0.44350961538461536 0.02403846153846154 0.03365384615384615
0 0.90625 0.44711538461538464 0.028846153846153848 0.03365384615384615
0 0.7740384615384616 0.44711538461538464 0.028846153846153848 0.03365384615384615
0 0.6334134615384616 0.4543269230769231 0.02403846153846154 0.03365384615384615
0 0.28365384615384615 0.4495192307692308 0.02403846153846154 0.028846153846153848
0 0.12139423076923077 0.45552884615384615 0.02403846153846154 0.028846153846153848
0 0.3701923076923077 0.4699519230769231 0.02403846153846154 0.03365384615384615
0 0.8569711538461539 0.4807692307692308 0.028846153846153848 0.028846153846153848
0 0.38461538461538464 0.4723557692307692 0.019230769230769232 0.028846153846153848
0 0.030048076923076924 0.46875 0.028846153846153848 0.038461538461538464
0 0.7403846153846154 0.4831730769230769 0.02403846153846154 0.038461538461538464
0 0.5805288461538461 0.4807692307692308 0.028846153846153848 0.038461538461538464
0 0.15745192307692307 0.47596153846153844 0.028846153846153848 0.028846153846153848
0 0.25 0.4807692307692308 0.02403846153846154 0.03365384615384615
0 0.5228365384615384 0.49278846153846156 0.028846153846153848 0.03365384615384615
0 0.2980769230769231 0.49399038461538464 0.028846153846153848 0.038461538461538464
0 0.13942307692307693 0.5012019230769231 0.02403846153846154 0.028846153846153848
0 0.4375 0.5084134615384616 0.028846153846153848 0.038461538461538464
0 0.671875 0.5120192307692307 0.03365384615384615 0.04326923076923077
0 0.7980769230769231 0.5144230769230769 0.03365384615384615 0.038461538461538464
0 0.04447115384615385 0.5060096153846154 0.02403846153846154 0.02403846153846154
0 0.9603365384615384 0.5240384615384616 0.03365384615384615 0.038461538461538464
0 0.359375 0.5180288461538461 0.028846153846153848 0.03365384615384615
0 0.5480769230769231 0.5240384615384616 0.03365384615384615 0.038461538461538464
0 0.7247596153846154 0.5336538461538461 0.02403846153846154 0.03365384615384615
0 0.22115384615384615 0.5324519230769231 0.03365384615384615 0.038461538461538464
0 0.040865384615384616 0.5396634615384616 0.02403846153846154 0.028846153846153848
0 0.40384615384615385 0.5637019230769231 0.03365384615384615 0.038461538461538464
0 0.7139423076923077 0.5805288461538461 0.03365384615384615 0.04326923076923077
0 0.9158653846153846 0.5925480769230769 0.03365384615384615 0.038461538461538464
0 0.17908653846153846 0.5889423076923077 0.02403846153846154 0.038461538461538464
0 0.06490384615384616 0.6057692307692307 0.028846153846153848 0.038461538461538464
0 0.5877403846153846 0.6165865384615384 0.028846153846153848 0.04326923076923077
0 0.8052884615384616 0.6225961538461539 0.03365384615384615 0.04326923076923077
0 0.33774038461538464 0.625 0.03365384615384615 0.04326923076923077
0 0.25721153846153844 0.6346153846153846 0.03365384615384615 0.04326923076923077
0 0.48197115384615385 0.6454326923076923 0.038461538461538464 0.05048076923076923
0 0.08052884615384616 0.6430288461538461 0.03365384615384615 0.038461538461538464
0 0.9074519230769231 0.6670673076923077 0.038461538461538464 0.04326923076923077
0 0.7091346153846154 0.703125 0.038461538461538464 0.04326923076923077
0 0.6165865384615384 0.7043269230769231 0.03365384615384615 0.04807692307692308
0 0.15865384615384615 0.6971153846153846 0.038461538461538464 0.04326923076923077
0 0.3641826923076923 0.703125 0.03365384615384615 0.04326923076923077
0 0.49158653846153844 0.7103365384615384 0.028846153846153848 0.04326923076923077
0 0.04447115384615385 0.7235576923076923 0.038461538461538464 0.04807692307692308
0 0.2920673076923077 0.7487980769230769 0.03365384615384615 0.038461538461538464
0 0.4050480769230769 0.7536057692307693 0.038461538461538464 0.05048076923076923
0 0.9747596153846154 0.7860576923076923 0.040865384615384616 0.06490384615384616
0 0.8221153846153846 0.7860576923076923 0.04807692307692308 0.05048076923076923
0 0.5925480769230769 0.7932692307692307 0.04807692307692308 0.055288461538461536
0 0.8930288461538461 0.8052884615384616 0.04326923076923077 0.05048076923076923
0 0.21754807692307693 0.7956730769230769 0.04326923076923077 0.05048076923076923
0 0.6947115384615384 0.08413461538461539 0.009615384615384616 0.009615384615384616
0 0.042067307692307696 0.8221153846153846 0.04326923076923077 0.055288461538461536
0 0.7067307692307693 0.08653846153846154 0.009615384615384616 0.009615384615384616
0 0.3545673076923077 0.8377403846153846 0.04807692307692308 0.055288461538461536
0 0.4795673076923077 0.8629807692307693 0.038461538461538464 0.055288461538461536
0 0.4375 0.08653846153846154 0.004807692307692308 0.014423076923076924
0 0.6826923076923077 0.8930288461538461 0.055288461538461536 0.04326923076923077
0 0.5096153846153846 0.09014423076923077 0.009615384615384616 0.014423076923076924
0 0.04567307692307692 0.8870192307692307 0.055288461538461536 0.03365384615384615
0 0.30528846153846156 0.08653846153846154 0.009615384615384616 0.009615384615384616
0 0.32211538461538464 0.0889423076923077 0.004807692307692308 0.004807692307692308
0 0.6045673076923077 0.09615384615384616 0.009615384615384616 0.009615384615384616
0 0.43028846153846156 0.09375 0.009615384615384616 0.009615384615384616
0 0.3473557692307692 0.09254807692307693 0.009615384615384616 0.009615384615384616
0 0.8125 0.09975961538461539 0.009615384615384616 0.009615384615384616
0 0.38461538461538464 0.09254807692307693 0.009615384615384616 0.009615384615384616
0 0.33774038461538464 0.09254807692307693 0.004807692307692308 0.004807692307692308
0 0.3894230769230769 0.09254807692307693 0.004807692307692308 0.004807692307692308
0 0.27524038461538464 0.09134615384615384 0.009615384615384616 0.009615384615384616
0 0.36658653846153844 0.09495192307692307 0.009615384615384616 0.009615384615384616
0 0.7824519230769231 0.10216346153846154 0.009615384615384616 0.009615384615384616
0 0.3798076923076923 0.09495192307692307 0.004807692307692308 0.009615384615384616
0 0.8076923076923077 0.10216346153846154 0.009615384615384616 0.009615384615384616
0 0.7067307692307693 0.10096153846153846 0.009615384615384616 0.009615384615384616
0 0.8377403846153846 0.10336538461538461 0.009615384615384616 0.009615384615384616
0 0.3125 0.09375 0.004807692307692308 0.004807692307692308
0 0.6923076923076923 0.10336538461538461 0.009615384615384616 0.014423076923076924
0 0.4723557692307692 0.09975961538461539 0.009615384615384616 0.014423076923076924
0 0.32211538461538464 0.09615384615384616 0.009615384615384616 0.004807692307692308