0 0.38461538461538464 0.11057692307692307 0.009615384615384616 0.014423076923076924
0 0.4326923076923077 0.11298076923076923 0.009615384615384616 0.014423076923076924
0 0.3329326923076923 0.1201923076923077 0.018028846153846152 0.014423076923076924
0 0.39302884615384615 0.1201923076923077 0.004807692307692308 0.014423076923076924
0 0.4170673076923077 0.125 0.009615384615384616 0.014423076923076924
0 0.44471153846153844 0.13221153846153846 0.009615384615384616 0.014423076923076924
0 0.421875 0.13942307692307693 0.009615384615384616 0.014423076923076924
0 0.34975961538461536 0.140625 0.014423076923076924 0.014423076923076924
0 0.43509615384615385 0.14302884615384615 0.009615384615384616 0.014423076923076924
0 0.36778846153846156 0.15264423076923078 0.009615384615384616 0.009615384615384616
0 0.4675480769230769 0.15504807692307693 0.014423076923076924 0.02283653846153846
0 0.35216346153846156 0.15745192307692307 0.014423076923076924 0.014423076923076924
0 0.3425480769230769 0.15985576923076922 0.009615384615384616 0.014423076923076924
0 0.43990384615384615 0.1622596153846154 0.014423076923076924 0.018028846153846152
0 0.41225961538461536 0.17307692307692307 0.014423076923076924 0.02283653846153846
0 0.515625 0.1778846153846154 0.018028846153846152 0.018028846153846152
0 0.3870192307692308 0.1778846153846154 0.014423076923076924 0.018028846153846152
0 0.546875 0.18269230769230768 0.018028846153846152 0.02283653846153846
0 0.37259615384615385 0.18990384615384615 0.014423076923076924 0.018028846153846152
0 0.49278846153846156 0.19951923076923078 0.014423076923076924 0.02283653846153846
0 0.5252403846153846 0.19951923076923078 0.018028846153846152 0.027644230769230768
0 0.2644230769230769 0.20552884615384615 0.014423076923076924 0.018028846153846152
0 0.27283653846153844 0.21033653846153846 0.014423076923076924 0.018028846153846152
0 0.3004807692307692 0.2127403846153846 0.014423076923076924 0.02283653846153846
0 0.38461538461538464 0.21514423076923078 0.018028846153846152 0.02283653846153846
0 0.3329326923076923 0.21514423076923078 0.018028846153846152 0.018028846153846152
0 0.5204326923076923 0.21754807692307693 0.02283653846153846 0.02283653846153846
0 0.43509615384615385 0.21754807692307693 0.014423076923076924 0.02283653846153846
0 0.2800480769230769 0.22235576923076922 0.02283653846153846 0.02283653846153846
0 0.34975961538461536 0.2247596153846154 0.014423076923076924 0.02283653846153846
0 0.39302884615384615 0.23798076923076922 0.018028846153846152 0.02283653846153846
0 0.5228365384615384 0.24519230769230768 0.018028846153846152 0.02283653846153846
0 0.3173076923076923 0.24519230769230768 0.018028846153846152 0.02283653846153846
0 0.5769230769230769 0.25 0.018028846153846152 0.02283653846153846
0 0.5048076923076923 0.265625 0.027644230769230768 0.03245192307692308
0 0.4495192307692308 0.27524038461538464 0.02283653846153846 0.027644230769230768
0 0.5673076923076923 0.2776442307692308 0.027644230769230768 0.03245192307692308
0 0.37259615384615385 0.2824519230769231 0.02283653846153846 0.027644230769230768
0 0.33774038461538464 0.2848557692307692 0.02283653846153846 0.03245192307692308
0 0.5372596153846154 0.28725961538461536 0.03245192307692308 0.03245192307692308
0 0.26802884615384615 0.28966346153846156 0.027644230769230768 0.037259615384615384
0 0.8173076923076923 0.3004807692307692 0.03245192307692308 0.046875
0 0.15264423076923078 0.30288461538461536 0.027644230769230768 0.037259615384615384
0 0.7848557692307693 0.30288461538461536 0.042067307692307696 0.046875
0 0.41947115384615385 0.30288461538461536 0.02283653846153846 0.03245192307692308
0 0.5745192307692307 0.30528846153846156 0.018028846153846152 0.037259615384615384
0 0.7319711538461539 0.30528846153846156 0.027644230769230768 0.03245192307692308
0 0.6454326923076923 0.31490384615384615 0.027644230769230768 0.046875
0 0.3449519230769231 0.3173076923076923 0.02283653846153846 0.042067307692307696
0 0.27524038461538464 0.33533653846153844 0.027644230769230768 0.037259615384615384
0 0.6225961538461539 0.33533653846153844 0.03245192307692308 0.03245192307692308
0 0.31009615384615385 0.33533653846153844 0.027644230769230768 0.042067307692307696
0 0.6923076923076923 0.3401442307692308 0.07451923076923077 0.08774038461538461
0 0.24519230769230768 0.3449519230769231 0.037259615384615384 0.037259615384615384
0 0.04447115384615385 0.35697115384615385 0.07451923076923077 0.08774038461538461
0 0.5877403846153846 0.359375 0.027644230769230768 0.05048076923076923
0 0.609375 0.3629807692307692 0.027644230769230768 0.046875
0 0.9555288461538461 0.3701923076923077 0.07451923076923077 0.10697115384615384
0 0.4795673076923077 0.38221153846153844 0.042067307692307696 0.046875
0 0.43028846153846156 0.3870192307692308 0.042067307692307696 0.06009615384615385
0 0.3269230769230769 0.3894230769230769 0.042067307692307696 0.06009615384615385
0 0.18028846153846154 0.390625 0.06009615384615385 0.06009615384615385
0 0.8028846153846154 0.39783653846153844 0.09254807692307693 0.11057692307692307
0 0.5276442307692307 0.41225961538461536 0.07451923076923077 0.125
0 0.0829326923076923 0.41466346153846156 0.06971153846153846 0.08774038461538461
0 0.25721153846153844 0.41947115384615385 0.055288461538461536 0.09254807692307693
0 0.6778846153846154 0.43028846153846156 0.08774038461538461 0.09254807692307693
0 0.39783653846153844 0.4326923076923077 0.042067307692307696 0.05048076923076923
0 0.44471153846153844 0.5300480769230769 0.078125 0.11057692307692307
0 0.31490384615384615 0.5444711538461539 0.10697115384615384 0.125
0 0.1502403846153846 0.609375 0.14302884615384615 0.203125
0 0.3701923076923077 0.09975961538461539 0.009615384615384616 0.014423076923076924