0 0.49278846153846156 0.2620192307692308 0.016826923076923076 0.026442307692307692
0 0.5697115384615384 0.2620192307692308 0.028846153846153848 0.052884615384615384
0 0.5252403846153846 0.2644230769230769 0.02403846153846154 0.038461538461538464
0 0.9423076923076923 0.26322115384615385 0.04326923076923077 0.0673076923076923
0 0.5889423076923077 0.2692307692307692 0.021634615384615384 0.02403846153846154
0 0.45552884615384615 0.27163461538461536 0.019230769230769232 0.028846153846153848
0 0.41947115384615385 0.27403846153846156 0.01201923076923077 0.021634615384615384
0 0.9014423076923077 0.26802884615384615 0.021634615384615384 0.028846153846153848
0 0.6971153846153846 0.27283653846153844 0.026442307692307692 0.036057692307692304
0 0.3762019230769231 0.27884615384615385 0.019230769230769232 0.021634615384615384
0 0.7403846153846154 0.27283653846153844 0.02403846153846154 0.040865384615384616
0 0.5492788461538461 0.2764423076923077 0.014423076923076924 0.014423076923076924
0 0.43149038461538464 0.27884615384615385 0.019230769230769232 0.02403846153846154
0 0.3125 0.28125 0.021634615384615384 0.021634615384615384
0 0.4651442307692308 0.2800480769230769 0.021634615384615384 0.036057692307692304
0 0.6478365384615384 0.2800480769230769 0.03125 0.036057692307692304
0 0.2644230769230769 0.28725961538461536 0.028846153846153848 0.04567307692307692
0 0.8329326923076923 0.27884615384615385 0.026442307692307692 0.04807692307692308
0 0.7824519230769231 0.2800480769230769 0.019230769230769232 0.03365384615384615
0 0.3954326923076923 0.2860576923076923 0.019230769230769232 0.02403846153846154
0 0.5024038461538461 0.2860576923076923 0.019230769230769232 0.026442307692307692
0 0.484375 0.28725961538461536 0.019230769230769232 0.026442307692307692
0 0.9711538461538461 0.2848557692307692 0.036057692307692304 0.038461538461538464
0 0.6141826923076923 0.29447115384615385 0.02403846153846154 0.03125
0 0.41225961538461536 0.29927884615384615 0.02403846153846154 0.021634615384615384
0 0.5324519230769231 0.3016826923076923 0.036057692307692304 0.04567307692307692
0 0.8473557692307693 0.2980769230769231 0.028846153846153848 0.052884615384615384
0 0.7992788461538461 0.3004807692307692 0.019230769230769232 0.038461538461538464
0 0.28966346153846156 0.3088942307692308 0.03365384615384615 0.04326923076923077
0 0.7115384615384616 0.30288461538461536 0.038461538461538464 0.0625
0 0.020432692307692308 0.3137019230769231 0.040865384615384616 0.09375
0 0.7548076923076923 0.30408653846153844 0.02403846153846154 0.05048076923076923
0 0.14543269230769232 0.32211538461538464 0.03125 0.052884615384615384
0 0.4338942307692308 0.32211538461538464 0.02403846153846154 0.026442307692307692
0 0.6550480769230769 0.32211538461538464 0.028846153846153848 0.05048076923076923
0 0.5444711538461539 0.3233173076923077 0.03365384615384615 0.04326923076923077
0 0.35336538461538464 0.3317307692307692 0.06009615384615385 0.08413461538461539
0 0.18269230769230768 0.3389423076923077 0.036057692307692304 0.052884615384615384
0 0.23798076923076922 0.3545673076923077 0.05048076923076923 0.0673076923076923
0 0.16105769230769232 0.359375 0.028846153846153848 0.052884615384615384
0 0.39663461538461536 0.3581730769230769 0.038461538461538464 0.06009615384615385
0 0.14903846153846154 0.5048076923076923 0.05048076923076923 0.0673076923076923