0 0.037259615384615384 0.19471153846153846 0.03125 0.036057692307692304
0 0.3545673076923077 0.15865384615384615 0.03365384615384615 0.04567307692307692
0 0.39302884615384615 0.16105769230769232 0.04807692307692308 0.04807692307692308
0 0.4795673076923077 0.1502403846153846 0.055288461538461536 0.052884615384615384
0 0.17307692307692307 0.18990384615384615 0.03125 0.036057692307692304
0 0.7584134615384616 0.11778846153846154 0.026442307692307692 0.036057692307692304
0 0.8365384615384616 0.10817307692307693 0.028846153846153848 0.04567307692307692
0 0.0829326923076923 0.20072115384615385 0.04326923076923077 0.05048076923076923
0 0.8161057692307693 0.1141826923076923 0.03365384615384615 0.04567307692307692
0 0.6887019230769231 0.13701923076923078 0.036057692307692304 0.036057692307692304
0 0.5360576923076923 0.15504807692307693 0.028846153846153848 0.05048076923076923
0 0.2608173076923077 0.18870192307692307 0.040865384615384616 0.036057692307692304
0 0.7223557692307693 0.13942307692307693 0.03365384615384615 0.05048076923076923
0 0.7860576923076923 0.1346153846153846 0.021634615384615384 0.03365384615384615
0 0.052884615384615384 0.2247596153846154 0.038461538461538464 0.04567307692307692
0 0.14302884615384615 0.21394230769230768 0.036057692307692304 0.036057692307692304
0 0.1875 0.2091346153846154 0.03125 0.036057692307692304
0 0.3293269230769231 0.1935096153846154 0.03365384615384615 0.04567307692307692
0 0.2283653846153846 0.20673076923076922 0.03125 0.040865384615384616
0 0.39663461538461536 0.19591346153846154 0.038461538461538464 0.052884615384615384
0 0.5180288461538461 0.19230769230769232 0.052884615384615384 0.06009615384615385
0 0.26322115384615385 0.23918269230769232 0.04807692307692308 0.05048076923076923
0 0.7620192307692307 0.19831730769230768 0.038461538461538464 0.052884615384615384
0 0.34615384615384615 0.2512019230769231 0.04326923076923077 0.06490384615384616
0 0.19230769230769232 0.2704326923076923 0.055288461538461536 0.07451923076923077
0 0.7235576923076923 0.2091346153846154 0.04326923076923077 0.06009615384615385
0 0.39663461538461536 0.24879807692307693 0.057692307692307696 0.06971153846153846
0 0.018028846153846152 0.30649038461538464 0.036057692307692304 0.06490384615384616
0 0.9471153846153846 0.20432692307692307 0.052884615384615384 0.10336538461538461
0 0.052884615384615384 0.33052884615384615 0.057692307692307696 0.07451923076923077
0 0.8990384615384616 0.23677884615384615 0.07451923076923077 0.08173076923076923
0 0.2608173076923077 0.3173076923076923 0.06009615384615385 0.07932692307692307
0 0.4699519230769231 0.29447115384615385 0.052884615384615384 0.06490384615384616
0 0.5192307692307693 0.29086538461538464 0.06490384615384616 0.09375
0 0.16706730769230768 0.33653846153846156 0.06971153846153846 0.09375
0 0.7740384615384616 0.265625 0.04807692307692308 0.055288461538461536
0 0.3088942307692308 0.3293269230769231 0.055288461538461536 0.07451923076923077
0 0.8317307692307693 0.27283653846153844 0.06490384615384616 0.057692307692307696
0 0.6959134615384616 0.29447115384615385 0.052884615384615384 0.06009615384615385
0 0.4206730769230769 0.33052884615384615 0.04567307692307692 0.06971153846153846
0 0.08173076923076923 0.3786057692307692 0.06009615384615385 0.08413461538461539
0 0.47475961538461536 0.33533653846153844 0.06009615384615385 0.0889423076923077
0 0.8100961538461539 0.2932692307692308 0.052884615384615384 0.055288461538461536
0 0.9555288461538461 0.2980769230769231 0.05048076923076923 0.055288461538461536
0 0.03365384615384615 0.421875 0.06009615384615385 0.09375
0 0.8401442307692307 0.32211538461538464 0.06009615384615385 0.057692307692307696
0 0.007211538461538462 0.4254807692307692 0.014423076923076924 0.07692307692307693
0 0.21754807692307693 0.41586538461538464 0.06971153846153846 0.08413461538461539
0 0.7776442307692307 0.34975961538461536 0.0625 0.07692307692307693
0 0.16466346153846154 0.43149038461538464 0.08413461538461539 0.10096153846153846
0 0.43990384615384615 0.4026442307692308 0.06971153846153846 0.0889423076923077
0 0.6694711538461539 0.38100961538461536 0.06490384615384616 0.0889423076923077
0 0.5204326923076923 0.4014423076923077 0.06971153846153846 0.09375
0 0.8617788461538461 0.3701923076923077 0.04807692307692308 0.05048076923076923
0 0.9519230769230769 0.3629807692307692 0.0625 0.07692307692307693
0 0.7223557692307693 0.4098557692307692 0.06490384615384616 0.08413461538461539
0 0.6370192307692307 0.42788461538461536 0.0889423076923077 0.10576923076923077
0 0.15144230769230768 0.4891826923076923 0.09134615384615384 0.07932692307692307
0 0.3449519230769231 0.46875 0.06009615384615385 0.08413461538461539
0 0.051682692307692304 0.5204326923076923 0.06971153846153846 0.08413461538461539
0 0.8629807692307693 0.4230769230769231 0.06490384615384616 0.08173076923076923
0 0.7764423076923077 0.4362980769230769 0.08653846153846154 0.11057692307692307
0 0.09495192307692307 0.5216346153846154 0.06009615384615385 0.07932692307692307
0 0.5516826923076923 0.47115384615384615 0.07451923076923077 0.10096153846153846
0 0.9206730769230769 0.4387019230769231 0.06971153846153846 0.09375
0 0.15985576923076922 0.5444711538461539 0.07692307692307693 0.10336538461538461
0 0.4375 0.5228365384615384 0.08653846153846154 0.11778846153846154
0 0.8245192307692307 0.47596153846153844 0.09134615384615384 0.1201923076923077
0 0.75 0.4879807692307692 0.055288461538461536 0.06971153846153846
0 0.703125 0.49759615384615385 0.06971153846153846 0.09375
0 0.36658653846153844 0.5396634615384616 0.06490384615384616 0.09375
0 0.31009615384615385 0.5516826923076923 0.07211538461538461 0.10336538461538461
0 0.9663461538461539 0.4723557692307692 0.0673076923076923 0.09375
0 0.08653846153846154 0.6021634615384616 0.07692307692307693 0.11778846153846154
0 0.4891826923076923 0.5564903846153846 0.06009615384615385 0.09375
0 0.5408653846153846 0.5673076923076923 0.06971153846153846 0.09375
0 0.03365384615384615 0.6875 0.038461538461538464 0.10096153846153846
0 0.19110576923076922 0.6682692307692307 0.0889423076923077 0.12740384615384615
0 0.9699519230769231 0.578125 0.06009615384615385 0.12259615384615384
0 0.24519230769230768 0.7043269230769231 0.09615384615384616 0.12980769230769232
0 0.39302884615384615 0.7139423076923077 0.10336538461538461 0.11298076923076923