0 0.11298076923076923 0.21754807692307693 0.05048076923076923 0.06490384615384616
0 0.13701923076923078 0.23197115384615385 0.06490384615384616 0.037259615384615384
0 0.24759615384615385 0.23798076923076922 0.055288461538461536 0.06009615384615385
0 0.47716346153846156 0.23798076923076922 0.06490384615384616 0.0829326923076923
0 0.5348557692307693 0.25 0.06009615384615385 0.09254807692307693
0 0.8629807692307693 0.25721153846153844 0.10216346153846154 0.16706730769230768
0 0.4375 0.2620192307692308 0.037259615384615384 0.05048076923076923
0 0.40024038461538464 0.265625 0.018028846153846152 0.014423076923076924
0 0.5649038461538461 0.2704326923076923 0.037259615384615384 0.05048076923076923
0 0.31971153846153844 0.2776442307692308 0.07451923076923077 0.09735576923076923
0 0.37259615384615385 0.2800480769230769 0.03245192307692308 0.037259615384615384
0 0.9399038461538461 0.28725961538461536 0.037259615384615384 0.046875
0 0.15985576923076922 0.2980769230769231 0.06971153846153846 0.11057692307692307
0 0.6574519230769231 0.2980769230769231 0.05048076923076923 0.09735576923076923
0 0.6129807692307693 0.3004807692307692 0.055288461538461536 0.0829326923076923
0 0.765625 0.3004807692307692 0.10697115384615384 0.16706730769230768
0 0.5829326923076923 0.3173076923076923 0.042067307692307696 0.078125
0 0.9723557692307693 0.31971153846153844 0.046875 0.10216346153846154
0 0.4050480769230769 0.35216346153846156 0.078125 0.11538461538461539
0 0.9170673076923077 0.3629807692307692 0.06009615384615385 0.11057692307692307
0 0.28725961538461536 0.3701923076923077 0.11538461538461539 0.171875
0 0.0829326923076923 0.3713942307692308 0.1658653846153846 0.3293269230769231
0 0.5252403846153846 0.39783653846153844 0.11538461538461539 0.18028846153846154