0 0.23197115384615385 0.009615384615384616 0.027644230769230768 0.018028846153846152
0 0.06490384615384616 0.07211538461538461 0.03245192307692308 0.014423076923076924
0 0.2127403846153846 0.07451923076923077 0.027644230769230768 0.018028846153846152
0 0.23557692307692307 0.7572115384615384 0.09735576923076923 0.06490384615384616
0 0.5973557692307693 0.07692307692307693 0.037259615384615384 0.018028846153846152
0 0.8798076923076923 0.08052884615384616 0.027644230769230768 0.014423076923076924
0 0.5048076923076923 0.8269230769230769 0.125 0.09254807692307693
0 0.8377403846153846 0.0829326923076923 0.02283653846153846 0.014423076923076924
0 0.5444711538461539 0.08533653846153846 0.027644230769230768 0.014423076923076924
0 0.9855769230769231 0.08533653846153846 0.02283653846153846 0.014423076923076924
0 0.7872596153846154 0.859375 0.15745192307692307 0.08774038461538461
0 0.5324519230769231 0.009615384615384616 0.014423076923076924 0.014423076923076924
0 0.3125 0.08533653846153846 0.02283653846153846 0.014423076923076924
0 0.6394230769230769 0.9026442307692307 0.1346153846153846 0.06971153846153846
0 0.7776442307692307 0.09014423076923077 0.027644230769230768 0.018028846153846152
0 0.8245192307692307 0.9122596153846154 0.16706730769230768 0.05048076923076923
0 0.5600961538461539 0.09254807692307693 0.027644230769230768 0.014423076923076924
0 0.8305288461538461 0.009615384615384616 0.02283653846153846 0.014423076923076924
0 0.4098557692307692 0.09254807692307693 0.02283653846153846 0.014423076923076924
0 0.4951923076923077 0.09495192307692307 0.02283653846153846 0.014423076923076924
0 0.6430288461538461 0.09495192307692307 0.027644230769230768 0.014423076923076924
0 0.08533653846153846 0.09495192307692307 0.02283653846153846 0.014423076923076924
0 0.625 0.09495192307692307 0.027644230769230768 0.014423076923076924
0 0.24519230769230768 0.09735576923076923 0.03245192307692308 0.014423076923076924
0 0.20192307692307693 0.09735576923076923 0.02283653846153846 0.014423076923076924
0 0.36538461538461536 0.09735576923076923 0.018028846153846152 0.014423076923076924
0 0.46274038461538464 0.09735576923076923 0.02283653846153846 0.018028846153846152
0 0.6923076923076923 0.09735576923076923 0.02283653846153846 0.018028846153846152
0 0.4326923076923077 0.09975961538461539 0.02283653846153846 0.018028846153846152
0 0.19951923076923078 0.009615384615384616 0.018028846153846152 0.014423076923076924
0 0.140625 0.10216346153846154 0.03245192307692308 0.014423076923076924
0 0.6105769230769231 0.10216346153846154 0.027644230769230768 0.014423076923076924
0 0.38461538461538464 0.1045673076923077 0.02283653846153846 0.014423076923076924
0 0.8269230769230769 0.1045673076923077 0.018028846153846152 0.014423076923076924
0 0.29447115384615385 0.1045673076923077 0.027644230769230768 0.014423076923076924
0 0.10697115384615384 0.10697115384615384 0.027644230769230768 0.018028846153846152
0 0.8028846153846154 0.11057692307692307 0.018028846153846152 0.018028846153846152
0 0.06490384615384616 0.11057692307692307 0.027644230769230768 0.014423076923076924
0 0.31971153846153844 0.11298076923076923 0.018028846153846152 0.014423076923076924
0 0.24278846153846154 0.11298076923076923 0.02283653846153846 0.014423076923076924
0 0.5228365384615384 0.11778846153846154 0.03245192307692308 0.018028846153846152
0 0.9747596153846154 0.11778846153846154 0.018028846153846152 0.018028846153846152
0 0.4699519230769231 0.1201923076923077 0.027644230769230768 0.018028846153846152
0 0.3870192307692308 0.1201923076923077 0.018028846153846152 0.014423076923076924
0 0.6574519230769231 0.12259615384615384 0.027644230769230768 0.018028846153846152
0 0.75 0.01201923076923077 0.018028846153846152 0.014423076923076924
0 0.8629807692307693 0.12259615384615384 0.027644230769230768 0.018028846153846152
0 0.7728365384615384 0.12259615384615384 0.02283653846153846 0.014423076923076924
0 0.6105769230769231 0.125 0.027644230769230768 0.018028846153846152
0 0.9651442307692307 0.125 0.027644230769230768 0.018028846153846152
0 0.33052884615384615 0.125 0.027644230769230768 0.018028846153846152
0 0.3629807692307692 0.12740384615384615 0.02283653846153846 0.018028846153846152
0 0.1778846153846154 0.12980769230769232 0.037259615384615384 0.02283653846153846
0 0.24519230769230768 0.13221153846153846 0.027644230769230768 0.018028846153846152
0 0.9002403846153846 0.1346153846153846 0.02283653846153846 0.018028846153846152
0 0.7271634615384616 0.13942307692307693 0.03245192307692308 0.018028846153846152
0 0.21754807692307693 0.13942307692307693 0.02283653846153846 0.014423076923076924
0 0.3954326923076923 0.13942307692307693 0.02283653846153846 0.014423076923076924
0 0.5600961538461539 0.13942307692307693 0.027644230769230768 0.018028846153846152
0 0.7596153846153846 0.13942307692307693 0.027644230769230768 0.018028846153846152
0 0.9302884615384616 0.13942307692307693 0.027644230769230768 0.018028846153846152
0 0.6754807692307693 0.140625 0.02283653846153846 0.018028846153846152
0 0.5096153846153846 0.140625 0.027644230769230768 0.018028846153846152
0 0.4423076923076923 0.014423076923076924 0.018028846153846152 0.014423076923076924
0 0.1778846153846154 0.14783653846153846 0.03245192307692308 0.018028846153846152
0 0.640625 0.14783653846153846 0.027644230769230768 0.018028846153846152
0 0.6598557692307693 0.14783653846153846 0.027644230769230768 0.018028846153846152
0 0.8221153846153846 0.14783653846153846 0.027644230769230768 0.018028846153846152
0 0.4675480769230769 0.1502403846153846 0.027644230769230768 0.018028846153846152
0 0.25 0.15264423076923078 0.027644230769230768 0.018028846153846152
0 0.234375 0.15504807692307693 0.027644230769230768 0.02283653846153846
0 0.06490384615384616 0.15745192307692307 0.037259615384615384 0.018028846153846152
0 0.8521634615384616 0.015625 0.014423076923076924 0.014423076923076924
0 0.07451923076923077 0.015625 0.02283653846153846 0.014423076923076924
0 0.2127403846153846 0.15985576923076922 0.027644230769230768 0.018028846153846152
0 0.359375 0.1622596153846154 0.03245192307692308 0.02283653846153846
0 0.8677884615384616 0.1622596153846154 0.03245192307692308 0.018028846153846152
0 0.515625 0.015625 0.014423076923076924 0.009615384615384616
0 0.3269230769230769 0.16706730769230768 0.037259615384615384 0.018028846153846152
0 0.8149038461538461 0.16947115384615385 0.027644230769230768 0.018028846153846152
0 0.4074519230769231 0.16947115384615385 0.037259615384615384 0.018028846153846152
0 0.13942307692307693 0.17307692307692307 0.037259615384615384 0.02283653846153846
0 0.009615384615384616 0.1778846153846154 0.018028846153846152 0.014423076923076924
0 0.5925480769230769 0.018028846153846152 0.018028846153846152 0.009615384615384616
0 0.6971153846153846 0.018028846153846152 0.02283653846153846 0.018028846153846152
0 0.5372596153846154 0.18028846153846154 0.027644230769230768 0.014423076923076924
0 0.09014423076923077 0.18028846153846154 0.027644230769230768 0.02283653846153846
0 0.9855769230769231 0.18509615384615385 0.02283653846153846 0.018028846153846152
0 0.7824519230769231 0.18509615384615385 0.02283653846153846 0.018028846153846152
0 0.9471153846153846 0.18509615384615385 0.042067307692307696 0.018028846153846152
0 0.5372596153846154 0.1875 0.027644230769230768 0.018028846153846152
0 0.7403846153846154 0.19230769230769232 0.03245192307692308 0.018028846153846152
0 0.4951923076923077 0.018028846153846152 0.018028846153846152 0.014423076923076924
0 0.4855769230769231 0.19471153846153846 0.027644230769230768 0.02283653846153846
0 0.203125 0.1971153846153846 0.02283653846153846 0.014423076923076924
0 0.125 0.1971153846153846 0.027644230769230768 0.018028846153846152
0 0.9002403846153846 0.19951923076923078 0.037259615384615384 0.018028846153846152
0 0.7103365384615384 0.20192307692307693 0.027644230769230768 0.018028846153846152
0 0.9723557692307693 0.020432692307692308 0.027644230769230768 0.014423076923076924
0 0.03485576923076923 0.20552884615384615 0.042067307692307696 0.018028846153846152
0 0.6995192307692307 0.20552884615384615 0.046875 0.02283653846153846
0 0.6105769230769231 0.20793269230769232 0.03245192307692308 0.018028846153846152
0 0.25961538461538464 0.20793269230769232 0.03245192307692308 0.018028846153846152
0 0.9399038461538461 0.020432692307692308 0.018028846153846152 0.014423076923076924
0 0.8401442307692307 0.020432692307692308 0.02283653846153846 0.009615384615384616
0 0.6394230769230769 0.21033653846153846 0.027644230769230768 0.02283653846153846
0 0.19471153846153846 0.2127403846153846 0.03245192307692308 0.027644230769230768
0 0.6778846153846154 0.21514423076923078 0.037259615384615384 0.018028846153846152
0 0.09254807692307693 0.21514423076923078 0.03245192307692308 0.018028846153846152
0 0.171875 0.21754807692307693 0.037259615384615384 0.027644230769230768
0 0.4855769230769231 0.21995192307692307 0.03245192307692308 0.018028846153846152
0 0.12740384615384615 0.21995192307692307 0.037259615384615384 0.02283653846153846
0 0.4423076923076923 0.21995192307692307 0.03245192307692308 0.02283653846153846
0 0.9627403846153846 0.22235576923076922 0.037259615384615384 0.018028846153846152
0 0.8305288461538461 0.2247596153846154 0.03245192307692308 0.018028846153846152
0 0.9122596153846154 0.2247596153846154 0.018028846153846152 0.018028846153846152
0 0.04447115384615385 0.2247596153846154 0.037259615384615384 0.02283653846153846
0 0.014423076923076924 0.22716346153846154 0.027644230769230768 0.027644230769230768
0 0.38461538461538464 0.22956730769230768 0.046875 0.02283653846153846
0 0.9122596153846154 0.02283653846153846 0.018028846153846152 0.018028846153846152
0 0.3473557692307692 0.23197115384615385 0.03245192307692308 0.027644230769230768
0 0.8028846153846154 0.23197115384615385 0.042067307692307696 0.027644230769230768
0 0.5396634615384616 0.23197115384615385 0.03245192307692308 0.018028846153846152
0 0.6274038461538461 0.23197115384615385 0.03245192307692308 0.018028846153846152
0 0.5805288461538461 0.234375 0.03245192307692308 0.027644230769230768
0 0.8497596153846154 0.234375 0.037259615384615384 0.018028846153846152
0 0.2644230769230769 0.23557692307692307 0.042067307692307696 0.027644230769230768
0 0.078125 0.23557692307692307 0.03245192307692308 0.02283653846153846
0 0.5997596153846154 0.23798076923076922 0.03245192307692308 0.02283653846153846
0 0.20552884615384615 0.025240384615384616 0.02283653846153846 0.014423076923076924
0 0.4879807692307692 0.24519230769230768 0.037259615384615384 0.02283653846153846
0 0.8846153846153846 0.25 0.042067307692307696 0.027644230769230768
0 0.11298076923076923 0.25 0.03245192307692308 0.02283653846153846
0 0.9302884615384616 0.25 0.027644230769230768 0.02283653846153846
0 0.4026442307692308 0.2548076923076923 0.046875 0.03245192307692308
0 0.9146634615384616 0.2548076923076923 0.042067307692307696 0.027644230769230768
0 0.4651442307692308 0.025240384615384616 0.02283653846153846 0.014423076923076924
0 0.44711538461538464 0.2620192307692308 0.03245192307692308 0.02283653846153846
0 0.04807692307692308 0.2620192307692308 0.05048076923076923 0.02283653846153846
0 0.7427884615384616 0.265625 0.03245192307692308 0.02283653846153846
0 0.8401442307692307 0.265625 0.037259615384615384 0.02283653846153846
0 0.47716346153846156 0.26802884615384615 0.03245192307692308 0.02283653846153846
0 0.09014423076923077 0.2704326923076923 0.046875 0.02283653846153846
0 0.25 0.027644230769230768 0.03245192307692308 0.02283653846153846
0 0.4230769230769231 0.027644230769230768 0.02283653846153846 0.018028846153846152
0 0.6069711538461539 0.27283653846153844 0.046875 0.03245192307692308
0 0.7247596153846154 0.27524038461538464 0.03245192307692308 0.02283653846153846
0 0.22716346153846154 0.2776442307692308 0.042067307692307696 0.02283653846153846
0 0.6899038461538461 0.2800480769230769 0.037259615384615384 0.027644230769230768
0 0.5228365384615384 0.2800480769230769 0.037259615384615384 0.027644230769230768
0 0.007211538461538462 0.2824519230769231 0.014423076923076924 0.02283653846153846
0 0.15745192307692307 0.2824519230769231 0.05048076923076923 0.02283653846153846
0 0.7752403846153846 0.2824519230769231 0.037259615384615384 0.027644230769230768
0 0.5024038461538461 0.2824519230769231 0.046875 0.03245192307692308
0 0.33533653846153844 0.2848557692307692 0.03245192307692308 0.02283653846153846
0 0.5504807692307693 0.28725961538461536 0.037259615384615384 0.02283653846153846
0 0.13701923076923078 0.002403846153846154 0.018028846153846152 0.004807692307692308
0 0.6850961538461539 0.030048076923076924 0.027644230769230768 0.014423076923076924
0 0.6478365384615384 0.28725961538461536 0.03245192307692308 0.027644230769230768
0 0.9903846153846154 0.28966346153846156 0.014423076923076924 0.02283653846153846
0 0.3004807692307692 0.28966346153846156 0.037259615384615384 0.027644230769230768
0 0.9603365384615384 0.29447115384615385 0.046875 0.02283653846153846
0 0.171875 0.030048076923076924 0.027644230769230768 0.014423076923076924
0 0.38221153846153844 0.030048076923076924 0.018028846153846152 0.018028846153846152
0 0.7199519230769231 0.030048076923076924 0.018028846153846152 0.014423076923076924
0 0.8149038461538461 0.2980769230769231 0.03245192307692308 0.02283653846153846
0 0.22716346153846154 0.3004807692307692 0.037259615384615384 0.02283653846153846
0 0.02283653846153846 0.030048076923076924 0.018028846153846152 0.014423076923076924
0 0.15504807692307693 0.3076923076923077 0.05048076923076923 0.027644230769230768
0 0.5024038461538461 0.31009615384615385 0.046875 0.02283653846153846
0 0.8353365384615384 0.31490384615384615 0.037259615384615384 0.03245192307692308
0 0.5396634615384616 0.03245192307692308 0.02283653846153846 0.014423076923076924
0 0.3329326923076923 0.03245192307692308 0.02283653846153846 0.018028846153846152
0 0.8473557692307693 0.03245192307692308 0.027644230769230768 0.018028846153846152
0 0.7680288461538461 0.3173076923076923 0.042067307692307696 0.027644230769230768
0 0.7427884615384616 0.3173076923076923 0.037259615384615384 0.02283653846153846
0 0.2127403846153846 0.31971153846153844 0.042067307692307696 0.02283653846153846
0 0.09014423076923077 0.31971153846153844 0.055288461538461536 0.037259615384615384
0 0.7776442307692307 0.03245192307692308 0.018028846153846152 0.018028846153846152
0 0.5180288461538461 0.328125 0.042067307692307696 0.03245192307692308
0 0.7151442307692307 0.33533653846153844 0.06009615384615385 0.03245192307692308
0 0.203125 0.3473557692307692 0.042067307692307696 0.02283653846153846
0 0.9699519230769231 0.3473557692307692 0.042067307692307696 0.027644230769230768
0 0.109375 0.34975961538461536 0.042067307692307696 0.03245192307692308
0 0.3173076923076923 0.35216346153846156 0.046875 0.03245192307692308
0 0.7848557692307693 0.359375 0.046875 0.027644230769230768
0 0.234375 0.359375 0.042067307692307696 0.03245192307692308
0 0.171875 0.004807692307692308 0.018028846153846152 0.009615384615384616
0 0.6826923076923077 0.004807692307692308 0.014423076923076924 0.009615384615384616
0 0.078125 0.004807692307692308 0.02283653846153846 0.009615384615384616
0 0.6598557692307693 0.3605769230769231 0.05048076923076923 0.037259615384615384
0 0.6574519230769231 0.037259615384615384 0.018028846153846152 0.014423076923076924
0 0.07451923076923077 0.037259615384615384 0.018028846153846152 0.014423076923076924
0 0.5348557692307693 0.3701923076923077 0.055288461538461536 0.037259615384615384
0 0.859375 0.37740384615384615 0.055288461538461536 0.03245192307692308
0 0.2704326923076923 0.3798076923076923 0.042067307692307696 0.027644230769230768
0 0.6995192307692307 0.38461538461538464 0.05048076923076923 0.037259615384615384
0 0.30288461538461536 0.039663461538461536 0.018028846153846152 0.009615384615384616
0 0.5096153846153846 0.039663461538461536 0.027644230769230768 0.018028846153846152
0 0.33052884615384615 0.3894230769230769 0.06971153846153846 0.03245192307692308
0 0.20552884615384615 0.3894230769230769 0.05048076923076923 0.037259615384615384
0 0.3605769230769231 0.039663461538461536 0.02283653846153846 0.014423076923076924
0 0.5829326923076923 0.039663461538461536 0.018028846153846152 0.014423076923076924
0 0.12259615384615384 0.40024038461538464 0.05048076923076923 0.037259615384615384
0 0.796875 0.4050480769230769 0.046875 0.037259615384615384
0 0.4723557692307692 0.4050480769230769 0.06009615384615385 0.037259615384615384
0 0.4495192307692308 0.042067307692307696 0.027644230769230768 0.014423076923076924
0 0.9807692307692307 0.41586538461538464 0.038461538461538464 0.038461538461538464
0 0.33774038461538464 0.4170673076923077 0.055288461538461536 0.042067307692307696
0 0.078125 0.4230769230769231 0.055288461538461536 0.037259615384615384
0 0.8353365384615384 0.43028846153846156 0.06009615384615385 0.042067307692307696
0 0.28966346153846156 0.004807692307692308 0.02283653846153846 0.009615384615384616
0 0.7475961538461539 0.43509615384615385 0.07451923076923077 0.046875
0 0.9375 0.04447115384615385 0.018028846153846152 0.014423076923076924
0 0.4855769230769231 0.44711538461538464 0.06971153846153846 0.037259615384615384
0 0.6923076923076923 0.4519230769230769 0.06009615384615385 0.042067307692307696
0 0.6598557692307693 0.046875 0.02283653846153846 0.014423076923076924
0 0.8028846153846154 0.046875 0.018028846153846152 0.018028846153846152
0 0.6370192307692307 0.453125 0.06009615384615385 0.042067307692307696
0 0.2247596153846154 0.453125 0.06971153846153846 0.03245192307692308
0 0.9747596153846154 0.046875 0.027644230769230768 0.014423076923076924
0 0.22235576923076922 0.046875 0.03245192307692308 0.018028846153846152
0 0.29447115384615385 0.04807692307692308 0.02283653846153846 0.014423076923076924
0 0.14783653846153846 0.47716346153846156 0.078125 0.046875
0 0.027644230769230768 0.04807692307692308 0.03245192307692308 0.018028846153846152
0 0.625 0.49038461538461536 0.07451923076923077 0.05048076923076923
0 0.3173076923076923 0.04807692307692308 0.018028846153846152 0.014423076923076924
0 0.22235576923076922 0.49759615384615385 0.07451923076923077 0.042067307692307696
0 0.46033653846153844 0.007211538461538462 0.02283653846153846 0.014423076923076924
0 0.7295673076923077 0.5180288461538461 0.07451923076923077 0.05048076923076923
0 0.9399038461538461 0.052884615384615384 0.027644230769230768 0.018028846153846152
0 0.9146634615384616 0.546875 0.06971153846153846 0.037259615384615384
0 0.13942307692307693 0.546875 0.09735576923076923 0.06009615384615385
0 0.13221153846153846 0.055288461538461536 0.027644230769230768 0.018028846153846152
0 0.4254807692307692 0.055288461538461536 0.02283653846153846 0.009615384615384616
0 0.23557692307692307 0.055288461538461536 0.027644230769230768 0.018028846153846152
0 0.7896634615384616 0.055288461538461536 0.02283653846153846 0.014423076923076924
0 0.6322115384615384 0.057692307692307696 0.027644230769230768 0.018028846153846152
0 0.9807692307692307 0.5733173076923077 0.038461538461538464 0.040865384615384616
0 0.5096153846153846 0.004807692307692308 0.018028846153846152 0.009615384615384616
0 0.05048076923076923 0.007211538461538462 0.018028846153846152 0.014423076923076924
0 0.5853365384615384 0.057692307692307696 0.027644230769230768 0.018028846153846152
0 0.9675480769230769 0.5769230769230769 0.055288461538461536 0.06009615384615385
0 0.22716346153846154 0.5853365384615384 0.078125 0.05048076923076923
0 0.859375 0.06009615384615385 0.02283653846153846 0.018028846153846152
0 0.4423076923076923 0.5949519230769231 0.07451923076923077 0.046875
0 0.49759615384615385 0.06009615384615385 0.018028846153846152 0.009615384615384616
0 0.08774038461538461 0.06009615384615385 0.03245192307692308 0.018028846153846152
0 0.41466346153846156 0.06009615384615385 0.018028846153846152 0.009615384615384616
0 0.33533653846153844 0.6177884615384616 0.07451923076923077 0.05048076923076923
0 0.8269230769230769 0.06490384615384616 0.03245192307692308 0.018028846153846152
0 0.4170673076923077 0.6478365384615384 0.10216346153846154 0.03245192307692308
0 0.9627403846153846 0.6478365384615384 0.07451923076923077 0.07451923076923077
0 0.38221153846153844 0.06490384615384616 0.02283653846153846 0.014423076923076924
0 0.4519230769230769 0.0673076923076923 0.02283653846153846 0.014423076923076924
0 0.9795673076923077 0.0673076923076923 0.027644230769230768 0.018028846153846152
0 0.2403846153846154 0.06971153846153846 0.018028846153846152 0.014423076923076924
0 0.3245192307692308 0.06971153846153846 0.02283653846153846 0.014423076923076924
0 0.6778846153846154 0.06971153846153846 0.027644230769230768 0.018028846153846152
0 0.43028846153846156 0.6899038461538461 0.09735576923076923 0.06490384615384616
0 0.1875 0.06971153846153846 0.02283653846153846 0.014423076923076924
0 0.6875 0.06971153846153846 0.018028846153846152 0.014423076923076924
0 0.5120192307692307 0.06971153846153846 0.018028846153846152 0.014423076923076924
0 0.7800480769230769 0.07211538461538461 0.02283653846153846 0.018028846153846152
0 0.030048076923076924 0.07211538461538461 0.03245192307692308 0.018028846153846152
0 0.734375 0.07211538461538461 0.027644230769230768 0.018028846153846152