0 0.36778846153846156 0.04567307692307692 0.038461538461538464 0.03125
0 0.8016826923076923 0.1141826923076923 0.03365384615384615 0.026442307692307692
0 0.8605769230769231 0.12379807692307693 0.03365384615384615 0.02403846153846154
0 0.004807692307692308 0.6478365384615384 0.009615384615384616 0.040865384615384616
0 0.11177884615384616 0.009615384615384616 0.036057692307692304 0.019230769230769232
0 0.22355769230769232 0.6971153846153846 0.038461538461538464 0.03125
0 0.27163461538461536 0.036057692307692304 0.038461538461538464 0.028846153846153848
0 0.7956730769230769 0.8485576923076923 0.052884615384615384 0.040865384615384616
0 0.5456730769230769 0.8112980769230769 0.052884615384615384 0.04326923076923077
0 0.9110576923076923 0.8701923076923077 0.05048076923076923 0.040865384615384616
0 0.6634615384615384 0.8341346153846154 0.04567307692307692 0.038461538461538464
0 0.25 0.7860576923076923 0.04807692307692308 0.038461538461538464
0 0.4495192307692308 0.8245192307692307 0.04807692307692308 0.040865384615384616
0 0.10697115384615384 0.7764423076923077 0.052884615384615384 0.038461538461538464
0 0.6802884615384616 0.8786057692307693 0.057692307692307696 0.04567307692307692
0 0.33413461538461536 0.8317307692307693 0.055288461538461536 0.038461538461538464
0 0.9831730769230769 0.08052884615384616 0.03365384615384615 0.02403846153846154
0 0.5997596153846154 0.11778846153846154 0.036057692307692304 0.03125
0 0.9831730769230769 0.18028846153846154 0.03365384615384615 0.028846153846153848
0 0.11298076923076923 0.04326923076923077 0.03125 0.03125
0 0.515625 0.10817307692307693 0.03125 0.028846153846153848
0 0.6850961538461539 0.1346153846153846 0.040865384615384616 0.028846153846153848
0 0.42788461538461536 0.09735576923076923 0.038461538461538464 0.03365384615384615
0 0.8233173076923077 0.16105769230769232 0.03365384615384615 0.028846153846153848
0 0.7475961538461539 0.1502403846153846 0.036057692307692304 0.03125
0 0.30649038461538464 0.0829326923076923 0.040865384615384616 0.03365384615384615
0 0.8689903846153846 0.17668269230769232 0.038461538461538464 0.028846153846153848
0 0.13822115384615385 0.06490384615384616 0.036057692307692304 0.028846153846153848
0 0.07692307692307693 0.05889423076923077 0.03125 0.03125
0 0.23677884615384615 0.09735576923076923 0.036057692307692304 0.03125
0 0.5961538461538461 0.02403846153846154 0.03365384615384615 0.026442307692307692
0 0.9663461538461539 0.22716346153846154 0.038461538461538464 0.03365384615384615
0 0.6778846153846154 0.037259615384615384 0.02403846153846154 0.021634615384615384
0 0.7475961538461539 0.04927884615384615 0.036057692307692304 0.03365384615384615
0 0.8798076923076923 0.06971153846153846 0.028846153846153848 0.03125
0 0.15985576923076922 0.1045673076923077 0.016826923076923076 0.01201923076923077
0 0.8569711538461539 0.0673076923076923 0.028846153846153848 0.03365384615384615
0 0.12860576923076922 0.1045673076923077 0.03365384615384615 0.026442307692307692
0 0.8088942307692307 0.21634615384615385 0.036057692307692304 0.028846153846153848
0 0.41586538461538464 0.15625 0.040865384615384616 0.03365384615384615
0 0.18028846153846154 0.12259615384615384 0.04567307692307692 0.036057692307692304
0 0.7379807692307693 0.2127403846153846 0.038461538461538464 0.03125
0 0.29927884615384615 0.14302884615384615 0.036057692307692304 0.03125
0 0.9038461538461539 0.07572115384615384 0.03365384615384615 0.02403846153846154
0 0.6165865384615384 0.1971153846153846 0.04326923076923077 0.03125
0 0.5372596153846154 0.1875 0.038461538461538464 0.03125
0 0.8858173076923077 0.24158653846153846 0.036057692307692304 0.028846153846153848
0 0.06850961538461539 0.12740384615384615 0.036057692307692304 0.03125
0 0.42788461538461536 0.1935096153846154 0.038461538461538464 0.026442307692307692
0 0.7007211538461539 0.046875 0.036057692307692304 0.028846153846153848
0 0.96875 0.29086538461538464 0.038461538461538464 0.026442307692307692
0 0.5204326923076923 0.22716346153846154 0.040865384615384616 0.03365384615384615
0 0.8978365384615384 0.2920673076923077 0.040865384615384616 0.03125
0 0.5793269230769231 0.2439903846153846 0.038461538461538464 0.028846153846153848
0 0.9627403846153846 0.3076923076923077 0.036057692307692304 0.028846153846153848
0 0.75 0.2776442307692308 0.036057692307692304 0.028846153846153848
0 0.2283653846153846 0.1971153846153846 0.040865384615384616 0.03365384615384615
0 0.8317307692307693 0.2932692307692308 0.036057692307692304 0.03125
0 0.28966346153846156 0.21153846153846154 0.040865384615384616 0.03125
0 0.12620192307692307 0.18509615384615385 0.040865384615384616 0.03125
0 0.375 0.2247596153846154 0.038461538461538464 0.03365384615384615
0 0.6923076923076923 0.27524038461538464 0.03365384615384615 0.028846153846153848
0 0.6370192307692307 0.2704326923076923 0.036057692307692304 0.026442307692307692
0 0.4326923076923077 0.23798076923076922 0.038461538461538464 0.03365384615384615
0 0.6310096153846154 0.040865384615384616 0.036057692307692304 0.03125
0 0.9254807692307693 0.08774038461538461 0.03365384615384615 0.026442307692307692
0 0.7199519230769231 0.057692307692307696 0.038461538461538464 0.036057692307692304
0 0.8353365384615384 0.3425480769230769 0.038461538461538464 0.03125
0 0.9963942307692307 0.36778846153846156 0.007211538461538462 0.03365384615384615
0 0.7403846153846154 0.328125 0.04567307692307692 0.03365384615384615
0 0.4831730769230769 0.28966346153846156 0.04326923076923077 0.03125
0 0.32091346153846156 0.006009615384615385 0.036057692307692304 0.01201923076923077
0 0.5865384615384616 0.3076923076923077 0.04807692307692308 0.036057692307692304
0 0.9254807692307693 0.3641826923076923 0.04567307692307692 0.038461538461538464
0 0.3641826923076923 0.28125 0.038461538461538464 0.03125
0 0.6598557692307693 0.3329326923076923 0.040865384615384616 0.03365384615384615
0 0.15504807692307693 0.2548076923076923 0.05048076923076923 0.036057692307692304
0 0.22956730769230768 0.2848557692307692 0.04326923076923077 0.036057692307692304
0 0.8798076923076923 0.40625 0.04326923076923077 0.036057692307692304
0 0.6862980769230769 0.05889423076923077 0.03125 0.026442307692307692
0 0.9867788461538461 0.43028846153846156 0.026442307692307692 0.038461538461538464
0 0.6911057692307693 0.38822115384615385 0.04326923076923077 0.03125
0 0.7956730769230769 0.40625 0.036057692307692304 0.028846153846153848
0 0.36899038461538464 0.34134615384615385 0.040865384615384616 0.03125
0 0.5829326923076923 0.3786057692307692 0.036057692307692304 0.028846153846153848
0 0.49399038461538464 0.36658653846153844 0.04326923076923077 0.03125
0 0.9951923076923077 0.11057692307692307 0.009615384615384616 0.019230769230769232
0 0.3954326923076923 0.375 0.040865384615384616 0.028846153846153848
0 0.1346153846153846 0.3401442307692308 0.038461538461538464 0.03125
0 0.17548076923076922 0.3473557692307692 0.05048076923076923 0.036057692307692304
0 0.06971153846153846 0.33533653846153844 0.04567307692307692 0.036057692307692304
0 0.9699519230769231 0.49759615384615385 0.038461538461538464 0.03365384615384615
0 0.27884615384615385 0.008413461538461538 0.03365384615384615 0.016826923076923076
0 0.30288461538461536 0.39783653846153844 0.04326923076923077 0.040865384615384616
0 0.3473557692307692 0.013221153846153846 0.03125 0.02403846153846154
0 0.5901442307692307 0.44711538461538464 0.04807692307692308 0.038461538461538464
0 0.8798076923076923 0.4951923076923077 0.040865384615384616 0.03365384615384615
0 0.5024038461538461 0.44471153846153844 0.04326923076923077 0.040865384615384616
0 0.7536057692307693 0.4891826923076923 0.040865384615384616 0.03365384615384615
0 0.38221153846153844 0.43990384615384615 0.036057692307692304 0.03125
0 0.16826923076923078 0.4098557692307692 0.038461538461538464 0.036057692307692304
0 0.054086538461538464 0.40024038461538464 0.04567307692307692 0.040865384615384616
0 0.23918269230769232 0.009615384615384616 0.036057692307692304 0.019230769230769232
0 0.6802884615384616 0.5324519230769231 0.040865384615384616 0.03125
0 0.3762019230769231 0.49158653846153844 0.052884615384615384 0.03365384615384615
0 0.2512019230769231 0.4723557692307692 0.04326923076923077 0.038461538461538464
0 0.5757211538461539 0.5288461538461539 0.04567307692307692 0.038461538461538464
0 0.7800480769230769 0.5649038461538461 0.036057692307692304 0.03125
0 0.9086538461538461 0.5853365384615384 0.036057692307692304 0.03125
0 0.46634615384615385 0.515625 0.040865384615384616 0.036057692307692304
0 0.06971153846153846 0.45552884615384615 0.04807692307692308 0.03365384615384615
0 0.6466346153846154 0.07091346153846154 0.036057692307692304 0.03365384615384615
0 0.17668269230769232 0.4951923076923077 0.038461538461538464 0.03365384615384615
0 0.9254807692307693 0.11778846153846154 0.036057692307692304 0.026442307692307692
0 0.8509615384615384 0.10697115384615384 0.03365384615384615 0.026442307692307692
0 0.9927884615384616 0.13341346153846154 0.014423076923076924 0.03125
0 0.39903846153846156 0.5889423076923077 0.04567307692307692 0.036057692307692304
0 0.49399038461538464 0.6033653846153846 0.04326923076923077 0.036057692307692304
0 0.5925480769230769 0.6213942307692307 0.04567307692307692 0.036057692307692304
0 0.9375 0.6766826923076923 0.04567307692307692 0.036057692307692304
0 0.7620192307692307 0.6586538461538461 0.04807692307692308 0.038461538461538464
0 0.23677884615384615 0.5793269230769231 0.04567307692307692 0.038461538461538464
0 0.8653846153846154 0.6790865384615384 0.04326923076923077 0.03125
0 0.6694711538461539 0.6514423076923077 0.04567307692307692 0.036057692307692304
0 0.1141826923076923 0.5709134615384616 0.04807692307692308 0.040865384615384616
0 0.5865384615384616 0.07211538461538461 0.038461538461538464 0.028846153846153848
0 0.31009615384615385 0.609375 0.040865384615384616 0.03125
0 0.4411057692307692 0.04927884615384615 0.036057692307692304 0.03365384615384615
0 0.05048076923076923 0.5733173076923077 0.04807692307692308 0.04326923076923077
0 0.47115384615384615 0.055288461538461536 0.036057692307692304 0.02403846153846154
0 0.7415865384615384 0.09735576923076923 0.03365384615384615 0.03125
0 0.515625 0.06370192307692307 0.038461538461538464 0.03125
0 0.19230769230769232 0.013221153846153846 0.03365384615384615 0.026442307692307692
0 0.5829326923076923 0.703125 0.05048076923076923 0.040865384615384616
0 0.8966346153846154 0.7524038461538461 0.05048076923076923 0.04326923076923077
0 0.7079326923076923 0.7295673076923077 0.04326923076923077 0.040865384615384616
0 0.49399038461538464 0.6995192307692307 0.04807692307692308 0.03365384615384615
0 0.8040865384615384 0.7512019230769231 0.05048076923076923 0.036057692307692304
0 0.15745192307692307 0.01201923076923077 0.036057692307692304 0.02403846153846154
0 0.25721153846153844 0.6730769230769231 0.052884615384615384 0.036057692307692304
0 0.3762019230769231 0.6959134615384616 0.038461538461538464 0.036057692307692304
0 0.12259615384615384 0.6610576923076923 0.04807692307692308 0.038461538461538464