0 0.453125 0.10697115384615384 0.028846153846153848 0.038461538461538464
0 0.9759615384615384 0.12740384615384615 0.019230769230769232 0.03365384615384615
0 0.9086538461538461 0.12740384615384615 0.03365384615384615 0.04326923076923077
0 0.6177884615384616 0.11658653846153846 0.028846153846153848 0.04326923076923077
0 0.49278846153846156 0.11538461538461539 0.028846153846153848 0.03365384615384615
0 0.5240384615384616 0.01201923076923077 0.019230769230769232 0.02403846153846154
0 0.3605769230769231 0.009615384615384616 0.019230769230769232 0.019230769230769232
0 0.20072115384615385 0.1045673076923077 0.028846153846153848 0.038461538461538464
0 0.036057692307692304 0.0985576923076923 0.03365384615384615 0.038461538461538464
0 0.8581730769230769 0.12980769230769232 0.02403846153846154 0.028846153846153848
0 0.17307692307692307 0.11057692307692307 0.019230769230769232 0.03365384615384615
0 0.5072115384615384 0.01201923076923077 0.02403846153846154 0.02403846153846154
0 0.6574519230769231 0.019230769230769232 0.019230769230769232 0.02403846153846154
0 0.7956730769230769 0.1346153846153846 0.028846153846153848 0.03365384615384615
0 0.42788461538461536 0.125 0.028846153846153848 0.03365384615384615
0 0.953125 0.14302884615384615 0.028846153846153848 0.03365384615384615
0 0.30288461538461536 0.1201923076923077 0.028846153846153848 0.04326923076923077
0 0.703125 0.1346153846153846 0.028846153846153848 0.04326923076923077
0 0.40625 0.12860576923076922 0.028846153846153848 0.04326923076923077
0 0.28846153846153844 0.12980769230769232 0.028846153846153848 0.038461538461538464
0 0.18870192307692307 0.12620192307692307 0.03365384615384615 0.04326923076923077
0 0.8617788461538461 0.14903846153846154 0.03365384615384615 0.03365384615384615
0 0.46634615384615385 0.13581730769230768 0.02403846153846154 0.038461538461538464
0 0.7367788461538461 0.14543269230769232 0.02403846153846154 0.038461538461538464
0 0.35336538461538464 0.1346153846153846 0.028846153846153848 0.028846153846153848
0 0.9242788461538461 0.15384615384615385 0.03365384615384615 0.04326923076923077
0 0.9867788461538461 0.15625 0.026442307692307692 0.04807692307692308
0 0.2403846153846154 0.1310096153846154 0.03365384615384615 0.04326923076923077
0 0.10576923076923077 0.12620192307692307 0.028846153846153848 0.04326923076923077
0 0.5144230769230769 0.14302884615384615 0.02403846153846154 0.038461538461538464
0 0.4795673076923077 0.14423076923076922 0.03365384615384615 0.04326923076923077
0 0.8016826923076923 0.026442307692307692 0.014423076923076924 0.02403846153846154
0 0.44350961538461536 0.014423076923076924 0.026442307692307692 0.028846153846153848
0 0.6742788461538461 0.15384615384615385 0.03365384615384615 0.04326923076923077
0 0.15264423076923078 0.140625 0.03365384615384615 0.04807692307692308
0 0.5372596153846154 0.15384615384615385 0.028846153846153848 0.04326923076923077
0 0.22235576923076922 0.14302884615384615 0.028846153846153848 0.04326923076923077
0 0.12740384615384615 0.14182692307692307 0.03365384615384615 0.04326923076923077
0 0.9975961538461539 0.03125 0.004807692307692308 0.019230769230769232
0 0.07451923076923077 0.14182692307692307 0.03365384615384615 0.04326923076923077
0 0.6370192307692307 0.1622596153846154 0.028846153846153848 0.03365384615384615
0 0.5841346153846154 0.15985576923076922 0.028846153846153848 0.038461538461538464
0 0.4338942307692308 0.15745192307692307 0.028846153846153848 0.03365384615384615
0 0.734375 0.17067307692307693 0.03365384615384615 0.038461538461538464
0 0.02403846153846154 0.1502403846153846 0.02403846153846154 0.04326923076923077
0 0.35216346153846156 0.1622596153846154 0.02403846153846154 0.038461538461538464
0 0.042067307692307696 0.15144230769230768 0.03365384615384615 0.05048076923076923
0 0.3076923076923077 0.01201923076923077 0.02403846153846154 0.02403846153846154
0 0.8052884615384616 0.18028846153846154 0.03365384615384615 0.04326923076923077
0 0.8557692307692307 0.1814903846153846 0.03365384615384615 0.04807692307692308
0 0.6478365384615384 0.17668269230769232 0.03365384615384615 0.038461538461538464
0 0.8762019230769231 0.18870192307692307 0.028846153846153848 0.04807692307692308
0 0.36538461538461536 0.17067307692307693 0.028846153846153848 0.04807692307692308
0 0.3317307692307692 0.16947115384615385 0.03365384615384615 0.03365384615384615
0 0.1045673076923077 0.16346153846153846 0.038461538461538464 0.03365384615384615
0 0.28846153846153844 0.17067307692307693 0.028846153846153848 0.038461538461538464
0 0.5420673076923077 0.019230769230769232 0.019230769230769232 0.02403846153846154
0 0.7632211538461539 0.18870192307692307 0.028846153846153848 0.04326923076923077
0 0.5012019230769231 0.18028846153846154 0.02403846153846154 0.03365384615384615
0 0.9435096153846154 0.19591346153846154 0.028846153846153848 0.038461538461538464
0 0.8341346153846154 0.028846153846153848 0.02403846153846154 0.028846153846153848
0 0.6346153846153846 0.02283653846153846 0.02403846153846154 0.03365384615384615
0 0.6754807692307693 0.20072115384615385 0.028846153846153848 0.038461538461538464
0 0.40625 0.19110576923076922 0.028846153846153848 0.04807692307692308
0 0.78125 0.20673076923076922 0.03365384615384615 0.04326923076923077
0 0.10817307692307693 0.008413461538461538 0.028846153846153848 0.016826923076923076
0 0.6899038461538461 0.026442307692307692 0.019230769230769232 0.03365384615384615
0 0.4795673076923077 0.019230769230769232 0.014423076923076924 0.019230769230769232
0 0.7403846153846154 0.20793269230769232 0.02403846153846154 0.04326923076923077
0 0.5288461538461539 0.20072115384615385 0.028846153846153848 0.04807692307692308
0 0.0985576923076923 0.1875 0.028846153846153848 0.038461538461538464
0 0.17067307692307693 0.18990384615384615 0.03365384615384615 0.04326923076923077
0 0.21634615384615385 0.1935096153846154 0.028846153846153848 0.04326923076923077
0 0.020432692307692308 0.18629807692307693 0.019230769230769232 0.05048076923076923
0 0.9350961538461539 0.21875 0.03365384615384615 0.03365384615384615
0 0.7115384615384616 0.2127403846153846 0.03365384615384615 0.038461538461538464
0 0.6069711538461539 0.21153846153846154 0.028846153846153848 0.04326923076923077
0 0.9627403846153846 0.22355769230769232 0.028846153846153848 0.038461538461538464
0 0.8100961538461539 0.21875 0.03365384615384615 0.03365384615384615
0 0.7367788461538461 0.028846153846153848 0.019230769230769232 0.03365384615384615
0 0.3389423076923077 0.016826923076923076 0.028846153846153848 0.03365384615384615
0 0.12980769230769232 0.010817307692307692 0.028846153846153848 0.021634615384615384
0 0.7163461538461539 0.030048076923076924 0.019230769230769232 0.02403846153846154
0 0.5697115384615384 0.22235576923076922 0.03365384615384615 0.04326923076923077
0 0.6418269230769231 0.22956730769230768 0.038461538461538464 0.04807692307692308
0 0.3245192307692308 0.21875 0.03365384615384615 0.05048076923076923
0 0.4266826923076923 0.2247596153846154 0.02403846153846154 0.03365384615384615
0 0.2439903846153846 0.21754807692307693 0.028846153846153848 0.04807692307692308
0 0.375 0.2247596153846154 0.028846153846153848 0.038461538461538464
0 0.25240384615384615 0.014423076923076924 0.019230769230769232 0.028846153846153848
0 0.484375 0.23076923076923078 0.03365384615384615 0.038461538461538464
0 0.9302884615384616 0.24879807692307693 0.028846153846153848 0.04326923076923077
0 0.8918269230769231 0.24759615384615385 0.028846153846153848 0.04326923076923077
0 0.6694711538461539 0.2403846153846154 0.038461538461538464 0.04326923076923077
0 0.796875 0.24519230769230768 0.03365384615384615 0.038461538461538464
0 0.2800480769230769 0.23197115384615385 0.03365384615384615 0.04326923076923077
0 0.9399038461538461 0.040865384615384616 0.019230769230769232 0.028846153846153848
0 0.09014423076923077 0.23076923076923078 0.03365384615384615 0.04326923076923077
0 0.8653846153846154 0.25721153846153844 0.03365384615384615 0.038461538461538464
0 0.1875 0.234375 0.028846153846153848 0.04807692307692308
0 0.8737980769230769 0.038461538461538464 0.019230769230769232 0.03365384615384615
0 0.42788461538461536 0.25721153846153844 0.03365384615384615 0.04326923076923077
0 0.5228365384615384 0.26322115384615385 0.038461538461538464 0.052884615384615384
0 0.7920673076923077 0.03485576923076923 0.02403846153846154 0.03365384615384615
0 0.609375 0.03125 0.02403846153846154 0.03365384615384615
0 0.5637019230769231 0.030048076923076924 0.019230769230769232 0.028846153846153848
0 0.7307692307692307 0.2764423076923077 0.04326923076923077 0.04807692307692308
0 0.9483173076923077 0.28365384615384615 0.038461538461538464 0.04807692307692308
0 0.8677884615384616 0.2860576923076923 0.028846153846153848 0.04807692307692308
0 0.4014423076923077 0.27163461538461536 0.03365384615384615 0.04326923076923077
0 0.13341346153846154 0.2644230769230769 0.028846153846153848 0.05048076923076923
0 0.23076923076923078 0.26802884615384615 0.038461538461538464 0.052884615384615384
0 0.7920673076923077 0.28725961538461536 0.03365384615384615 0.04326923076923077
0 0.9915865384615384 0.2932692307692308 0.016826923076923076 0.03365384615384615
0 0.7415865384615384 0.2860576923076923 0.028846153846153848 0.055288461538461536
0 0.5649038461538461 0.2824519230769231 0.03365384615384615 0.04807692307692308
0 0.052884615384615384 0.014423076923076924 0.02403846153846154 0.028846153846153848
0 0.6899038461538461 0.29086538461538464 0.02403846153846154 0.05048076923076923
0 0.30528846153846156 0.2776442307692308 0.028846153846153848 0.04807692307692308
0 0.5973557692307693 0.2932692307692308 0.03365384615384615 0.04326923076923077
0 0.46274038461538464 0.28846153846153844 0.03365384615384615 0.05048076923076923
0 0.2644230769230769 0.28125 0.03365384615384615 0.03365384615384615
0 0.3245192307692308 0.28846153846153844 0.03365384615384615 0.04807692307692308
0 0.890625 0.04326923076923077 0.019230769230769232 0.03365384615384615
0 0.06009615384615385 0.27884615384615385 0.03365384615384615 0.04807692307692308
0 0.037259615384615384 0.2776442307692308 0.03365384615384615 0.04807692307692308
0 0.6526442307692307 0.30528846153846156 0.038461538461538464 0.04807692307692308
0 0.90625 0.31971153846153844 0.02403846153846154 0.04807692307692308
0 0.4375 0.3076923076923077 0.028846153846153848 0.038461538461538464
0 0.47836538461538464 0.3112980769230769 0.03365384615384615 0.04807692307692308
0 0.6490384615384616 0.037259615384615384 0.019230769230769232 0.02403846153846154
0 0.2920673076923077 0.025240384615384616 0.02403846153846154 0.038461538461538464
0 0.8858173076923077 0.34134615384615385 0.028846153846153848 0.04807692307692308
0 0.7860576923076923 0.33774038461538464 0.038461538461538464 0.052884615384615384
0 0.2692307692307692 0.02403846153846154 0.02403846153846154 0.03365384615384615
0 0.4098557692307692 0.03125 0.02403846153846154 0.038461538461538464
0 0.26802884615384615 0.3269230769230769 0.038461538461538464 0.052884615384615384
0 0.34134615384615385 0.3293269230769231 0.038461538461538464 0.052884615384615384
0 0.6658653846153846 0.34375 0.03365384615384615 0.05048076923076923
0 0.052884615384615384 0.3245192307692308 0.038461538461538464 0.057692307692307696
0 0.5757211538461539 0.3449519230769231 0.038461538461538464 0.04807692307692308
0 0.9567307692307693 0.3581730769230769 0.03365384615384615 0.05048076923076923
0 0.9086538461538461 0.04927884615384615 0.019230769230769232 0.028846153846153848
0 0.43028846153846156 0.3449519230769231 0.04326923076923077 0.052884615384615384
0 0.734375 0.3581730769230769 0.038461538461538464 0.0625
0 0.15745192307692307 0.3425480769230769 0.038461538461538464 0.057692307692307696
0 0.6610576923076923 0.039663461538461536 0.02403846153846154 0.028846153846153848
0 0.5372596153846154 0.36177884615384615 0.038461538461538464 0.052884615384615384
0 0.17668269230769232 0.34975961538461536 0.04807692307692308 0.057692307692307696
0 0.8293269230769231 0.3713942307692308 0.028846153846153848 0.04326923076923077
0 0.7560096153846154 0.04567307692307692 0.02403846153846154 0.04326923076923077
0 0.5456730769230769 0.038461538461538464 0.019230769230769232 0.028846153846153848
0 0.11177884615384616 0.35697115384615385 0.038461538461538464 0.052884615384615384
0 0.9891826923076923 0.38822115384615385 0.021634615384615384 0.05048076923076923
0 0.7548076923076923 0.38341346153846156 0.03365384615384615 0.05048076923076923
0 0.6887019230769231 0.04326923076923077 0.019230769230769232 0.03365384615384615
0 0.8461538461538461 0.3894230769230769 0.04326923076923077 0.057692307692307696
0 0.5913461538461539 0.38822115384615385 0.03365384615384615 0.05048076923076923
0 0.390625 0.036057692307692304 0.014423076923076924 0.019230769230769232
0 0.013221153846153846 0.3786057692307692 0.019230769230769232 0.06490384615384616
0 0.9254807692307693 0.054086538461538464 0.02403846153846154 0.038461538461538464
0 0.5901442307692307 0.042067307692307696 0.028846153846153848 0.03365384615384615
0 0.24158653846153846 0.38822115384615385 0.03365384615384615 0.038461538461538464
0 0.8064903846153846 0.41346153846153844 0.038461538461538464 0.057692307692307696
0 0.3581730769230769 0.4026442307692308 0.028846153846153848 0.04326923076923077
0 0.6610576923076923 0.41346153846153844 0.04326923076923077 0.04807692307692308
0 0.45072115384615385 0.40625 0.038461538461538464 0.04326923076923077
0 0.8822115384615384 0.4230769230769231 0.038461538461538464 0.0625
0 0.7295673076923077 0.4206730769230769 0.03365384615384615 0.06009615384615385
0 0.34134615384615385 0.40625 0.028846153846153848 0.055288461538461536
0 0.48677884615384615 0.4170673076923077 0.03365384615384615 0.05048076923076923
0 0.7055288461538461 0.051682692307692304 0.02403846153846154 0.028846153846153848
0 0.125 0.4170673076923077 0.038461538461538464 0.057692307692307696
0 0.5120192307692307 0.4326923076923077 0.038461538461538464 0.052884615384615384
0 0.9927884615384616 0.4519230769230769 0.014423076923076924 0.04807692307692308
0 0.234375 0.4254807692307692 0.03365384615384615 0.05048076923076923
0 0.6454326923076923 0.4495192307692308 0.03365384615384615 0.05048076923076923
0 0.6911057692307693 0.4543269230769231 0.028846153846153848 0.05048076923076923
0 0.4807692307692308 0.04567307692307692 0.019230769230769232 0.028846153846153848
0 0.0625 0.4362980769230769 0.03365384615384615 0.04807692307692308
0 0.030048076923076924 0.4362980769230769 0.04326923076923077 0.052884615384615384
0 0.36658653846153844 0.45072115384615385 0.04567307692307692 0.07211538461538461
0 0.4483173076923077 0.4579326923076923 0.04326923076923077 0.0673076923076923
0 0.5985576923076923 0.4639423076923077 0.038461538461538464 0.052884615384615384
0 0.9579326923076923 0.0625 0.02403846153846154 0.03365384615384615
0 0.10576923076923077 0.03245192307692308 0.028846153846153848 0.04326923076923077
0 0.9387019230769231 0.47836538461538464 0.038461538461538464 0.057692307692307696
0 0.07572115384615384 0.03245192307692308 0.02403846153846154 0.038461538461538464
0 0.036057692307692304 0.03125 0.028846153846153848 0.038461538461538464
0 0.34615384615384615 0.042067307692307696 0.028846153846153848 0.038461538461538464
0 0.8353365384615384 0.49399038461538464 0.03365384615384615 0.06009615384615385
0 0.6646634615384616 0.49158653846153844 0.04326923076923077 0.0673076923076923
0 0.7872596153846154 0.49759615384615385 0.038461538461538464 0.04807692307692308
0 0.9927884615384616 0.0673076923076923 0.014423076923076924 0.04807692307692308
0 0.5276442307692307 0.4963942307692308 0.052884615384615384 0.0673076923076923
0 0.2403846153846154 0.4855769230769231 0.04326923076923077 0.0625
0 0.9783653846153846 0.5144230769230769 0.04326923076923077 0.07211538461538461
0 0.19831730769230768 0.039663461538461536 0.028846153846153848 0.04326923076923077
0 0.17548076923076922 0.038461538461538464 0.02403846153846154 0.03365384615384615
0 0.8798076923076923 0.515625 0.04326923076923077 0.0625
0 0.15264423076923078 0.5060096153846154 0.04326923076923077 0.057692307692307696
0 0.6610576923076923 0.057692307692307696 0.02403846153846154 0.028846153846153848
0 0.2403846153846154 0.04326923076923077 0.028846153846153848 0.038461538461538464
0 0.45072115384615385 0.05048076923076923 0.019230769230769232 0.03365384615384615
0 0.34615384615384615 0.5228365384615384 0.052884615384615384 0.0673076923076923
0 0.025240384615384616 0.5120192307692307 0.05048076923076923 0.07211538461538461
0 0.8112980769230769 0.5432692307692307 0.04326923076923077 0.0673076923076923
0 0.9855769230769231 0.06971153846153846 0.028846153846153848 0.03365384615384615
0 0.7776442307692307 0.0625 0.02403846153846154 0.028846153846153848
0 0.6334134615384616 0.5444711538461539 0.04807692307692308 0.0673076923076923
0 0.9206730769230769 0.5588942307692307 0.038461538461538464 0.0673076923076923
0 0.7307692307692307 0.0625 0.02403846153846154 0.03365384615384615
0 0.7956730769230769 0.06490384615384616 0.019230769230769232 0.02403846153846154
0 0.3786057692307692 0.05048076923076923 0.028846153846153848 0.03365384615384615
0 0.8557692307692307 0.0673076923076923 0.028846153846153848 0.04326923076923077
0 0.44471153846153844 0.5625 0.052884615384615384 0.0673076923076923
0 0.3125 0.04807692307692308 0.028846153846153848 0.03365384615384615
0 0.5733173076923077 0.06009615384615385 0.02403846153846154 0.038461538461538464
0 0.6983173076923077 0.06490384615384616 0.02403846153846154 0.02403846153846154
0 0.6382211538461539 0.0625 0.02403846153846154 0.03365384615384615
0 0.1201923076923077 0.5649038461538461 0.038461538461538464 0.0673076923076923
0 0.5324519230769231 0.5793269230769231 0.052884615384615384 0.052884615384615384
0 0.3449519230769231 0.5757211538461539 0.028846153846153848 0.06490384615384616
0 0.8293269230769231 0.6069711538461539 0.052884615384615384 0.0673076923076923
0 0.8930288461538461 0.0733173076923077 0.02403846153846154 0.03365384615384615
0 0.30649038461538464 0.5925480769230769 0.0625 0.0673076923076923
0 0.21875 0.5949519230769231 0.057692307692307696 0.07932692307692307
0 0.8918269230769231 0.6177884615384616 0.04326923076923077 0.0673076923076923
0 0.734375 0.6153846153846154 0.04326923076923077 0.0673076923076923
0 0.12620192307692307 0.046875 0.02403846153846154 0.04326923076923077
0 0.8305288461538461 0.0733173076923077 0.019230769230769232 0.03365384615384615
0 0.5300480769230769 0.06370192307692307 0.028846153846153848 0.03365384615384615
0 0.9555288461538461 0.6430288461538461 0.04326923076923077 0.0673076923076923
0 0.5252403846153846 0.6358173076923077 0.052884615384615384 0.07211538461538461
0 0.08774038461538461 0.6286057692307693 0.038461538461538464 0.057692307692307696
0 0.44711538461538464 0.6418269230769231 0.052884615384615384 0.0673076923076923
0 0.014423076923076924 0.6286057692307693 0.028846153846153848 0.06490384615384616
0 0.7067307692307693 0.6646634615384616 0.057692307692307696 0.0673076923076923
0 0.6538461538461539 0.6634615384615384 0.057692307692307696 0.07932692307692307
0 0.3112980769230769 0.6610576923076923 0.052884615384615384 0.07932692307692307
0 0.12379807692307693 0.65625 0.04807692307692308 0.0673076923076923
0 0.8040865384615384 0.078125 0.02403846153846154 0.038461538461538464
0 0.46875 0.06610576923076923 0.02403846153846154 0.03365384615384615
0 0.8317307692307693 0.6875 0.052884615384615384 0.07932692307692307
0 0.3894230769230769 0.6766826923076923 0.052884615384615384 0.0673076923076923
0 0.9807692307692307 0.7271634615384616 0.026442307692307692 0.07932692307692307
0 0.47716346153846156 0.7091346153846154 0.052884615384615384 0.0625
0 0.6899038461538461 0.078125 0.02403846153846154 0.04326923076923077
0 0.3870192307692308 0.06850961538461539 0.019230769230769232 0.028846153846153848
0 0.25 0.7115384615384616 0.04807692307692308 0.057692307692307696
0 0.9074519230769231 0.08653846153846154 0.03365384615384615 0.03365384615384615
0 0.9951923076923077 0.0889423076923077 0.009615384615384616 0.02403846153846154
0 0.7091346153846154 0.7367788461538461 0.057692307692307696 0.07932692307692307
0 0.5288461538461539 0.7307692307692307 0.052884615384615384 0.07692307692307693
0 0.1310096153846154 0.7295673076923077 0.04326923076923077 0.0673076923076923
0 0.5889423076923077 0.07932692307692307 0.028846153846153848 0.04326923076923077
0 0.890625 0.7704326923076923 0.057692307692307696 0.07932692307692307
0 0.36658653846153844 0.7548076923076923 0.04807692307692308 0.0673076923076923
0 0.054086538461538464 0.7463942307692307 0.04807692307692308 0.0673076923076923
0 0.07572115384615384 0.06129807692307692 0.03365384615384615 0.04326923076923077
0 0.8689903846153846 0.09014423076923077 0.028846153846153848 0.04326923076923077
0 0.5997596153846154 0.7884615384615384 0.05048076923076923 0.07692307692307693
0 0.6550480769230769 0.0829326923076923 0.028846153846153848 0.04326923076923077
0 0.4699519230769231 0.7860576923076923 0.057692307692307696 0.07932692307692307
0 0.22596153846153846 0.7872596153846154 0.0673076923076923 0.08413461538461539
0 0.009615384615384616 0.7800480769230769 0.019230769230769232 0.06971153846153846
0 0.33653846153846156 0.07451923076923077 0.028846153846153848 0.03365384615384615
0 0.5168269230769231 0.08052884615384616 0.02403846153846154 0.03365384615384615
0 0.7716346153846154 0.8197115384615384 0.04326923076923077 0.0625
0 0.9242788461538461 0.8245192307692307 0.0673076923076923 0.07692307692307693
0 0.8149038461538461 0.09375 0.028846153846153848 0.03365384615384615
0 0.7668269230769231 0.09254807692307693 0.02403846153846154 0.04326923076923077
0 0.40384615384615385 0.07932692307692307 0.028846153846153848 0.04326923076923077
0 0.8497596153846154 0.021634615384615384 0.019230769230769232 0.019230769230769232
0 0.7463942307692307 0.09375 0.02403846153846154 0.028846153846153848
0 0.9266826923076923 0.8762019230769231 0.10096153846153846 0.09134615384615384
0 0.3918269230769231 0.8641826923076923 0.052884615384615384 0.07692307692307693
0 0.4423076923076923 0.08533653846153846 0.028846153846153848 0.03365384615384615
0 0.0673076923076923 0.8605769230769231 0.057692307692307696 0.07211538461538461
0 0.6322115384615384 0.09254807692307693 0.02403846153846154 0.03365384615384615
0 0.8317307692307693 0.8966346153846154 0.0673076923076923 0.04326923076923077
0 0.2692307692307692 0.08173076923076923 0.028846153846153848 0.04326923076923077
0 0.1622596153846154 0.078125 0.02403846153846154 0.04326923076923077
0 0.9338942307692307 0.10697115384615384 0.03365384615384615 0.04807692307692308
0 0.6069711538461539 0.09615384615384616 0.02403846153846154 0.03365384615384615
0 0.25961538461538464 0.08413461538461539 0.019230769230769232 0.03365384615384615
0 0.19471153846153846 0.08173076923076923 0.02403846153846154 0.028846153846153848
0 0.23197115384615385 0.08533653846153846 0.03365384615384615 0.04326923076923077
0 0.28846153846153844 0.006009615384615385 0.019230769230769232 0.01201923076923077
0 0.7163461538461539 0.1045673076923077 0.02403846153846154 0.03365384615384615
0 0.5673076923076923 0.10216346153846154 0.02403846153846154 0.038461538461538464
0 0.8004807692307693 0.11057692307692307 0.028846153846153848 0.028846153846153848
0 0.3737980769230769 0.09495192307692307 0.028846153846153848 0.04807692307692308
0 0.8834134615384616 0.11538461538461539 0.028846153846153848 0.04807692307692308
0 0.16947115384615385 0.09014423076923077 0.019230769230769232 0.028846153846153848
0 0.3173076923076923 0.09735576923076923 0.028846153846153848 0.03365384615384615