0 0.8233173076923077 0.4795673076923077 0.019230769230769232 0.016826923076923076
0 0.6045673076923077 0.6021634615384616 0.004807692307692308 0.004807692307692308
0 0.6418269230769231 0.5973557692307693 0.009615384615384616 0.007211538461538462
0 0.65625 0.5949519230769231 0.009615384615384616 0.007211538461538462
0 0.5600961538461539 0.6117788461538461 0.01201923076923077 0.01201923076923077
0 0.5685096153846154 0.6105769230769231 0.01201923076923077 0.01201923076923077
0 0.6225961538461539 0.6021634615384616 0.016826923076923076 0.016826923076923076
0 0.5949519230769231 0.6069711538461539 0.009615384615384616 0.007211538461538462
0 0.578125 0.609375 0.016826923076923076 0.01201923076923077
0 0.6081730769230769 0.6045673076923077 0.009615384615384616 0.007211538461538462
0 0.7463942307692307 0.5853365384615384 0.009615384615384616 0.007211538461538462
0 0.6670673076923077 0.5973557692307693 0.016826923076923076 0.01201923076923077
0 0.5396634615384616 0.6177884615384616 0.016826923076923076 0.016826923076923076
0 0.7367788461538461 0.5865384615384616 0.004807692307692308 0.004807692307692308
0 0.7560096153846154 0.5829326923076923 0.01201923076923077 0.01201923076923077
0 0.7043269230769231 0.5913461538461539 0.016826923076923076 0.01201923076923077
0 0.7824519230769231 0.5817307692307693 0.016826923076923076 0.01201923076923077
0 0.7716346153846154 0.5841346153846154 0.016826923076923076 0.01201923076923077
0 0.7139423076923077 0.5925480769230769 0.016826923076923076 0.01201923076923077
0 0.6935096153846154 0.5985576923076923 0.016826923076923076 0.01201923076923077
0 0.5889423076923077 0.6153846153846154 0.009615384615384616 0.007211538461538462
0 0.7367788461538461 0.5913461538461539 0.016826923076923076 0.01201923076923077
0 0.6454326923076923 0.6057692307692307 0.016826923076923076 0.01201923076923077
0 0.6334134615384616 0.6081730769230769 0.019230769230769232 0.016826923076923076
0 0.7872596153846154 0.5853365384615384 0.016826923076923076 0.01201923076923077
0 0.7283653846153846 0.5949519230769231 0.016826923076923076 0.01201923076923077
0 0.5961538461538461 0.6189903846153846 0.016826923076923076 0.016826923076923076
0 0.6850961538461539 0.6045673076923077 0.016826923076923076 0.01201923076923077
0 0.75 0.59375 0.016826923076923076 0.01201923076923077
0 0.7608173076923077 0.5925480769230769 0.016826923076923076 0.016826923076923076
0 0.796875 0.5865384615384616 0.01201923076923077 0.01201923076923077
0 0.7403846153846154 0.5961538461538461 0.016826923076923076 0.01201923076923077
0 0.7704326923076923 0.5913461538461539 0.016826923076923076 0.01201923076923077
0 0.33774038461538464 0.6598557692307693 0.016826923076923076 0.01201923076923077
0 0.6129807692307693 0.6189903846153846 0.019230769230769232 0.016826923076923076
0 0.7067307692307693 0.6033653846153846 0.016826923076923076 0.01201923076923077
0 0.7800480769230769 0.5925480769230769 0.016826923076923076 0.01201923076923077
0 0.6454326923076923 0.6153846153846154 0.016826923076923076 0.01201923076923077
0 0.5240384615384616 0.6346153846153846 0.019230769230769232 0.016826923076923076
0 0.6814903846153846 0.609375 0.016826923076923076 0.01201923076923077
0 0.8149038461538461 0.5889423076923077 0.019230769230769232 0.016826923076923076
0 0.3762019230769231 0.6610576923076923 0.016826923076923076 0.01201923076923077
0 0.3894230769230769 0.6598557692307693 0.019230769230769232 0.016826923076923076
0 0.5492788461538461 0.6346153846153846 0.021634615384615384 0.021634615384615384
0 0.6430288461538461 0.6225961538461539 0.016826923076923076 0.016826923076923076
0 0.734375 0.6081730769230769 0.019230769230769232 0.016826923076923076
0 0.6935096153846154 0.6141826923076923 0.019230769230769232 0.01201923076923077
0 0.6610576923076923 0.6213942307692307 0.016826923076923076 0.01201923076923077
0 0.7848557692307693 0.6021634615384616 0.026442307692307692 0.021634615384615384
0 0.33774038461538464 0.6730769230769231 0.026442307692307692 0.021634615384615384
0 0.3581730769230769 0.6694711538461539 0.016826923076923076 0.01201923076923077
0 0.4170673076923077 0.6622596153846154 0.026442307692307692 0.03125
0 0.38461538461538464 0.6730769230769231 0.016826923076923076 0.01201923076923077
0 0.49158653846153844 0.65625 0.026442307692307692 0.021634615384615384
0 0.7235576923076923 0.6213942307692307 0.021634615384615384 0.021634615384615384
0 0.703125 0.6298076923076923 0.03125 0.021634615384615384
0 0.7475961538461539 0.6274038461538461 0.03125 0.021634615384615384
0 0.6262019230769231 0.7487980769230769 0.07692307692307693 0.06490384615384616
0 0.22115384615384615 0.8329326923076923 0.10336538461538461 0.08413461538461539