0 0.5024038461538461 0.12980769230769232 0.042067307692307696 0.07451923076923077
0 0.7752403846153846 0.16706730769230768 0.037259615384615384 0.055288461538461536
0 0.6995192307692307 0.16706730769230768 0.03245192307692308 0.046875
0 0.8052884615384616 0.18990384615384615 0.037259615384615384 0.055288461538461536
0 0.9651442307692307 0.19230769230769232 0.042067307692307696 0.046875
0 0.9050480769230769 0.1971153846153846 0.037259615384615384 0.055288461538461536
0 0.8605769230769231 0.203125 0.042067307692307696 0.055288461538461536
0 0.6274038461538461 0.203125 0.02283653846153846 0.03245192307692308
0 0.07451923076923077 0.203125 0.06490384615384616 0.08774038461538461
0 0.4495192307692308 0.21754807692307693 0.05048076923076923 0.06009615384615385
0 0.5769230769230769 0.21754807692307693 0.02283653846153846 0.03245192307692308
0 0.171875 0.21754807692307693 0.05048076923076923 0.06009615384615385
0 0.7451923076923077 0.22956730769230768 0.05048076923076923 0.06009615384615385
0 0.328125 0.234375 0.042067307692307696 0.06971153846153846
0 0.9519230769230769 0.25721153846153844 0.037259615384615384 0.055288461538461536
0 0.5420673076923077 0.2704326923076923 0.02283653846153846 0.046875
0 0.8725961538461539 0.2704326923076923 0.042067307692307696 0.07451923076923077
0 0.8305288461538461 0.27283653846153844 0.042067307692307696 0.06490384615384616
0 0.38461538461538464 0.27524038461538464 0.046875 0.06490384615384616
0 0.9819711538461539 0.28725961538461536 0.027644230769230768 0.06490384615384616
0 0.9278846153846154 0.28966346153846156 0.037259615384615384 0.055288461538461536
0 0.734375 0.29447115384615385 0.042067307692307696 0.078125
0 0.30288461538461536 0.30528846153846156 0.05048076923076923 0.06971153846153846
0 0.609375 0.3076923076923077 0.05048076923076923 0.07451923076923077
0 0.4254807692307692 0.3125 0.05048076923076923 0.078125
0 0.19230769230769232 0.31490384615384615 0.06971153846153846 0.11538461538461539
0 0.11057692307692307 0.3245192307692308 0.046875 0.07451923076923077
0 0.5673076923076923 0.3245192307692308 0.05048076923076923 0.07451923076923077
0 0.7680288461538461 0.3245192307692308 0.027644230769230768 0.055288461538461536
0 0.49038461538461536 0.33052884615384615 0.06971153846153846 0.0829326923076923
0 0.7055288461538461 0.33052884615384615 0.05048076923076923 0.0829326923076923
0 0.9579326923076923 0.3329326923076923 0.042067307692307696 0.055288461538461536
0 0.6622596153846154 0.3473557692307692 0.055288461538461536 0.078125
0 0.7896634615384616 0.35697115384615385 0.037259615384615384 0.06490384615384616
0 0.9050480769230769 0.36778846153846156 0.06009615384615385 0.09254807692307693
0 0.25240384615384615 0.3798076923076923 0.06490384615384616 0.08774038461538461
0 0.48197115384615385 0.39783653846153844 0.06490384615384616 0.09735576923076923
0 0.5901442307692307 0.4170673076923077 0.07451923076923077 0.10697115384615384
0 0.3269230769230769 0.4423076923076923 0.09735576923076923 0.125
0 0.7680288461538461 0.44711538461538464 0.06490384615384616 0.10216346153846154
0 0.12980769230769232 0.46033653846153844 0.06971153846153846 0.10697115384615384
0 0.055288461538461536 0.46033653846153844 0.11057692307692307 0.171875
0 0.9050480769230769 0.5024038461538461 0.078125 0.13942307692307693
0 0.6923076923076923 0.5252403846153846 0.078125 0.11057692307692307
0 0.49759615384615385 0.5925480769230769 0.0829326923076923 0.13942307692307693
0 0.5673076923076923 0.5997596153846154 0.08774038461538461 0.10697115384615384
0 0.39783653846153844 0.6021634615384616 0.1201923076923077 0.1622596153846154
0 0.16947115384615385 0.6430288461538461 0.125 0.19471153846153846
0 0.7680288461538461 0.6802884615384616 0.0829326923076923 0.11538461538461539
0 0.9507211538461539 0.7043269230769231 0.0985576923076923 0.20192307692307693
0 0.6923076923076923 0.7944711538461539 0.11538461538461539 0.18028846153846154