0 0.45703125 0.2296875 0.090625 0.1828125
0 0.07265625 0.28671875 0.10625 0.1671875
0 0.3609375 0.275 0.1078125 0.171875
0 0.59609375 0.315625 0.1046875 0.184375
0 0.95234375 0.29453125 0.0734375 0.2
0 0.73359375 0.4296875 0.0953125 0.2203125
0 0.46015625 0.05 0.0578125 0.1
0 0.07109375 0.1 0.1171875 0.1140625
0 0.91328125 0.44921875 0.1140625 0.221875
0 0.5875 0.046875 0.08125 0.09375
0 0.1515625 0.56875 0.134375 0.246875
0 0.58671875 0.559375 0.10625 0.203125
0 0.45390625 0.596875 0.1203125 0.2359375
0 0.38046875 0.0765625 0.084375 0.1375
0 0.278125 0.09609375 0.0859375 0.1421875
0 0.796875 0.734375 0.146875 0.3125
0 0.2359375 0.9015625 0.15625 0.196875
0 0.51953125 0.965625 0.1171875 0.06875
0 0.69140625 0.10078125 0.0875 0.1640625
0 0.5484375 0.12109375 0.08125 0.140625
0 0.76640625 0.10859375 0.090625 0.1828125
0 0.24140625 0.184375 0.1 0.1890625
0 0.88671875 0.13515625 0.1125 0.2078125
0 0.02578125 0.25234375 0.0515625 0.2421875