0 0.15 0.3265625 0.0046875 0.0046875
0 0.1546875 0.328125 0.00625 0.009375
0 0.17578125 0.32734375 0.009375 0.00625
0 0.21640625 0.31953125 0.0078125 0.0140625
0 0.1671875 0.33125 0.0078125 0.0140625
0 0.14609375 0.334375 0.00625 0.009375
0 0.16015625 0.33203125 0.0109375 0.0109375
0 0.409375 0.290625 0.0125 0.0203125
0 0.13828125 0.340625 0.0046875 0.0046875
0 0.20625 0.32890625 0.0046875 0.0046875
0 0.01953125 0.36171875 0.0046875 0.0046875
0 0.36015625 0.303125 0.0078125 0.0140625
0 0.0765625 0.353125 0.0109375 0.015625
0 0.18828125 0.3359375 0.00625 0.009375
0 0.06328125 0.3578125 0.00625 0.009375
0 0.1296875 0.34609375 0.009375 0.00625
0 0.2546875 0.32421875 0.0046875 0.0046875
0 0.30390625 0.31796875 0.0109375 0.0109375
0 0.08671875 0.35625 0.00625 0.009375
0 0.2734375 0.3234375 0.0046875 0.0046875
0 0.11953125 0.353125 0.0046875 0.0046875
0 0.4203125 0.3 0.0078125 0.0140625
0 0.15546875 0.346875 0.0046875 0.0046875
0 0.2265625 0.334375 0.00625 0.009375
0 0.240625 0.33125 0.00625 0.009375
0 0.00703125 0.37265625 0.0046875 0.0046875
0 0.096875 0.359375 0.0125 0.0203125
0 0.290625 0.325 0.00625 0.009375
0 0.0609375 0.365625 0.0109375 0.015625
0 0.06640625 0.36484375 0.00625 0.009375
0 0.18671875 0.34609375 0.00625 0.009375
0 0.040625 0.371875 0.0109375 0.015625
0 0.14296875 0.35390625 0.0046875 0.0046875
0 0.26875 0.33359375 0.00625 0.009375
0 0.0765625 0.3671875 0.0109375 0.015625
0 0.003125 0.38203125 0.00625 0.0140625
0 0.31875 0.32734375 0.0109375 0.0109375
0 0.3328125 0.325 0.0109375 0.0109375
0 0.2546875 0.33828125 0.0109375 0.0109375
0 0.28046875 0.334375 0.0109375 0.0109375
0 0.303125 0.3296875 0.0109375 0.0109375
0 0.13671875 0.36171875 0.00625 0.009375
0 0.103125 0.36796875 0.00625 0.009375
0 0.246875 0.3421875 0.00625 0.009375
0 0.25078125 0.34140625 0.00625 0.009375
0 0.39453125 0.31640625 0.00625 0.009375
0 0.02265625 0.38203125 0.0078125 0.0140625
0 0.2078125 0.3515625 0.0078125 0.0140625
0 0.3453125 0.32734375 0.0109375 0.0109375
0 0.40234375 0.3171875 0.0046875 0.0046875
0 0.171875 0.3578125 0.0078125 0.0140625
0 0.37890625 0.32109375 0.0078125 0.0140625
0 0.13046875 0.3671875 0.00625 0.009375
0 0.0171875 0.3875 0.0078125 0.0140625
0 0.1203125 0.36953125 0.0078125 0.0140625
0 0.1859375 0.3578125 0.0125 0.0203125
0 0.2203125 0.3515625 0.0046875 0.0046875
0 0.43515625 0.31640625 0.00625 0.009375
0 0.19765625 0.35859375 0.0078125 0.0140625
0 0.06328125 0.38203125 0.0125 0.0203125
0 0.11640625 0.375 0.009375 0.0234375
0 0.05 0.38671875 0.0078125 0.0140625
0 0.1484375 0.371875 0.00625 0.009375
0 0.32109375 0.34140625 0.0109375 0.0109375
0 0.4515625 0.31796875 0.0109375 0.0109375
0 0.53359375 0.30390625 0.0109375 0.0109375
0 0.04140625 0.390625 0.0125 0.0203125
0 0.2328125 0.35703125 0.0109375 0.015625
0 0.18125 0.36796875 0.0109375 0.015625
0 0.28125 0.35078125 0.0109375 0.015625
0 0.10625 0.38359375 0.0109375 0.015625
0 0.24296875 0.359375 0.0078125 0.0140625
0 0.25 0.35859375 0.00625 0.009375
0 0.27421875 0.35390625 0.0109375 0.015625
0 0.25625 0.359375 0.00625 0.009375
0 0.1609375 0.3765625 0.0125 0.0203125
0 0.26796875 0.3578125 0.0109375 0.015625
0 0.0828125 0.390625 0.015625 0.0109375
0 0.3078125 0.353125 0.0078125 0.0140625
0 0.2046875 0.37109375 0.0109375 0.015625
0 0.30078125 0.35390625 0.0125 0.0203125
0 0.39609375 0.3375 0.0109375 0.0109375
0 0.4140625 0.334375 0.0078125 0.0140625
0 0.06953125 0.3953125 0.0109375 0.015625
0 0.21171875 0.37265625 0.0078125 0.0140625
0 0.29140625 0.35859375 0.00625 0.009375
0 0.4671875 0.32734375 0.0078125 0.0140625
0 0.0296875 0.4046875 0.021875 0.021875
0 0.421875 0.33515625 0.00625 0.009375
0 0.44375 0.33125 0.0078125 0.0140625
0 0.46015625 0.32890625 0.00625 0.009375
0 0.33046875 0.3515625 0.0171875 0.0203125
0 0.34140625 0.34921875 0.0125 0.0203125
0 0.015625 0.40703125 0.0171875 0.0203125
0 0.37421875 0.34375 0.0109375 0.015625
0 0.3515625 0.35 0.0109375 0.015625
0 0.47421875 0.328125 0.0109375 0.015625
0 0.31875 0.35546875 0.0109375 0.015625
0 0.42890625 0.33671875 0.0125 0.0203125
0 0.4390625 0.33671875 0.0078125 0.0140625
0 0.04609375 0.40625 0.0109375 0.015625
0 0.23125 0.3734375 0.0078125 0.0140625
0 0.54375 0.31875 0.0109375 0.0109375
0 0.63203125 0.303125 0.0109375 0.0109375
0 0.45234375 0.33671875 0.0125 0.0203125
0 0.6671875 0.29921875 0.0109375 0.015625
0 0.25625 0.371875 0.0078125 0.0140625
0 0.50703125 0.32734375 0.0109375 0.015625
0 0.06484375 0.40546875 0.021875 0.021875
0 0.08046875 0.40234375 0.0125 0.0203125
0 0.00625 0.41796875 0.0125 0.0203125
0 0.38203125 0.3515625 0.0109375 0.015625
0 0.5328125 0.325 0.0109375 0.015625
0 0.1703125 0.3890625 0.0171875 0.025
0 0.71953125 0.2921875 0.0046875 0.0046875
0 0.1203125 0.4 0.0171875 0.0203125
0 0.184375 0.3890625 0.0171875 0.0203125
0 0.19765625 0.38671875 0.0078125 0.0140625
0 0.2484375 0.378125 0.0109375 0.015625
0 0.41484375 0.3484375 0.015625 0.015625
0 0.56953125 0.32109375 0.0125 0.0203125
0 0.26640625 0.375 0.0078125 0.01875
0 0.16171875 0.3953125 0.0125 0.0203125
0 0.2875 0.3734375 0.0125 0.0203125
0 0.60859375 0.31640625 0.0109375 0.015625
0 0.68671875 0.303125 0.00625 0.009375
0 0.70625 0.29921875 0.0109375 0.015625
0 0.7296875 0.2953125 0.00625 0.009375
0 0.73671875 0.29375 0.0109375 0.0109375
0 0.10234375 0.40546875 0.021875 0.021875
0 0.14765625 0.39765625 0.0078125 0.01875
0 0.3234375 0.3671875 0.0125 0.0203125
0 0.3484375 0.3625 0.0125 0.0203125
0 0.36015625 0.36015625 0.0109375 0.015625
0 0.37421875 0.3578125 0.0125 0.0203125
0 0.6453125 0.3125 0.0109375 0.015625
0 0.74609375 0.29453125 0.0046875 0.0046875
0 0.14140625 0.4015625 0.0078125 0.01875
0 0.51796875 0.33515625 0.0109375 0.0109375
0 0.66640625 0.30859375 0.0109375 0.015625
0 0.053125 0.4171875 0.0171875 0.025
0 0.76171875 0.2921875 0.00625 0.009375
0 0.659375 0.31015625 0.00625 0.009375
0 0.7140625 0.30078125 0.0109375 0.0109375
0 0.79140625 0.28671875 0.0046875 0.0046875
0 0.33828125 0.36875 0.0125 0.0203125
0 0.48671875 0.34296875 0.0125 0.0203125
0 0.678125 0.309375 0.009375 0.00625
0 0.603125 0.32265625 0.0125 0.0203125
0 0.70078125 0.30546875 0.0046875 0.0046875
0 0.46640625 0.3484375 0.0078125 0.01875
0 0.584375 0.32734375 0.0109375 0.015625
0 0.59375 0.32578125 0.0171875 0.0203125
0 0.4453125 0.3515625 0.0171875 0.0203125
0 0.50703125 0.340625 0.0109375 0.0109375
0 0.62578125 0.31953125 0.00625 0.009375
0 0.63671875 0.31796875 0.0109375 0.015625
0 0.771875 0.29453125 0.0046875 0.0046875
0 0.796875 0.28984375 0.0046875 0.0046875
0 0.2109375 0.3953125 0.0078125 0.01875
0 0.68984375 0.3109375 0.00625 0.009375
0 0.753125 0.3 0.00625 0.009375
0 0.24375 0.38984375 0.0140625 0.025
0 0.275 0.384375 0.0171875 0.0203125
0 0.43515625 0.35625 0.0140625 0.025
0 0.496875 0.3453125 0.0171875 0.0203125
0 0.6171875 0.32421875 0.0109375 0.0109375
0 0.76484375 0.29765625 0.00625 0.009375
0 0.125 0.4109375 0.0125 0.0203125
0 0.25 0.38828125 0.0078125 0.01875
0 0.45703125 0.35234375 0.0109375 0.0109375
0 0.3296875 0.3765625 0.015625 0.015625
0 0.725 0.30703125 0.0109375 0.0109375
0 0.77890625 0.29765625 0.00625 0.009375
0 0.7859375 0.29609375 0.0046875 0.0046875
0 0.021875 0.43125 0.021875 0.021875
0 0.47578125 0.35078125 0.0171875 0.0203125
0 0.68125 0.31484375 0.0109375 0.0109375
0 0.73828125 0.3046875 0.0109375 0.015625
0 0.19609375 0.403125 0.0171875 0.025
0 0.56953125 0.33671875 0.015625 0.015625
0 0.41484375 0.3640625 0.0171875 0.0203125
0 0.52890625 0.34453125 0.0109375 0.015625
0 0.77265625 0.3015625 0.0109375 0.0109375
0 0.0984375 0.42265625 0.0171875 0.025
0 0.23515625 0.3984375 0.01875 0.0296875
0 0.31796875 0.38359375 0.0125 0.0203125
0 0.65234375 0.325 0.0078125 0.0140625
0 0.39921875 0.36953125 0.0171875 0.025
0 0.365625 0.37734375 0.0171875 0.025
0 0.26484375 0.3953125 0.015625 0.015625
0 0.50859375 0.35234375 0.0109375 0.015625
0 0.0078125 0.440625 0.0140625 0.0296875
0 0.628125 0.33125 0.0125 0.0203125
0 0.925 0.28125 0.0109375 0.0109375
0 0.940625 0.28125 0.00625 0.009375
0 0.29609375 0.39453125 0.021875 0.0265625
0 0.384375 0.37890625 0.01875 0.0296875
0 0.7015625 0.3234375 0.0125 0.0203125
0 0.840625 0.2984375 0.0109375 0.015625
0 0.48515625 0.3640625 0.0171875 0.0203125
0 0.734375 0.31953125 0.0109375 0.015625
0 0.75390625 0.31640625 0.0171875 0.0203125
0 0.1890625 0.415625 0.0171875 0.0203125
0 0.0453125 0.44140625 0.021875 0.021875
0 0.6109375 0.34140625 0.0125 0.0203125
0 0.17109375 0.41953125 0.0171875 0.025
0 0.740625 0.31875 0.015625 0.015625
0 0.78828125 0.31015625 0.0109375 0.015625
0 0.85 0.29921875 0.0046875 0.0046875
0 0.86171875 0.29765625 0.0140625 0.025
0 0.87734375 0.29453125 0.0109375 0.015625
0 0.6 0.34609375 0.0171875 0.0203125
0 0.640625 0.3390625 0.0125 0.0203125
0 0.153125 0.425 0.021875 0.0265625
0 0.3078125 0.39765625 0.0171875 0.0203125
0 0.4625 0.3703125 0.0171875 0.025
0 0.5046875 0.3625 0.0109375 0.015625
0 0.69296875 0.3296875 0.0125 0.0203125
0 0.715625 0.32578125 0.0125 0.0203125
0 0.89140625 0.29453125 0.0171875 0.0203125
0 0.25390625 0.409375 0.0171875 0.025
0 0.49765625 0.36640625 0.0125 0.0203125
0 0.584375 0.35078125 0.01875 0.0296875
0 0.67109375 0.3359375 0.0125 0.0203125
0 0.9125 0.29296875 0.0046875 0.0046875
0 0.83046875 0.3078125 0.0171875 0.0203125
0 0.43828125 0.3765625 0.0109375 0.015625
0 0.525 0.36171875 0.021875 0.0265625
0 0.77578125 0.3171875 0.0125 0.0203125
0 0.81640625 0.3125 0.0171875 0.0203125
0 0.62578125 0.34609375 0.0171875 0.0203125
0 0.1203125 0.4375 0.021875 0.021875
0 0.2109375 0.421875 0.0171875 0.025
0 0.653125 0.34375 0.0171875 0.025
0 0.90625 0.29921875 0.0078125 0.01875
0 0.4546875 0.37890625 0.0171875 0.025
0 0.553125 0.3609375 0.0125 0.0203125
0 0.796875 0.31796875 0.0171875 0.0203125
0 0.95390625 0.290625 0.0125 0.0203125
0 0.68125 0.34140625 0.0171875 0.025
0 0.9640625 0.29140625 0.0140625 0.025
0 0.140625 0.4390625 0.01875 0.0296875
0 0.41953125 0.38984375 0.0125 0.0203125
0 0.6203125 0.35390625 0.0125 0.0203125
0 0.76796875 0.328125 0.0171875 0.0203125
0 0.94140625 0.29765625 0.0125 0.0203125
0 0.10703125 0.44453125 0.0140625 0.025
0 0.178125 0.43203125 0.0171875 0.025
0 0.928125 0.30234375 0.0125 0.0203125
0 0.4265625 0.390625 0.0171875 0.0203125
0 0.00234375 0.46640625 0.0046875 0.0296875
0 0.33828125 0.40859375 0.0234375 0.034375
0 0.83515625 0.32109375 0.0109375 0.015625
0 0.56640625 0.36875 0.0125 0.0203125
0 0.60703125 0.3609375 0.0171875 0.0203125
0 0.359375 0.4078125 0.0140625 0.025
0 0.703125 0.346875 0.0171875 0.0203125
0 0.409375 0.3984375 0.0171875 0.0203125
0 0.49140625 0.384375 0.0140625 0.0296875
0 0.84453125 0.321875 0.0109375 0.015625
0 0.87265625 0.3171875 0.0125 0.0203125
0 0.91796875 0.30859375 0.0109375 0.015625
0 0.740625 0.34296875 0.0140625 0.025
0 0.75625 0.33984375 0.0125 0.0203125
0 0.7625 0.33828125 0.0109375 0.015625
0 0.090625 0.45703125 0.0359375 0.0546875
0 0.20078125 0.43984375 0.0234375 0.03125
0 0.809375 0.3328125 0.0171875 0.0203125
0 0.27265625 0.42734375 0.0234375 0.03125
0 0.7859375 0.33671875 0.0109375 0.0109375
0 0.67265625 0.359375 0.0171875 0.025
0 0.4453125 0.39921875 0.0171875 0.0203125
0 0.89609375 0.3203125 0.0171875 0.025
0 0.828125 0.334375 0.021875 0.0265625
0 0.884375 0.32421875 0.0171875 0.025
0 0.575 0.38125 0.0171875 0.025
0 0.9625 0.3125 0.0109375 0.015625
0 0.375 0.41640625 0.0234375 0.03125
0 0.94921875 0.315625 0.0125 0.0203125
0 0.25859375 0.43671875 0.025 0.0390625
0 0.1203125 0.4640625 0.0171875 0.0203125
0 0.24296875 0.4421875 0.0234375 0.03125
0 0.53671875 0.390625 0.009375 0.0234375
0 0.3953125 0.415625 0.0234375 0.03125
0 0.909375 0.32734375 0.0125 0.0203125
0 0.32421875 0.4328125 0.0171875 0.025
0 0.134375 0.46640625 0.0140625 0.025
0 0.18203125 0.4578125 0.025 0.0390625
0 0.49921875 0.4015625 0.0171875 0.025
0 0.93046875 0.32578125 0.0125 0.0203125
0 0.684375 0.371875 0.0171875 0.0203125
0 0.06875 0.4796875 0.0171875 0.0203125
0 0.93984375 0.3265625 0.0171875 0.025
0 0.475 0.41015625 0.0171875 0.025
0 0.4203125 0.41953125 0.01875 0.0296875
0 0.81015625 0.35078125 0.0171875 0.0203125
0 0.71875 0.36953125 0.0171875 0.0203125
0 0.04453125 0.48828125 0.025 0.0390625
0 0.653125 0.38125 0.0234375 0.03125
0 0.96953125 0.325 0.0125 0.0203125
0 0.03046875 0.49296875 0.0234375 0.03125
0 0.6125 0.390625 0.025 0.0390625
0 0.84921875 0.3484375 0.0171875 0.025
0 0.2046875 0.46484375 0.028125 0.0359375
0 0.1734375 0.47265625 0.028125 0.03125
0 0.29609375 0.45078125 0.0234375 0.03125
0 0.00546875 0.5046875 0.0109375 0.04375
0 0.759375 0.36953125 0.0171875 0.025
0 0.7796875 0.365625 0.015625 0.015625
0 0.34921875 0.44609375 0.0328125 0.0328125
0 0.45625 0.42734375 0.0171875 0.025
0 0.828125 0.36171875 0.0171875 0.0203125
0 0.74609375 0.3765625 0.0171875 0.025
0 0.921875 0.3453125 0.0171875 0.025
0 0.8859375 0.35390625 0.0125 0.0203125
0 0.44140625 0.43515625 0.0171875 0.0203125
0 0.39609375 0.4453125 0.0234375 0.03125
0 0.93671875 0.35 0.0171875 0.0203125
0 0.60390625 0.40859375 0.0234375 0.034375
0 0.1546875 0.490625 0.021875 0.021875
0 0.72734375 0.3890625 0.0234375 0.034375
0 0.9640625 0.34765625 0.0125 0.0203125
0 0.2609375 0.47421875 0.01875 0.034375
0 0.25859375 0.4765625 0.025 0.0390625
0 0.028125 0.5171875 0.0234375 0.03125
0 0.8171875 0.378125 0.0234375 0.034375
0 0.9765625 0.35234375 0.0140625 0.025
0 0.275 0.47890625 0.0234375 0.034375
0 0.95390625 0.35859375 0.0140625 0.025
0 0.553125 0.4296875 0.0171875 0.025
0 0.134375 0.50546875 0.025 0.0390625
0 0.19609375 0.496875 0.03125 0.028125
0 0.6296875 0.42109375 0.0296875 0.0453125
0 0.70859375 0.40703125 0.01875 0.034375
0 0.89140625 0.375 0.0171875 0.025
0 0.57109375 0.43359375 0.028125 0.0359375
0 0.17890625 0.5046875 0.0296875 0.040625
0 0.78515625 0.3984375 0.0234375 0.03125
0 0.66640625 0.41875 0.025 0.04375
0 0.8515625 0.38671875 0.025 0.0390625
0 0.93359375 0.371875 0.0171875 0.0203125
0 0.51015625 0.44921875 0.0234375 0.03125
0 0.36171875 0.475 0.0203125 0.0390625
0 0.41640625 0.465625 0.01875 0.0296875
0 0.21640625 0.50546875 0.0265625 0.0484375
0 0.16171875 0.5171875 0.0296875 0.040625
0 0.24921875 0.5046875 0.0390625 0.046875
0 0.9125 0.3875 0.0265625 0.0265625
0 0.7609375 0.41640625 0.0203125 0.04375
0 0.95 0.38359375 0.0234375 0.03125
0 0.73984375 0.42265625 0.034375 0.040625
0 0.98046875 0.384375 0.0109375 0.0328125
0 0.87734375 0.40078125 0.0234375 0.03125
0 0.809375 0.41328125 0.025 0.04375
0 0.3765625 0.490625 0.0296875 0.0453125
0 0.77109375 0.42109375 0.025 0.0390625
0 0.40390625 0.48828125 0.0296875 0.040625
0 0.56328125 0.46015625 0.028125 0.03125
0 0.72265625 0.43203125 0.0296875 0.0453125
0 0.97109375 0.38828125 0.0234375 0.03125
0 0.32421875 0.50234375 0.028125 0.03125
0 0.590625 0.45546875 0.028125 0.03125
0 0.05078125 0.55078125 0.040625 0.05625
0 0.8484375 0.4125 0.025 0.04375
0 0.54296875 0.46640625 0.0375 0.059375
0 0.4796875 0.4796875 0.0296875 0.0453125
0 0.83125 0.41796875 0.0296875 0.0453125
0 0.2046875 0.528125 0.0390625 0.046875
0 0.93671875 0.40390625 0.021875 0.0265625
0 0.45390625 0.4890625 0.03125 0.0546875
0 0.34375 0.5109375 0.0296875 0.0453125
0 0.6375 0.4640625 0.0296875 0.0453125
0 0.6171875 0.471875 0.021875 0.0265625
0 0.57265625 0.48515625 0.0265625 0.0484375
0 0.68203125 0.465625 0.028125 0.0359375
0 0.29921875 0.53515625 0.0234375 0.03125
0 0.509375 0.50078125 0.03125 0.0546875
0 0.16171875 0.5640625 0.0359375 0.0546875
0 0.32734375 0.53515625 0.0390625 0.046875
0 0.19375 0.5609375 0.0421875 0.0640625
0 0.74296875 0.4640625 0.0296875 0.0453125
0 0.86796875 0.4421875 0.0328125 0.0359375
0 0.24140625 0.55546875 0.040625 0.05625
0 0.93515625 0.43515625 0.028125 0.0359375
0 0.784375 0.46171875 0.0234375 0.034375
0 0.971875 0.43125 0.034375 0.0453125
0 0.38203125 0.5375 0.0296875 0.040625
0 0.434375 0.528125 0.028125 0.0359375
0 0.4078125 0.5328125 0.04375 0.0515625
0 0.26875 0.5625 0.025 0.04375
0 0.66328125 0.49296875 0.0265625 0.0484375
0 0.72421875 0.4953125 0.034375 0.0453125
0 0.32421875 0.56796875 0.0375 0.0640625
0 0.68671875 0.5046875 0.0296875 0.0453125
0 0.29140625 0.58125 0.05 0.0578125
0 0.60546875 0.52578125 0.0328125 0.0640625
0 0.8 0.49609375 0.0265625 0.0484375
0 0.98828125 0.46328125 0.0234375 0.0390625
0 0.99140625 0.46640625 0.0171875 0.0515625
0 0.77421875 0.50546875 0.0296875 0.0453125
0 0.8171875 0.5 0.0359375 0.0546875
0 0.45703125 0.5640625 0.0328125 0.0640625
0 0.95859375 0.47578125 0.03125 0.0546875
0 0.84609375 0.5 0.0359375 0.0546875
0 0.884375 0.49296875 0.040625 0.05625
0 0.94140625 0.48359375 0.0421875 0.0640625
0 0.75625 0.528125 0.034375 0.0453125
0 0.54375 0.56484375 0.03125 0.0546875
0 0.4234375 0.5890625 0.053125 0.0796875
0 0.5171875 0.57265625 0.040625 0.034375
0 0.64609375 0.56875 0.0515625 0.0984375
0 0.38203125 0.6171875 0.046875 0.0703125
0 0.2875 0.63828125 0.0609375 0.1
0 0.15 0.67421875 0.078125 0.115625
0 0.73203125 0.57421875 0.0375 0.0640625
0 0.69765625 0.5828125 0.0390625 0.0734375
0 0.5328125 0.61640625 0.04375 0.0734375
0 0.58125 0.61484375 0.0421875 0.06875
0 0.97578125 0.54453125 0.0484375 0.0671875
0 0.24921875 0.68046875 0.071875 0.1046875
0 0.51171875 0.6484375 0.0375 0.0375
0 0.0609375 0.728125 0.0671875 0.109375
0 0.79609375 0.603125 0.046875 0.0703125
0 0.86796875 0.6015625 0.025 0.04375
0 0.93203125 0.590625 0.0421875 0.0640625
0 0.621875 0.65703125 0.0578125 0.103125
0 0.97578125 0.59296875 0.0484375 0.0734375
0 0.8421875 0.65625 0.05 0.0890625
0 0.41640625 0.73359375 0.0609375 0.1
0 0.76171875 0.67890625 0.0609375 0.0953125
0 0.54765625 0.73125 0.0765625 0.10625
0 0.1375 0.84140625 0.0984375 0.128125
0 0.67578125 0.7625 0.075 0.128125
0 0.309375 0.8296875 0.0703125 0.1453125
0 0.965625 0.71953125 0.06875 0.1484375
0 0.52421875 0.834375 0.071875 0.109375
0 0.81328125 0.83515625 0.09375 0.13125
0 0.3625 0.91484375 0.121875 0.1703125
0 0.56328125 0.9140625 0.0796875 0.125