0 0.5180288461538461 0.2247596153846154 0.05048076923076923 0.06971153846153846
0 0.0889423076923077 0.16706730769230768 0.057692307692307696 0.0625
0 0.34615384615384615 0.21394230769230768 0.06009615384615385 0.07692307692307693
0 0.8353365384615384 0.28966346153846156 0.055288461538461536 0.04326923076923077
0 0.22596153846153846 0.20673076923076922 0.06490384615384616 0.08413461538461539
0 0.9182692307692307 0.30408653846153844 0.052884615384615384 0.052884615384615384
0 0.7115384615384616 0.2776442307692308 0.038461538461538464 0.055288461538461536
0 0.30288461538461536 0.21995192307692307 0.052884615384615384 0.07932692307692307
0 0.16346153846153846 0.203125 0.06009615384615385 0.08413461538461539
0 0.057692307692307696 0.19951923076923078 0.040865384615384616 0.06971153846153846
0 0.7872596153846154 0.30408653846153844 0.06490384615384616 0.07692307692307693
0 0.40625 0.25 0.04326923076923077 0.055288461538461536
0 0.7331730769230769 0.2956730769230769 0.04326923076923077 0.055288461538461536
0 0.6334134615384616 0.2824519230769231 0.04807692307692308 0.052884615384615384
0 0.4723557692307692 0.2644230769230769 0.04326923076923077 0.05048076923076923
0 0.109375 0.22115384615384615 0.052884615384615384 0.08413461538461539
0 0.5841346153846154 0.296875 0.057692307692307696 0.07932692307692307
0 0.8810096153846154 0.3389423076923077 0.04326923076923077 0.055288461538461536
0 0.8269230769230769 0.3317307692307692 0.052884615384615384 0.07932692307692307
0 0.953125 0.35336538461538464 0.05048076923076923 0.06009615384615385
0 0.5108173076923077 0.2920673076923077 0.038461538461538464 0.055288461538461536
0 0.9242788461538461 0.3605769230769231 0.06009615384615385 0.07692307692307693
0 0.04567307692307692 0.23918269230769232 0.036057692307692304 0.0673076923076923
0 0.4206730769230769 0.296875 0.04567307692307692 0.06009615384615385
0 0.8497596153846154 0.359375 0.05048076923076923 0.06490384615384616
0 0.6274038461538461 0.328125 0.057692307692307696 0.09375
0 0.9747596153846154 0.38461538461538464 0.05048076923076923 0.08173076923076923
0 0.21754807692307693 0.27884615384615385 0.0625 0.0889423076923077
0 0.06370192307692307 0.25961538461538464 0.04807692307692308 0.08173076923076923
0 0.7560096153846154 0.359375 0.0673076923076923 0.10336538461538461
0 0.09495192307692307 0.2692307692307692 0.04567307692307692 0.07451923076923077
0 0.6658653846153846 0.34975961538461536 0.0625 0.0985576923076923
0 0.38822115384615385 0.3112980769230769 0.057692307692307696 0.08413461538461539
0 0.3449519230769231 0.30528846153846156 0.06490384615384616 0.08173076923076923
0 0.7223557692307693 0.3701923076923077 0.04567307692307692 0.07451923076923077
0 0.453125 0.33413461538461536 0.06490384615384616 0.08413461538461539
0 0.5600961538461539 0.3545673076923077 0.0673076923076923 0.09375
0 0.9867788461538461 0.4182692307692308 0.026442307692307692 0.08653846153846154
0 0.5048076923076923 0.35096153846153844 0.06009615384615385 0.08413461538461539
0 0.2776442307692308 0.3245192307692308 0.07451923076923077 0.11057692307692307
0 0.17067307692307693 0.3112980769230769 0.057692307692307696 0.07932692307692307
0 0.8329326923076923 0.40865384615384615 0.06490384615384616 0.07692307692307693
0 0.9278846153846154 0.43149038461538464 0.0625 0.09375
0 0.13221153846153846 0.35697115384615385 0.07211538461538461 0.09615384615384616
0 0.8605769230769231 0.47836538461538464 0.07692307692307693 0.10096153846153846
0 0.9495192307692307 0.6237980769230769 0.09134615384615384 0.12980769230769232
0 0.02403846153846154 0.4963942307692308 0.04807692307692308 0.09375
0 0.49038461538461536 0.6394230769230769 0.0625 0.0889423076923077
0 0.23317307692307693 0.6045673076923077 0.07211538461538461 0.09615384615384616
0 0.7091346153846154 0.7007211538461539 0.07692307692307693 0.10576923076923077
0 0.3088942307692308 0.6550480769230769 0.07211538461538461 0.09615384615384616
0 0.4098557692307692 0.6766826923076923 0.06009615384615385 0.08413461538461539
0 0.8509615384615384 0.7463942307692307 0.0673076923076923 0.09375
0 0.09134615384615384 0.6442307692307693 0.0673076923076923 0.09375
0 0.5817307692307693 0.7259615384615384 0.07211538461538461 0.09615384615384616
0 0.040865384615384616 0.6730769230769231 0.07211538461538461 0.10576923076923077
0 0.18389423076923078 0.6983173076923077 0.07211538461538461 0.10096153846153846
0 0.6189903846153846 0.7644230769230769 0.08413461538461539 0.11057692307692307
0 0.484375 0.7908653846153846 0.08173076923076923 0.09615384615384616
0 0.3858173076923077 0.7944711538461539 0.07451923076923077 0.12259615384615384
0 0.7596153846153846 0.8473557692307693 0.09134615384615384 0.11298076923076923
0 0.6141826923076923 0.8665865384615384 0.09134615384615384 0.11778846153846154
0 0.16826923076923078 0.8173076923076923 0.08653846153846154 0.09615384615384616
0 0.4639423076923077 0.8641826923076923 0.10336538461538461 0.10096153846153846
0 0.040865384615384616 0.8185096153846154 0.07692307692307693 0.06009615384615385