0 0.8389423076923077 0.1971153846153846 0.026442307692307692 0.026442307692307692
0 0.25600961538461536 0.29447115384615385 0.03365384615384615 0.04567307692307692
0 0.9350961538461539 0.20072115384615385 0.03365384615384615 0.040865384615384616
0 0.5588942307692307 0.2536057692307692 0.03365384615384615 0.05048076923076923
0 0.5 0.26322115384615385 0.02403846153846154 0.04326923076923077
0 0.9507211538461539 0.19951923076923078 0.028846153846153848 0.04567307692307692
0 0.859375 0.21514423076923078 0.028846153846153848 0.05048076923076923
0 0.8377403846153846 0.2283653846153846 0.021634615384615384 0.04807692307692308
0 0.6802884615384616 0.25 0.03365384615384615 0.05048076923076923
0 0.6045673076923077 0.26322115384615385 0.028846153846153848 0.04567307692307692
0 0.3786057692307692 0.296875 0.03365384615384615 0.05048076923076923
0 0.1971153846153846 0.3233173076923077 0.028846153846153848 0.05048076923076923
0 0.8125 0.24158653846153846 0.028846153846153848 0.040865384615384616
0 0.35336538461538464 0.30288461538461536 0.028846153846153848 0.052884615384615384
0 0.7475961538461539 0.25 0.028846153846153848 0.05048076923076923
0 0.17067307692307693 0.33413461538461536 0.038461538461538464 0.055288461538461536
0 0.1045673076923077 0.34375 0.03365384615384615 0.04567307692307692
0 0.4735576923076923 0.2956730769230769 0.028846153846153848 0.04567307692307692
0 0.5985576923076923 0.014423076923076924 0.019230769230769232 0.028846153846153848
0 0.78125 0.25240384615384615 0.028846153846153848 0.052884615384615384
0 0.8497596153846154 0.24278846153846154 0.028846153846153848 0.052884615384615384
0 0.2932692307692308 0.32572115384615385 0.03125 0.026442307692307692
0 0.4951923076923077 0.3016826923076923 0.02403846153846154 0.04326923076923077
0 0.27283653846153844 0.3329326923076923 0.028846153846153848 0.04567307692307692
0 0.59375 0.28966346153846156 0.019230769230769232 0.028846153846153848
0 0.5649038461538461 0.29447115384615385 0.03365384615384615 0.05048076923076923
0 0.24639423076923078 0.34615384615384615 0.028846153846153848 0.04567307692307692
0 0.40625 0.33533653846153844 0.02403846153846154 0.04807692307692308
0 0.028846153846153848 0.39302884615384615 0.028846153846153848 0.040865384615384616
0 0.7295673076923077 0.29927884615384615 0.03365384615384615 0.040865384615384616
0 0.48677884615384615 0.33533653846153844 0.021634615384615384 0.03365384615384615
0 0.13581730769230768 0.38461538461538464 0.028846153846153848 0.04567307692307692
0 0.6490384615384616 0.31490384615384615 0.028846153846153848 0.05048076923076923
0 0.3954326923076923 0.35336538461538464 0.02403846153846154 0.04326923076923077
0 0.5252403846153846 0.33774038461538464 0.028846153846153848 0.05048076923076923
0 0.8353365384615384 0.296875 0.021634615384615384 0.03365384615384615
0 0.296875 0.36899038461538464 0.028846153846153848 0.05048076923076923
0 0.5817307692307693 0.020432692307692308 0.02403846153846154 0.040865384615384616
0 0.6045673076923077 0.3293269230769231 0.028846153846153848 0.04567307692307692
0 0.9182692307692307 0.2848557692307692 0.03365384615384615 0.04567307692307692
0 0.25841346153846156 0.3798076923076923 0.02403846153846154 0.038461538461538464
0 0.6899038461538461 0.32211538461538464 0.021634615384615384 0.03365384615384615
0 0.08052884615384616 0.4098557692307692 0.02403846153846154 0.038461538461538464
0 0.7115384615384616 0.32091346153846156 0.028846153846153848 0.05048076923076923
0 0.1502403846153846 0.40024038461538464 0.03365384615384615 0.05048076923076923
0 0.5829326923076923 0.34134615384615385 0.038461538461538464 0.04567307692307692
0 0.8064903846153846 0.31009615384615385 0.028846153846153848 0.04567307692307692
0 0.02403846153846154 0.41947115384615385 0.028846153846153848 0.04567307692307692
0 0.3293269230769231 0.38221153846153844 0.03365384615384615 0.052884615384615384
0 0.42788461538461536 0.36778846153846156 0.028846153846153848 0.04567307692307692
0 0.24278846153846154 0.3954326923076923 0.02403846153846154 0.04807692307692308
0 0.11658653846153846 0.08653846153846154 0.028846153846153848 0.05048076923076923
0 0.0889423076923077 0.09014423076923077 0.028846153846153848 0.05048076923076923
0 0.5024038461538461 0.36899038461538464 0.038461538461538464 0.05048076923076923
0 0.9134615384615384 0.31850961538461536 0.021634615384615384 0.03365384615384615
0 0.7427884615384616 0.3449519230769231 0.028846153846153848 0.05048076923076923
0 0.4483173076923077 0.38341346153846156 0.028846153846153848 0.04567307692307692
0 0.13221153846153846 0.43028846153846156 0.028846153846153848 0.05048076923076923
0 0.06490384615384616 0.43990384615384615 0.028846153846153848 0.05048076923076923
0 0.11177884615384616 0.4326923076923077 0.02403846153846154 0.04807692307692308
0 0.8870192307692307 0.3269230769230769 0.03365384615384615 0.052884615384615384
0 0.6670673076923077 0.36177884615384615 0.03365384615384615 0.052884615384615384
0 0.5709134615384616 0.3786057692307692 0.02403846153846154 0.038461538461538464
0 0.6081730769230769 0.3737980769230769 0.03365384615384615 0.04567307692307692
0 0.30528846153846156 0.42908653846153844 0.028846153846153848 0.05048076923076923
0 0.38100961538461536 0.4230769230769231 0.036057692307692304 0.057692307692307696
0 0.8581730769230769 0.3557692307692308 0.04326923076923077 0.05048076923076923
0 0.9050480769230769 0.35216346153846156 0.03365384615384615 0.052884615384615384
0 0.7992788461538461 0.36899038461538464 0.036057692307692304 0.057692307692307696
0 0.4855769230769231 0.41586538461538464 0.028846153846153848 0.04567307692307692
0 0.65625 0.016826923076923076 0.02403846153846154 0.03365384615384615
0 0.17067307692307693 0.08653846153846154 0.02403846153846154 0.04326923076923077
0 0.32211538461538464 0.4495192307692308 0.028846153846153848 0.05048076923076923
0 0.4543269230769231 0.44350961538461536 0.02403846153846154 0.04326923076923077
0 0.47115384615384615 0.44350961538461536 0.028846153846153848 0.040865384615384616
0 0.0673076923076923 0.10096153846153846 0.028846153846153848 0.04567307692307692
0 0.7211538461538461 0.014423076923076924 0.02403846153846154 0.028846153846153848
0 0.5252403846153846 0.44350961538461536 0.03365384615384615 0.04567307692307692
0 0.2956730769230769 0.47836538461538464 0.036057692307692304 0.057692307692307696
0 0.17908653846153846 0.4963942307692308 0.028846153846153848 0.052884615384615384
0 0.03245192307692308 0.5168269230769231 0.028846153846153848 0.04567307692307692
0 0.5372596153846154 0.4495192307692308 0.038461538461538464 0.055288461538461536
0 0.12620192307692307 0.5192307692307693 0.028846153846153848 0.05048076923076923
0 0.055288461538461536 0.5324519230769231 0.03365384615384615 0.052884615384615384
0 0.625 0.4567307692307692 0.02403846153846154 0.052884615384615384
0 0.9459134615384616 0.4170673076923077 0.03365384615384615 0.04567307692307692
0 0.90625 0.42427884615384615 0.03365384615384615 0.040865384615384616
0 0.4795673076923077 0.48677884615384615 0.03365384615384615 0.052884615384615384
0 0.16466346153846154 0.5372596153846154 0.02403846153846154 0.04807692307692308
0 0.4375 0.052884615384615384 0.021634615384615384 0.03365384615384615
0 0.8497596153846154 0.4411057692307692 0.038461538461538464 0.05048076923076923
0 0.9771634615384616 0.42908653846153844 0.04326923076923077 0.055288461538461536
0 0.016826923076923076 0.5697115384615384 0.028846153846153848 0.052884615384615384
0 0.359375 0.5252403846153846 0.03365384615384615 0.05048076923076923
0 0.8353365384615384 0.46274038461538464 0.02403846153846154 0.038461538461538464
0 0.036057692307692304 0.11177884615384616 0.028846153846153848 0.05048076923076923
0 0.5516826923076923 0.5084134615384616 0.03365384615384615 0.04567307692307692
0 0.7776442307692307 0.4795673076923077 0.03365384615384615 0.05048076923076923
0 0.12860576923076922 0.5733173076923077 0.028846153846153848 0.052884615384615384
0 0.7235576923076923 0.5084134615384616 0.028846153846153848 0.04567307692307692
0 0.7487980769230769 0.5096153846153846 0.02403846153846154 0.04326923076923077
0 0.6947115384615384 0.5180288461538461 0.03365384615384615 0.052884615384615384
0 0.4170673076923077 0.5564903846153846 0.028846153846153848 0.052884615384615384
0 0.9242788461538461 0.4855769230769231 0.04326923076923077 0.055288461538461536
0 0.3389423076923077 0.5733173076923077 0.040865384615384616 0.06009615384615385
0 0.1502403846153846 0.6045673076923077 0.03365384615384615 0.05048076923076923
0 0.8329326923076923 0.5120192307692307 0.03365384615384615 0.052884615384615384
0 0.6346153846153846 0.5396634615384616 0.028846153846153848 0.052884615384615384
0 0.5144230769230769 0.5661057692307693 0.03365384615384615 0.052884615384615384
0 0.2439903846153846 0.6057692307692307 0.036057692307692304 0.057692307692307696
0 0.8966346153846154 0.5192307692307693 0.028846153846153848 0.040865384615384616
0 0.11298076923076923 0.6382211538461539 0.036057692307692304 0.057692307692307696
0 0.59375 0.5733173076923077 0.03365384615384615 0.052884615384615384
0 0.46634615384615385 0.59375 0.04567307692307692 0.06009615384615385
0 0.8725961538461539 0.5408653846153846 0.038461538461538464 0.040865384615384616
0 0.8161057692307693 0.5588942307692307 0.03365384615384615 0.05048076923076923
0 0.34134615384615385 0.6274038461538461 0.03365384615384615 0.052884615384615384
0 0.13581730769230768 0.65625 0.038461538461538464 0.055288461538461536
0 0.53125 0.6057692307692307 0.040865384615384616 0.06490384615384616
0 0.7379807692307693 0.578125 0.028846153846153848 0.040865384615384616
0 0.14783653846153846 0.10817307692307693 0.028846153846153848 0.04567307692307692
0 0.9158653846153846 0.5697115384615384 0.03365384615384615 0.04567307692307692
0 0.26322115384615385 0.6670673076923077 0.028846153846153848 0.052884615384615384
0 0.21754807692307693 0.6838942307692307 0.02403846153846154 0.038461538461538464
0 0.6418269230769231 0.6322115384615384 0.040865384615384616 0.06490384615384616
0 0.4074519230769231 0.6742788461538461 0.03365384615384615 0.04567307692307692
0 0.9879807692307693 0.5925480769230769 0.02403846153846154 0.06009615384615385
0 0.5889423076923077 0.05048076923076923 0.028846153846153848 0.04567307692307692
0 0.7584134615384616 0.026442307692307692 0.028846153846153848 0.052884615384615384
0 0.2608173076923077 0.09615384615384616 0.03365384615384615 0.052884615384615384
0 0.7115384615384616 0.6394230769230769 0.04567307692307692 0.06971153846153846
0 0.9026442307692307 0.6165865384615384 0.040865384615384616 0.06009615384615385
0 0.3798076923076923 0.6935096153846154 0.03125 0.057692307692307696
0 0.8762019230769231 0.6274038461538461 0.028846153846153848 0.052884615384615384
0 0.6658653846153846 0.04447115384615385 0.02403846153846154 0.04326923076923077
0 0.1971153846153846 0.734375 0.036057692307692304 0.057692307692307696
0 0.04807692307692308 0.7584134615384616 0.04326923076923077 0.06971153846153846
0 0.5504807692307693 0.6971153846153846 0.03365384615384615 0.052884615384615384
0 0.9903846153846154 0.6418269230769231 0.019230769230769232 0.052884615384615384
0 0.16105769230769232 0.11778846153846154 0.02403846153846154 0.04807692307692308
0 0.39783653846153844 0.7391826923076923 0.036057692307692304 0.057692307692307696
0 0.8834134615384616 0.6838942307692307 0.038461538461538464 0.05048076923076923
0 0.8028846153846154 0.6971153846153846 0.03365384615384615 0.052884615384615384
0 0.6814903846153846 0.046875 0.028846153846153848 0.04567307692307692
0 0.6466346153846154 0.7175480769230769 0.02403846153846154 0.04807692307692308
0 0.6274038461538461 0.7223557692307693 0.028846153846153848 0.052884615384615384
0 0.2608173076923077 0.7764423076923077 0.040865384615384616 0.06009615384615385
0 0.5288461538461539 0.7584134615384616 0.038461538461538464 0.05048076923076923
0 0.49038461538461536 0.7680288461538461 0.036057692307692304 0.0673076923076923
0 0.7319711538461539 0.7379807692307693 0.038461538461538464 0.05048076923076923
0 0.3173076923076923 0.8016826923076923 0.03365384615384615 0.05048076923076923
0 0.13942307692307693 0.8257211538461539 0.04567307692307692 0.06971153846153846
0 0.828125 0.027644230769230768 0.028846153846153848 0.05048076923076923
0 0.6983173076923077 0.7620192307692307 0.028846153846153848 0.040865384615384616
0 0.9362980769230769 0.7439903846153846 0.03365384615384615 0.052884615384615384
0 0.71875 0.04567307692307692 0.026442307692307692 0.036057692307692304
0 0.6189903846153846 0.06490384615384616 0.028846153846153848 0.04567307692307692
0 0.4375 0.09014423076923077 0.021634615384615384 0.03365384615384615
0 0.9735576923076923 0.7584134615384616 0.028846153846153848 0.04567307692307692
0 0.33653846153846156 0.8509615384615384 0.028846153846153848 0.05048076923076923
0 0.8798076923076923 0.7764423076923077 0.03365384615384615 0.04567307692307692
0 0.7067307692307693 0.8076923076923077 0.02403846153846154 0.04807692307692308
0 0.7524038461538461 0.8028846153846154 0.036057692307692304 0.07211538461538461
0 0.3737980769230769 0.8617788461538461 0.04326923076923077 0.055288461538461536
0 0.6418269230769231 0.828125 0.038461538461538464 0.055288461538461536
0 0.9266826923076923 0.7932692307692307 0.028846153846153848 0.052884615384615384
0 0.4543269230769231 0.8725961538461539 0.03365384615384615 0.052884615384615384
0 0.8882211538461539 0.8149038461538461 0.040865384615384616 0.06971153846153846
0 0.10336538461538461 0.9555288461538461 0.038461538461538464 0.04567307692307692
0 0.22235576923076922 0.9507211538461539 0.04567307692307692 0.06009615384615385
0 0.5096153846153846 0.08533653846153846 0.028846153846153848 0.04567307692307692
0 0.8521634615384616 0.8713942307692307 0.04807692307692308 0.07932692307692307
0 0.9182692307692307 0.8713942307692307 0.040865384615384616 0.06971153846153846
0 0.1201923076923077 0.9783653846153846 0.038461538461538464 0.04326923076923077
0 0.7379807692307693 0.055288461538461536 0.019230769230769232 0.028846153846153848
0 0.3293269230769231 0.11538461538461539 0.03365384615384615 0.052884615384615384
0 0.5096153846153846 0.9507211538461539 0.038461538461538464 0.055288461538461536
0 0.8149038461538461 0.9098557692307693 0.04567307692307692 0.06971153846153846
0 0.28365384615384615 0.9831730769230769 0.04326923076923077 0.03365384615384615
0 0.7307692307692307 0.9423076923076923 0.04326923076923077 0.055288461538461536
0 0.9182692307692307 0.03485576923076923 0.026442307692307692 0.03125
0 0.06971153846153846 0.15384615384615385 0.028846153846153848 0.05048076923076923
0 0.6550480769230769 0.07932692307692307 0.021634615384615384 0.03365384615384615
0 0.5408653846153846 0.11057692307692307 0.028846153846153848 0.05048076923076923
0 0.9242788461538461 0.05889423076923077 0.021634615384615384 0.03365384615384615
0 0.9122596153846154 0.06129807692307692 0.026442307692307692 0.036057692307692304
0 0.17067307692307693 0.16706730769230768 0.028846153846153848 0.05048076923076923
0 0.7283653846153846 0.09134615384615384 0.021634615384615384 0.03365384615384615
0 0.8737980769230769 0.0889423076923077 0.028846153846153848 0.04567307692307692
0 0.09975961538461539 0.19831730769230768 0.038461538461538464 0.04567307692307692
0 0.2283653846153846 0.18509615384615385 0.028846153846153848 0.04567307692307692
0 0.6057692307692307 0.1346153846153846 0.028846153846153848 0.05048076923076923
0 0.002403846153846154 0.21875 0.004807692307692308 0.04807692307692308
0 0.8233173076923077 0.10336538461538461 0.02403846153846154 0.038461538461538464
0 0.19591346153846154 0.20192307692307693 0.03365384615384615 0.05048076923076923
0 0.4879807692307692 0.16346153846153846 0.028846153846153848 0.04567307692307692
0 0.8040865384615384 0.11899038461538461 0.028846153846153848 0.04567307692307692
0 0.7776442307692307 0.125 0.028846153846153848 0.040865384615384616
0 0.9350961538461539 0.10697115384615384 0.036057692307692304 0.057692307692307696
0 0.7223557692307693 0.13701923076923078 0.028846153846153848 0.040865384615384616
0 0.5144230769230769 0.01201923076923077 0.02403846153846154 0.02403846153846154
0 0.04807692307692308 0.23197115384615385 0.028846153846153848 0.040865384615384616
0 0.6262019230769231 0.15985576923076922 0.03365384615384615 0.05048076923076923
0 0.5492788461538461 0.17067307692307693 0.028846153846153848 0.05048076923076923
0 0.44350961538461536 0.1875 0.026442307692307692 0.036057692307692304
0 0.7295673076923077 0.15264423076923078 0.028846153846153848 0.052884615384615384
0 0.28846153846153844 0.21634615384615385 0.028846153846153848 0.05048076923076923
0 0.8834134615384616 0.13581730769230768 0.02403846153846154 0.04326923076923077
0 0.6802884615384616 0.1658653846153846 0.028846153846153848 0.040865384615384616
0 0.1875 0.23317307692307693 0.02403846153846154 0.04326923076923077
0 0.4026442307692308 0.20552884615384615 0.02403846153846154 0.038461538461538464
0 0.6610576923076923 0.171875 0.028846153846153848 0.04567307692307692
0 0.42427884615384615 0.2091346153846154 0.026442307692307692 0.026442307692307692
0 0.14182692307692307 0.24879807692307693 0.02403846153846154 0.04326923076923077
0 0.8185096153846154 0.15504807692307693 0.028846153846153848 0.040865384615384616
0 0.4543269230769231 0.2091346153846154 0.03365384615384615 0.04567307692307692
0 0.5709134615384616 0.19471153846153846 0.028846153846153848 0.040865384615384616
0 0.8954326923076923 0.15625 0.02403846153846154 0.04326923076923077
0 0.8617788461538461 0.16346153846153846 0.028846153846153848 0.040865384615384616
0 0.2512019230769231 0.052884615384615384 0.03365384615384615 0.04807692307692308
0 0.6322115384615384 0.20793269230769232 0.02403846153846154 0.052884615384615384
0 0.49759615384615385 0.22956730769230768 0.028846153846153848 0.040865384615384616
0 0.4230769230769231 0.2403846153846154 0.028846153846153848 0.05048076923076923
0 0.5697115384615384 0.22355769230769232 0.02403846153846154 0.038461538461538464
0 0.1814903846153846 0.2764423076923077 0.028846153846153848 0.04567307692307692
0 0.9038461538461539 0.17908653846153846 0.02403846153846154 0.04326923076923077
0 0.20072115384615385 0.2776442307692308 0.028846153846153848 0.04567307692307692
0 0.6862980769230769 0.21153846153846154 0.028846153846153848 0.05048076923076923
0 0.38221153846153844 0.25721153846153844 0.02403846153846154 0.04326923076923077
0 0.4050480769230769 0.2536057692307692 0.02403846153846154 0.04326923076923077
0 0.3629807692307692 0.25961538461538464 0.03365384615384615 0.04567307692307692
0 0.34975961538461536 0.2608173076923077 0.03365384615384615 0.052884615384615384
0 0.23197115384615385 0.2800480769230769 0.028846153846153848 0.05048076923076923