0 0.14903846153846154 0.21153846153846154 0.028846153846153848 0.03365384615384615
0 0.2403846153846154 0.22355769230769232 0.014423076923076924 0.014423076923076924
0 0.40384615384615385 0.2439903846153846 0.009615384615384616 0.01201923076923077
0 0.25600961538461536 0.22716346153846154 0.014423076923076924 0.016826923076923076
0 0.21514423076923078 0.22235576923076922 0.026442307692307692 0.03125
0 0.3701923076923077 0.24879807692307693 0.016826923076923076 0.014423076923076924
0 0.078125 0.21995192307692307 0.038461538461538464 0.04807692307692308
0 0.35096153846153844 0.25721153846153844 0.02403846153846154 0.026442307692307692
0 0.30408653846153844 0.25240384615384615 0.014423076923076924 0.019230769230769232
0 0.19591346153846154 0.24278846153846154 0.03365384615384615 0.036057692307692304
0 0.4519230769230769 0.2764423076923077 0.019230769230769232 0.028846153846153848
0 0.22115384615384615 0.24879807692307693 0.016826923076923076 0.02403846153846154
0 0.5168269230769231 0.28725961538461536 0.019230769230769232 0.021634615384615384
0 0.6514423076923077 0.30408653846153844 0.026442307692307692 0.03125
0 0.4182692307692308 0.2764423076923077 0.02403846153846154 0.03125
0 0.3293269230769231 0.265625 0.02403846153846154 0.028846153846153848
0 0.46875 0.2824519230769231 0.028846153846153848 0.038461538461538464
0 0.5600961538461539 0.296875 0.02403846153846154 0.03125
0 0.5024038461538461 0.2932692307692308 0.019230769230769232 0.026442307692307692
0 0.48197115384615385 0.2932692307692308 0.009615384615384616 0.01201923076923077
0 0.25961538461538464 0.265625 0.028846153846153848 0.028846153846153848
0 0.6790865384615384 0.31971153846153844 0.016826923076923076 0.028846153846153848
0 0.15745192307692307 0.25600961538461536 0.038461538461538464 0.04807692307692308
0 0.9663461538461539 0.3545673076923077 0.026442307692307692 0.03125
0 0.6935096153846154 0.3269230769230769 0.026442307692307692 0.03125
0 0.3425480769230769 0.28365384615384615 0.02403846153846154 0.026442307692307692
0 0.36899038461538464 0.28725961538461536 0.02403846153846154 0.03125
0 0.8377403846153846 0.3449519230769231 0.026442307692307692 0.03365384615384615
0 0.7103365384615384 0.33052884615384615 0.026442307692307692 0.03125
0 0.3088942307692308 0.28125 0.026442307692307692 0.028846153846153848
0 0.7415865384615384 0.33533653846153844 0.03365384615384615 0.038461538461538464
0 0.9903846153846154 0.36658653846153844 0.019230769230769232 0.026442307692307692
0 0.38221153846153844 0.2932692307692308 0.016826923076923076 0.02403846153846154
0 0.20552884615384615 0.27283653846153844 0.03125 0.040865384615384616
0 0.9795673076923077 0.36778846153846156 0.014423076923076924 0.028846153846153848
0 0.5949519230769231 0.3245192307692308 0.028846153846153848 0.028846153846153848
0 0.9290865384615384 0.36658653846153844 0.021634615384615384 0.026442307692307692
0 0.8713942307692307 0.3605769230769231 0.02403846153846154 0.026442307692307692
0 0.9471153846153846 0.3713942307692308 0.02403846153846154 0.03125
0 0.7295673076923077 0.34375 0.028846153846153848 0.036057692307692304
0 0.640625 0.33533653846153844 0.02403846153846154 0.036057692307692304
0 0.5625 0.32572115384615385 0.021634615384615384 0.03365384615384615
0 0.8353365384615384 0.3605769230769231 0.02403846153846154 0.03125
0 0.8894230769230769 0.36899038461538464 0.028846153846153848 0.03365384615384615
0 0.578125 0.33052884615384615 0.02403846153846154 0.03125
0 0.6502403846153846 0.3425480769230769 0.02403846153846154 0.03125
0 0.5216346153846154 0.3269230769230769 0.02403846153846154 0.028846153846153848
0 0.5384615384615384 0.33052884615384615 0.03125 0.040865384615384616
0 0.9963942307692307 0.3894230769230769 0.007211538461538462 0.04326923076923077
0 0.6658653846153846 0.35096153846153844 0.026442307692307692 0.03365384615384615
0 0.6141826923076923 0.3449519230769231 0.026442307692307692 0.038461538461538464
0 0.25961538461538464 0.3076923076923077 0.04567307692307692 0.052884615384615384
0 0.90625 0.3894230769230769 0.02403846153846154 0.03365384615384615
0 0.29086538461538464 0.31490384615384615 0.03125 0.040865384615384616
0 0.9326923076923077 0.39663461538461536 0.02403846153846154 0.026442307692307692
0 0.7896634615384616 0.3870192307692308 0.028846153846153848 0.036057692307692304
0 0.3894230769230769 0.3401442307692308 0.028846153846153848 0.036057692307692304
0 0.8521634615384616 0.39903846153846156 0.026442307692307692 0.03125
0 0.4375 0.35697115384615385 0.026442307692307692 0.038461538461538464
0 0.9146634615384616 0.4170673076923077 0.03365384615384615 0.040865384615384616
0 0.5949519230769231 0.39302884615384615 0.026442307692307692 0.036057692307692304
0 0.49759615384615385 0.38221153846153844 0.057692307692307696 0.07211538461538461
0 0.8798076923076923 0.4411057692307692 0.02403846153846154 0.036057692307692304
0 0.4230769230769231 0.38822115384615385 0.019230769230769232 0.028846153846153848
0 0.8161057692307693 0.4639423076923077 0.026442307692307692 0.03365384615384615
0 0.9627403846153846 0.4831730769230769 0.036057692307692304 0.036057692307692304
0 0.9038461538461539 0.484375 0.028846153846153848 0.038461538461538464
0 0.7776442307692307 0.4831730769230769 0.026442307692307692 0.038461538461538464
0 0.8293269230769231 0.5036057692307693 0.026442307692307692 0.03365384615384615
0 0.3233173076923077 0.44350961538461536 0.026442307692307692 0.040865384615384616