0 0.2109375 0.23671875 0.0046875 0.0046875
0 0.215625 0.23984375 0.00625 0.009375
0 0.2359375 0.24453125 0.009375 0.00625
0 0.27734375 0.2484375 0.00625 0.0140625
0 0.2265625 0.24609375 0.00625 0.0140625
0 0.20546875 0.24375 0.00625 0.009375
0 0.21953125 0.2453125 0.0109375 0.0109375
0 0.4703125 0.2734375 0.0109375 0.0203125
0 0.19609375 0.24765625 0.0046875 0.0046875
0 0.26484375 0.2546875 0.0046875 0.0046875
0 0.0765625 0.234375 0.0046875 0.0046875
0 0.41953125 0.27265625 0.00625 0.0140625
0 0.13359375 0.2421875 0.0109375 0.015625
0 0.24609375 0.25625 0.00625 0.009375
0 0.11953125 0.24296875 0.00625 0.009375
0 0.1859375 0.25 0.009375 0.00625
0 0.3125 0.26328125 0.0046875 0.0046875
0 0.36171875 0.27109375 0.0109375 0.0109375
0 0.1421875 0.24765625 0.00625 0.009375
0 0.33125 0.26796875 0.0046875 0.0046875
0 0.175 0.25390625 0.0046875 0.0046875
0 0.47890625 0.2859375 0.00625 0.0140625
0 0.2109375 0.2578125 0.0046875 0.0046875
0 0.2828125 0.26484375 0.00625 0.009375
0 0.296875 0.26640625 0.00625 0.009375
0 0.0609375 0.24140625 0.0046875 0.0046875
0 0.0359375 0.24140625 0.0046875 0.0046875
0 0.1515625 0.25390625 0.0109375 0.0203125
0 0.346875 0.27421875 0.00625 0.009375
0 0.11484375 0.25 0.0109375 0.015625
0 0.12109375 0.25078125 0.00625 0.009375
0 0.24140625 0.265625 0.00625 0.009375
0 0.09375 0.25 0.0109375 0.015625
0 0.196875 0.2609375 0.0046875 0.0046875
0 0.3234375 0.2765625 0.00625 0.009375
0 0.1296875 0.25625 0.0109375 0.015625
0 0.05390625 0.25078125 0.00625 0.0140625
0 0.3734375 0.284375 0.0109375 0.0109375
0 0.3875 0.28515625 0.0109375 0.0109375
0 0.30859375 0.27734375 0.0109375 0.0109375
0 0.334375 0.2796875 0.0109375 0.0109375
0 0.3578125 0.28203125 0.0109375 0.0109375
0 0.1890625 0.2671875 0.00625 0.009375
0 0.1546875 0.26328125 0.00625 0.009375
0 0.3 0.27890625 0.00625 0.009375
0 0.30390625 0.27890625 0.00625 0.009375
0 0.44921875 0.29453125 0.00625 0.009375
0 0.07421875 0.2546875 0.00625 0.0140625
0 0.26015625 0.2765625 0.00625 0.0140625
0 0.3984375 0.29140625 0.0109375 0.0109375
0 0.45625 0.29765625 0.0046875 0.0046875
0 0.2234375 0.27265625 0.00625 0.0140625
0 0.4328125 0.2953125 0.00625 0.0140625
0 0.18125 0.27109375 0.00625 0.009375
0 0.06640625 0.25859375 0.00625 0.0140625
0 0.1703125 0.26953125 0.00625 0.0140625
0 0.2375 0.2765625 0.0109375 0.0203125
0 0.271875 0.28046875 0.0046875 0.0046875
0 0.48828125 0.30546875 0.00625 0.009375
0 0.2484375 0.28046875 0.00625 0.0140625
0 0.11328125 0.26640625 0.0109375 0.0203125
0 0.165625 0.27421875 0.0078125 0.0234375
0 0.0984375 0.2671875 0.00625 0.0140625
0 0.196875 0.2796875 0.00625 0.009375
0 0.371875 0.29765625 0.0109375 0.0109375
0 0.503125 0.31171875 0.0109375 0.0109375
0 0.58671875 0.3203125 0.0109375 0.0109375
0 0.0890625 0.26796875 0.0109375 0.0203125
0 0.2828125 0.28828125 0.0109375 0.015625
0 0.2296875 0.28515625 0.0109375 0.015625
0 0.33046875 0.29609375 0.0109375 0.015625
0 0.03125 0.26484375 0.0203125 0.0203125
0 0.153125 0.2796875 0.0109375 0.015625
0 0.29140625 0.29453125 0.00625 0.0140625
0 0.2984375 0.2953125 0.00625 0.009375
0 0.3234375 0.29765625 0.0109375 0.015625
0 0.3046875 0.29765625 0.00625 0.009375
0 0.2078125 0.2875 0.0109375 0.0203125
0 0.31640625 0.29921875 0.0109375 0.015625
0 0.1296875 0.2796875 0.015625 0.0109375
0 0.35546875 0.30546875 0.00625 0.0140625
0 0.2515625 0.29453125 0.0109375 0.015625
0 0.3484375 0.3046875 0.0109375 0.0203125
0 0.44453125 0.31484375 0.0109375 0.0109375
0 0.46328125 0.3171875 0.00625 0.0140625
0 0.115625 0.28046875 0.0109375 0.015625
0 0.2578125 0.29765625 0.00625 0.0140625
0 0.3390625 0.30625 0.00625 0.009375
0 0.51640625 0.325 0.00625 0.0140625
0 0.07421875 0.278125 0.0203125 0.0203125
0 0.4703125 0.3203125 0.00625 0.009375
0 0.49296875 0.32265625 0.00625 0.0140625
0 0.509375 0.32421875 0.00625 0.009375
0 0.378125 0.31015625 0.015625 0.0203125
0 0.3890625 0.31171875 0.0109375 0.0203125
0 0.06015625 0.27734375 0.015625 0.0203125
0 0.421875 0.31484375 0.0109375 0.015625
0 0.3984375 0.31484375 0.0109375 0.015625
0 0.52265625 0.328125 0.0109375 0.015625
0 0.365625 0.31171875 0.0109375 0.015625
0 0.4765625 0.3234375 0.0109375 0.0203125
0 0.4859375 0.3265625 0.00625 0.0140625
0 0.08984375 0.28515625 0.0109375 0.015625
0 0.2765625 0.3046875 0.00625 0.0140625
0 0.59140625 0.3375 0.0109375 0.0109375
0 0.68125 0.346875 0.0109375 0.0109375
0 0.49921875 0.33046875 0.0109375 0.0203125
0 0.715625 0.353125 0.0109375 0.015625
0 0.30078125 0.309375 0.00625 0.0140625
0 0.55390625 0.3359375 0.0109375 0.015625
0 0.1078125 0.2890625 0.0203125 0.0203125
0 0.1234375 0.290625 0.0109375 0.0203125
0 0.04609375 0.28515625 0.015625 0.0203125
0 0.42734375 0.325 0.0109375 0.015625
0 0.5796875 0.34140625 0.0109375 0.015625
0 0.21328125 0.30234375 0.0171875 0.025
0 0.76796875 0.3609375 0.0046875 0.0046875
0 0.1625 0.29921875 0.015625 0.0203125
0 0.22734375 0.30625 0.015625 0.0203125
0 0.240625 0.3078125 0.00625 0.0140625
0 0.2921875 0.31328125 0.0109375 0.015625
0 0.459375 0.33046875 0.015625 0.015625
0 0.02421875 0.28515625 0.0109375 0.015625
0 0.615625 0.346875 0.0109375 0.0203125
0 0.309375 0.31484375 0.00625 0.01875
0 0.20390625 0.30625 0.0109375 0.0203125
0 0.33046875 0.31953125 0.0109375 0.0203125
0 0.65546875 0.35390625 0.0109375 0.015625
0 0.73359375 0.36171875 0.00625 0.009375
0 0.75390625 0.3640625 0.0109375 0.015625
0 0.77734375 0.36640625 0.00625 0.009375
0 0.784375 0.3671875 0.0109375 0.0109375
0 0.14375 0.3 0.0203125 0.0203125
0 0.18984375 0.3046875 0.00625 0.01875
0 0.3671875 0.3234375 0.0109375 0.0203125
0 0.39296875 0.32578125 0.0109375 0.0203125
0 0.40390625 0.32734375 0.0109375 0.015625
0 0.41796875 0.32890625 0.0109375 0.0203125
0 0.69140625 0.36015625 0.0109375 0.015625
0 0.79296875 0.3703125 0.0046875 0.0046875
0 0.1828125 0.30625 0.00625 0.01875
0 0.5625 0.34609375 0.0109375 0.0109375
0 0.7125 0.36171875 0.0109375 0.015625
0 0.09296875 0.296875 0.0171875 0.025
0 0.80859375 0.371875 0.00625 0.009375
0 0.70546875 0.36171875 0.00625 0.009375
0 0.7609375 0.3671875 0.0109375 0.0109375
0 0.8390625 0.375 0.0046875 0.0046875
0 0.38046875 0.3296875 0.0109375 0.0203125
0 0.53046875 0.3453125 0.0109375 0.0203125
0 0.72421875 0.365625 0.009375 0.00625
0 0.64765625 0.3578125 0.0109375 0.0203125
0 0.74609375 0.36796875 0.0046875 0.0046875
0 0.509375 0.34453125 0.00625 0.01875
0 0.62890625 0.35703125 0.0109375 0.015625
0 0.63828125 0.35859375 0.015625 0.0203125
0 0.48828125 0.3421875 0.015625 0.0203125
0 0.55078125 0.34921875 0.0109375 0.0109375
0 0.67109375 0.36171875 0.00625 0.009375
0 0.68203125 0.3625 0.0109375 0.015625
0 0.81796875 0.37734375 0.0046875 0.0046875
0 0.84296875 0.3796875 0.0046875 0.0046875
0 0.25078125 0.31953125 0.00625 0.01875
0 0.734375 0.3703125 0.00625 0.009375
0 0.7984375 0.37734375 0.00625 0.009375
0 0.28359375 0.3234375 0.0125 0.025
0 0.315625 0.3265625 0.015625 0.0203125
0 0.47734375 0.34375 0.0125 0.025
0 0.5390625 0.35 0.015625 0.0203125
0 0.6609375 0.36328125 0.0109375 0.0109375
0 0.81015625 0.37890625 0.00625 0.009375
0 0.1640625 0.3109375 0.0109375 0.0203125
0 0.290625 0.32421875 0.00625 0.01875
0 0.5 0.34609375 0.0109375 0.0109375
0 0.3703125 0.33515625 0.015625 0.015625
0 0.76875 0.3765625 0.0109375 0.0109375
0 0.82421875 0.3828125 0.00625 0.009375
0 0.83125 0.3828125 0.0046875 0.0046875
0 0.059375 0.30234375 0.0203125 0.0203125
0 0.51796875 0.35 0.015625 0.0203125
0 0.72578125 0.371875 0.0109375 0.0109375
0 0.7828125 0.378125 0.0109375 0.015625
0 0.23515625 0.32265625 0.0171875 0.025
0 0.61171875 0.3625 0.015625 0.015625
0 0.45546875 0.34609375 0.015625 0.0203125
0 0.5703125 0.3578125 0.0109375 0.015625
0 0.8171875 0.384375 0.0109375 0.0109375
0 0.13515625 0.31484375 0.0171875 0.025
0 0.2734375 0.3296875 0.0171875 0.0296875
0 0.35703125 0.33828125 0.0109375 0.0203125
0 0.69453125 0.3734375 0.00625 0.0140625
0 0.4390625 0.346875 0.0171875 0.025
0 0.4046875 0.3453125 0.0171875 0.025
0 0.303125 0.334375 0.015625 0.015625
0 0.54921875 0.3609375 0.0109375 0.015625
0 0.025 0.30546875 0.0171875 0.0296875
0 0.04375 0.3078125 0.0125 0.0296875
0 0.66953125 0.3734375 0.0109375 0.0203125
0 0.96875 0.40703125 0.0109375 0.0109375
0 0.98359375 0.4109375 0.00625 0.009375
0 0.3328125 0.34296875 0.021875 0.025
0 0.421875 0.35234375 0.0171875 0.0296875
0 0.7421875 0.3859375 0.0109375 0.0203125
0 0.8828125 0.40078125 0.0109375 0.015625
0 0.5234375 0.36484375 0.015625 0.0203125
0 0.77421875 0.39140625 0.0109375 0.015625
0 0.79453125 0.39375 0.015625 0.0203125
0 0.22421875 0.33359375 0.015625 0.0203125
0 0.07890625 0.31796875 0.0203125 0.0203125
0 0.65 0.378125 0.0109375 0.0203125
0 0.20546875 0.33125 0.0171875 0.025
0 0.78125 0.3921875 0.015625 0.015625
0 0.8296875 0.396875 0.0109375 0.015625
0 0.8921875 0.40390625 0.0046875 0.0046875
0 0.90390625 0.4046875 0.0125 0.025
0 0.91875 0.40625 0.0109375 0.015625
0 0.63828125 0.3796875 0.015625 0.0203125
0 0.6796875 0.38359375 0.0109375 0.0203125
0 0.18671875 0.33203125 0.021875 0.025
0 0.34375 0.3484375 0.015625 0.0203125
0 0.5 0.36484375 0.0171875 0.025
0 0.5421875 0.36953125 0.0109375 0.015625
0 0.73203125 0.3890625 0.0109375 0.0203125
0 0.75546875 0.39140625 0.0109375 0.0203125
0 0.9328125 0.41015625 0.015625 0.0203125
0 0.28828125 0.3453125 0.0171875 0.025
0 0.53515625 0.37109375 0.0109375 0.0203125
0 0.621875 0.3796875 0.0171875 0.0296875
0 0.709375 0.3890625 0.0109375 0.0203125
0 0.95390625 0.41484375 0.0046875 0.0046875
0 0.8703125 0.40625 0.015625 0.0203125
0 0.475 0.36484375 0.0109375 0.015625
0 0.56171875 0.3734375 0.021875 0.025
0 0.815625 0.4 0.0109375 0.0203125
0 0.85625 0.40703125 0.015625 0.0203125
0 0.66328125 0.38671875 0.015625 0.0203125
0 0.15234375 0.33515625 0.0203125 0.0203125
0 0.24375 0.3453125 0.0171875 0.025
0 0.690625 0.3921875 0.0171875 0.025
0 0.94609375 0.41875 0.00625 0.01875
0 0.48984375 0.37109375 0.0171875 0.025
0 0.58984375 0.38125 0.0109375 0.0203125
0 0.8359375 0.40703125 0.015625 0.0203125
0 0.99453125 0.42421875 0.0109375 0.0203125
0 0.71796875 0.396875 0.0171875 0.025
0 0.9984375 0.4265625 0.003125 0.025
0 0.171875 0.3421875 0.0171875 0.0296875
0 0.453125 0.371875 0.0109375 0.0203125
0 0.65546875 0.39296875 0.0109375 0.0203125
0 0.8046875 0.40859375 0.015625 0.0203125
0 0.9796875 0.42734375 0.0109375 0.0203125
0 0.1375 0.33828125 0.0125 0.025
0 0.209375 0.34609375 0.0171875 0.025
0 0.96640625 0.428125 0.0109375 0.0203125
0 0.459375 0.375 0.015625 0.0203125
0 0.025 0.32890625 0.0171875 0.0296875
0 0.36953125 0.36796875 0.021875 0.034375
0 0.87109375 0.4203125 0.0109375 0.015625
0 0.6 0.3921875 0.0109375 0.0203125
0 0.64140625 0.39609375 0.015625 0.0203125
0 0.38984375 0.371875 0.0125 0.025
0 0.7375 0.40859375 0.015625 0.0203125
0 0.440625 0.37734375 0.015625 0.0203125
0 0.5234375 0.3859375 0.0125 0.0296875
0 0.88046875 0.4234375 0.0109375 0.015625
0 0.90859375 0.4265625 0.0109375 0.0203125
0 0.95390625 0.43125 0.0109375 0.015625
0 0.77421875 0.41484375 0.0125 0.025
0 0.790625 0.41640625 0.0109375 0.0203125
0 0.796875 0.4171875 0.0109375 0.015625
0 0.11796875 0.34609375 0.0328125 0.053125
0 0.22890625 0.36015625 0.021875 0.0296875
0 0.84375 0.42421875 0.015625 0.0203125
0 0.3015625 0.36796875 0.021875 0.0296875
0 0.8203125 0.421875 0.0109375 0.0109375
0 0.7046875 0.4125 0.0171875 0.025
0 0.475 0.38828125 0.015625 0.0203125
0 0.93046875 0.4359375 0.0171875 0.025
0 0.8609375 0.43125 0.021875 0.025
0 0.91796875 0.4375 0.0171875 0.025
0 0.6046875 0.40625 0.0171875 0.025
0 0.9953125 0.446875 0.009375 0.015625
0 0.403125 0.38515625 0.021875 0.0296875
0 0.9828125 0.44609375 0.0109375 0.0203125
0 0.28515625 0.37265625 0.021875 0.0390625
0 0.14453125 0.36015625 0.015625 0.0203125
0 0.26875 0.3734375 0.021875 0.0296875
0 0.565625 0.4046875 0.0078125 0.0234375
0 0.42265625 0.38984375 0.021875 0.0296875
0 0.940625 0.446875 0.0109375 0.0203125
0 0.34921875 0.38671875 0.0171875 0.025
0 0.1578125 0.36640625 0.0125 0.025
0 0.20625 0.371875 0.021875 0.0390625
0 0.5265625 0.40546875 0.0171875 0.025
0 0.96171875 0.45078125 0.0109375 0.0203125
0 0.7125 0.42734375 0.015625 0.0203125
0 0.09140625 0.36171875 0.015625 0.0203125
0 0.9703125 0.4546875 0.0171875 0.025
0 0.50078125 0.40625 0.0171875 0.025
0 0.4453125 0.40078125 0.0171875 0.0296875
0 0.8390625 0.4421875 0.015625 0.0203125
0 0.74609375 0.43515625 0.015625 0.0203125
0 0.06484375 0.36328125 0.021875 0.0390625
0 0.6796875 0.428125 0.021875 0.0296875
0 0.996875 0.46171875 0.00625 0.0203125
0 0.05078125 0.3640625 0.021875 0.0296875
0 0.63828125 0.42578125 0.021875 0.0390625
0 0.87734375 0.45078125 0.0171875 0.025
0 0.22578125 0.38515625 0.0265625 0.034375
0 0.19296875 0.38359375 0.0265625 0.0296875
0 0.31796875 0.396875 0.021875 0.0296875
0 0.01796875 0.36796875 0.01875 0.0421875
0 0.78515625 0.44609375 0.0171875 0.025
0 0.80546875 0.4484375 0.015625 0.015625
0 0.3703125 0.40703125 0.03125 0.03125
0 0.478125 0.41796875 0.0171875 0.025
0 0.853125 0.4578125 0.015625 0.0203125
0 0.77109375 0.44921875 0.0171875 0.025
0 0.94765625 0.46796875 0.0171875 0.025
0 0.9109375 0.46640625 0.0109375 0.0203125
0 0.46171875 0.42109375 0.015625 0.0203125
0 0.41484375 0.41875 0.021875 0.0296875
0 0.9609375 0.4765625 0.015625 0.0203125
0 0.625 0.440625 0.021875 0.034375
0 0.17109375 0.3953125 0.0203125 0.0203125
0 0.74921875 0.45625 0.021875 0.034375
0 0.98828125 0.48125 0.0109375 0.0203125
0 0.27734375 0.409375 0.0171875 0.0328125
0 0.27421875 0.4109375 0.021875 0.0390625
0 0.04140625 0.38671875 0.021875 0.0296875
0 0.83828125 0.4703125 0.021875 0.034375
0 0.99609375 0.4890625 0.0078125 0.025
0 0.28984375 0.4171875 0.021875 0.034375
0 0.97578125 0.48984375 0.0125 0.025
0 0.57109375 0.446875 0.0171875 0.025
0 0.146875 0.4046875 0.021875 0.0390625
0 0.209375 0.41328125 0.0296875 0.0265625
0 0.64609375 0.459375 0.028125 0.04375
0 0.7265625 0.46796875 0.0171875 0.0328125
0 0.9109375 0.4875 0.0171875 0.025
0 0.58671875 0.45546875 0.0265625 0.034375
0 0.18984375 0.41640625 0.0265625 0.0390625
0 0.80234375 0.48046875 0.021875 0.0296875
0 0.6828125 0.46796875 0.0234375 0.04375
0 0.86875 0.4875 0.021875 0.0390625
0 0.95234375 0.49609375 0.015625 0.0203125
0 0.5234375 0.45390625 0.021875 0.0296875
0 0.3734375 0.43828125 0.0171875 0.0375
0 0.42890625 0.44375 0.0171875 0.0296875
0 0.22578125 0.42734375 0.0234375 0.0484375
0 0.1703125 0.4234375 0.0265625 0.0390625
0 0.2578125 0.43515625 0.0359375 0.04375
0 0.92734375 0.50546875 0.025 0.025
0 0.7734375 0.4921875 0.01875 0.0421875
0 0.96484375 0.51171875 0.021875 0.0296875
0 0.75234375 0.4921875 0.03125 0.0390625
0 0.99375 0.52109375 0.0078125 0.0328125
0 0.890625 0.50859375 0.021875 0.0296875
0 0.82109375 0.5015625 0.0234375 0.04375
0 0.38359375 0.45703125 0.028125 0.04375
0 0.78203125 0.49921875 0.021875 0.0390625
0 0.41015625 0.4625 0.0265625 0.0390625
0 0.571875 0.4796875 0.0265625 0.0296875
0 0.7328125 0.49609375 0.028125 0.04375
0 0.98359375 0.52265625 0.021875 0.0296875
0 0.33046875 0.45390625 0.0265625 0.0296875
0 0.59921875 0.48203125 0.0265625 0.0296875
0 0.05390625 0.425 0.0375 0.053125
0 0.859375 0.51171875 0.0234375 0.04375
0 0.55078125 0.4796875 0.034375 0.0578125
0 0.4859375 0.475 0.028125 0.04375
0 0.84140625 0.5125 0.028125 0.04375
0 0.2078125 0.44609375 0.0359375 0.04375
0 0.94609375 0.528125 0.021875 0.025
0 0.45859375 0.4765625 0.028125 0.053125
0 0.346875 0.4671875 0.028125 0.04375
0 0.6421875 0.503125 0.028125 0.04375
0 0.6203125 0.50546875 0.021875 0.025
0 0.57421875 0.50546875 0.0234375 0.0484375
0 0.684375 0.5171875 0.0265625 0.034375
0 0.296875 0.47890625 0.021875 0.0296875
0 0.509375 0.503125 0.028125 0.053125
0 0.15703125 0.46875 0.0328125 0.053125
0 0.325 0.4859375 0.0359375 0.04375
0 0.18828125 0.47421875 0.0375 0.0625
0 0.74296875 0.5328125 0.028125 0.04375
0 0.86953125 0.54609375 0.03125 0.034375
0 0.23671875 0.48203125 0.0375 0.053125
0 0.9359375 0.5578125 0.0265625 0.034375
0 0.78359375 0.54140625 0.021875 0.034375
0 0.97265625 0.5640625 0.0328125 0.04375
0 0.3765625 0.503125 0.0265625 0.0390625
0 0.42890625 0.509375 0.0265625 0.034375
0 0.4015625 0.50625 0.040625 0.05
0 0.2609375 0.49609375 0.0234375 0.04375
0 0.65859375 0.5375 0.0234375 0.0484375
0 0.7171875 0.55703125 0.0328125 0.04375
0 0.31171875 0.5171875 0.034375 0.0625
0 0.678125 0.55546875 0.028125 0.04375
0 0.27734375 0.5203125 0.046875 0.0546875
0 0.59375 0.55390625 0.0296875 0.0625
0 0.7890625 0.57890625 0.0234375 0.0484375
0 0.98046875 0.59921875 0.021875 0.0390625
0 0.98203125 0.60390625 0.0140625 0.0515625
0 0.76171875 0.58125 0.028125 0.04375
0 0.8046875 0.5875 0.0328125 0.053125
0 0.44140625 0.55 0.0296875 0.0625
0 0.94765625 0.603125 0.028125 0.053125
0 0.8328125 0.5953125 0.0328125 0.053125
0 0.87109375 0.59921875 0.0375 0.053125
0 0.92890625 0.60546875 0.0375 0.0625
0 0.7390625 0.59765625 0.0328125 0.04375
0 0.52421875 0.575 0.028125 0.053125
0 0.40234375 0.5640625 0.0484375 0.078125
0 0.496875 0.57421875 0.0390625 0.03125
0 0.621875 0.60625 0.046875 0.096875
0 0.35390625 0.5796875 0.04375 0.06875
0 0.25703125 0.57421875 0.05625 0.096875
0 0.115625 0.57109375 0.0703125 0.1125
0 0.70234375 0.63515625 0.034375 0.0625
0 0.6671875 0.63359375 0.0359375 0.071875
0 0.49921875 0.62109375 0.0390625 0.071875
0 0.546875 0.6328125 0.0390625 0.0671875
0 0.94765625 0.675 0.046875 0.0640625
0 0.209375 0.6046875 0.065625 0.1015625
0 0.4703125 0.64609375 0.0359375 0.0359375
0 0.02265625 0.5984375 0.0453125 0.10625
0 0.75625 0.68125 0.04375 0.06875
0 0.82578125 0.69921875 0.0234375 0.04375
0 0.88984375 0.70625 0.0375 0.0625
0 0.57421875 0.684375 0.0515625 0.1
0 0.93984375 0.72265625 0.0625 0.0703125
0 0.7859375 0.74453125 0.0453125 0.0875
0 0.35546875 0.7015625 0.05625 0.096875
0 0.70234375 0.74453125 0.0546875 0.0921875
0 0.48203125 0.73515625 0.0703125 0.103125
0 0.05703125 0.728125 0.090625 0.1234375
0 0.59609375 0.80078125 0.0671875 0.125
0 0.22578125 0.7640625 0.0609375 0.14375
0 0.896875 0.8421875 0.0796875 0.1453125
0 0.43125 0.828125 0.065625 0.10625
0 0.70859375 0.90859375 0.0859375 0.128125
0 0.2515625 0.86953125 0.1109375 0.184375
0 0.446875 0.915625 0.071875 0.121875