0 0.21514423076923078 0.07932692307692307 0.0889423076923077 0.038461538461538464
0 0.6670673076923077 0.7596153846153846 0.07932692307692307 0.0625
0 0.16706730769230768 0.7788461538461539 0.0889423076923077 0.07211538461538461
0 0.8052884615384616 0.0733173076923077 0.07451923076923077 0.04326923076923077
0 0.6370192307692307 0.7920673076923077 0.09375 0.0673076923076923
0 0.9627403846153846 0.07211538461538461 0.05048076923076923 0.04326923076923077
0 0.96875 0.7992788461538461 0.0625 0.06009615384615385
0 0.1466346153846154 0.8786057692307693 0.10817307692307693 0.07692307692307693
0 0.6923076923076923 0.08653846153846154 0.06009615384615385 0.038461538461538464
0 0.9579326923076923 0.8846153846153846 0.08413461538461539 0.07692307692307693
0 0.7127403846153846 0.8942307692307693 0.10336538461538461 0.07211538461538461
0 0.0733173076923077 0.09975961538461539 0.06971153846153846 0.052884615384615384
0 0.35216346153846156 0.1045673076923077 0.06009615384615385 0.038461538461538464
0 0.828125 0.10096153846153846 0.06971153846153846 0.038461538461538464
0 0.19230769230769232 0.1141826923076923 0.055288461538461536 0.04326923076923077
0 0.06850961538461539 0.125 0.055288461538461536 0.04326923076923077
0 0.9735576923076923 0.11057692307692307 0.038461538461538464 0.05048076923076923
0 0.3161057692307692 0.12620192307692307 0.06009615384615385 0.04326923076923077
0 0.1310096153846154 0.020432692307692308 0.04807692307692308 0.028846153846153848
0 0.6766826923076923 0.12620192307692307 0.06009615384615385 0.04326923076923077
0 0.16947115384615385 0.140625 0.06490384615384616 0.03365384615384615
0 0.9266826923076923 0.010817307692307692 0.05048076923076923 0.021634615384615384
0 0.8545673076923077 0.1310096153846154 0.04326923076923077 0.038461538461538464
0 0.046875 0.15144230769230768 0.06009615384615385 0.05048076923076923
0 0.359375 0.1502403846153846 0.06490384615384616 0.04326923076923077
0 0.8088942307692307 0.01201923076923077 0.05048076923076923 0.02403846153846154
0 0.8846153846153846 0.15504807692307693 0.06009615384615385 0.038461538461538464
0 0.2644230769230769 0.019230769230769232 0.055288461538461536 0.03125
0 0.16947115384615385 0.17307692307692307 0.055288461538461536 0.03365384615384615
0 0.32211538461538464 0.17307692307692307 0.055288461538461536 0.03365384615384615
0 0.37740384615384615 0.020432692307692308 0.06009615384615385 0.036057692307692304
0 0.6634615384615384 0.18028846153846154 0.06490384615384616 0.04326923076923077
0 0.17067307692307693 0.20072115384615385 0.06971153846153846 0.04326923076923077
0 0.8725961538461539 0.19110576923076922 0.07451923076923077 0.04326923076923077
0 0.015625 0.2091346153846154 0.03125 0.038461538461538464
0 0.0985576923076923 0.027644230769230768 0.055288461538461536 0.040865384615384616
0 0.36538461538461536 0.21995192307692307 0.06971153846153846 0.04807692307692308
0 0.6550480769230769 0.22235576923076922 0.06009615384615385 0.038461538461538464
0 0.9182692307692307 0.2283653846153846 0.07451923076923077 0.052884615384615384
0 0.15264423076923078 0.2439903846153846 0.055288461538461536 0.04326923076923077
0 0.21153846153846154 0.030048076923076924 0.05048076923076923 0.03365384615384615
0 0.9663461538461539 0.019230769230769232 0.04326923076923077 0.038461538461538464
0 0.9723557692307693 0.23677884615384615 0.038461538461538464 0.04807692307692308
0 0.030048076923076924 0.25841346153846156 0.06009615384615385 0.055288461538461536
0 0.8701923076923077 0.2512019230769231 0.06971153846153846 0.03365384615384615
0 0.6742788461538461 0.2644230769230769 0.07932692307692307 0.052884615384615384
0 0.12139423076923077 0.27884615384615385 0.07451923076923077 0.057692307692307696
0 0.29927884615384615 0.28125 0.06971153846153846 0.04326923076923077
0 0.8557692307692307 0.27403846153846156 0.05048076923076923 0.03365384615384615
0 0.10576923076923077 0.3245192307692308 0.06971153846153846 0.052884615384615384
0 0.3016826923076923 0.3233173076923077 0.06971153846153846 0.038461538461538464
0 0.8641826923076923 0.3245192307692308 0.08413461538461539 0.052884615384615384
0 0.6430288461538461 0.3401442307692308 0.07932692307692307 0.04807692307692308
0 0.29447115384615385 0.35336538461538464 0.0889423076923077 0.04326923076923077
0 0.3870192307692308 0.037259615384615384 0.05048076923076923 0.038461538461538464
0 0.052884615384615384 0.36658653846153844 0.07451923076923077 0.052884615384615384
0 0.6670673076923077 0.36778846153846156 0.07932692307692307 0.04807692307692308
0 0.96875 0.3942307692307692 0.055288461538461536 0.06009615384615385
0 0.8137019230769231 0.03365384615384615 0.06490384615384616 0.04807692307692308
0 0.2692307692307692 0.41346153846153844 0.06971153846153846 0.038461538461538464
0 0.8581730769230769 0.421875 0.06971153846153846 0.0625
0 0.6586538461538461 0.43028846153846156 0.06971153846153846 0.0625
0 0.6766826923076923 0.040865384615384616 0.055288461538461536 0.04807692307692308
0 0.038461538461538464 0.46153846153846156 0.07692307692307693 0.0673076923076923
0 0.2608173076923077 0.45913461538461536 0.08413461538461539 0.0673076923076923
0 0.9639423076923077 0.039663461538461536 0.055288461538461536 0.028846153846153848
0 0.06370192307692307 0.055288461538461536 0.06009615384615385 0.038461538461538464
0 0.6826923076923077 0.48197115384615385 0.07451923076923077 0.04807692307692308
0 0.9350961538461539 0.4951923076923077 0.07451923076923077 0.0625
0 0.20552884615384615 0.055288461538461536 0.055288461538461536 0.02403846153846154
0 0.06490384615384616 0.5216346153846154 0.07451923076923077 0.0673076923076923
0 0.8822115384615384 0.5228365384615384 0.07451923076923077 0.052884615384615384
0 0.7115384615384616 0.546875 0.0889423076923077 0.057692307692307696
0 0.9110576923076923 0.5901442307692307 0.0889423076923077 0.0673076923076923
0 0.24759615384615385 0.6069711538461539 0.0889423076923077 0.0673076923076923
0 0.3629807692307692 0.0625 0.06971153846153846 0.04326923076923077
0 0.22716346153846154 0.6550480769230769 0.09375 0.057692307692307696
0 0.6550480769230769 0.6622596153846154 0.0985576923076923 0.07932692307692307
0 0.9819711538461539 0.6634615384615384 0.03365384615384615 0.06490384615384616
0 0.9435096153846154 0.6923076923076923 0.08413461538461539 0.07211538461538461