0 0.27421875 0.0390625 0.021875 0.021875
0 0.78984375 0.91796875 0.0765625 0.09375
0 0.53515625 0.0859375 0.01875 0.0296875
0 0.76328125 0.9359375 0.0671875 0.0546875
0 0.24453125 0.1609375 0.0234375 0.034375
0 0.4140625 0.13828125 0.0234375 0.034375
0 0.2984375 0.159375 0.028125 0.0359375
0 0.38515625 0.02578125 0.0171875 0.025
0 0.39921875 0.1578125 0.025 0.0390625
0 0.45859375 0.1484375 0.01875 0.034375
0 0.33359375 0.17265625 0.0171875 0.025
0 0.52109375 0.14296875 0.0234375 0.034375
0 0.4890625 0.15078125 0.01875 0.034375
0 0.44140625 0.16015625 0.021875 0.0265625
0 0.24609375 0.05078125 0.01875 0.0296875
0 0.33515625 0.03671875 0.01875 0.034375
0 0.471875 0.159375 0.025 0.04375
0 0.21796875 0.2 0.0140625 0.0328125
0 0.34453125 0.18203125 0.0171875 0.025
0 0.2484375 0.20234375 0.0171875 0.025
0 0.2671875 0.19921875 0.0234375 0.034375
0 0.296875 0.19453125 0.025 0.04375
0 0.375 0.184375 0.025 0.04375
0 0.28359375 0.19921875 0.01875 0.034375
0 0.2359375 0.20859375 0.01875 0.0296875
0 0.36171875 0.1890625 0.01875 0.034375
0 0.32578125 0.196875 0.0234375 0.034375
0 0.31171875 0.2015625 0.01875 0.034375
0 0.49375 0.0140625 0.01875 0.028125
0 0.4484375 0.19140625 0.01875 0.0296875
0 0.51953125 0.18046875 0.025 0.0390625
0 0.428125 0.1953125 0.01875 0.034375
0 0.2296875 0.22890625 0.025 0.04375
0 0.346875 0.2125 0.01875 0.034375
0 0.27109375 0.22421875 0.021875 0.0265625
0 0.40390625 0.20390625 0.0171875 0.0203125
0 0.32421875 0.040625 0.0203125 0.0390625
0 0.246875 0.23359375 0.021875 0.0265625
0 0.2015625 0.24296875 0.01875 0.034375
0 0.35859375 0.0375 0.0140625 0.0328125
0 0.50859375 0.19921875 0.025 0.0484375
0 0.66015625 0.17734375 0.0234375 0.034375
0 0.2921875 0.23515625 0.025 0.0390625
0 0.3609375 0.22734375 0.0234375 0.03125
0 0.440625 0.2140625 0.025 0.04375
0 0.29921875 0.046875 0.0171875 0.025
0 0.55546875 0.20078125 0.0234375 0.03125
0 0.225 0.25546875 0.01875 0.034375
0 0.18984375 0.2609375 0.025 0.04375
0 0.4171875 0.22734375 0.0203125 0.0390625
0 0.3984375 0.23046875 0.021875 0.021875
0 0.46171875 0.22890625 0.025 0.0390625
0 0.221875 0.2671875 0.025 0.04375
0 0.3265625 0.25078125 0.0234375 0.03125
0 0.5875 0.209375 0.0296875 0.0484375
0 0.275 0.26328125 0.0265625 0.053125
0 0.55234375 0.22421875 0.021875 0.021875
0 0.36328125 0.2546875 0.028125 0.0359375
0 0.6515625 0.21328125 0.0328125 0.040625
0 0.25859375 0.278125 0.025 0.04375
0 0.3484375 0.26640625 0.0203125 0.0390625
0 0.503125 0.24140625 0.01875 0.034375
0 0.71484375 0.21484375 0.034375 0.05
0 0.2125 0.296875 0.025 0.04375
0 0.41640625 0.26484375 0.025 0.0484375
0 0.578125 0.2390625 0.01875 0.034375
0 0.30703125 0.284375 0.03125 0.053125
0 0.39296875 0.27109375 0.025 0.04375
0 0.5609375 0.24921875 0.025 0.0390625
0 0.51640625 0.265625 0.025 0.0390625
0 0.3296875 0.3 0.0296875 0.0484375
0 0.66953125 0.25234375 0.0375 0.0640625
0 0.25078125 0.328125 0.028125 0.0359375
0 0.5296875 0.2890625 0.025 0.04375
0 0.6078125 0.2765625 0.0328125 0.0359375
0 0.38359375 0.31171875 0.0296875 0.0484375
0 0.5875 0.28203125 0.0296875 0.0453125
0 0.271875 0.33203125 0.025 0.04375
0 0.4453125 0.3046875 0.0265625 0.0265625
0 0.35859375 0.31796875 0.0296875 0.0484375
0 0.49765625 0.303125 0.03125 0.053125
0 0.21640625 0.35 0.03125 0.053125
0 0.19140625 0.35625 0.0375 0.0453125
0 0.346875 0.334375 0.025 0.04375
0 0.25859375 0.353125 0.0234375 0.03125
0 0.58125 0.30234375 0.0265625 0.0578125
0 0.8125 0.2796875 0.0453125 0.065625
0 0.553125 0.33046875 0.040625 0.059375
0 0.31796875 0.36953125 0.0296875 0.0484375
0 0.6203125 0.3234375 0.0296875 0.0453125
0 0.75625 0.30234375 0.040625 0.0640625
0 0.3984375 0.36328125 0.0296875 0.0484375
0 0.27578125 0.38984375 0.0234375 0.0609375
0 0.45234375 0.36171875 0.0359375 0.059375
0 0.19765625 0.409375 0.034375 0.05
0 0.37421875 0.3859375 0.034375 0.05
0 0.29453125 0.4015625 0.0359375 0.0546875
0 0.715625 0.3390625 0.0328125 0.0359375
0 0.2640625 0.415625 0.0328125 0.0625
0 0.36796875 0.0515625 0.01875 0.0296875
0 0.35234375 0.425 0.034375 0.05
0 0.546875 0.39453125 0.040625 0.0640625
0 0.43046875 0.415625 0.04375 0.05625
0 0.85546875 0.34921875 0.04375 0.078125
0 0.40390625 0.42578125 0.0359375 0.059375
0 0.94609375 0.35390625 0.0546875 0.0890625
0 0.7171875 0.39296875 0.0390625 0.0734375
0 0.17109375 0.4796875 0.0421875 0.06875
0 0.5984375 0.4140625 0.040625 0.059375
0 0.8234375 0.378125 0.053125 0.084375
0 0.88515625 0.37109375 0.0453125 0.065625
0 0.38515625 0.45234375 0.034375 0.0453125
0 0.31171875 0.4640625 0.0359375 0.059375
0 0.19609375 0.48984375 0.0421875 0.0734375
0 0.125 0.50078125 0.0671875 0.1125
0 0.69375 0.4203125 0.0421875 0.06875
0 0.53125 0.4640625 0.0375 0.0453125
0 0.19375 0.09140625 0.021875 0.0265625
0 0.296875 0.50625 0.040625 0.0640625
0 0.9359375 0.41171875 0.04375 0.078125
0 0.453125 0.5 0.0421875 0.06875
0 0.91484375 0.42734375 0.053125 0.084375
0 0.1046875 0.56484375 0.0609375 0.103125
0 0.74921875 0.4625 0.040625 0.0640625
0 0.8671875 0.44921875 0.05 0.0921875
0 0.28515625 0.07890625 0.0234375 0.034375
0 0.784375 0.4765625 0.0421875 0.06875
0 0.64921875 0.50703125 0.05 0.0890625
0 0.21796875 0.58203125 0.0546875 0.0890625
0 0.54765625 0.534375 0.0484375 0.0796875
0 0.41484375 0.5671875 0.0546875 0.09375
0 0.484375 0.565625 0.0421875 0.096875
0 0.70390625 0.54296875 0.0421875 0.1
0 0.73515625 0.5375 0.053125 0.084375
0 0.61015625 0.56015625 0.053125 0.084375
0 0.5140625 0.575 0.0546875 0.09375
0 0.95625 0.5078125 0.065625 0.103125
0 0.2828125 0.6796875 0.053125 0.084375
0 0.41171875 0.68046875 0.059375 0.0890625
0 0.26328125 0.09921875 0.0234375 0.03125
0 0.30859375 0.0921875 0.0203125 0.0390625
0 0.546875 0.70859375 0.0609375 0.103125
0 0.5109375 0.71640625 0.0453125 0.0921875
0 0.13984375 0.7890625 0.0765625 0.1140625
0 0.36484375 0.76953125 0.0734375 0.128125
0 0.8953125 0.690625 0.0609375 0.1078125
0 0.3375 0.790625 0.0578125 0.1390625
0 0.78984375 0.73125 0.071875 0.11875
0 0.984375 0.70078125 0.03125 0.0640625
0 0.6828125 0.7640625 0.0625 0.1125
0 0.19921875 0.1234375 0.025 0.0390625
0 0.23828125 0.89296875 0.084375 0.1421875
0 0.40546875 0.09609375 0.0203125 0.0390625
0 0.9875 0.79921875 0.025 0.1640625
0 0.39296875 0.10234375 0.0234375 0.034375
0 0.63828125 0.88359375 0.0765625 0.11875