0 0.018028846153846152 0.19951923076923078 0.019230769230769232 0.019230769230769232
0 0.04567307692307692 0.20072115384615385 0.019230769230769232 0.019230769230769232
0 0.22355769230769232 0.19831730769230768 0.014423076923076924 0.014423076923076924
0 0.07932692307692307 0.21634615384615385 0.016826923076923076 0.02403846153846154
0 0.4110576923076923 0.1935096153846154 0.009615384615384616 0.014423076923076924
0 0.17307692307692307 0.2091346153846154 0.016826923076923076 0.019230769230769232
0 0.26322115384615385 0.20552884615384615 0.014423076923076924 0.014423076923076924
0 0.20192307692307693 0.21514423076923078 0.014423076923076924 0.014423076923076924
0 0.6550480769230769 0.19831730769230768 0.004807692307692308 0.004807692307692308
0 0.7572115384615384 0.1935096153846154 0.004807692307692308 0.004807692307692308
0 0.8076923076923077 0.19110576923076922 0.004807692307692308 0.004807692307692308
0 0.6442307692307693 0.20192307692307693 0.004807692307692308 0.004807692307692308
0 0.46153846153846156 0.21514423076923078 0.004807692307692308 0.009615384615384616
0 0.7139423076923077 0.1971153846153846 0.004807692307692308 0.004807692307692308
0 0.5997596153846154 0.20552884615384615 0.004807692307692308 0.009615384615384616
0 0.5841346153846154 0.20673076923076922 0.004807692307692308 0.004807692307692308
0 0.5673076923076923 0.20673076923076922 0.009615384615384616 0.009615384615384616
0 0.14543269230769232 0.23918269230769232 0.004807692307692308 0.004807692307692308
0 0.7896634615384616 0.19471153846153846 0.004807692307692308 0.004807692307692308
0 0.7740384615384616 0.19471153846153846 0.004807692307692308 0.004807692307692308
0 0.7692307692307693 0.19591346153846154 0.004807692307692308 0.004807692307692308
0 0.7295673076923077 0.19831730769230768 0.004807692307692308 0.009615384615384616
0 0.6971153846153846 0.20072115384615385 0.004807692307692308 0.004807692307692308
0 0.6598557692307693 0.203125 0.004807692307692308 0.009615384615384616
0 0.6346153846153846 0.20552884615384615 0.004807692307692308 0.009615384615384616
0 0.7920673076923077 0.1935096153846154 0.004807692307692308 0.004807692307692308
0 0.6694711538461539 0.203125 0.004807692307692308 0.004807692307692308
0 0.75 0.1971153846153846 0.004807692307692308 0.004807692307692308
0 0.6274038461538461 0.20552884615384615 0.004807692307692308 0.004807692307692308
0 0.5769230769230769 0.2091346153846154 0.009615384615384616 0.009615384615384616
0 0.5492788461538461 0.21153846153846154 0.004807692307692308 0.004807692307692308
0 0.8365384615384616 0.19110576923076922 0.004807692307692308 0.004807692307692308
0 0.8040865384615384 0.1935096153846154 0.004807692307692308 0.004807692307692308
0 0.8016826923076923 0.1935096153846154 0.004807692307692308 0.004807692307692308
0 0.6766826923076923 0.20192307692307693 0.004807692307692308 0.004807692307692308
0 0.31850961538461536 0.22716346153846154 0.009615384615384616 0.014423076923076924
0 0.24639423076923078 0.23197115384615385 0.009615384615384616 0.004807692307692308
0 0.1502403846153846 0.24158653846153846 0.004807692307692308 0.004807692307692308
0 0.8269230769230769 0.1935096153846154 0.004807692307692308 0.004807692307692308
0 0.8173076923076923 0.19471153846153846 0.004807692307692308 0.004807692307692308
0 0.7199519230769231 0.20192307692307693 0.004807692307692308 0.004807692307692308
0 0.46634615384615385 0.21875 0.009615384615384616 0.009615384615384616
0 0.4206730769230769 0.22235576923076922 0.004807692307692308 0.014423076923076924
0 0.7247596153846154 0.20072115384615385 0.004807692307692308 0.004807692307692308
0 0.609375 0.2091346153846154 0.004807692307692308 0.004807692307692308
0 0.53125 0.21514423076923078 0.004807692307692308 0.004807692307692308
0 0.4483173076923077 0.21995192307692307 0.004807692307692308 0.009615384615384616
0 0.5252403846153846 0.21514423076923078 0.004807692307692308 0.009615384615384616
0 0.4855769230769231 0.21995192307692307 0.009615384615384616 0.004807692307692308
0 0.10216346153846154 0.24759615384615385 0.004807692307692308 0.004807692307692308
0 0.8317307692307693 0.19591346153846154 0.004807692307692308 0.004807692307692308
0 0.7944711538461539 0.19831730769230768 0.004807692307692308 0.004807692307692308
0 0.5733173076923077 0.21394230769230768 0.004807692307692308 0.009615384615384616
0 0.7896634615384616 0.19951923076923078 0.004807692307692308 0.004807692307692308
0 0.6826923076923077 0.20673076923076922 0.004807692307692308 0.004807692307692308
0 0.6370192307692307 0.2091346153846154 0.004807692307692308 0.004807692307692308
0 0.4387019230769231 0.22355769230769232 0.004807692307692308 0.009615384615384616
0 0.35096153846153844 0.22956730769230768 0.009615384615384616 0.014423076923076924
0 0.7572115384615384 0.20072115384615385 0.004807692307692308 0.004807692307692308
0 0.5480769230769231 0.21634615384615385 0.004807692307692308 0.009615384615384616
0 0.8473557692307693 0.1971153846153846 0.004807692307692308 0.004807692307692308
0 0.38341346153846156 0.22956730769230768 0.009615384615384616 0.009615384615384616
0 0.8545673076923077 0.1971153846153846 0.004807692307692308 0.004807692307692308
0 0.8100961538461539 0.19951923076923078 0.004807692307692308 0.004807692307692308
0 0.7151442307692307 0.20673076923076922 0.004807692307692308 0.004807692307692308
0 0.5829326923076923 0.21634615384615385 0.009615384615384616 0.009615384615384616
0 0.5576923076923077 0.21754807692307693 0.009615384615384616 0.009615384615384616
0 0.8689903846153846 0.19591346153846154 0.009615384615384616 0.009615384615384616
0 0.8269230769230769 0.19831730769230768 0.004807692307692308 0.004807692307692308
0 0.7740384615384616 0.20192307692307693 0.004807692307692308 0.004807692307692308
0 0.7692307692307693 0.203125 0.004807692307692308 0.004807692307692308
0 0.45552884615384615 0.2247596153846154 0.009615384615384616 0.014423076923076924
0 0.4026442307692308 0.2283653846153846 0.009615384615384616 0.009615384615384616
0 0.7211538461538461 0.2091346153846154 0.004807692307692308 0.009615384615384616
0 0.47115384615384615 0.22596153846153846 0.004807692307692308 0.009615384615384616
0 0.875 0.19831730769230768 0.004807692307692308 0.009615384615384616
0 0.6237980769230769 0.21514423076923078 0.004807692307692308 0.009615384615384616
0 0.5913461538461539 0.21754807692307693 0.009615384615384616 0.009615384615384616
0 0.5108173076923077 0.22355769230769232 0.004807692307692308 0.014423076923076924
0 0.46274038461538464 0.22716346153846154 0.004807692307692308 0.014423076923076924
0 0.5685096153846154 0.21875 0.009615384615384616 0.009615384615384616
0 0.4254807692307692 0.23197115384615385 0.004807692307692308 0.014423076923076924
0 0.5036057692307693 0.22596153846153846 0.009615384615384616 0.009615384615384616
0 0.34615384615384615 0.23677884615384615 0.009615384615384616 0.009615384615384616
0 0.8569711538461539 0.20192307692307693 0.004807692307692308 0.004807692307692308
0 0.8365384615384616 0.203125 0.004807692307692308 0.004807692307692308
0 0.4483173076923077 0.22956730769230768 0.009615384615384616 0.014423076923076924
0 0.8918269230769231 0.19951923076923078 0.004807692307692308 0.004807692307692308
0 0.5252403846153846 0.2247596153846154 0.004807692307692308 0.004807692307692308
0 0.39302884615384615 0.234375 0.014423076923076924 0.014423076923076924
0 0.6430288461538461 0.21875 0.004807692307692308 0.009615384615384616
0 0.6358173076923077 0.21995192307692307 0.004807692307692308 0.014423076923076924
0 0.84375 0.20432692307692307 0.004807692307692308 0.004807692307692308
0 0.5552884615384616 0.2247596153846154 0.004807692307692308 0.009615384615384616
0 0.24759615384615385 0.24639423076923078 0.016826923076923076 0.019230769230769232
0 0.9591346153846154 0.1971153846153846 0.004807692307692308 0.009615384615384616
0 0.6838942307692307 0.21634615384615385 0.004807692307692308 0.004807692307692308
0 0.4951923076923077 0.22956730769230768 0.009615384615384616 0.009615384615384616
0 0.8846153846153846 0.20192307692307693 0.004807692307692308 0.004807692307692308
0 0.5504807692307693 0.22716346153846154 0.004807692307692308 0.014423076923076924
0 0.47836538461538464 0.23317307692307693 0.009615384615384616 0.014423076923076924
0 0.6911057692307693 0.21754807692307693 0.004807692307692308 0.014423076923076924
0 0.38461538461538464 0.23918269230769232 0.009615384615384616 0.014423076923076924
0 0.6730769230769231 0.21875 0.009615384615384616 0.014423076923076924
0 0.6538461538461539 0.21995192307692307 0.009615384615384616 0.009615384615384616
0 0.5180288461538461 0.22956730769230768 0.009615384615384616 0.014423076923076924
0 0.4050480769230769 0.23798076923076922 0.009615384615384616 0.009615384615384616
0 0.7704326923076923 0.21514423076923078 0.004807692307692308 0.004807692307692308
0 0.6802884615384616 0.22115384615384615 0.009615384615384616 0.014423076923076924
0 0.5360576923076923 0.23076923076923078 0.004807692307692308 0.009615384615384616
0 0.3641826923076923 0.24278846153846154 0.009615384615384616 0.014423076923076924
0 0.5853365384615384 0.22716346153846154 0.004807692307692308 0.014423076923076924
0 0.578125 0.2283653846153846 0.009615384615384616 0.014423076923076924
0 0.71875 0.21875 0.009615384615384616 0.009615384615384616
0 0.8209134615384616 0.2127403846153846 0.009615384615384616 0.009615384615384616
0 0.7776442307692307 0.21514423076923078 0.004807692307692308 0.009615384615384616
0 0.8701923076923077 0.2091346153846154 0.009615384615384616 0.009615384615384616
0 0.6165865384615384 0.22956730769230768 0.014423076923076924 0.014423076923076924
0 0.25240384615384615 0.2548076923076923 0.014423076923076924 0.014423076923076924
0 0.8088942307692307 0.21514423076923078 0.004807692307692308 0.009615384615384616
0 0.7127403846153846 0.2247596153846154 0.004807692307692308 0.009615384615384616
0 0.41225961538461536 0.24639423076923078 0.009615384615384616 0.014423076923076924
0 0.7319711538461539 0.22596153846153846 0.009615384615384616 0.009615384615384616
0 0.84375 0.21754807692307693 0.004807692307692308 0.009615384615384616
0 0.31490384615384615 0.2548076923076923 0.009615384615384616 0.014423076923076924
0 0.7524038461538461 0.22716346153846154 0.004807692307692308 0.014423076923076924
0 0.9603365384615384 0.2127403846153846 0.004807692307692308 0.014423076923076924
0 0.8341346153846154 0.22355769230769232 0.009615384615384616 0.014423076923076924
0 0.7872596153846154 0.22716346153846154 0.009615384615384616 0.014423076923076924
0 0.9771634615384616 0.21875 0.009615384615384616 0.014423076923076924
0 0.6538461538461539 0.23918269230769232 0.009615384615384616 0.014423076923076924
0 0.27283653846153844 0.265625 0.014423076923076924 0.014423076923076924
0 0.7415865384615384 0.23197115384615385 0.004807692307692308 0.014423076923076924
0 0.7175480769230769 0.23677884615384615 0.009615384615384616 0.009615384615384616
0 0.8846153846153846 0.2247596153846154 0.01201923076923077 0.019230769230769232
0 0.53125 0.25 0.009615384615384616 0.009615384615384616
0 0.859375 0.22956730769230768 0.01201923076923077 0.019230769230769232
0 0.8197115384615384 0.23197115384615385 0.009615384615384616 0.014423076923076924
0 0.6598557692307693 0.24278846153846154 0.016826923076923076 0.019230769230769232
0 0.9074519230769231 0.2283653846153846 0.014423076923076924 0.014423076923076924
0 0.9675480769230769 0.22355769230769232 0.009615384615384616 0.014423076923076924
0 0.6850961538461539 0.2439903846153846 0.014423076923076924 0.014423076923076924
0 0.5528846153846154 0.2548076923076923 0.004807692307692308 0.014423076923076924
0 0.8942307692307693 0.23197115384615385 0.014423076923076924 0.014423076923076924
0 0.8425480769230769 0.23557692307692307 0.014423076923076924 0.014423076923076924
0 0.6201923076923077 0.2536057692307692 0.016826923076923076 0.019230769230769232
0 0.5685096153846154 0.25721153846153844 0.016826923076923076 0.019230769230769232
0 0.2848557692307692 0.2764423076923077 0.014423076923076924 0.014423076923076924
0 0.59375 0.25721153846153844 0.016826923076923076 0.019230769230769232
0 0.5360576923076923 0.2608173076923077 0.009615384615384616 0.014423076923076924
0 0.6057692307692307 0.25721153846153844 0.01201923076923077 0.019230769230769232
0 0.9471153846153846 0.23317307692307693 0.009615384615384616 0.014423076923076924
0 0.4831730769230769 0.265625 0.014423076923076924 0.014423076923076924
0 0.6358173076923077 0.25600961538461536 0.016826923076923076 0.019230769230769232
0 0.5300480769230769 0.26322115384615385 0.009615384615384616 0.009615384615384616
0 0.49759615384615385 0.265625 0.009615384615384616 0.009615384615384616
0 0.43149038461538464 0.2704326923076923 0.009615384615384616 0.014423076923076924
0 0.43990384615384615 0.27403846153846156 0.009615384615384616 0.014423076923076924
0 0.5612980769230769 0.26802884615384615 0.009615384615384616 0.014423076923076924
0 0.3473557692307692 0.2824519230769231 0.009615384615384616 0.009615384615384616
0 0.9411057692307693 0.24158653846153846 0.004807692307692308 0.009615384615384616
0 0.5516826923076923 0.27163461538461536 0.009615384615384616 0.014423076923076924
0 0.5396634615384616 0.27163461538461536 0.009615384615384616 0.014423076923076924
0 0.5048076923076923 0.27403846153846156 0.009615384615384616 0.014423076923076924
0 0.6947115384615384 0.2608173076923077 0.004807692307692308 0.014423076923076924
0 0.8052884615384616 0.25600961538461536 0.009615384615384616 0.014423076923076924
0 0.8449519230769231 0.25600961538461536 0.014423076923076924 0.014423076923076924
0 0.8269230769230769 0.25721153846153844 0.009615384615384616 0.014423076923076924
0 0.375 0.28846153846153844 0.014423076923076924 0.014423076923076924
0 0.90625 0.2512019230769231 0.019230769230769232 0.02403846153846154
0 0.8737980769230769 0.2536057692307692 0.01201923076923077 0.019230769230769232
0 0.9651442307692307 0.24879807692307693 0.01201923076923077 0.019230769230769232
0 0.5240384615384616 0.2800480769230769 0.009615384615384616 0.014423076923076924
0 0.43149038461538464 0.28725961538461536 0.009615384615384616 0.014423076923076924
0 0.41586538461538464 0.28725961538461536 0.004807692307692308 0.014423076923076924
0 0.8846153846153846 0.2548076923076923 0.019230769230769232 0.019230769230769232
0 0.4050480769230769 0.29086538461538464 0.014423076923076924 0.014423076923076924
0 0.49759615384615385 0.28725961538461536 0.016826923076923076 0.019230769230769232
0 0.9471153846153846 0.25600961538461536 0.009615384615384616 0.014423076923076924
0 0.3581730769230769 0.296875 0.009615384615384616 0.014423076923076924
0 0.5625 0.2824519230769231 0.016826923076923076 0.02403846153846154
0 0.47836538461538464 0.29086538461538464 0.014423076923076924 0.014423076923076924
0 0.3449519230769231 0.3004807692307692 0.019230769230769232 0.02403846153846154
0 0.6418269230769231 0.27884615384615385 0.009615384615384616 0.014423076923076924
0 0.9771634615384616 0.25841346153846156 0.016826923076923076 0.019230769230769232
0 0.390625 0.296875 0.009615384615384616 0.014423076923076924
0 0.3076923076923077 0.30288461538461536 0.014423076923076924 0.014423076923076924
0 0.039663461538461536 0.3233173076923077 0.019230769230769232 0.02403846153846154
0 0.45072115384615385 0.296875 0.014423076923076924 0.014423076923076924
0 0.4855769230769231 0.29447115384615385 0.014423076923076924 0.014423076923076924
0 0.703125 0.2824519230769231 0.016826923076923076 0.02403846153846154
0 0.4206730769230769 0.3016826923076923 0.009615384615384616 0.014423076923076924
0 0.6526442307692307 0.2860576923076923 0.009615384615384616 0.014423076923076924
0 0.9639423076923077 0.2644230769230769 0.009615384615384616 0.014423076923076924
0 0.5408653846153846 0.2932692307692308 0.016826923076923076 0.02403846153846154
0 0.8076923076923077 0.2764423076923077 0.016826923076923076 0.02403846153846154
0 0.7860576923076923 0.2776442307692308 0.016826923076923076 0.019230769230769232
0 0.4026442307692308 0.30408653846153844 0.009615384615384616 0.014423076923076924
0 0.3870192307692308 0.3076923076923077 0.014423076923076924 0.014423076923076924
0 0.8930288461538461 0.27283653846153844 0.019230769230769232 0.02403846153846154
0 0.8677884615384616 0.27403846153846156 0.019230769230769232 0.02403846153846154
0 0.5300480769230769 0.3004807692307692 0.016826923076923076 0.019230769230769232
0 0.3016826923076923 0.3161057692307692 0.009615384615384616 0.014423076923076924
0 0.4170673076923077 0.31009615384615385 0.014423076923076924 0.014423076923076924
0 0.6682692307692307 0.2932692307692308 0.016826923076923076 0.019230769230769232
0 0.36899038461538464 0.3137019230769231 0.009615384615384616 0.014423076923076924
0 0.8557692307692307 0.2824519230769231 0.019230769230769232 0.02403846153846154
0 0.5192307692307693 0.3088942307692308 0.019230769230769232 0.02403846153846154
0 0.48677884615384615 0.31009615384615385 0.014423076923076924 0.014423076923076924
0 0.7415865384615384 0.2956730769230769 0.009615384615384616 0.014423076923076924
0 0.5745192307692307 0.30649038461538464 0.014423076923076924 0.014423076923076924
0 0.46634615384615385 0.3173076923076923 0.014423076923076924 0.014423076923076924
0 0.42427884615384615 0.31971153846153844 0.014423076923076924 0.014423076923076924
0 0.03245192307692308 0.3473557692307692 0.019230769230769232 0.02403846153846154
0 0.37740384615384615 0.3233173076923077 0.009615384615384616 0.014423076923076924
0 0.7668269230769231 0.2956730769230769 0.004807692307692308 0.014423076923076924
0 0.7271634615384616 0.3004807692307692 0.019230769230769232 0.028846153846153848
0 0.7764423076923077 0.3004807692307692 0.016826923076923076 0.019230769230769232
0 0.6838942307692307 0.30649038461538464 0.016826923076923076 0.019230769230769232
0 0.6466346153846154 0.3088942307692308 0.016826923076923076 0.019230769230769232
0 0.7836538461538461 0.30649038461538464 0.016826923076923076 0.019230769230769232
0 0.5276442307692307 0.3245192307692308 0.014423076923076924 0.014423076923076924
0 0.4074519230769231 0.3329326923076923 0.014423076923076924 0.014423076923076924
0 0.6201923076923077 0.31971153846153844 0.009615384615384616 0.014423076923076924
0 0.8040865384615384 0.30649038461538464 0.019230769230769232 0.019230769230769232
0 0.30528846153846156 0.34134615384615385 0.02403846153846154 0.02403846153846154
0 0.47596153846153844 0.3293269230769231 0.016826923076923076 0.019230769230769232
0 0.39302884615384615 0.33774038461538464 0.016826923076923076 0.019230769230769232
0 0.9747596153846154 0.29927884615384615 0.016826923076923076 0.02403846153846154
0 0.5805288461538461 0.3269230769230769 0.014423076923076924 0.014423076923076924
0 0.6682692307692307 0.32572115384615385 0.016826923076923076 0.02403846153846154
0 0.7403846153846154 0.3233173076923077 0.02403846153846154 0.03365384615384615
0 0.8810096153846154 0.3137019230769231 0.028846153846153848 0.03365384615384615
0 0.5985576923076923 0.3329326923076923 0.01201923076923077 0.019230769230769232
0 0.7584134615384616 0.3245192307692308 0.016826923076923076 0.019230769230769232
0 0.9627403846153846 0.31009615384615385 0.019230769230769232 0.02403846153846154
0 0.7728365384615384 0.3233173076923077 0.016826923076923076 0.02403846153846154
0 0.3762019230769231 0.35096153846153844 0.019230769230769232 0.02403846153846154
0 0.6262019230769231 0.3329326923076923 0.019230769230769232 0.016826923076923076
0 0.40865384615384615 0.35096153846153844 0.016826923076923076 0.019230769230769232
0 0.4987980769230769 0.3473557692307692 0.016826923076923076 0.02403846153846154
0 0.8161057692307693 0.3245192307692308 0.03125 0.038461538461538464
0 0.4735576923076923 0.3485576923076923 0.016826923076923076 0.019230769230769232
0 0.5769230769230769 0.34615384615384615 0.016826923076923076 0.019230769230769232
0 0.4254807692307692 0.359375 0.019230769230769232 0.019230769230769232
0 0.5564903846153846 0.34975961538461536 0.016826923076923076 0.019230769230769232
0 0.06370192307692307 0.3870192307692308 0.028846153846153848 0.028846153846153848
0 0.5108173076923077 0.3581730769230769 0.019230769230769232 0.02403846153846154
0 0.44350961538461536 0.3629807692307692 0.016826923076923076 0.02403846153846154
0 0.6298076923076923 0.34975961538461536 0.019230769230769232 0.019230769230769232
0 0.2800480769230769 0.3737980769230769 0.019230769230769232 0.02403846153846154
0 0.9146634615384616 0.33052884615384615 0.03125 0.04326923076923077
0 0.49038461538461536 0.3605769230769231 0.016826923076923076 0.019230769230769232
0 0.45552884615384615 0.36538461538461536 0.019230769230769232 0.02403846153846154
0 0.9711538461538461 0.3293269230769231 0.019230769230769232 0.028846153846153848
0 0.3954326923076923 0.3701923076923077 0.019230769230769232 0.02403846153846154
0 0.5853365384615384 0.36177884615384615 0.016826923076923076 0.02403846153846154
0 0.9483173076923077 0.34134615384615385 0.019230769230769232 0.03365384615384615
0 0.7980769230769231 0.35096153846153844 0.02403846153846154 0.03365384615384615
0 0.421875 0.3798076923076923 0.019230769230769232 0.02403846153846154
0 0.5396634615384616 0.3713942307692308 0.019230769230769232 0.028846153846153848
0 0.6538461538461539 0.36658653846153844 0.019230769230769232 0.019230769230769232
0 0.6766826923076923 0.36778846153846156 0.016826923076923076 0.019230769230769232
0 0.4735576923076923 0.38100961538461536 0.019230769230769232 0.02403846153846154
0 0.30408653846153844 0.39302884615384615 0.02403846153846154 0.02403846153846154
0 0.38221153846153844 0.390625 0.019230769230769232 0.02403846153846154
0 0.7620192307692307 0.3641826923076923 0.028846153846153848 0.03365384615384615
0 0.984375 0.3557692307692308 0.016826923076923076 0.03365384615384615
0 0.8822115384615384 0.36899038461538464 0.02403846153846154 0.028846153846153848
0 0.18389423076923078 0.41947115384615385 0.019230769230769232 0.028846153846153848
0 0.24158653846153846 0.41586538461538464 0.019230769230769232 0.03365384615384615
0 0.8545673076923077 0.375 0.03125 0.038461538461538464
0 0.4483173076923077 0.40625 0.019230769230769232 0.019230769230769232
0 0.41947115384615385 0.40865384615384615 0.019230769230769232 0.02403846153846154
0 0.21875 0.4266826923076923 0.019230769230769232 0.028846153846153848
0 0.5084134615384616 0.40625 0.019230769230769232 0.028846153846153848
0 0.5673076923076923 0.4026442307692308 0.019230769230769232 0.019230769230769232
0 0.6430288461538461 0.39663461538461536 0.019230769230769232 0.02403846153846154
0 0.46153846153846156 0.41225961538461536 0.014423076923076924 0.014423076923076924
0 0.9447115384615384 0.38100961538461536 0.028846153846153848 0.03365384615384615
0 0.6610576923076923 0.4074519230769231 0.019230769230769232 0.02403846153846154
0 0.5228365384615384 0.4266826923076923 0.02403846153846154 0.03365384615384615
0 0.4483173076923077 0.43149038461538464 0.019230769230769232 0.02403846153846154
0 0.171875 0.45552884615384615 0.02403846153846154 0.02403846153846154
0 0.19591346153846154 0.46153846153846156 0.019230769230769232 0.028846153846153848
0 0.3245192307692308 0.4519230769230769 0.02403846153846154 0.03365384615384615
0 0.5853365384615384 0.4362980769230769 0.02403846153846154 0.028846153846153848
0 0.8485576923076923 0.4338942307692308 0.036057692307692304 0.04807692307692308
0 0.8112980769230769 0.4362980769230769 0.04567307692307692 0.052884615384615384
0 0.7512019230769231 0.4423076923076923 0.03125 0.038461538461538464
0 0.24759615384615385 0.47836538461538464 0.02403846153846154 0.028846153846153848
0 0.96875 0.43509615384615385 0.036057692307692304 0.04326923076923077
0 0.6274038461538461 0.45913461538461536 0.02403846153846154 0.028846153846153848
0 0.5600961538461539 0.46274038461538464 0.02403846153846154 0.02403846153846154
0 0.3389423076923077 0.4831730769230769 0.02403846153846154 0.03365384615384615
0 0.6526442307692307 0.46875 0.02403846153846154 0.028846153846153848
0 0.1778846153846154 0.5084134615384616 0.04567307692307692 0.057692307692307696
0 0.4050480769230769 0.49759615384615385 0.03125 0.038461538461538464
0 0.49278846153846156 0.49278846153846156 0.028846153846153848 0.03365384615384615
0 0.2403846153846154 0.5132211538461539 0.019230769230769232 0.028846153846153848
0 0.3629807692307692 0.5048076923076923 0.036057692307692304 0.04807692307692308
0 0.5805288461538461 0.49158653846153844 0.026442307692307692 0.038461538461538464
0 0.6754807692307693 0.49278846153846156 0.03125 0.038461538461538464
0 0.6394230769230769 0.5 0.03365384615384615 0.03365384615384615
0 0.7475961538461539 0.4951923076923077 0.040865384615384616 0.0673076923076923
0 0.8088942307692307 0.5060096153846154 0.04567307692307692 0.0625
0 0.43028846153846156 0.5348557692307693 0.02403846153846154 0.028846153846153848
0 0.4675480769230769 0.5348557692307693 0.019230769230769232 0.028846153846153848
0 0.6610576923076923 0.5540865384615384 0.04567307692307692 0.0673076923076923
0 0.5300480769230769 0.5673076923076923 0.028846153846153848 0.03365384615384615
0 0.30408653846153844 0.5865384615384616 0.036057692307692304 0.04326923076923077
0 0.3737980769230769 0.5877403846153846 0.03125 0.038461538461538464
0 0.5829326923076923 0.5889423076923077 0.036057692307692304 0.04326923076923077
0 0.27524038461538464 0.6129807692307693 0.04567307692307692 0.057692307692307696
0 0.5576923076923077 0.6286057692307693 0.055288461538461536 0.09134615384615384
0 0.43149038461538464 0.7067307692307693 0.038461538461538464 0.03125
0 0.78125 0.7103365384615384 0.055288461538461536 0.07692307692307693
0 0.3293269230769231 0.7463942307692307 0.06009615384615385 0.08653846153846154
0 0.4098557692307692 0.7896634615384616 0.07211538461538461 0.10096153846153846