0 0.3421875 0.62265625 0.009375 0.0140625
0 0.384375 0.62265625 0.0328125 0.046875
0 0.63203125 0.6296875 0.01875 0.0375
0 0.0296875 0.621875 0.028125 0.028125
0 0.27578125 0.62578125 0.028125 0.0328125
0 0.32890625 0.6265625 0.0140625 0.028125
0 0.29609375 0.628125 0.009375 0.0140625
0 0.11796875 0.625 0.0140625 0.028125
0 0.4609375 0.63359375 0.009375 0.0140625
0 0.1640625 0.62890625 0.0140625 0.0234375
0 0.48828125 0.63671875 0.025 0.0515625
0 0.58359375 0.63828125 0.009375 0.0140625
0 0.51640625 0.63671875 0.025 0.046875
0 0.303125 0.63359375 0.0046875 0.0234375
0 0.59453125 0.640625 0.009375 0.0140625
0 0.42578125 0.6375 0.009375 0.0140625
0 0.446875 0.63828125 0.0234375 0.0375
0 0.31484375 0.63828125 0.009375 0.0234375
0 0.3515625 0.64375 0.0234375 0.0375
0 0.54140625 0.64921875 0.0296875 0.0515625
0 0.7890625 0.65546875 0.01875 0.0421875
0 0.26640625 0.64921875 0.025 0.046875
0 0.409375 0.65390625 0.0234375 0.01875
0 0.61796875 0.6578125 0.0234375 0.0375
0 0.19453125 0.65 0.0328125 0.0609375
0 0.01484375 0.6640625 0.0296875 0.115625
0 0.89296875 0.7015625 0.0296875 0.0515625
0 0.06328125 0.58515625 0.0328125 0.0515625
0 0.62109375 0.60625 0.0140625 0.028125
0 0.484375 0.60859375 0.0140625 0.0140625
0 0.23671875 0.60625 0.0234375 0.0375
0 0.209375 0.60859375 0.01875 0.0375
0 0.1921875 0.61015625 0.0234375 0.0328125
0 0.90703125 0.62265625 0.025 0.05625
0 0.67109375 0.61875 0.0140625 0.028125
0 0.096875 0.60859375 0.0234375 0.0328125
0 0.40703125 0.61640625 0.01875 0.028125
0 0.44921875 0.61953125 0.01875 0.01875
0 0.6875 0.6234375 0.01875 0.0375
0 0.1546875 0.61640625 0.0203125 0.0515625
0 0.72890625 0.6265625 0.0140625 0.028125
0 0.13671875 0.61640625 0.025 0.0515625
0 0.5671875 0.62421875 0.0234375 0.0421875