0 0.013221153846153846 0.11778846153846154 0.02403846153846154 0.04326923076923077
0 0.43990384615384615 0.10817307692307693 0.02403846153846154 0.028846153846153848
0 0.35336538461538464 0.11177884615384616 0.028846153846153848 0.04326923076923077
0 0.12980769230769232 0.11538461538461539 0.02403846153846154 0.02403846153846154
0 0.19591346153846154 0.11538461538461539 0.019230769230769232 0.038461538461538464
0 0.6334134615384616 0.10817307692307693 0.02403846153846154 0.038461538461538464
0 0.7163461538461539 0.009615384615384616 0.02403846153846154 0.019230769230769232
0 0.23557692307692307 0.1201923076923077 0.02403846153846154 0.028846153846153848
0 0.7956730769230769 0.11298076923076923 0.03365384615384615 0.04326923076923077
0 0.09375 0.12740384615384615 0.02403846153846154 0.028846153846153848
0 0.5276442307692307 0.1201923076923077 0.02403846153846154 0.038461538461538464
0 0.6045673076923077 0.1201923076923077 0.019230769230769232 0.03365384615384615
0 0.546875 0.12139423076923077 0.02403846153846154 0.04326923076923077
0 0.84375 0.12139423076923077 0.02403846153846154 0.02403846153846154
0 0.5841346153846154 0.12620192307692307 0.02403846153846154 0.04326923076923077
0 0.734375 0.12620192307692307 0.028846153846153848 0.038461538461538464
0 0.6742788461538461 0.12620192307692307 0.028846153846153848 0.04807692307692308
0 0.421875 0.1310096153846154 0.03365384615384615 0.04807692307692308
0 0.16706730769230768 0.13822115384615385 0.02403846153846154 0.02403846153846154
0 0.4735576923076923 0.13221153846153846 0.02403846153846154 0.03365384615384615
0 0.12139423076923077 0.140625 0.02403846153846154 0.038461538461538464
0 0.5576923076923077 0.013221153846153846 0.02403846153846154 0.026442307692307692
0 0.2692307692307692 0.018028846153846152 0.028846153846153848 0.028846153846153848
0 0.003605769230769231 0.14783653846153846 0.007211538461538462 0.05048076923076923
0 0.06610576923076923 0.14783653846153846 0.03365384615384615 0.04326923076923077
0 0.21875 0.14783653846153846 0.02403846153846154 0.038461538461538464
0 0.9014423076923077 0.13341346153846154 0.028846153846153848 0.03365384615384615
0 0.8317307692307693 0.14423076923076922 0.028846153846153848 0.04326923076923077
0 0.3545673076923077 0.1502403846153846 0.028846153846153848 0.038461538461538464
0 0.28365384615384615 0.15384615384615385 0.014423076923076924 0.02403846153846154
0 0.17908653846153846 0.1658653846153846 0.019230769230769232 0.03365384615384615
0 0.5637019230769231 0.15625 0.028846153846153848 0.038461538461538464
0 0.6370192307692307 0.15745192307692307 0.019230769230769232 0.03365384615384615
0 0.4891826923076923 0.1622596153846154 0.028846153846153848 0.038461538461538464
0 0.16947115384615385 0.17067307692307693 0.028846153846153848 0.02403846153846154
0 0.32211538461538464 0.16826923076923078 0.019230769230769232 0.03365384615384615
0 0.9867788461538461 0.15625 0.014423076923076924 0.04326923076923077
0 0.7235576923076923 0.16346153846153846 0.02403846153846154 0.04807692307692308
0 0.8834134615384616 0.15985576923076922 0.019230769230769232 0.028846153846153848
0 0.3641826923076923 0.16947115384615385 0.019230769230769232 0.038461538461538464
0 0.38461538461538464 0.171875 0.02403846153846154 0.03365384615384615
0 0.9435096153846154 0.1622596153846154 0.028846153846153848 0.03365384615384615
0 0.296875 0.17548076923076922 0.02403846153846154 0.038461538461538464
0 0.7716346153846154 0.16826923076923078 0.028846153846153848 0.04326923076923077
0 0.15144230769230768 0.17908653846153846 0.019230769230769232 0.04326923076923077
0 0.4338942307692308 0.17427884615384615 0.019230769230769232 0.04326923076923077
0 0.021634615384615384 0.18629807692307693 0.028846153846153848 0.02403846153846154
0 0.5793269230769231 0.17908653846153846 0.02403846153846154 0.038461538461538464
0 0.8894230769230769 0.18028846153846154 0.02403846153846154 0.04326923076923077
0 0.6742788461538461 0.18389423076923078 0.028846153846153848 0.03365384615384615
0 0.0829326923076923 0.19471153846153846 0.019230769230769232 0.03365384615384615
0 0.21754807692307693 0.02283653846153846 0.02403846153846154 0.036057692307692304
0 0.19831730769230768 0.19951923076923078 0.028846153846153848 0.038461538461538464
0 0.6430288461538461 0.19471153846153846 0.028846153846153848 0.03365384615384615
0 0.11778846153846154 0.2091346153846154 0.03365384615384615 0.03365384615384615
0 0.6105769230769231 0.19951923076923078 0.028846153846153848 0.05048076923076923
0 0.5396634615384616 0.20192307692307693 0.03365384615384615 0.04807692307692308
0 0.4831730769230769 0.20552884615384615 0.02403846153846154 0.03365384615384615
0 0.16466346153846154 0.2091346153846154 0.02403846153846154 0.04807692307692308
0 0.018028846153846152 0.21153846153846154 0.028846153846153848 0.038461538461538464
0 0.6850961538461539 0.20192307692307693 0.028846153846153848 0.04326923076923077
0 0.3798076923076923 0.20793269230769232 0.028846153846153848 0.03365384615384615
0 0.25 0.21514423076923078 0.028846153846153848 0.04326923076923077
0 0.5096153846153846 0.2127403846153846 0.028846153846153848 0.04807692307692308
0 0.9302884615384616 0.20793269230769232 0.028846153846153848 0.03365384615384615
0 0.7980769230769231 0.2127403846153846 0.03365384615384615 0.038461538461538464
0 0.014423076923076924 0.03125 0.019230769230769232 0.028846153846153848
0 0.5817307692307693 0.021634615384615384 0.02403846153846154 0.028846153846153848
0 0.3233173076923077 0.22355769230769232 0.028846153846153848 0.04326923076923077
0 0.7728365384615384 0.21995192307692307 0.028846153846153848 0.05048076923076923
0 0.04567307692307692 0.23076923076923078 0.028846153846153848 0.04807692307692308
0 0.8629807692307693 0.21875 0.02403846153846154 0.04326923076923077
0 0.12980769230769232 0.23317307692307693 0.028846153846153848 0.038461538461538464
0 0.19831730769230768 0.23677884615384615 0.028846153846153848 0.028846153846153848
0 0.4675480769230769 0.23557692307692307 0.028846153846153848 0.038461538461538464
0 0.2704326923076923 0.23918269230769232 0.02403846153846154 0.04807692307692308
0 0.7103365384615384 0.23197115384615385 0.03365384615384615 0.04807692307692308
0 0.2920673076923077 0.24158653846153846 0.028846153846153848 0.04326923076923077
0 0.3954326923076923 0.23918269230769232 0.02403846153846154 0.03365384615384615
0 0.19831730769230768 0.25 0.019230769230769232 0.019230769230769232
0 0.42788461538461536 0.24879807692307693 0.02403846153846154 0.03365384615384615
0 0.9423076923076923 0.2403846153846154 0.03365384615384615 0.03365384615384615
0 0.2980769230769231 0.2608173076923077 0.02403846153846154 0.04326923076923077
0 0.4951923076923077 0.2548076923076923 0.028846153846153848 0.038461538461538464
0 0.6358173076923077 0.25240384615384615 0.03365384615384615 0.038461538461538464
0 0.9182692307692307 0.25240384615384615 0.02403846153846154 0.019230769230769232
0 0.3786057692307692 0.2644230769230769 0.03365384615384615 0.04326923076923077
0 0.056490384615384616 0.03485576923076923 0.019230769230769232 0.028846153846153848
0 0.4567307692307692 0.2668269230769231 0.03365384615384615 0.03365384615384615
0 0.004807692307692308 0.27283653846153844 0.009615384615384616 0.05048076923076923
0 0.5793269230769231 0.2692307692307692 0.028846153846153848 0.04326923076923077
0 0.8088942307692307 0.2620192307692308 0.02403846153846154 0.04807692307692308
0 0.6911057692307693 0.2644230769230769 0.028846153846153848 0.038461538461538464
0 0.9543269230769231 0.019230769230769232 0.028846153846153848 0.038461538461538464
0 0.16947115384615385 0.03365384615384615 0.02403846153846154 0.038461538461538464
0 0.7367788461538461 0.27163461538461536 0.028846153846153848 0.02403846153846154
0 0.20432692307692307 0.2848557692307692 0.028846153846153848 0.04326923076923077
0 0.8942307692307693 0.2704326923076923 0.028846153846153848 0.04807692307692308
0 0.6033653846153846 0.2800480769230769 0.028846153846153848 0.038461538461538464
0 0.3112980769230769 0.2860576923076923 0.038461538461538464 0.055288461538461536
0 0.17668269230769232 0.28846153846153844 0.028846153846153848 0.04807692307692308
0 0.10096153846153846 0.296875 0.02403846153846154 0.03365384615384615
0 0.6790865384615384 0.2860576923076923 0.02403846153846154 0.03365384615384615
0 0.38100961538461536 0.29927884615384615 0.028846153846153848 0.038461538461538464
0 0.9134615384615384 0.28966346153846156 0.038461538461538464 0.04807692307692308
0 0.7463942307692307 0.2920673076923077 0.028846153846153848 0.038461538461538464
0 0.5060096153846154 0.2980769230769231 0.028846153846153848 0.05048076923076923
0 0.46153846153846156 0.3016826923076923 0.04326923076923077 0.04807692307692308
0 0.84375 0.3088942307692308 0.028846153846153848 0.038461538461538464
0 0.9819711538461539 0.30408653846153844 0.028846153846153848 0.06009615384615385
0 0.0889423076923077 0.039663461538461536 0.019230769230769232 0.028846153846153848
0 0.3786057692307692 0.03485576923076923 0.02403846153846154 0.028846153846153848
0 0.07692307692307693 0.3269230769230769 0.02403846153846154 0.038461538461538464
0 0.5889423076923077 0.3161057692307692 0.038461538461538464 0.04326923076923077
0 0.2512019230769231 0.3245192307692308 0.028846153846153848 0.04807692307692308
0 0.7668269230769231 0.31971153846153844 0.03365384615384615 0.04807692307692308
0 0.6742788461538461 0.3233173076923077 0.03365384615384615 0.04326923076923077
0 0.3870192307692308 0.3425480769230769 0.038461538461538464 0.05048076923076923
0 0.5240384615384616 0.03485576923076923 0.019230769230769232 0.02403846153846154
0 0.16947115384615385 0.35096153846153844 0.038461538461538464 0.05048076923076923
0 0.125 0.3605769230769231 0.03365384615384615 0.04326923076923077
0 0.31850961538461536 0.040865384615384616 0.02403846153846154 0.038461538461538464
0 0.5805288461538461 0.35336538461538464 0.028846153846153848 0.04326923076923077
0 0.4795673076923077 0.3605769230769231 0.038461538461538464 0.04807692307692308
0 0.0625 0.36778846153846156 0.028846153846153848 0.055288461538461536
0 0.8954326923076923 0.35336538461538464 0.028846153846153848 0.028846153846153848
0 0.7896634615384616 0.3701923076923077 0.028846153846153848 0.038461538461538464
0 0.6646634615384616 0.375 0.038461538461538464 0.04326923076923077
0 0.203125 0.38461538461538464 0.03365384615384615 0.04807692307692308
0 0.3918269230769231 0.042067307692307696 0.02403846153846154 0.03365384615384615
0 0.22716346153846154 0.3954326923076923 0.02403846153846154 0.03365384615384615
0 0.8846153846153846 0.3858173076923077 0.03365384615384615 0.04807692307692308
0 0.3125 0.39663461538461536 0.028846153846153848 0.038461538461538464
0 0.3389423076923077 0.40024038461538464 0.02403846153846154 0.038461538461538464
0 0.8040865384615384 0.40024038461538464 0.028846153846153848 0.03365384615384615
0 0.43149038461538464 0.40625 0.03365384615384615 0.04326923076923077
0 0.4519230769230769 0.04326923076923077 0.02403846153846154 0.038461538461538464
0 0.5360576923076923 0.4110576923076923 0.028846153846153848 0.04807692307692308
0 0.016826923076923076 0.43149038461538464 0.028846153846153848 0.06971153846153846
0 0.2283653846153846 0.4326923076923077 0.03365384615384615 0.05048076923076923
0 0.10096153846153846 0.43509615384615385 0.038461538461538464 0.05048076923076923
0 0.7163461538461539 0.43149038461538464 0.038461538461538464 0.055288461538461536
0 0.9014423076923077 0.4375 0.038461538461538464 0.055288461538461536
0 0.3858173076923077 0.4495192307692308 0.03365384615384615 0.05048076923076923
0 0.27163461538461536 0.04807692307692308 0.02403846153846154 0.03365384615384615
0 0.7932692307692307 0.44471153846153844 0.03365384615384615 0.04807692307692308
0 0.31850961538461536 0.45913461538461536 0.028846153846153848 0.05048076923076923
0 0.4795673076923077 0.04807692307692308 0.02403846153846154 0.03365384615384615
0 0.06009615384615385 0.4699519230769231 0.038461538461538464 0.055288461538461536
0 0.578125 0.47115384615384615 0.038461538461538464 0.055288461538461536
0 0.5 0.48197115384615385 0.038461538461538464 0.04807692307692308
0 0.12860576923076922 0.054086538461538464 0.02403846153846154 0.03365384615384615
0 0.4254807692307692 0.49158653846153844 0.04807692307692308 0.055288461538461536
0 0.2548076923076923 0.49759615384615385 0.038461538461538464 0.05048076923076923
0 0.17548076923076922 0.5012019230769231 0.038461538461538464 0.055288461538461536
0 0.03485576923076923 0.515625 0.03365384615384615 0.04326923076923077
0 0.008413461538461538 0.06009615384615385 0.016826923076923076 0.04326923076923077
0 0.7175480769230769 0.5108173076923077 0.038461538461538464 0.06490384615384616
0 0.9254807692307693 0.5072115384615384 0.038461538461538464 0.06490384615384616
0 0.9675480769230769 0.5060096153846154 0.038461538461538464 0.06490384615384616
0 0.2704326923076923 0.5216346153846154 0.03365384615384615 0.055288461538461536
0 0.8305288461538461 0.5192307692307693 0.03365384615384615 0.05048076923076923
0 0.34615384615384615 0.5372596153846154 0.04326923076923077 0.05048076923076923
0 0.9879807692307693 0.5324519230769231 0.02403846153846154 0.055288461538461536
0 0.04927884615384615 0.5612980769230769 0.04326923076923077 0.05048076923076923
0 0.12379807692307693 0.5612980769230769 0.03365384615384615 0.04807692307692308
0 0.07932692307692307 0.5673076923076923 0.028846153846153848 0.038461538461538464
0 0.5841346153846154 0.5637019230769231 0.038461538461538464 0.038461538461538464
0 0.1935096153846154 0.5769230769230769 0.04326923076923077 0.06009615384615385
0 0.5432692307692307 0.5913461538461539 0.038461538461538464 0.04807692307692308
0 0.3161057692307692 0.5961538461538461 0.038461538461538464 0.055288461538461536
0 0.8185096153846154 0.5961538461538461 0.03365384615384615 0.055288461538461536
0 0.6045673076923077 0.6057692307692307 0.038461538461538464 0.055288461538461536
0 0.4326923076923077 0.6213942307692307 0.04807692307692308 0.055288461538461536
0 0.014423076923076924 0.6334134615384616 0.02403846153846154 0.06490384615384616
0 0.21514423076923078 0.6322115384615384 0.028846153846153848 0.03365384615384615
0 0.5204326923076923 0.6322115384615384 0.038461538461538464 0.04326923076923077
0 0.6875 0.6310096153846154 0.04807692307692308 0.06490384615384616
0 0.08774038461538461 0.6466346153846154 0.04326923076923077 0.055288461538461536
0 0.9651442307692307 0.6322115384615384 0.038461538461538464 0.05048076923076923
0 0.24759615384615385 0.07211538461538461 0.028846153846153848 0.03365384615384615
0 0.8377403846153846 0.65625 0.04326923076923077 0.06490384615384616
0 0.19951923076923078 0.6742788461538461 0.04326923076923077 0.06009615384615385
0 0.1778846153846154 0.0733173076923077 0.019230769230769232 0.02403846153846154
0 0.734375 0.6694711538461539 0.04807692307692308 0.06971153846153846
0 0.328125 0.6766826923076923 0.04807692307692308 0.06971153846153846
0 0.040865384615384616 0.6862980769230769 0.038461538461538464 0.06009615384615385
0 0.45072115384615385 0.703125 0.04326923076923077 0.06009615384615385
0 0.9483173076923077 0.7079326923076923 0.04807692307692308 0.07932692307692307
0 0.59375 0.7331730769230769 0.04326923076923077 0.06009615384615385
0 0.08173076923076923 0.7644230769230769 0.04326923076923077 0.06971153846153846
0 0.016826923076923076 0.7680288461538461 0.02403846153846154 0.055288461538461536
0 0.35697115384615385 0.7644230769230769 0.038461538461538464 0.05048076923076923
0 0.7079326923076923 0.7584134615384616 0.038461538461538464 0.06009615384615385
0 0.12259615384615384 0.0829326923076923 0.019230769230769232 0.03365384615384615
0 0.7451923076923077 0.765625 0.038461538461538464 0.06971153846153846
0 0.0625 0.08774038461538461 0.019230769230769232 0.03365384615384615
0 0.9122596153846154 0.7932692307692307 0.038461538461538464 0.06490384615384616
0 0.8557692307692307 0.8088942307692307 0.052884615384615384 0.07451923076923077
0 0.5865384615384616 0.8185096153846154 0.04326923076923077 0.055288461538461536
0 0.13822115384615385 0.8341346153846154 0.04326923076923077 0.06490384615384616
0 0.390625 0.08533653846153846 0.028846153846153848 0.028846153846153848
0 0.17307692307692307 0.8605769230769231 0.04807692307692308 0.06009615384615385
0 0.3329326923076923 0.8677884615384616 0.052884615384615384 0.07451923076923077
0 0.9783653846153846 0.859375 0.038461538461538464 0.06971153846153846
0 0.49158653846153844 0.8725961538461539 0.04807692307692308 0.06971153846153846
0 0.7908653846153846 0.0829326923076923 0.02403846153846154 0.028846153846153848
0 0.24759615384615385 0.09254807692307693 0.028846153846153848 0.019230769230769232
0 0.5733173076923077 0.8762019230769231 0.05048076923076923 0.05048076923076923
0 0.9927884615384616 0.8737980769230769 0.014423076923076924 0.05048076923076923
0 0.5925480769230769 0.0889423076923077 0.02403846153846154 0.03365384615384615
0 0.1778846153846154 0.0985576923076923 0.019230769230769232 0.028846153846153848
0 0.11057692307692307 0.10216346153846154 0.014423076923076924 0.02403846153846154
0 0.6598557692307693 0.09254807692307693 0.028846153846153848 0.04326923076923077
0 0.9807692307692307 0.08653846153846154 0.02403846153846154 0.04326923076923077
0 0.07572115384615384 0.1045673076923077 0.019230769230769232 0.038461538461538464
0 0.31009615384615385 0.10096153846153846 0.03365384615384615 0.038461538461538464
0 0.7007211538461539 0.10096153846153846 0.019230769230769232 0.03365384615384615