0 0.47716346153846156 0.5997596153846154 0.052884615384615384 0.052884615384615384
0 0.9038461538461539 0.5745192307692307 0.055288461538461536 0.0673076923076923
0 0.5817307692307693 0.5985576923076923 0.04807692307692308 0.10096153846153846
0 0.6394230769230769 0.5997596153846154 0.0625 0.11298076923076923
0 0.7956730769230769 0.609375 0.057692307692307696 0.11298076923076923
0 0.9855769230769231 0.6177884615384616 0.028846153846153848 0.14903846153846154
0 0.7139423076923077 0.6454326923076923 0.07932692307692307 0.12980769230769232
0 0.9326923076923077 0.6394230769230769 0.06009615384615385 0.08173076923076923
0 0.9002403846153846 0.6454326923076923 0.052884615384615384 0.10096153846153846
0 0.49158653846153844 0.7043269230769231 0.07932692307692307 0.13942307692307693
0 0.15384615384615385 0.7475961538461539 0.06971153846153846 0.15144230769230768
0 0.03245192307692308 0.7572115384615384 0.038461538461538464 0.10817307692307693
0 0.9639423076923077 0.6947115384615384 0.07211538461538461 0.13942307692307693
0 0.6682692307692307 0.7163461538461539 0.0673076923076923 0.1201923076923077
0 0.7932692307692307 0.7091346153846154 0.0625 0.11298076923076923
0 0.31009615384615385 0.7944711538461539 0.07451923076923077 0.13942307692307693
0 0.2091346153846154 0.09735576923076923 0.026442307692307692 0.04326923076923077
0 0.5528846153846154 0.7920673076923077 0.09375 0.14903846153846154
0 0.39903846153846156 0.8125 0.07932692307692307 0.13942307692307693
0 0.19591346153846154 0.10096153846153846 0.021634615384615384 0.04326923076923077
0 0.7355769230769231 0.8112980769230769 0.055288461538461536 0.12259615384615384
0 0.7788461538461539 0.8329326923076923 0.07932692307692307 0.12980769230769232
0 0.11899038461538461 0.8954326923076923 0.08413461538461539 0.1346153846153846
0 0.9855769230769231 0.8377403846153846 0.028846153846153848 0.13221153846153846
0 0.19471153846153846 0.9002403846153846 0.0625 0.12259615384615384
0 0.8810096153846154 0.8677884615384616 0.08653846153846154 0.1346153846153846
0 0.07451923076923077 0.12139423076923077 0.03125 0.04326923076923077
0 0.6322115384615384 0.9194711538461539 0.0985576923076923 0.14903846153846154
0 0.4423076923076923 0.9362980769230769 0.09134615384615384 0.12740384615384615
0 0.11778846153846154 0.1201923076923077 0.019230769230769232 0.019230769230769232
0 0.004807692307692308 0.12980769230769232 0.009615384615384616 0.0625
0 0.9771634615384616 0.9314903846153846 0.04567307692307692 0.06490384615384616
0 0.014423076923076924 0.12980769230769232 0.028846153846153848 0.038461538461538464
0 0.1502403846153846 0.12379807692307693 0.019230769230769232 0.03365384615384615
0 0.23317307692307693 0.12259615384615384 0.019230769230769232 0.03365384615384615
0 0.20793269230769232 0.12980769230769232 0.019230769230769232 0.03365384615384615
0 0.32091346153846156 0.12259615384615384 0.016826923076923076 0.03365384615384615
0 0.051682692307692304 0.140625 0.03125 0.04326923076923077
0 0.3762019230769231 0.1201923076923077 0.019230769230769232 0.028846153846153848
0 0.140625 0.13701923076923078 0.026442307692307692 0.04326923076923077
0 0.26322115384615385 0.1310096153846154 0.03125 0.04326923076923077
0 0.46634615384615385 0.11658653846153846 0.019230769230769232 0.028846153846153848
0 0.3389423076923077 0.12860576923076922 0.019230769230769232 0.028846153846153848
0 0.5264423076923077 0.11538461538461539 0.028846153846153848 0.03365384615384615
0 0.4362980769230769 0.12379807692307693 0.019230769230769232 0.02403846153846154
0 0.1141826923076923 0.1466346153846154 0.03125 0.052884615384615384
0 0.2127403846153846 0.1466346153846154 0.021634615384615384 0.04326923076923077
0 0.2776442307692308 0.14182692307692307 0.021634615384615384 0.04326923076923077
0 0.6105769230769231 0.12139423076923077 0.03125 0.04807692307692308
0 0.40024038461538464 0.13822115384615385 0.019230769230769232 0.03365384615384615
0 0.020432692307692308 0.16466346153846154 0.016826923076923076 0.02403846153846154
0 0.07572115384615384 0.16346153846153846 0.028846153846153848 0.03365384615384615
0 0.234375 0.15264423076923078 0.019230769230769232 0.03365384615384615
0 0.37259615384615385 0.14543269230769232 0.026442307692307692 0.04326923076923077
0 0.5697115384615384 0.13341346153846154 0.019230769230769232 0.03365384615384615
0 0.3016826923076923 0.15384615384615385 0.026442307692307692 0.04326923076923077
0 0.546875 0.14182692307692307 0.019230769230769232 0.019230769230769232
0 0.45552884615384615 0.15264423076923078 0.021634615384615384 0.038461538461538464
0 0.42788461538461536 0.15384615384615385 0.03125 0.04807692307692308
0 0.3557692307692308 0.15985576923076922 0.02403846153846154 0.03365384615384615
0 0.5264423076923077 0.1502403846153846 0.021634615384615384 0.038461538461538464
0 0.3329326923076923 0.1658653846153846 0.02403846153846154 0.03365384615384615
0 0.10697115384615384 0.18389423076923078 0.028846153846153848 0.03365384615384615
0 0.15264423076923078 0.18389423076923078 0.03125 0.04807692307692308
0 0.5913461538461539 0.15504807692307693 0.021634615384615384 0.038461538461538464
0 0.04927884615384615 0.19591346153846154 0.026442307692307692 0.04326923076923077
0 0.027644230769230768 0.1971153846153846 0.036057692307692304 0.038461538461538464
0 0.4699519230769231 0.16826923076923078 0.026442307692307692 0.057692307692307696
0 0.49158653846153844 0.16706730769230768 0.026442307692307692 0.04326923076923077
0 0.003605769230769231 0.20673076923076922 0.007211538461538462 0.057692307692307696
0 0.20072115384615385 0.19230769230769232 0.019230769230769232 0.03365384615384615
0 0.2920673076923077 0.18629807692307693 0.026442307692307692 0.04326923076923077
0 0.4050480769230769 0.17908653846153846 0.026442307692307692 0.038461538461538464
0 0.078125 0.20673076923076922 0.026442307692307692 0.04326923076923077
0 0.2439903846153846 0.19471153846153846 0.03125 0.04807692307692308
0 0.515625 0.18028846153846154 0.02403846153846154 0.028846153846153848
0 0.3858173076923077 0.18990384615384615 0.026442307692307692 0.038461538461538464
0 0.5673076923076923 0.17668269230769232 0.036057692307692304 0.052884615384615384
0 0.06129807692307692 0.2127403846153846 0.019230769230769232 0.028846153846153848
0 0.6117788461538461 0.17668269230769232 0.021634615384615384 0.038461538461538464
0 0.10096153846153846 0.2127403846153846 0.02403846153846154 0.03365384615384615
0 0.3161057692307692 0.19951923076923078 0.026442307692307692 0.052884615384615384
0 0.6538461538461539 0.17548076923076922 0.036057692307692304 0.04326923076923077
0 0.5384615384615384 0.18629807692307693 0.019230769230769232 0.03365384615384615
0 0.03485576923076923 0.2283653846153846 0.02403846153846154 0.03365384615384615
0 0.43509615384615385 0.20673076923076922 0.040865384615384616 0.05048076923076923
0 0.19230769230769232 0.22355769230769232 0.019230769230769232 0.03365384615384615
0 0.26322115384615385 0.22596153846153846 0.03125 0.04326923076923077
0 0.16826923076923078 0.23557692307692307 0.036057692307692304 0.0625
0 0.36538461538461536 0.22355769230769232 0.03125 0.057692307692307696
0 0.013221153846153846 0.25 0.026442307692307692 0.057692307692307696
0 0.3004807692307692 0.23076923076923078 0.021634615384615384 0.04807692307692308
0 0.6225961538461539 0.20793269230769232 0.03125 0.038461538461538464
0 0.11057692307692307 0.2439903846153846 0.026442307692307692 0.04807692307692308
0 0.3401442307692308 0.23076923076923078 0.026442307692307692 0.052884615384615384
0 0.6995192307692307 0.20552884615384615 0.040865384615384616 0.05048076923076923
0 0.22355769230769232 0.23798076923076922 0.02403846153846154 0.03365384615384615
0 0.5108173076923077 0.22115384615384615 0.02403846153846154 0.03365384615384615
0 0.41586538461538464 0.22956730769230768 0.04567307692307692 0.057692307692307696
0 0.5637019230769231 0.21995192307692307 0.03125 0.052884615384615384
0 0.453125 0.22956730769230768 0.03125 0.038461538461538464
0 0.20673076923076922 0.24759615384615385 0.016826923076923076 0.02403846153846154
0 0.23677884615384615 0.24519230769230768 0.02403846153846154 0.019230769230769232
0 0.6538461538461539 0.21875 0.021634615384615384 0.05048076923076923
0 0.07451923076923077 0.26322115384615385 0.036057692307692304 0.057692307692307696
0 0.5288461538461539 0.23197115384615385 0.03125 0.038461538461538464
0 0.09495192307692307 0.26322115384615385 0.036057692307692304 0.0625
0 0.04807692307692308 0.2668269230769231 0.03125 0.038461538461538464
0 0.6045673076923077 0.22956730769230768 0.03125 0.04326923076923077
0 0.6394230769230769 0.23197115384615385 0.02403846153846154 0.03365384615384615
0 0.6850961538461539 0.22956730769230768 0.03125 0.052884615384615384
0 0.02283653846153846 0.2776442307692308 0.03125 0.038461538461538464
0 0.6646634615384616 0.23557692307692307 0.021634615384615384 0.04807692307692308
0 0.24759615384615385 0.2668269230769231 0.019230769230769232 0.02403846153846154
0 0.7572115384615384 0.234375 0.026442307692307692 0.057692307692307696
0 0.4879807692307692 0.25240384615384615 0.036057692307692304 0.057692307692307696
0 0.5925480769230769 0.25 0.036057692307692304 0.04326923076923077
0 0.5060096153846154 0.25600961538461536 0.021634615384615384 0.04326923076923077
0 0.8197115384615384 0.23677884615384615 0.03125 0.052884615384615384
0 0.20673076923076922 0.2800480769230769 0.03125 0.0673076923076923
0 0.2692307692307692 0.2776442307692308 0.021634615384615384 0.04807692307692308
0 0.1622596153846154 0.28846153846153844 0.028846153846153848 0.03365384615384615
0 0.22956730769230768 0.28365384615384615 0.026442307692307692 0.038461538461538464
0 0.5228365384615384 0.26322115384615385 0.019230769230769232 0.02403846153846154
0 0.375 0.2764423076923077 0.036057692307692304 0.0625
0 0.5733173076923077 0.2620192307692308 0.028846153846153848 0.03365384615384615
0 0.703125 0.2536057692307692 0.03125 0.057692307692307696
0 0.3473557692307692 0.2776442307692308 0.040865384615384616 0.052884615384615384
0 0.7884615384615384 0.24759615384615385 0.021634615384615384 0.038461538461538464
0 0.45913461538461536 0.27283653846153844 0.036057692307692304 0.04807692307692308
0 0.90625 0.25600961538461536 0.036057692307692304 0.07211538461538461
0 0.02403846153846154 0.31971153846153844 0.036057692307692304 0.0625
0 0.051682692307692304 0.32091346153846156 0.036057692307692304 0.057692307692307696
0 0.7319711538461539 0.27283653846153844 0.026442307692307692 0.057692307692307696
0 0.25240384615384615 0.3112980769230769 0.04326923076923077 0.07692307692307693
0 0.8329326923076923 0.27283653846153844 0.036057692307692304 0.07211538461538461
0 0.43509615384615385 0.3016826923076923 0.036057692307692304 0.0625
0 0.6262019230769231 0.28846153846153844 0.04326923076923077 0.08413461538461539
0 0.8509615384615384 0.2776442307692308 0.026442307692307692 0.052884615384615384
0 0.15625 0.3293269230769231 0.026442307692307692 0.038461538461538464
0 0.5444711538461539 0.3016826923076923 0.040865384615384616 0.057692307692307696
0 0.09254807692307693 0.3329326923076923 0.03125 0.04326923076923077
0 0.5841346153846154 0.3016826923076923 0.040865384615384616 0.057692307692307696
0 0.3449519230769231 0.32572115384615385 0.036057692307692304 0.052884615384615384
0 0.21033653846153846 0.3389423076923077 0.040865384615384616 0.0673076923076923
0 0.5060096153846154 0.32091346153846156 0.03125 0.0625
0 0.9711538461538461 0.29447115384615385 0.028846153846153848 0.08413461538461539
0 0.9314903846153846 0.30288461538461536 0.036057692307692304 0.052884615384615384
0 0.45913461538461536 0.33774038461538464 0.036057692307692304 0.0673076923076923
0 0.38461538461538464 0.3449519230769231 0.04326923076923077 0.08173076923076923
0 0.027644230769230768 0.375 0.03125 0.052884615384615384
0 0.296875 0.3557692307692308 0.040865384615384616 0.07211538461538461
0 0.055288461538461536 0.3858173076923077 0.036057692307692304 0.04807692307692308
0 0.3605769230769231 0.3701923076923077 0.052884615384615384 0.07692307692307693
0 0.19110576923076922 0.38461538461538464 0.04326923076923077 0.08173076923076923
0 0.10096153846153846 0.39783653846153844 0.036057692307692304 0.07211538461538461
0 0.8125 0.35096153846153844 0.036057692307692304 0.07211538461538461
0 0.7704326923076923 0.3605769230769231 0.03125 0.057692307692307696
0 0.9134615384615384 0.3557692307692308 0.040865384615384616 0.07211538461538461
0 0.5396634615384616 0.3894230769230769 0.038461538461538464 0.07692307692307693
0 0.45072115384615385 0.40625 0.04326923076923077 0.07692307692307693
0 0.057692307692307696 0.4483173076923077 0.040865384615384616 0.0673076923076923
0 0.6887019230769231 0.41225961538461536 0.0625 0.11298076923076923
0 0.6454326923076923 0.41947115384615385 0.03365384615384615 0.07692307692307693
0 0.6201923076923077 0.43149038461538464 0.055288461538461536 0.11057692307692307
0 0.8125 0.4230769230769231 0.03125 0.07211538461538461
0 0.9483173076923077 0.41586538461538464 0.055288461538461536 0.08653846153846154
0 0.4855769230769231 0.47115384615384615 0.038461538461538464 0.07932692307692307
0 0.8870192307692307 0.4423076923076923 0.04807692307692308 0.07692307692307693
0 0.17067307692307693 0.4951923076923077 0.055288461538461536 0.09134615384615384
0 0.7824519230769231 0.4579326923076923 0.04807692307692308 0.09615384615384616
0 0.5817307692307693 0.47115384615384615 0.05048076923076923 0.11057692307692307
0 0.546875 0.47836538461538464 0.04326923076923077 0.07692307692307693
0 0.07451923076923077 0.5180288461538461 0.052884615384615384 0.08173076923076923
0 0.38461538461538464 0.5036057692307693 0.04807692307692308 0.09615384615384616
0 0.016826923076923076 0.5360576923076923 0.03365384615384615 0.0673076923076923
0 0.4483173076923077 0.5108173076923077 0.04807692307692308 0.09134615384615384
0 0.3233173076923077 0.5264423076923077 0.052884615384615384 0.10576923076923077
0 0.24519230769230768 0.5360576923076923 0.052884615384615384 0.10096153846153846
0 0.3557692307692308 0.5276442307692307 0.0625 0.10096153846153846
0 0.42908653846153844 0.5228365384615384 0.026442307692307692 0.0625
0 0.47716346153846156 0.5432692307692307 0.055288461538461536 0.057692307692307696
0 0.06490384615384616 0.5805288461538461 0.04326923076923077 0.07692307692307693
0 0.9603365384615384 0.5204326923076923 0.057692307692307696 0.11057692307692307
0 0.21514423076923078 0.578125 0.055288461538461536 0.12259615384615384
0 0.7680288461538461 0.546875 0.04567307692307692 0.0673076923076923
0 0.16826923076923078 0.5973557692307693 0.04807692307692308 0.09615384615384616
0 0.027644230769230768 0.6153846153846154 0.04807692307692308 0.10336538461538461