0 0.15264423076923078 0.3269230769230769 0.016826923076923076 0.02403846153846154
0 0.6502403846153846 0.40024038461538464 0.01201923076923077 0.019230769230769232
0 0.09615384615384616 0.31971153846153844 0.01201923076923077 0.02403846153846154
0 0.8834134615384616 0.43509615384615385 0.014423076923076924 0.03365384615384615
0 0.9399038461538461 0.44471153846153844 0.019230769230769232 0.038461538461538464
0 0.24158653846153846 0.3473557692307692 0.014423076923076924 0.028846153846153848
0 0.1971153846153846 0.34134615384615385 0.016826923076923076 0.019230769230769232
0 0.8689903846153846 0.43509615384615385 0.01201923076923077 0.019230769230769232
0 0.057692307692307696 0.32091346153846156 0.021634615384615384 0.028846153846153848
0 0.2704326923076923 0.35336538461538464 0.016826923076923076 0.02403846153846154
0 0.7560096153846154 0.421875 0.016826923076923076 0.02403846153846154
0 0.5432692307692307 0.3918269230769231 0.014423076923076924 0.03365384615384615
0 0.3233173076923077 0.3605769230769231 0.021634615384615384 0.02403846153846154
0 0.9555288461538461 0.4519230769230769 0.021634615384615384 0.028846153846153848
0 0.8245192307692307 0.4338942307692308 0.019230769230769232 0.028846153846153848
0 0.07932692307692307 0.3293269230769231 0.014423076923076924 0.028846153846153848
0 0.9711538461538461 0.45552884615384615 0.019230769230769232 0.03365384615384615
0 0.036057692307692304 0.3245192307692308 0.019230769230769232 0.03365384615384615
0 0.17067307692307693 0.34615384615384615 0.01201923076923077 0.01201923076923077
0 0.6850961538461539 0.4182692307692308 0.021634615384615384 0.028846153846153848
0 0.7127403846153846 0.421875 0.014423076923076924 0.028846153846153848
0 0.41346153846153844 0.38221153846153844 0.01201923076923077 0.02403846153846154
0 0.29447115384615385 0.3629807692307692 0.01201923076923077 0.019230769230769232
0 0.3557692307692308 0.3737980769230769 0.016826923076923076 0.02403846153846154
0 0.9206730769230769 0.453125 0.019230769230769232 0.03365384615384615
0 0.48677884615384615 0.39302884615384615 0.01201923076923077 0.02403846153846154
0 0.4639423076923077 0.3918269230769231 0.01201923076923077 0.019230769230769232
0 0.7439903846153846 0.4338942307692308 0.01201923076923077 0.02403846153846154
0 0.7932692307692307 0.4411057692307692 0.01201923076923077 0.02403846153846154
0 0.8377403846153846 0.4519230769230769 0.01201923076923077 0.02403846153846154
0 0.4423076923076923 0.39302884615384615 0.019230769230769232 0.028846153846153848
0 0.6526442307692307 0.4230769230769231 0.019230769230769232 0.028846153846153848
0 0.9903846153846154 0.4735576923076923 0.019230769230769232 0.04326923076923077
0 0.14182692307692307 0.35096153846153844 0.021634615384615384 0.028846153846153848
0 0.23798076923076922 0.3701923076923077 0.014423076923076924 0.028846153846153848
0 0.5841346153846154 0.4182692307692308 0.016826923076923076 0.019230769230769232
0 0.21754807692307693 0.36658653846153844 0.019230769230769232 0.028846153846153848
0 0.5649038461538461 0.4182692307692308 0.016826923076923076 0.02403846153846154
0 0.47115384615384615 0.4050480769230769 0.014423076923076924 0.03365384615384615
0 0.4362980769230769 0.40024038461538464 0.016826923076923076 0.02403846153846154
0 0.10216346153846154 0.3557692307692308 0.026442307692307692 0.03125
0 0.31490384615384615 0.3858173076923077 0.01201923076923077 0.019230769230769232
0 0.5793269230769231 0.4230769230769231 0.014423076923076924 0.01201923076923077
0 0.3954326923076923 0.39663461538461536 0.016826923076923076 0.019230769230769232
0 0.8978365384615384 0.4699519230769231 0.014423076923076924 0.03365384615384615
0 0.8653846153846154 0.4651442307692308 0.021634615384615384 0.03365384615384615
0 0.5264423076923077 0.41947115384615385 0.019230769230769232 0.028846153846153848
0 0.6129807692307693 0.4326923076923077 0.014423076923076924 0.028846153846153848
0 0.16466346153846154 0.3713942307692308 0.019230769230769232 0.03365384615384615
0 0.6742788461538461 0.44350961538461536 0.016826923076923076 0.02403846153846154
0 0.2536057692307692 0.38461538461538464 0.01201923076923077 0.02403846153846154
0 0.3004807692307692 0.390625 0.01201923076923077 0.02403846153846154
0 0.8185096153846154 0.46634615384615385 0.014423076923076924 0.028846153846153848
0 0.4110576923076923 0.41225961538461536 0.019230769230769232 0.028846153846153848
0 0.05889423076923077 0.3629807692307692 0.019230769230769232 0.028846153846153848
0 0.8822115384615384 0.47596153846153844 0.02403846153846154 0.04326923076923077
0 0.5132211538461539 0.4266826923076923 0.019230769230769232 0.028846153846153848
0 0.9278846153846154 0.484375 0.02403846153846154 0.04807692307692308
0 0.265625 0.3918269230769231 0.016826923076923076 0.019230769230769232
0 0.6189903846153846 0.4411057692307692 0.016826923076923076 0.019230769230769232
0 0.2776442307692308 0.3954326923076923 0.019230769230769232 0.03365384615384615
0 0.6754807692307693 0.4519230769230769 0.01201923076923077 0.014423076923076924
0 0.021634615384615384 0.3629807692307692 0.019230769230769232 0.038461538461538464
0 0.8413461538461539 0.47716346153846156 0.019230769230769232 0.038461538461538464
0 0.3088942307692308 0.4074519230769231 0.019230769230769232 0.028846153846153848
0 0.6574519230769231 0.4567307692307692 0.019230769230769232 0.028846153846153848
0 0.1310096153846154 0.38221153846153844 0.019230769230769232 0.028846153846153848
0 0.9543269230769231 0.5012019230769231 0.021634615384615384 0.03365384615384615
0 0.32572115384615385 0.4098557692307692 0.014423076923076924 0.028846153846153848
0 0.3713942307692308 0.41586538461538464 0.014423076923076924 0.028846153846153848
0 0.1814903846153846 0.3894230769230769 0.016826923076923076 0.019230769230769232
0 0.4326923076923077 0.42788461538461536 0.019230769230769232 0.03365384615384615
0 0.4639423076923077 0.4338942307692308 0.019230769230769232 0.028846153846153848
0 0.5805288461538461 0.4483173076923077 0.019230769230769232 0.03365384615384615
0 0.6826923076923077 0.4651442307692308 0.014423076923076924 0.028846153846153848
0 0.3545673076923077 0.421875 0.016826923076923076 0.02403846153846154
0 0.09014423076923077 0.38461538461538464 0.021634615384615384 0.02403846153846154
0 0.6382211538461539 0.4639423076923077 0.019230769230769232 0.028846153846153848
0 0.390625 0.42908653846153844 0.019230769230769232 0.028846153846153848
0 0.546875 0.453125 0.019230769230769232 0.03365384615384615
0 0.039663461538461536 0.38461538461538464 0.02403846153846154 0.038461538461538464
0 0.7944711538461539 0.4879807692307692 0.019230769230769232 0.03365384615384615
0 0.10336538461538461 0.390625 0.021634615384615384 0.03365384615384615
0 0.9891826923076923 0.5192307692307693 0.021634615384615384 0.0625
0 0.7391826923076923 0.4855769230769231 0.019230769230769232 0.03365384615384615
0 0.6009615384615384 0.46634615384615385 0.019230769230769232 0.038461538461538464
0 0.6995192307692307 0.4795673076923077 0.021634615384615384 0.03365384615384615
0 0.14903846153846154 0.40625 0.021634615384615384 0.03365384615384615
0 0.5637019230769231 0.46153846153846156 0.019230769230769232 0.038461538461538464
0 0.7740384615384616 0.49158653846153844 0.019230769230769232 0.038461538461538464
0 0.41466346153846156 0.44350961538461536 0.021634615384615384 0.03365384615384615
0 0.28365384615384615 0.42427884615384615 0.019230769230769232 0.03365384615384615
0 0.29927884615384615 0.43149038461538464 0.021634615384615384 0.03365384615384615
0 0.5264423076923077 0.46153846153846156 0.019230769230769232 0.038461538461538464
0 0.19591346153846154 0.41466346153846156 0.019230769230769232 0.028846153846153848
0 0.4483173076923077 0.453125 0.019230769230769232 0.03365384615384615
0 0.4807692307692308 0.4567307692307692 0.019230769230769232 0.03365384615384615
0 0.6682692307692307 0.4855769230769231 0.019230769230769232 0.028846153846153848
0 0.17307692307692307 0.4182692307692308 0.026442307692307692 0.036057692307692304
0 0.2091346153846154 0.4266826923076923 0.019230769230769232 0.038461538461538464
0 0.8161057692307693 0.5120192307692307 0.02403846153846154 0.038461538461538464
0 0.2620192307692308 0.4338942307692308 0.02403846153846154 0.038461538461538464
0 0.078125 0.4074519230769231 0.021634615384615384 0.028846153846153848
0 0.359375 0.45913461538461536 0.019230769230769232 0.03365384615384615
0 0.8521634615384616 0.5264423076923077 0.02403846153846154 0.038461538461538464
0 0.32211538461538464 0.4519230769230769 0.019230769230769232 0.028846153846153848
0 0.5060096153846154 0.49399038461538464 0.02403846153846154 0.04326923076923077
0 0.39663461538461536 0.10216346153846154 0.01201923076923077 0.01201923076923077
0 0.6490384615384616 0.14182692307692307 0.01201923076923077 0.019230769230769232
0 0.3737980769230769 0.10336538461538461 0.01201923076923077 0.019230769230769232
0 0.359375 0.10096153846153846 0.01201923076923077 0.01201923076923077
0 0.4230769230769231 0.11298076923076923 0.01201923076923077 0.014423076923076924
0 0.6298076923076923 0.14182692307692307 0.01201923076923077 0.014423076923076924
0 0.6574519230769231 0.14543269230769232 0.01201923076923077 0.014423076923076924
0 0.5360576923076923 0.1310096153846154 0.007211538461538462 0.019230769230769232
0 0.4050480769230769 0.11538461538461539 0.01201923076923077 0.014423076923076924
0 0.5216346153846154 0.12980769230769232 0.007211538461538462 0.009615384615384616
0 0.4795673076923077 0.12620192307692307 0.007211538461538462 0.014423076923076924
0 0.3233173076923077 0.11057692307692307 0.007211538461538462 0.009615384615384616
0 0.7848557692307693 0.17908653846153846 0.016826923076923076 0.019230769230769232
0 0.4699519230769231 0.13341346153846154 0.007211538461538462 0.014423076923076924
0 0.5697115384615384 0.1466346153846154 0.007211538461538462 0.014423076923076924
0 0.5300480769230769 0.14182692307692307 0.007211538461538462 0.014423076923076924
0 0.5012019230769231 0.14182692307692307 0.007211538461538462 0.014423076923076924
0 0.8149038461538461 0.18389423076923078 0.01201923076923077 0.019230769230769232
0 0.3954326923076923 0.12980769230769232 0.007211538461538462 0.019230769230769232
0 0.34615384615384615 0.1201923076923077 0.007211538461538462 0.014423076923076924
0 0.3112980769230769 0.11538461538461539 0.01201923076923077 0.014423076923076924
0 0.4579326923076923 0.13822115384615385 0.01201923076923077 0.01201923076923077
0 0.4206730769230769 0.13341346153846154 0.01201923076923077 0.019230769230769232
0 0.5985576923076923 0.16346153846153846 0.01201923076923077 0.019230769230769232
0 0.3329326923076923 0.12379807692307693 0.01201923076923077 0.014423076923076924
0 0.5444711538461539 0.15264423076923078 0.01201923076923077 0.014423076923076924
0 0.6153846153846154 0.16346153846153846 0.007211538461538462 0.014423076923076924
0 0.5805288461538461 0.15865384615384615 0.01201923076923077 0.014423076923076924
0 0.28365384615384615 0.11658653846153846 0.01201923076923077 0.02403846153846154
0 0.37740384615384615 0.13221153846153846 0.007211538461538462 0.019230769230769232
0 0.6947115384615384 0.17908653846153846 0.01201923076923077 0.014423076923076924
0 0.8257211538461539 0.1971153846153846 0.007211538461538462 0.014423076923076924
0 0.3125 0.12740384615384615 0.007211538461538462 0.009615384615384616
0 0.6370192307692307 0.17067307692307693 0.007211538461538462 0.014423076923076924
0 0.5685096153846154 0.16105769230769232 0.007211538461538462 0.014423076923076924
0 0.36899038461538464 0.13581730769230768 0.01201923076923077 0.019230769230769232
0 0.7175480769230769 0.1875 0.01201923076923077 0.014423076923076924
0 0.6850961538461539 0.18269230769230768 0.01201923076923077 0.014423076923076924
0 0.8389423076923077 0.20432692307692307 0.007211538461538462 0.014423076923076924
0 0.47716346153846156 0.15865384615384615 0.01201923076923077 0.014423076923076924
0 0.3112980769230769 0.1346153846153846 0.007211538461538462 0.014423076923076924
0 0.7415865384615384 0.19591346153846154 0.007211538461538462 0.014423076923076924
0 0.6610576923076923 0.18389423076923078 0.01201923076923077 0.014423076923076924
0 0.4387019230769231 0.15264423076923078 0.007211538461538462 0.014423076923076924
0 0.6706730769230769 0.18509615384615385 0.01201923076923077 0.014423076923076924
0 0.4495192307692308 0.15865384615384615 0.01201923076923077 0.014423076923076924
0 0.4170673076923077 0.15504807692307693 0.01201923076923077 0.014423076923076924
0 0.22716346153846154 0.12740384615384615 0.007211538461538462 0.014423076923076924
0 0.40384615384615385 0.15264423076923078 0.01201923076923077 0.02403846153846154
0 0.20432692307692307 0.125 0.016826923076923076 0.016826923076923076
0 0.7860576923076923 0.20673076923076922 0.007211538461538462 0.014423076923076924
0 0.6418269230769231 0.18629807692307693 0.01201923076923077 0.014423076923076924
0 0.8329326923076923 0.2127403846153846 0.007211538461538462 0.014423076923076924
0 0.18389423076923078 0.12379807692307693 0.01201923076923077 0.019230769230769232
0 0.3449519230769231 0.14783653846153846 0.007211538461538462 0.014423076923076924
0 0.3557692307692308 0.14783653846153846 0.007211538461538462 0.009615384615384616
0 0.6322115384615384 0.1875 0.01201923076923077 0.019230769230769232
0 0.5228365384615384 0.17548076923076922 0.01201923076923077 0.019230769230769232
0 0.9026442307692307 0.2283653846153846 0.01201923076923077 0.019230769230769232
0 0.6598557692307693 0.19471153846153846 0.01201923076923077 0.019230769230769232
0 0.6826923076923077 0.203125 0.01201923076923077 0.019230769230769232
0 0.8076923076923077 0.21995192307692307 0.007211538461538462 0.019230769230769232
0 0.5072115384615384 0.18269230769230768 0.01201923076923077 0.01201923076923077
0 0.30528846153846156 0.15504807692307693 0.01201923076923077 0.019230769230769232
0 0.4266826923076923 0.17427884615384615 0.007211538461538462 0.014423076923076924
0 0.6995192307692307 0.21514423076923078 0.01201923076923077 0.019230769230769232
0 0.4699519230769231 0.18028846153846154 0.01201923076923077 0.014423076923076924
0 0.20192307692307693 0.14302884615384615 0.016826923076923076 0.02403846153846154
0 0.4807692307692308 0.18389423076923078 0.007211538461538462 0.019230769230769232
0 0.8822115384615384 0.24278846153846154 0.01201923076923077 0.014423076923076924
0 0.16466346153846154 0.13942307692307693 0.016826923076923076 0.019230769230769232
0 0.3485576923076923 0.1658653846153846 0.007211538461538462 0.019230769230769232
0 0.5973557692307693 0.20072115384615385 0.01201923076923077 0.019230769230769232
0 0.9050480769230769 0.24639423076923078 0.01201923076923077 0.014423076923076924
0 0.2536057692307692 0.15504807692307693 0.01201923076923077 0.014423076923076924
0 0.9290865384615384 0.25 0.016826923076923076 0.016826923076923076
0 0.6045673076923077 0.2091346153846154 0.007211538461538462 0.014423076923076924
0 0.6514423076923077 0.2127403846153846 0.01201923076923077 0.019230769230769232
0 0.18028846153846154 0.1466346153846154 0.01201923076923077 0.019230769230769232
0 0.40625 0.17908653846153846 0.007211538461538462 0.009615384615384616
0 0.5841346153846154 0.203125 0.01201923076923077 0.019230769230769232
0 0.22355769230769232 0.15264423076923078 0.007211538461538462 0.009615384615384616
0 0.2668269230769231 0.16105769230769232 0.01201923076923077 0.02403846153846154
0 0.18509615384615385 0.1502403846153846 0.01201923076923077 0.014423076923076924
0 0.5564903846153846 0.20432692307692307 0.01201923076923077 0.019230769230769232
0 0.3557692307692308 0.17668269230769232 0.007211538461538462 0.019230769230769232
0 0.5048076923076923 0.19951923076923078 0.01201923076923077 0.014423076923076924
0 0.8353365384615384 0.24639423076923078 0.01201923076923077 0.014423076923076924
0 0.22716346153846154 0.15865384615384615 0.007211538461538462 0.019230769230769232
0 0.3701923076923077 0.18028846153846154 0.007211538461538462 0.014423076923076924
0 0.6189903846153846 0.21514423076923078 0.01201923076923077 0.014423076923076924
0 0.3786057692307692 0.1814903846153846 0.007211538461538462 0.014423076923076924
0 0.32572115384615385 0.17427884615384615 0.01201923076923077 0.014423076923076924
0 0.28125 0.16947115384615385 0.007211538461538462 0.019230769230769232
0 0.8581730769230769 0.25240384615384615 0.01201923076923077 0.014423076923076924
0 0.4519230769230769 0.19831730769230768 0.007211538461538462 0.019230769230769232
0 0.24639423076923078 0.16706730769230768 0.007211538461538462 0.014423076923076924
0 0.41466346153846156 0.19591346153846154 0.007211538461538462 0.014423076923076924
0 0.53125 0.2091346153846154 0.01201923076923077 0.019230769230769232
0 0.7560096153846154 0.24158653846153846 0.01201923076923077 0.019230769230769232
0 0.47596153846153844 0.20432692307692307 0.01201923076923077 0.014423076923076924
0 0.6346153846153846 0.22596153846153846 0.007211538461538462 0.014423076923076924
0 0.796875 0.2512019230769231 0.01201923076923077 0.01201923076923077
0 0.7475961538461539 0.24759615384615385 0.007211538461538462 0.014423076923076924
0 0.4987980769230769 0.2091346153846154 0.01201923076923077 0.019230769230769232
0 0.6838942307692307 0.23557692307692307 0.007211538461538462 0.019230769230769232
0 0.31009615384615385 0.18509615384615385 0.01201923076923077 0.014423076923076924
0 0.09254807692307693 0.15504807692307693 0.016826923076923076 0.02403846153846154
0 0.4254807692307692 0.19951923076923078 0.01201923076923077 0.01201923076923077
0 0.6586538461538461 0.23677884615384615 0.01201923076923077 0.019230769230769232
0 0.5817307692307693 0.22355769230769232 0.01201923076923077 0.014423076923076924
0 0.38822115384615385 0.19951923076923078 0.01201923076923077 0.019230769230769232
0 0.6129807692307693 0.23076923076923078 0.01201923076923077 0.019230769230769232
0 0.9471153846153846 0.2776442307692308 0.01201923076923077 0.019230769230769232
0 0.2644230769230769 0.1814903846153846 0.01201923076923077 0.01201923076923077
0 0.8088942307692307 0.25841346153846156 0.01201923076923077 0.019230769230769232
0 0.8954326923076923 0.27524038461538464 0.01201923076923077 0.019230769230769232
0 0.3329326923076923 0.1935096153846154 0.01201923076923077 0.014423076923076924
0 0.29086538461538464 0.1875 0.01201923076923077 0.02403846153846154
0 0.6742788461538461 0.24158653846153846 0.007211538461538462 0.02403846153846154
0 0.7271634615384616 0.24879807692307693 0.01201923076923077 0.02403846153846154
0 0.12379807692307693 0.16466346153846154 0.019230769230769232 0.03365384615384615
0 0.5973557692307693 0.23557692307692307 0.01201923076923077 0.014423076923076924
0 0.44711538461538464 0.21514423076923078 0.01201923076923077 0.02403846153846154
0 0.9242788461538461 0.27884615384615385 0.01201923076923077 0.019230769230769232
0 0.28125 0.19110576923076922 0.01201923076923077 0.014423076923076924
0 0.4579326923076923 0.21875 0.007211538461538462 0.019230769230769232
0 0.625 0.23918269230769232 0.01201923076923077 0.02403846153846154
0 0.515625 0.22716346153846154 0.01201923076923077 0.019230769230769232
0 0.5480769230769231 0.23076923076923078 0.01201923076923077 0.019230769230769232
0 0.3076923076923077 0.1971153846153846 0.01201923076923077 0.019230769230769232
0 0.4735576923076923 0.22115384615384615 0.01201923076923077 0.019230769230769232
0 0.5228365384615384 0.23076923076923078 0.01201923076923077 0.02403846153846154
0 0.703125 0.2536057692307692 0.01201923076923077 0.019230769230769232
0 0.8245192307692307 0.27283653846153844 0.007211538461538462 0.014423076923076924
0 0.06009615384615385 0.16706730769230768 0.021634615384615384 0.028846153846153848
0 0.4951923076923077 0.2283653846153846 0.01201923076923077 0.019230769230769232
0 0.8353365384615384 0.2764423076923077 0.01201923076923077 0.019230769230769232
0 0.25961538461538464 0.19831730769230768 0.007211538461538462 0.014423076923076924
0 0.07211538461538461 0.171875 0.016826923076923076 0.02403846153846154
0 0.5733173076923077 0.24158653846153846 0.01201923076923077 0.014423076923076924
0 0.3485576923076923 0.21153846153846154 0.01201923076923077 0.01201923076923077
0 0.8016826923076923 0.27524038461538464 0.01201923076923077 0.019230769230769232
0 0.6430288461538461 0.2536057692307692 0.01201923076923077 0.019230769230769232
0 0.24158653846153846 0.1971153846153846 0.007211538461538462 0.019230769230769232
0 0.9074519230769231 0.2932692307692308 0.01201923076923077 0.02403846153846154
0 0.10817307692307693 0.18269230769230768 0.019230769230769232 0.028846153846153848
0 0.21995192307692307 0.19831730769230768 0.01201923076923077 0.019230769230769232
0 0.1971153846153846 0.1971153846153846 0.01201923076923077 0.014423076923076924
0 0.6802884615384616 0.26322115384615385 0.007211538461538462 0.019230769230769232
0 0.8485576923076923 0.28725961538461536 0.01201923076923077 0.019230769230769232
0 0.8930288461538461 0.2980769230769231 0.01201923076923077 0.019230769230769232
0 0.6045673076923077 0.25721153846153844 0.01201923076923077 0.019230769230769232
0 0.40024038461538464 0.22596153846153846 0.007211538461538462 0.014423076923076924
0 0.8725961538461539 0.29447115384615385 0.019230769230769232 0.028846153846153848
0 0.6646634615384616 0.26322115384615385 0.01201923076923077 0.02403846153846154
0 0.7608173076923077 0.2764423076923077 0.01201923076923077 0.02403846153846154
0 0.5949519230769231 0.25600961538461536 0.01201923076923077 0.019230769230769232
0 0.24879807692307693 0.20552884615384615 0.016826923076923076 0.02403846153846154
0 0.9615384615384616 0.31009615384615385 0.01201923076923077 0.02403846153846154
0 0.7235576923076923 0.27403846153846156 0.01201923076923077 0.019230769230769232
0 0.8245192307692307 0.28846153846153844 0.01201923076923077 0.019230769230769232
0 0.16466346153846154 0.19591346153846154 0.01201923076923077 0.019230769230769232
0 0.9290865384615384 0.30528846153846156 0.01201923076923077 0.014423076923076924
0 0.6983173076923077 0.27524038461538464 0.007211538461538462 0.019230769230769232
0 0.4891826923076923 0.2439903846153846 0.01201923076923077 0.014423076923076924
0 0.8882211538461539 0.29927884615384615 0.01201923076923077 0.02403846153846154
0 0.7091346153846154 0.2764423076923077 0.01201923076923077 0.019230769230769232
0 0.8052884615384616 0.29086538461538464 0.01201923076923077 0.019230769230769232
0 0.3954326923076923 0.23317307692307693 0.007211538461538462 0.019230769230769232
0 0.41586538461538464 0.23557692307692307 0.01201923076923077 0.019230769230769232
0 0.3786057692307692 0.23557692307692307 0.01201923076923077 0.019230769230769232
0 0.3641826923076923 0.23076923076923078 0.01201923076923077 0.02403846153846154
0 0.7824519230769231 0.28966346153846156 0.01201923076923077 0.02403846153846154
0 0.08052884615384616 0.1935096153846154 0.01201923076923077 0.019230769230769232
0 0.26322115384615385 0.22115384615384615 0.01201923076923077 0.02403846153846154
0 0.3112980769230769 0.2283653846153846 0.007211538461538462 0.014423076923076924
0 0.6802884615384616 0.2800480769230769 0.01201923076923077 0.02403846153846154
0 0.20432692307692307 0.2127403846153846 0.01201923076923077 0.014423076923076924
0 0.9050480769230769 0.3112980769230769 0.01201923076923077 0.02403846153846154
0 0.7283653846153846 0.28966346153846156 0.009615384615384616 0.028846153846153848
0 0.6129807692307693 0.27283653846153844 0.007211538461538462 0.009615384615384616
0 0.5108173076923077 0.25841346153846156 0.01201923076923077 0.019230769230769232
0 0.43990384615384615 0.24879807692307693 0.019230769230769232 0.028846153846153848
0 0.9939903846153846 0.3293269230769231 0.01201923076923077 0.03365384615384615
0 0.5180288461538461 0.2644230769230769 0.01201923076923077 0.01201923076923077
0 0.2824519230769231 0.23197115384615385 0.007211538461538462 0.019230769230769232
0 0.5973557692307693 0.27524038461538464 0.01201923076923077 0.019230769230769232
0 0.33774038461538464 0.23918269230769232 0.016826923076923076 0.019230769230769232
0 0.1814903846153846 0.21875 0.016826923076923076 0.02403846153846154
0 0.39903846153846156 0.24879807692307693 0.01201923076923077 0.02403846153846154
0 0.5372596153846154 0.26802884615384615 0.01201923076923077 0.014423076923076924
0 0.4735576923076923 0.25961538461538464 0.01201923076923077 0.014423076923076924
0 0.4230769230769231 0.2548076923076923 0.01201923076923077 0.019230769230769232
0 0.04447115384615385 0.19951923076923078 0.016826923076923076 0.016826923076923076
0 0.6418269230769231 0.28365384615384615 0.01201923076923077 0.014423076923076924
0 0.22956730769230768 0.2283653846153846 0.01201923076923077 0.019230769230769232
0 0.8617788461538461 0.3137019230769231 0.01201923076923077 0.014423076923076924
0 0.21995192307692307 0.22596153846153846 0.014423076923076924 0.028846153846153848
0 0.8533653846153846 0.31490384615384615 0.01201923076923077 0.019230769230769232
0 0.46033653846153844 0.26322115384615385 0.016826923076923076 0.02403846153846154
0 0.48197115384615385 0.265625 0.01201923076923077 0.014423076923076924
0 0.2692307692307692 0.23798076923076922 0.01201923076923077 0.019230769230769232
0 0.15384615384615385 0.21995192307692307 0.016826923076923076 0.02403846153846154
0 0.31850961538461536 0.24519230769230768 0.007211538461538462 0.019230769230769232
0 0.8257211538461539 0.3161057692307692 0.014423076923076924 0.028846153846153848
0 0.3894230769230769 0.25721153846153844 0.01201923076923077 0.014423076923076924
0 0.796875 0.31490384615384615 0.01201923076923077 0.02403846153846154
0 0.5637019230769231 0.2824519230769231 0.01201923076923077 0.02403846153846154
0 0.3016826923076923 0.24519230769230768 0.01201923076923077 0.014423076923076924
0 0.8822115384615384 0.3269230769230769 0.016826923076923076 0.02403846153846154
0 0.7608173076923077 0.31009615384615385 0.01201923076923077 0.02403846153846154
0 0.6526442307692307 0.29447115384615385 0.007211538461538462 0.014423076923076924
0 0.19591346153846154 0.23317307692307693 0.01201923076923077 0.019230769230769232
0 0.6322115384615384 0.29447115384615385 0.01201923076923077 0.019230769230769232
0 0.2439903846153846 0.24158653846153846 0.016826923076923076 0.02403846153846154
0 0.3762019230769231 0.26322115384615385 0.007211538461538462 0.019230769230769232
0 0.9711538461538461 0.34375 0.01201923076923077 0.014423076923076924
0 0.40865384615384615 0.265625 0.016826923076923076 0.016826923076923076
0 0.31009615384615385 0.2536057692307692 0.01201923076923077 0.019230769230769232
0 0.0829326923076923 0.22115384615384615 0.016826923076923076 0.019230769230769232
0 0.4495192307692308 0.2776442307692308 0.007211538461538462 0.009615384615384616
0 0.34615384615384615 0.2608173076923077 0.01201923076923077 0.02403846153846154
0 0.5528846153846154 0.28966346153846156 0.01201923076923077 0.02403846153846154
0 0.7079326923076923 0.3125 0.01201923076923077 0.02403846153846154
0 0.90625 0.3401442307692308 0.01201923076923077 0.02403846153846154
0 0.27283653846153844 0.2536057692307692 0.01201923076923077 0.019230769230769232
0 0.29086538461538464 0.25841346153846156 0.01201923076923077 0.02403846153846154
0 0.4831730769230769 0.2824519230769231 0.01201923076923077 0.019230769230769232
0 0.5072115384615384 0.28846153846153844 0.01201923076923077 0.014423076923076924
0 0.3954326923076923 0.27283653846153844 0.01201923076923077 0.014423076923076924
0 0.7764423076923077 0.3269230769230769 0.01201923076923077 0.02403846153846154
0 0.4375 0.28125 0.01201923076923077 0.019230769230769232
0 0.10096153846153846 0.234375 0.019230769230769232 0.028846153846153848
0 0.7451923076923077 0.32211538461538464 0.01201923076923077 0.02403846153846154
0 0.5709134615384616 0.3004807692307692 0.01201923076923077 0.019230769230769232
0 0.8497596153846154 0.3389423076923077 0.014423076923076924 0.028846153846153848
0 0.35697115384615385 0.27283653846153844 0.016826923076923076 0.016826923076923076
0 0.5192307692307693 0.2956730769230769 0.01201923076923077 0.014423076923076924
0 0.6694711538461539 0.31850961538461536 0.01201923076923077 0.019230769230769232
0 0.6526442307692307 0.3161057692307692 0.01201923076923077 0.019230769230769232
0 0.42427884615384615 0.2848557692307692 0.007211538461538462 0.019230769230769232
0 0.38461538461538464 0.27884615384615385 0.016826923076923076 0.019230769230769232
0 0.6298076923076923 0.3125 0.01201923076923077 0.019230769230769232
0 0.3329326923076923 0.27163461538461536 0.016826923076923076 0.019230769230769232
0 0.8197115384615384 0.3401442307692308 0.014423076923076924 0.01201923076923077
0 0.7211538461538461 0.3293269230769231 0.01201923076923077 0.019230769230769232
0 0.7980769230769231 0.3401442307692308 0.01201923076923077 0.019230769230769232
0 0.4483173076923077 0.29086538461538464 0.016826923076923076 0.019230769230769232
0 0.5745192307692307 0.3088942307692308 0.01201923076923077 0.019230769230769232
0 0.0673076923076923 0.23798076923076922 0.019230769230769232 0.028846153846153848
0 0.7608173076923077 0.33533653846153844 0.01201923076923077 0.019230769230769232
0 0.3016826923076923 0.27524038461538464 0.01201923076923077 0.019230769230769232
0 0.6069711538461539 0.3161057692307692 0.016826923076923076 0.02403846153846154
0 0.40865384615384615 0.29086538461538464 0.01201923076923077 0.019230769230769232
0 0.8990384615384616 0.359375 0.014423076923076924 0.028846153846153848
0 0.859375 0.35096153846153844 0.016826923076923076 0.02403846153846154
0 0.6971153846153846 0.33052884615384615 0.01201923076923077 0.019230769230769232
0 0.22235576923076922 0.2644230769230769 0.016826923076923076 0.019230769230769232
0 0.1971153846153846 0.2608173076923077 0.01201923076923077 0.019230769230769232
0 0.27403846153846156 0.2764423076923077 0.01201923076923077 0.019230769230769232
0 0.6754807692307693 0.33052884615384615 0.016826923076923076 0.02403846153846154
0 0.6430288461538461 0.328125 0.016826923076923076 0.019230769230769232
0 0.7788461538461539 0.3473557692307692 0.01201923076923077 0.019230769230769232
0 0.17548076923076922 0.2620192307692308 0.019230769230769232 0.028846153846153848
0 0.34975961538461536 0.28725961538461536 0.016826923076923076 0.019230769230769232
0 0.5288461538461539 0.31490384615384615 0.016826923076923076 0.02403846153846154
0 0.9951923076923077 0.37740384615384615 0.009615384615384616 0.028846153846153848
0 0.7463942307692307 0.3425480769230769 0.014423076923076924 0.028846153846153848
0 0.5492788461538461 0.31490384615384615 0.01201923076923077 0.019230769230769232
0 0.4891826923076923 0.3112980769230769 0.01201923076923077 0.019230769230769232
0 0.11298076923076923 0.25600961538461536 0.01201923076923077 0.014423076923076924
0 0.9711538461538461 0.3798076923076923 0.014423076923076924 0.028846153846153848
0 0.375 0.2956730769230769 0.01201923076923077 0.019230769230769232
0 0.28725961538461536 0.28365384615384615 0.01201923076923077 0.019230769230769232
0 0.45913461538461536 0.3076923076923077 0.007211538461538462 0.019230769230769232
0 0.5745192307692307 0.328125 0.01201923076923077 0.019230769230769232
0 0.8846153846153846 0.3713942307692308 0.016826923076923076 0.019230769230769232
0 0.4110576923076923 0.30528846153846156 0.01201923076923077 0.019230769230769232
0 0.25721153846153844 0.28125 0.016826923076923076 0.02403846153846154
0 0.44350961538461536 0.31009615384615385 0.01201923076923077 0.019230769230769232
0 0.08173076923076923 0.2620192307692308 0.019230769230769232 0.03365384615384615
0 0.6598557692307693 0.3425480769230769 0.016826923076923076 0.016826923076923076
0 0.19471153846153846 0.2824519230769231 0.01201923076923077 0.014423076923076924
0 0.27163461538461536 0.29086538461538464 0.01201923076923077 0.019230769230769232
0 0.5985576923076923 0.33653846153846156 0.01201923076923077 0.019230769230769232
0 0.7740384615384616 0.3641826923076923 0.016826923076923076 0.02403846153846154
0 0.3112980769230769 0.2980769230769231 0.016826923076923076 0.02403846153846154
0 0.703125 0.35336538461538464 0.01201923076923077 0.02403846153846154
0 0.7163461538461539 0.3557692307692308 0.01201923076923077 0.02403846153846154
0 0.22596153846153846 0.28846153846153844 0.01201923076923077 0.019230769230769232
0 0.04927884615384615 0.265625 0.016826923076923076 0.02403846153846154
0 0.9146634615384616 0.3894230769230769 0.016826923076923076 0.019230769230769232
0 0.14903846153846154 0.2848557692307692 0.019230769230769232 0.03365384615384615
0 0.32572115384615385 0.30649038461538464 0.01201923076923077 0.01201923076923077
0 0.9495192307692307 0.39663461538461536 0.01201923076923077 0.02403846153846154
0 0.9939903846153846 0.40625 0.01201923076923077 0.019230769230769232
0 0.8870192307692307 0.38822115384615385 0.016826923076923076 0.02403846153846154
0 0.8088942307692307 0.3798076923076923 0.019230769230769232 0.028846153846153848
0 0.6610576923076923 0.3581730769230769 0.01201923076923077 0.019230769230769232
0 0.5216346153846154 0.34375 0.01201923076923077 0.01201923076923077
0 0.13581730769230768 0.28725961538461536 0.019230769230769232 0.03365384615384615
0 0.28125 0.3076923076923077 0.016826923076923076 0.02403846153846154
0 0.9278846153846154 0.4014423076923077 0.019230769230769232 0.038461538461538464
0 0.4423076923076923 0.3329326923076923 0.016826923076923076 0.019230769230769232
0 0.35096153846153844 0.32211538461538464 0.01201923076923077 0.02403846153846154
0 0.48197115384615385 0.34134615384615385 0.016826923076923076 0.02403846153846154
0 0.41346153846153844 0.3317307692307692 0.016826923076923076 0.02403846153846154
0 0.4050480769230769 0.33052884615384615 0.016826923076923076 0.02403846153846154
0 0.6177884615384616 0.3629807692307692 0.01201923076923077 0.019230769230769232
0 0.5144230769230769 0.3449519230769231 0.007211538461538462 0.014423076923076924
0 0.2620192307692308 0.3125 0.019230769230769232 0.028846153846153848
0 0.29927884615384615 0.31490384615384615 0.016826923076923076 0.016826923076923076
0 0.19591346153846154 0.30288461538461536 0.014423076923076924 0.028846153846153848
0 0.2439903846153846 0.31009615384615385 0.019230769230769232 0.028846153846153848
0 0.328125 0.3245192307692308 0.01201923076923077 0.02403846153846154
0 0.8413461538461539 0.39903846153846156 0.014423076923076924 0.028846153846153848
0 0.10576923076923077 0.2932692307692308 0.016826923076923076 0.02403846153846154
0 0.3918269230769231 0.33533653846153844 0.01201923076923077 0.019230769230769232
0 0.6947115384615384 0.3786057692307692 0.01201923076923077 0.019230769230769232
0 0.859375 0.40384615384615385 0.01201923076923077 0.02403846153846154
0 0.6466346153846154 0.3737980769230769 0.016826923076923076 0.02403846153846154
0 0.16466346153846154 0.30649038461538464 0.019230769230769232 0.03365384615384615
0 0.21995192307692307 0.3137019230769231 0.016826923076923076 0.02403846153846154
0 0.5288461538461539 0.36177884615384615 0.01201923076923077 0.02403846153846154
0 0.30649038461538464 0.328125 0.019230769230769232 0.028846153846153848
0 0.3713942307692308 0.33774038461538464 0.019230769230769232 0.028846153846153848
0 0.59375 0.3713942307692308 0.01201923076923077 0.02403846153846154
0 0.9915865384615384 0.42788461538461536 0.016826923076923076 0.028846153846153848
0 0.4651442307692308 0.3545673076923077 0.01201923076923077 0.019230769230769232
0 0.5516826923076923 0.36899038461538464 0.01201923076923077 0.02403846153846154
0 0.6033653846153846 0.3786057692307692 0.019230769230769232 0.028846153846153848
0 0.9663461538461539 0.42908653846153844 0.019230769230769232 0.028846153846153848
0 0.6274038461538461 0.38221153846153844 0.007211538461538462 0.019230769230769232
0 0.20192307692307693 0.31971153846153844 0.01201923076923077 0.02403846153846154
0 0.28846153846153844 0.3389423076923077 0.01201923076923077 0.019230769230769232
0 0.71875 0.39663461538461536 0.016826923076923076 0.02403846153846154
0 0.6189903846153846 0.38341346153846156 0.01201923076923077 0.02403846153846154
0 0.5360576923076923 0.3737980769230769 0.01201923076923077 0.019230769230769232
0 0.38461538461538464 0.35216346153846156 0.01201923076923077 0.019230769230769232
0 0.421875 0.3581730769230769 0.014423076923076924 0.028846153846153848
0 0.7908653846153846 0.4098557692307692 0.019230769230769232 0.028846153846153848