0 0.7235576923076923 0.19110576923076922 0.09134615384615384 0.12740384615384615
0 0.3473557692307692 0.15384615384615385 0.10096153846153846 0.13942307692307693
0 0.5877403846153846 0.18990384615384615 0.10096153846153846 0.14423076923076922
0 0.11538461538461539 0.1502403846153846 0.10576923076923077 0.14423076923076922
0 0.9567307692307693 0.2548076923076923 0.08653846153846154 0.16346153846153846
0 0.18870192307692307 0.28125 0.11298076923076923 0.16105769230769232
0 0.27163461538461536 0.02283653846153846 0.0625 0.04567307692307692
0 0.10817307692307693 0.3125 0.10096153846153846 0.1346153846153846
0 0.4519230769230769 0.037259615384615384 0.08653846153846154 0.07451923076923077
0 0.6009615384615384 0.05048076923076923 0.08653846153846154 0.09134615384615384
0 0.8365384615384616 0.4326923076923077 0.12740384615384615 0.14182692307692307
0 0.5036057692307693 0.4230769230769231 0.12980769230769232 0.15384615384615385
0 0.8341346153846154 0.08052884615384616 0.10096153846153846 0.10576923076923077
0 0.9867788461538461 0.1045673076923077 0.026442307692307692 0.11298076923076923
0 0.9603365384615384 0.5877403846153846 0.07692307692307693 0.13221153846153846
0 0.6995192307692307 0.5685096153846154 0.10576923076923077 0.13942307692307693
0 0.8028846153846154 0.6502403846153846 0.12740384615384615 0.1778846153846154
0 0.027644230769230768 0.6346153846153846 0.055288461538461536 0.16346153846153846
0 0.24278846153846154 0.7067307692307693 0.13701923076923078 0.17307692307692307
0 0.09134615384615384 0.052884615384615384 0.09615384615384616 0.10576923076923077
0 0.3786057692307692 0.8173076923076923 0.125 0.15865384615384615