0 0.9122596153846154 0.18629807692307693 0.016826923076923076 0.02403846153846154
0 0.7283653846153846 0.16706730769230768 0.026442307692307692 0.03365384615384615
0 0.4326923076923077 0.14182692307692307 0.026442307692307692 0.03365384615384615
0 0.14903846153846154 0.11177884615384616 0.03125 0.04567307692307692
0 0.26322115384615385 0.12379807692307693 0.026442307692307692 0.03365384615384615
0 0.8762019230769231 0.19230769230769232 0.021634615384615384 0.03365384615384615
0 0.9483173076923077 0.20072115384615385 0.026442307692307692 0.03365384615384615
0 0.37259615384615385 0.13942307692307693 0.026442307692307692 0.03365384615384615
0 0.21033653846153846 0.125 0.026442307692307692 0.038461538461538464
0 0.054086538461538464 0.11057692307692307 0.02403846153846154 0.02403846153846154
0 0.7716346153846154 0.18629807692307693 0.026442307692307692 0.03365384615384615
0 0.484375 0.16105769230769232 0.03125 0.036057692307692304
0 0.8016826923076923 0.19230769230769232 0.03125 0.040865384615384616
0 0.6177884615384616 0.17548076923076922 0.019230769230769232 0.02403846153846154
0 0.7391826923076923 0.1875 0.036057692307692304 0.04567307692307692
0 0.9002403846153846 0.20793269230769232 0.026442307692307692 0.028846153846153848
0 0.859375 0.20552884615384615 0.026442307692307692 0.03365384615384615
0 0.6682692307692307 0.18269230769230768 0.021634615384615384 0.028846153846153848
0 0.4170673076923077 0.16105769230769232 0.026442307692307692 0.028846153846153848
0 0.5108173076923077 0.17668269230769232 0.021634615384615384 0.03365384615384615
0 0.19230769230769232 0.15384615384615385 0.021634615384615384 0.04326923076923077
0 0.13942307692307693 0.15264423076923078 0.026442307692307692 0.03365384615384615
0 0.4026442307692308 0.18028846153846154 0.03125 0.04567307692307692
0 0.6911057692307693 0.21033653846153846 0.026442307692307692 0.03365384615384615
0 0.9375 0.23677884615384615 0.03125 0.04567307692307692
0 0.4579326923076923 0.19110576923076922 0.021634615384615384 0.03365384615384615
0 0.49759615384615385 0.19230769230769232 0.026442307692307692 0.038461538461538464
0 0.8401442307692307 0.23076923076923078 0.021634615384615384 0.03365384615384615
0 0.44471153846153844 0.19230769230769232 0.021634615384615384 0.028846153846153848
0 0.3425480769230769 0.1814903846153846 0.03125 0.040865384615384616
0 0.6514423076923077 0.21394230769230768 0.03125 0.040865384615384616
0 0.04567307692307692 0.15384615384615385 0.019230769230769232 0.04807692307692308
0 0.234375 0.171875 0.026442307692307692 0.03365384615384615
0 0.5985576923076923 0.21033653846153846 0.026442307692307692 0.03365384615384615
0 0.7139423076923077 0.040865384615384616 0.026442307692307692 0.03365384615384615
0 0.28725961538461536 0.18389423076923078 0.021634615384615384 0.038461538461538464
0 0.9723557692307693 0.25600961538461536 0.03125 0.040865384615384616
0 0.7463942307692307 0.23197115384615385 0.03125 0.040865384615384616
0 0.5480769230769231 0.21153846153846154 0.021634615384615384 0.038461538461538464
0 0.8882211538461539 0.24759615384615385 0.026442307692307692 0.038461538461538464
0 0.09014423076923077 0.1658653846153846 0.026442307692307692 0.03365384615384615
0 0.27524038461538464 0.004807692307692308 0.026442307692307692 0.009615384615384616
0 0.359375 0.2127403846153846 0.026442307692307692 0.03365384615384615
0 0.1622596153846154 0.1971153846153846 0.026442307692307692 0.04326923076923077
0 0.9903846153846154 0.07451923076923077 0.019230769230769232 0.03365384615384615
0 0.7764423076923077 0.2620192307692308 0.021634615384615384 0.03365384615384615
0 0.43509615384615385 0.22716346153846154 0.019230769230769232 0.019230769230769232
0 0.2127403846153846 0.203125 0.026442307692307692 0.04326923076923077
0 0.8557692307692307 0.2764423076923077 0.026442307692307692 0.038461538461538464
0 0.953125 0.28365384615384615 0.026442307692307692 0.03365384615384615
0 0.9074519230769231 0.28125 0.026442307692307692 0.038461538461538464
0 0.6141826923076923 0.2536057692307692 0.021634615384615384 0.03365384615384615
0 0.47716346153846156 0.23918269230769232 0.03125 0.036057692307692304
0 0.7055288461538461 0.26802884615384615 0.03125 0.04567307692307692
0 0.5637019230769231 0.25240384615384615 0.03125 0.036057692307692304
0 0.6826923076923077 0.2704326923076923 0.03125 0.036057692307692304
0 0.5288461538461539 0.2536057692307692 0.026442307692307692 0.03365384615384615
0 0.078125 0.2091346153846154 0.021634615384615384 0.038461538461538464
0 0.3016826923076923 0.2403846153846154 0.026442307692307692 0.03365384615384615
0 0.45072115384615385 0.25841346153846156 0.021634615384615384 0.028846153846153848
0 0.4254807692307692 0.2548076923076923 0.026442307692307692 0.04807692307692308
0 0.23677884615384615 0.23557692307692307 0.026442307692307692 0.038461538461538464
0 0.39302884615384615 0.2536057692307692 0.026442307692307692 0.04326923076923077
0 0.9915865384615384 0.3173076923076923 0.016826923076923076 0.028846153846153848
0 0.6370192307692307 0.28125 0.026442307692307692 0.038461538461538464
0 0.4987980769230769 0.2692307692307692 0.026442307692307692 0.03365384615384615
0 0.8064903846153846 0.30408653846153844 0.026442307692307692 0.038461538461538464
0 0.9014423076923077 0.3161057692307692 0.03125 0.036057692307692304
0 0.6129807692307693 0.2860576923076923 0.026442307692307692 0.03365384615384615
0 0.5528846153846154 0.2824519230769231 0.026442307692307692 0.04807692307692308
0 0.9483173076923077 0.328125 0.026442307692307692 0.038461538461538464
0 0.8653846153846154 0.3245192307692308 0.026442307692307692 0.038461538461538464
0 0.21875 0.25600961538461536 0.03125 0.040865384615384616
0 0.3329326923076923 0.2704326923076923 0.021634615384615384 0.03365384615384615
0 0.06129807692307692 0.24278846153846154 0.03125 0.04567307692307692
0 0.11177884615384616 0.25240384615384615 0.03125 0.04567307692307692
0 0.16947115384615385 0.25600961538461536 0.026442307692307692 0.038461538461538464
0 0.2764423076923077 0.2764423076923077 0.03125 0.040865384615384616
0 0.8293269230769231 0.33413461538461536 0.03125 0.040865384615384616
0 0.9675480769230769 0.3485576923076923 0.03125 0.040865384615384616
0 0.5360576923076923 0.30288461538461536 0.026442307692307692 0.038461538461538464
0 0.6766826923076923 0.3233173076923077 0.03125 0.040865384615384616
0 0.4735576923076923 0.29927884615384615 0.021634615384615384 0.03365384615384615
0 0.5793269230769231 0.31490384615384615 0.03125 0.036057692307692304
0 0.7776442307692307 0.3401442307692308 0.03125 0.036057692307692304
0 0.32572115384615385 0.015625 0.026442307692307692 0.03125
0 0.14302884615384615 0.28365384615384615 0.026442307692307692 0.04326923076923077
0 0.19831730769230768 0.2920673076923077 0.026442307692307692 0.038461538461538464
0 0.2439903846153846 0.29927884615384615 0.026442307692307692 0.03365384615384615
0 0.3112980769230769 0.3076923076923077 0.03125 0.040865384615384616
0 0.05048076923076923 0.2824519230769231 0.026442307692307692 0.03365384615384615
0 0.71875 0.35216346153846156 0.026442307692307692 0.03365384615384615
0 0.35336538461538464 0.3137019230769231 0.026442307692307692 0.03365384615384615
0 0.7379807692307693 0.057692307692307696 0.021634615384615384 0.03365384615384615
0 0.8185096153846154 0.36778846153846156 0.026442307692307692 0.03365384615384615
0 0.3701923076923077 0.3233173076923077 0.021634615384615384 0.028846153846153848
0 0.8966346153846154 0.38100961538461536 0.026442307692307692 0.03365384615384615
0 0.7451923076923077 0.36778846153846156 0.026442307692307692 0.028846153846153848
0 0.9459134615384616 0.3954326923076923 0.026442307692307692 0.03365384615384615
0 0.5480769230769231 0.35216346153846156 0.019230769230769232 0.019230769230769232
0 0.5384615384615384 0.038461538461538464 0.021634615384615384 0.028846153846153848
0 0.5036057692307693 0.35216346153846156 0.026442307692307692 0.038461538461538464
0 0.6862980769230769 0.3762019230769231 0.021634615384615384 0.028846153846153848
0 0.7127403846153846 0.38100961538461536 0.021634615384615384 0.03365384615384615
0 0.07211538461538461 0.3173076923076923 0.03125 0.036057692307692304
0 0.17067307692307693 0.33052884615384615 0.026442307692307692 0.038461538461538464
0 0.6478365384615384 0.38221153846153844 0.021634615384615384 0.03365384615384615
0 0.7872596153846154 0.4026442307692308 0.026442307692307692 0.04326923076923077
0 0.7524038461538461 0.3954326923076923 0.021634615384615384 0.028846153846153848
0 0.5552884615384616 0.37740384615384615 0.03125 0.036057692307692304
0 0.39302884615384615 0.3629807692307692 0.021634615384615384 0.038461538461538464
0 0.22956730769230768 0.34615384615384615 0.026442307692307692 0.038461538461538464
0 0.030048076923076924 0.3245192307692308 0.03125 0.040865384615384616
0 0.8461538461538461 0.4110576923076923 0.016826923076923076 0.028846153846153848
0 0.5925480769230769 0.3870192307692308 0.026442307692307692 0.03365384615384615
0 0.33052884615384615 0.359375 0.026442307692307692 0.04326923076923077
0 0.2824519230769231 0.35336538461538464 0.021634615384615384 0.04326923076923077
0 0.9855769230769231 0.4338942307692308 0.028846153846153848 0.040865384615384616
0 0.9591346153846154 0.43509615384615385 0.03125 0.036057692307692304
0 0.6778846153846154 0.40865384615384615 0.021634615384615384 0.03365384615384615
0 0.36658653846153844 0.3786057692307692 0.026442307692307692 0.038461538461538464
0 0.7319711538461539 0.41947115384615385 0.021634615384615384 0.03365384615384615
0 0.4170673076923077 0.3858173076923077 0.026442307692307692 0.04326923076923077
0 0.15264423076923078 0.3605769230769231 0.03125 0.040865384615384616
0 0.0985576923076923 0.35697115384615385 0.026442307692307692 0.03365384615384615
0 0.7403846153846154 0.42788461538461536 0.021634615384615384 0.028846153846153848
0 0.5697115384615384 0.4098557692307692 0.03125 0.040865384615384616
0 0.5300480769230769 0.4074519230769231 0.026442307692307692 0.03365384615384615
0 0.5168269230769231 0.40625 0.026442307692307692 0.03365384615384615
0 0.6189903846153846 0.41947115384615385 0.036057692307692304 0.040865384615384616
0 0.7932692307692307 0.43509615384615385 0.026442307692307692 0.04326923076923077
0 0.4723557692307692 0.40384615384615385 0.021634615384615384 0.028846153846153848
0 0.9375 0.45552884615384615 0.03125 0.04567307692307692
0 0.2704326923076923 0.3870192307692308 0.021634615384615384 0.038461538461538464
0 0.30649038461538464 0.39663461538461536 0.03125 0.05048076923076923
0 0.796875 0.07091346153846154 0.021634615384615384 0.038461538461538464
0 0.2439903846153846 0.3954326923076923 0.026442307692307692 0.04326923076923077
0 0.3786057692307692 0.41466346153846156 0.03125 0.04567307692307692
0 0.4375 0.4254807692307692 0.03125 0.036057692307692304
0 0.13221153846153846 0.390625 0.026442307692307692 0.038461538461538464
0 0.703125 0.453125 0.026442307692307692 0.03365384615384615
0 0.9831730769230769 0.49038461538461536 0.026442307692307692 0.028846153846153848
0 0.9026442307692307 0.4795673076923077 0.03125 0.04567307692307692
0 0.7548076923076923 0.46634615384615385 0.03125 0.040865384615384616
0 0.8725961538461539 0.47836538461538464 0.026442307692307692 0.028846153846153848
0 0.8088942307692307 0.47716346153846156 0.03125 0.040865384615384616
0 0.09615384615384616 0.4014423076923077 0.03125 0.040865384615384616
0 0.5024038461538461 0.453125 0.026442307692307692 0.038461538461538464
0 0.17067307692307693 0.4206730769230769 0.026442307692307692 0.03365384615384615
0 0.5456730769230769 0.46274038461538464 0.03125 0.03125
0 0.015625 0.41225961538461536 0.021634615384615384 0.038461538461538464
0 0.4230769230769231 0.4567307692307692 0.026442307692307692 0.03365384615384615
0 0.8557692307692307 0.5048076923076923 0.026442307692307692 0.038461538461538464
0 0.24759615384615385 0.44591346153846156 0.026442307692307692 0.038461538461538464
0 0.9362980769230769 0.515625 0.03125 0.04567307692307692
0 0.5853365384615384 0.4807692307692308 0.021634615384615384 0.028846153846153848
0 0.33653846153846156 0.45552884615384615 0.03125 0.05048076923076923
0 0.8040865384615384 0.5060096153846154 0.026442307692307692 0.04326923076923077
0 0.6526442307692307 0.49038461538461536 0.026442307692307692 0.03365384615384615
0 0.7439903846153846 0.5024038461538461 0.026442307692307692 0.038461538461538464
0 0.8401442307692307 0.515625 0.026442307692307692 0.03365384615384615
0 0.07572115384615384 0.43990384615384615 0.026442307692307692 0.04326923076923077
0 0.5456730769230769 0.4951923076923077 0.026442307692307692 0.038461538461538464
0 0.45072115384615385 0.4879807692307692 0.03125 0.036057692307692304
0 0.4050480769230769 0.49038461538461536 0.026442307692307692 0.038461538461538464
0 0.2956730769230769 0.4807692307692308 0.026442307692307692 0.04326923076923077
0 0.9795673076923077 0.5504807692307693 0.021634615384615384 0.028846153846153848
0 0.2620192307692308 0.48197115384615385 0.026442307692307692 0.04326923076923077
0 0.6911057692307693 0.5252403846153846 0.026442307692307692 0.04807692307692308
0 0.7800480769230769 0.5372596153846154 0.03125 0.04567307692307692
0 0.6862980769230769 0.0673076923076923 0.026442307692307692 0.028846153846153848
0 0.14182692307692307 0.47475961538461536 0.036057692307692304 0.04567307692307692
0 0.03365384615384615 0.46875 0.021634615384615384 0.038461538461538464
0 0.6274038461538461 0.5336538461538461 0.03125 0.04567307692307692
0 0.5673076923076923 0.5276442307692307 0.03125 0.036057692307692304
0 0.6466346153846154 0.5456730769230769 0.026442307692307692 0.04326923076923077
0 0.5865384615384616 0.5420673076923077 0.026442307692307692 0.038461538461538464
0 0.33052884615384615 0.5144230769230769 0.021634615384615384 0.038461538461538464
0 0.9266826923076923 0.5769230769230769 0.026442307692307692 0.028846153846153848
0 0.054086538461538464 0.49038461538461536 0.03125 0.040865384615384616
0 0.4483173076923077 0.5348557692307693 0.026442307692307692 0.03365384615384615
0 0.53125 0.056490384615384616 0.026442307692307692 0.038461538461538464
0 0.703125 0.5612980769230769 0.03125 0.04567307692307692
0 0.8112980769230769 0.5721153846153846 0.026442307692307692 0.03365384615384615
0 0.9675480769230769 0.59375 0.036057692307692304 0.04567307692307692
0 0.3858173076923077 0.5300480769230769 0.03125 0.040865384615384616
0 0.9026442307692307 0.5841346153846154 0.026442307692307692 0.038461538461538464
0 0.7560096153846154 0.5721153846153846 0.026442307692307692 0.04326923076923077
0 0.8581730769230769 0.5829326923076923 0.03125 0.04567307692307692
0 0.2932692307692308 0.5288461538461539 0.021634615384615384 0.038461538461538464
0 0.5060096153846154 0.5540865384615384 0.026442307692307692 0.03365384615384615
0 0.4795673076923077 0.05048076923076923 0.026442307692307692 0.038461538461538464
0 0.15264423076923078 0.53125 0.03125 0.04567307692307692
0 0.09975961538461539 0.5276442307692307 0.026442307692307692 0.038461538461538464
0 0.18509615384615385 0.02403846153846154 0.026442307692307692 0.038461538461538464
0 0.6213942307692307 0.5853365384615384 0.03125 0.04567307692307692
0 0.6899038461538461 0.5973557692307693 0.03125 0.036057692307692304
0 0.21033653846153846 0.5480769230769231 0.03125 0.040865384615384616
0 0.31971153846153844 0.5600961538461539 0.036057692307692304 0.05048076923076923
0 0.7355769230769231 0.6033653846153846 0.03125 0.040865384615384616
0 0.5336538461538461 0.5817307692307693 0.03125 0.03125
0 0.8846153846153846 0.6213942307692307 0.026442307692307692 0.04326923076923077
0 0.8521634615384616 0.09495192307692307 0.026442307692307692 0.038461538461538464
0 0.8341346153846154 0.6213942307692307 0.026442307692307692 0.03365384615384615
0 0.47836538461538464 0.5865384615384616 0.026442307692307692 0.038461538461538464
0 0.9350961538461539 0.6334134615384616 0.026442307692307692 0.038461538461538464
0 0.2764423076923077 0.036057692307692304 0.026442307692307692 0.03365384615384615
0 0.7932692307692307 0.6286057692307693 0.03125 0.040865384615384616
0 0.265625 0.5757211538461539 0.026442307692307692 0.03365384615384615
0 0.4423076923076923 0.5985576923076923 0.03125 0.04567307692307692
0 0.12259615384615384 0.5709134615384616 0.026442307692307692 0.04326923076923077
0 0.7115384615384616 0.6358173076923077 0.026442307692307692 0.04326923076923077
0 0.4338942307692308 0.052884615384615384 0.026442307692307692 0.04326923076923077
0 0.671875 0.6322115384615384 0.021634615384615384 0.03365384615384615
0 0.8365384615384616 0.6466346153846154 0.026442307692307692 0.038461538461538464
0 0.5036057692307693 0.6141826923076923 0.026442307692307692 0.03365384615384615
0 0.40024038461538464 0.6057692307692307 0.03125 0.040865384615384616
0 0.5612980769230769 0.6298076923076923 0.03125 0.036057692307692304
0 0.36538461538461536 0.609375 0.026442307692307692 0.03365384615384615
0 0.921875 0.6694711538461539 0.026442307692307692 0.038461538461538464
0 0.6334134615384616 0.07451923076923077 0.021634615384615384 0.03365384615384615
0 0.23677884615384615 0.03485576923076923 0.021634615384615384 0.028846153846153848
0 0.25240384615384615 0.5997596153846154 0.03125 0.040865384615384616
0 0.875 0.671875 0.026442307692307692 0.04326923076923077
0 0.6742788461538461 0.08052884615384616 0.021634615384615384 0.028846153846153848
0 0.953125 0.6887019230769231 0.026442307692307692 0.03365384615384615
0 0.8401442307692307 0.6838942307692307 0.03125 0.040865384615384616
0 0.6069711538461539 0.6598557692307693 0.036057692307692304 0.040865384615384616
0 0.22596153846153846 0.6225961538461539 0.03125 0.036057692307692304
0 0.28725961538461536 0.6334134615384616 0.026442307692307692 0.04326923076923077
0 0.3269230769230769 0.640625 0.021634615384615384 0.028846153846153848
0 0.36899038461538464 0.6418269230769231 0.03125 0.036057692307692304
0 0.5733173076923077 0.6658653846153846 0.036057692307692304 0.05048076923076923
0 0.8930288461538461 0.7043269230769231 0.03125 0.040865384615384616
0 0.49399038461538464 0.6694711538461539 0.026442307692307692 0.03365384615384615
0 0.7199519230769231 0.08774038461538461 0.03125 0.04567307692307692
0 0.5685096153846154 0.07211538461538461 0.021634615384615384 0.03365384615384615
0 0.0829326923076923 0.021634615384615384 0.026442307692307692 0.03365384615384615
0 0.7680288461538461 0.7211538461538461 0.026442307692307692 0.04326923076923077
0 0.4170673076923077 0.6899038461538461 0.026442307692307692 0.03365384615384615
0 0.36658653846153844 0.6887019230769231 0.036057692307692304 0.04567307692307692
0 0.17908653846153846 0.6730769230769231 0.03125 0.04567307692307692
0 0.9915865384615384 0.12259615384615384 0.016826923076923076 0.04326923076923077
0 0.703125 0.7379807692307693 0.03125 0.04567307692307692
0 0.4326923076923077 0.7115384615384616 0.026442307692307692 0.038461538461538464
0 0.3401442307692308 0.7043269230769231 0.026442307692307692 0.03365384615384615
0 0.016826923076923076 0.6682692307692307 0.03125 0.040865384615384616
0 0.9627403846153846 0.7692307692307693 0.026442307692307692 0.03365384615384615
0 0.234375 0.7007211538461539 0.026442307692307692 0.038461538461538464
0 0.515625 0.7319711538461539 0.028846153846153848 0.052884615384615384
0 0.8028846153846154 0.7620192307692307 0.03125 0.04567307692307692
0 0.6478365384615384 0.7512019230769231 0.026442307692307692 0.04326923076923077
0 0.8641826923076923 0.7752403846153846 0.026442307692307692 0.038461538461538464
0 0.43990384615384615 0.7331730769230769 0.026442307692307692 0.04326923076923077
0 0.8954326923076923 0.7836538461538461 0.026442307692307692 0.038461538461538464
0 0.7391826923076923 0.7692307692307693 0.026442307692307692 0.04326923076923077
0 0.9411057692307693 0.7980769230769231 0.026442307692307692 0.038461538461538464
0 0.5649038461538461 0.7632211538461539 0.03125 0.05048076923076923
0 0.3762019230769231 0.7451923076923077 0.03125 0.04567307692307692
0 0.5997596153846154 0.7668269230769231 0.026442307692307692 0.038461538461538464
0 0.06129807692307692 0.028846153846153848 0.021634615384615384 0.04326923076923077
0 0.5396634615384616 0.765625 0.026442307692307692 0.038461538461538464
0 0.328125 0.7487980769230769 0.026442307692307692 0.03365384615384615
0 0.7175480769230769 0.7944711538461539 0.026442307692307692 0.04326923076923077
0 0.10576923076923077 0.7379807692307693 0.036057692307692304 0.05048076923076923
0 0.7740384615384616 0.8076923076923077 0.03125 0.040865384615384616
0 0.027644230769230768 0.7439903846153846 0.03125 0.03125
0 0.9158653846153846 0.8401442307692307 0.03125 0.04567307692307692
0 0.5913461538461539 0.8052884615384616 0.026442307692307692 0.04326923076923077
0 0.3605769230769231 0.7836538461538461 0.026442307692307692 0.038461538461538464
0 0.054086538461538464 0.7524038461538461 0.03125 0.04567307692307692
0 0.3016826923076923 0.7836538461538461 0.03125 0.04567307692307692
0 0.41466346153846156 0.8004807692307693 0.026442307692307692 0.03365384615384615
0 0.7043269230769231 0.8305288461538461 0.026442307692307692 0.04326923076923077
0 0.4795673076923077 0.8100961538461539 0.026442307692307692 0.038461538461538464
0 0.003605769230769231 0.7584134615384616 0.007211538461538462 0.040865384615384616
0 0.6334134615384616 0.8257211538461539 0.03125 0.040865384615384616
0 0.8774038461538461 0.8533653846153846 0.021634615384615384 0.03365384615384615
0 0.1658653846153846 0.04326923076923077 0.019230769230769232 0.02403846153846154
0 0.015625 0.7776442307692307 0.03125 0.04567307692307692
0 0.5048076923076923 0.8305288461538461 0.026442307692307692 0.038461538461538464
0 0.8185096153846154 0.8653846153846154 0.026442307692307692 0.04326923076923077
0 0.7620192307692307 0.8569711538461539 0.026442307692307692 0.04807692307692308
0 0.3786057692307692 0.8173076923076923 0.03125 0.03125
0 0.3425480769230769 0.8209134615384616 0.026442307692307692 0.04326923076923077
0 0.453125 0.8341346153846154 0.026442307692307692 0.038461538461538464
0 0.7956730769230769 0.8725961538461539 0.03125 0.04567307692307692
0 0.12139423076923077 0.8016826923076923 0.026442307692307692 0.03365384615384615
0 0.7223557692307693 0.8677884615384616 0.03125 0.05048076923076923
0 0.5612980769230769 0.8509615384615384 0.03125 0.040865384615384616
0 0.21514423076923078 0.052884615384615384 0.026442307692307692 0.03365384615384615
0 0.07211538461538461 0.8137019230769231 0.03125 0.040865384615384616
0 0.8629807692307693 0.8942307692307693 0.021634615384615384 0.03365384615384615
0 0.6790865384615384 0.8774038461538461 0.03125 0.040865384615384616
0 0.7572115384615384 0.11057692307692307 0.026442307692307692 0.03365384615384615
0 0.8329326923076923 0.9002403846153846 0.026442307692307692 0.03365384615384615
0 0.9387019230769231 0.9110576923076923 0.026442307692307692 0.03365384615384615
0 0.3798076923076923 0.8521634615384616 0.03125 0.04567307692307692
0 0.8822115384615384 0.9074519230769231 0.026442307692307692 0.038461538461538464
0 0.10216346153846154 0.8329326923076923 0.03125 0.04567307692307692
0 0.3918269230769231 0.002403846153846154 0.02403846153846154 0.004807692307692308
0 0.3125 0.06850961538461539 0.021634615384615384 0.03365384615384615
0 0.49759615384615385 0.8774038461538461 0.03125 0.05048076923076923
0 0.15985576923076922 0.84375 0.026442307692307692 0.04326923076923077
0 0.038461538461538464 0.8509615384615384 0.03125 0.05048076923076923
0 0.8185096153846154 0.12139423076923077 0.021634615384615384 0.03365384615384615
0 0.8052884615384616 0.9423076923076923 0.026442307692307692 0.038461538461538464
0 0.5841346153846154 0.9230769230769231 0.026442307692307692 0.038461538461538464
0 0.6382211538461539 0.9314903846153846 0.026442307692307692 0.03365384615384615
0 0.41466346153846156 0.9050480769230769 0.03125 0.05048076923076923
0 0.203125 0.8882211538461539 0.03125 0.040865384615384616
0 0.4110576923076923 0.0829326923076923 0.026442307692307692 0.03365384615384615
0 0.6983173076923077 0.9399038461538461 0.026442307692307692 0.028846153846153848
0 0.09735576923076923 0.8834134615384616 0.03125 0.036057692307692304
0 0.4735576923076923 0.9230769230769231 0.03125 0.04567307692307692
0 0.9254807692307693 0.9747596153846154 0.021634615384615384 0.03365384615384615
0 0.75 0.9591346153846154 0.03125 0.05048076923076923
0 0.8762019230769231 0.9783653846153846 0.03125 0.04326923076923077
0 0.9074519230769231 0.9879807692307693 0.021634615384615384 0.02403846153846154
0 0.14783653846153846 0.9122596153846154 0.026442307692307692 0.04326923076923077
0 0.6310096153846154 0.9603365384615384 0.026442307692307692 0.038461538461538464
0 0.5240384615384616 0.09495192307692307 0.03125 0.036057692307692304
0 0.8088942307692307 0.9819711538461539 0.026442307692307692 0.036057692307692304
0 0.22716346153846154 0.9206730769230769 0.03125 0.04567307692307692
0 0.5024038461538461 0.9543269230769231 0.03125 0.04567307692307692
0 0.17668269230769232 0.921875 0.03125 0.05048076923076923
0 0.11177884615384616 0.9170673076923077 0.03365384615384615 0.052884615384615384
0 0.5516826923076923 0.96875 0.026442307692307692 0.04326923076923077
0 0.4543269230769231 0.09014423076923077 0.03125 0.040865384615384616
0 0.5997596153846154 0.10817307692307693 0.026442307692307692 0.03365384615384615
0 0.43990384615384615 0.9567307692307693 0.036057692307692304 0.04567307692307692
0 0.6887019230769231 0.9807692307692307 0.026442307692307692 0.038461538461538464
0 0.5300480769230769 0.9807692307692307 0.026442307692307692 0.03365384615384615
0 0.2692307692307692 0.9591346153846154 0.036057692307692304 0.040865384615384616
0 0.2247596153846154 0.9567307692307693 0.03125 0.036057692307692304
0 0.15625 0.9543269230769231 0.02403846153846154 0.02403846153846154
0 0.47596153846153844 0.9867788461538461 0.028846153846153848 0.026442307692307692
0 0.5360576923076923 0.9975961538461539 0.028846153846153848 0.004807692307692308
0 0.6129807692307693 0.021634615384615384 0.02403846153846154 0.02403846153846154
0 0.8016826923076923 0.040865384615384616 0.02403846153846154 0.02403846153846154
0 0.2608173076923077 0.07451923076923077 0.021634615384615384 0.028846153846153848
0 0.6610576923076923 0.12139423076923077 0.03125 0.040865384615384616
0 0.8293269230769231 0.13942307692307693 0.026442307692307692 0.028846153846153848
0 0.7415865384615384 0.13581730769230768 0.026442307692307692 0.03365384615384615
0 0.4807692307692308 0.009615384615384616 0.028846153846153848 0.019230769230769232
0 0.07692307692307693 0.07091346153846154 0.026442307692307692 0.03365384615384615
0 0.8774038461538461 0.15745192307692307 0.026442307692307692 0.028846153846153848
0 0.9194711538461539 0.16466346153846154 0.016826923076923076 0.03365384615384615
0 0.13581730769230768 0.08413461538461539 0.026442307692307692 0.028846153846153848
0 0.18389423076923078 0.09254807692307693 0.03125 0.036057692307692304
0 0.23317307692307693 0.09975961538461539 0.026442307692307692 0.038461538461538464
0 0.8125 0.16105769230769232 0.026442307692307692 0.038461538461538464
0 0.5805288461538461 0.13581730769230768 0.021634615384615384 0.038461538461538464
0 0.9459134615384616 0.05889423076923077 0.021634615384615384 0.028846153846153848
0 0.7524038461538461 0.038461538461538464 0.021634615384615384 0.028846153846153848
0 0.4110576923076923 0.12379807692307693 0.026442307692307692 0.038461538461538464
0 0.6069711538461539 0.15504807692307693 0.019230769230769232 0.02403846153846154