0 0.38341346153846156 0.13822115384615385 0.07211538461538461 0.10336538461538461
0 0.9651442307692307 0.15264423076923078 0.06971153846153846 0.10817307692307693
0 0.17908653846153846 0.15625 0.0889423076923077 0.12259615384615384
0 0.8329326923076923 0.17067307692307693 0.0889423076923077 0.10817307692307693
0 0.5949519230769231 0.19110576923076922 0.07692307692307693 0.10817307692307693
0 0.42427884615384615 0.22596153846153846 0.0985576923076923 0.13701923076923078
0 0.3125 0.2283653846153846 0.0889423076923077 0.12259615384615384
0 0.8425480769230769 0.2439903846153846 0.08413461538461539 0.10817307692307693
0 0.057692307692307696 0.24278846153846154 0.0889423076923077 0.13221153846153846
0 0.7415865384615384 0.2932692307692308 0.08413461538461539 0.0985576923076923
0 0.6598557692307693 0.37740384615384615 0.07932692307692307 0.09375
0 0.15144230769230768 0.4110576923076923 0.0985576923076923 0.12259615384615384
0 0.7908653846153846 0.4326923076923077 0.08413461538461539 0.11298076923076923
0 0.6826923076923077 0.054086538461538464 0.09615384615384616 0.10336538461538461
0 0.9507211538461539 0.5516826923076923 0.0985576923076923 0.10817307692307693
0 0.7740384615384616 0.5528846153846154 0.07692307692307693 0.10336538461538461
0 0.5865384615384616 0.5817307692307693 0.08413461538461539 0.11298076923076923
0 0.2620192307692308 0.609375 0.09375 0.10336538461538461
0 0.4326923076923077 0.6213942307692307 0.0985576923076923 0.13221153846153846
0 0.052884615384615384 0.6177884615384616 0.07692307692307693 0.12740384615384615
0 0.12379807692307693 0.8341346153846154 0.0985576923076923 0.11778846153846154
0 0.27163461538461536 0.08653846153846154 0.0673076923076923 0.10336538461538461
0 0.5516826923076923 0.10096153846153846 0.0673076923076923 0.11057692307692307