0 0.9819711538461539 0.2668269230769231 0.036057692307692304 0.11057692307692307
0 0.49278846153846156 0.21153846153846154 0.0985576923076923 0.125
0 0.7584134615384616 0.26322115384615385 0.0673076923076923 0.09375
0 0.125 0.18990384615384615 0.11298076923076923 0.12259615384615384
0 0.8305288461538461 0.3088942307692308 0.0985576923076923 0.12980769230769232
0 0.9675480769230769 0.36538461538461536 0.06490384615384616 0.13942307692307693
0 0.6033653846153846 0.328125 0.10096153846153846 0.13942307692307693
0 0.39783653846153844 0.31490384615384615 0.10576923076923077 0.1466346153846154
0 0.7043269230769231 0.37259615384615385 0.11057692307692307 0.15384615384615385
0 0.2247596153846154 0.328125 0.11538461538461539 0.17307692307692307
0 0.042067307692307696 0.3269230769230769 0.06490384615384616 0.15384615384615385
0 0.5036057692307693 0.4375 0.10817307692307693 0.13701923076923078
0 0.43028846153846156 0.5084134615384616 0.12980769230769232 0.1875
0 0.0829326923076923 0.48677884615384615 0.12980769230769232 0.18509615384615385
0 0.8882211538461539 0.6622596153846154 0.11057692307692307 0.15144230769230768
0 0.6766826923076923 0.6466346153846154 0.12980769230769232 0.15384615384615385
0 0.3004807692307692 0.08653846153846154 0.10096153846153846 0.14423076923076922