0 0.5 0.24519230769230768 0.06009615384615385 0.05048076923076923
0 0.3401442307692308 0.4326923076923077 0.014423076923076924 0.009615384615384616
0 0.04807692307692308 0.43509615384615385 0.02283653846153846 0.018028846153846152
0 0.07451923076923077 0.4423076923076923 0.027644230769230768 0.018028846153846152
0 0.14783653846153846 0.44711538461538464 0.018028846153846152 0.014423076923076924
0 0.7572115384615384 0.453125 0.02283653846153846 0.018028846153846152
0 0.3449519230769231 0.45552884615384615 0.027644230769230768 0.02283653846153846
0 0.8329326923076923 0.4579326923076923 0.02283653846153846 0.014423076923076924
0 0.7800480769230769 0.4579326923076923 0.018028846153846152 0.014423076923076924
0 0.17548076923076922 0.4579326923076923 0.02283653846153846 0.018028846153846152
0 0.03245192307692308 0.4579326923076923 0.027644230769230768 0.014423076923076924
0 0.9326923076923077 0.46033653846153844 0.042067307692307696 0.02283653846153846
0 0.24519230769230768 0.46274038461538464 0.03245192307692308 0.018028846153846152
0 0.31490384615384615 0.46274038461538464 0.03245192307692308 0.018028846153846152
0 0.5 0.4651442307692308 0.027644230769230768 0.018028846153846152
0 0.6430288461538461 0.4651442307692308 0.014423076923076924 0.018028846153846152
0 0.75 0.4651442307692308 0.018028846153846152 0.014423076923076924
0 0.6670673076923077 0.4651442307692308 0.03245192307692308 0.02283653846153846
0 0.04807692307692308 0.4675480769230769 0.03245192307692308 0.018028846153846152
0 0.8052884615384616 0.4699519230769231 0.02283653846153846 0.018028846153846152
0 0.22235576923076922 0.4699519230769231 0.03245192307692308 0.02283653846153846
0 0.41466346153846156 0.4723557692307692 0.03245192307692308 0.02283653846153846
0 0.2824519230769231 0.4723557692307692 0.02283653846153846 0.014423076923076924
0 0.7271634615384616 0.47475961538461536 0.027644230769230768 0.02283653846153846
0 0.8425480769230769 0.47475961538461536 0.02283653846153846 0.02283653846153846
0 0.47716346153846156 0.47716346153846156 0.03245192307692308 0.02283653846153846
0 0.6105769230769231 0.47716346153846156 0.027644230769230768 0.02283653846153846
0 0.765625 0.47716346153846156 0.03245192307692308 0.02283653846153846
0 0.5805288461538461 0.47716346153846156 0.027644230769230768 0.018028846153846152
0 0.49278846153846156 0.4795673076923077 0.02283653846153846 0.02283653846153846
0 0.11538461538461539 0.4795673076923077 0.027644230769230768 0.018028846153846152
0 0.5625 0.4795673076923077 0.018028846153846152 0.02283653846153846
0 0.9350961538461539 0.48197115384615385 0.03245192307692308 0.02283653846153846
0 0.9855769230769231 0.48197115384615385 0.02283653846153846 0.02283653846153846
0 0.14302884615384615 0.484375 0.042067307692307696 0.027644230769230768
0 0.5180288461538461 0.484375 0.03245192307692308 0.02283653846153846
0 0.020432692307692308 0.4831730769230769 0.040865384615384616 0.03365384615384615
0 0.33533653846153844 0.484375 0.03245192307692308 0.027644230769230768
0 0.6826923076923077 0.484375 0.027644230769230768 0.02283653846153846
0 0.10697115384615384 0.484375 0.03245192307692308 0.018028846153846152
0 0.046875 0.4855769230769231 0.018028846153846152 0.018028846153846152
0 0.9723557692307693 0.4855769230769231 0.037259615384615384 0.027644230769230768
0 0.4170673076923077 0.4879807692307692 0.02283653846153846 0.018028846153846152
0 0.234375 0.4879807692307692 0.027644230769230768 0.027644230769230768
0 0.26802884615384615 0.4879807692307692 0.03245192307692308 0.02283653846153846
0 0.30528846153846156 0.4879807692307692 0.037259615384615384 0.02283653846153846
0 0.7127403846153846 0.49038461538461536 0.027644230769230768 0.009615384615384616
0 0.22235576923076922 0.49278846153846156 0.03245192307692308 0.027644230769230768
0 0.7355769230769231 0.49278846153846156 0.027644230769230768 0.02283653846153846
0 0.6430288461538461 0.49278846153846156 0.027644230769230768 0.02283653846153846
0 0.39302884615384615 0.4951923076923077 0.042067307692307696 0.027644230769230768
0 0.8798076923076923 0.4951923076923077 0.037259615384615384 0.02283653846153846
0 0.19951923076923078 0.4951923076923077 0.037259615384615384 0.02283653846153846
0 0.8305288461538461 0.4951923076923077 0.03245192307692308 0.02283653846153846
0 0.5973557692307693 0.4951923076923077 0.027644230769230768 0.02283653846153846
0 0.765625 0.5 0.03245192307692308 0.018028846153846152
0 0.7175480769230769 0.5048076923076923 0.03245192307692308 0.027644230769230768
0 0.9230769230769231 0.5048076923076923 0.018028846153846152 0.02283653846153846
0 0.9375 0.5072115384615384 0.027644230769230768 0.018028846153846152
0 0.9026442307692307 0.5096153846153846 0.02283653846153846 0.02283653846153846
0 0.625 0.5144230769230769 0.03245192307692308 0.027644230769230768
0 0.7944711538461539 0.5204326923076923 0.037259615384615384 0.027644230769230768
0 0.16706730769230768 0.5444711538461539 0.078125 0.05048076923076923
0 0.5252403846153846 0.5444711538461539 0.06490384615384616 0.05048076923076923
0 0.6995192307692307 0.546875 0.055288461538461536 0.05048076923076923
0 0.984375 0.5552884615384616 0.02283653846153846 0.027644230769230768
0 0.30528846153846156 0.6069711538461539 0.027644230769230768 0.02283653846153846
0 0.19951923076923078 0.609375 0.027644230769230768 0.02283653846153846
0 0.9675480769230769 0.609375 0.042067307692307696 0.018028846153846152
0 0.8846153846153846 0.6129807692307693 0.037259615384615384 0.03245192307692308
0 0.0673076923076923 0.6153846153846154 0.046875 0.03245192307692308
0 0.2800480769230769 0.6153846153846154 0.037259615384615384 0.027644230769230768
0 0.8004807692307693 0.6225961538461539 0.042067307692307696 0.03245192307692308
0 0.24519230769230768 0.625 0.042067307692307696 0.027644230769230768
0 0.6550480769230769 0.625 0.037259615384615384 0.027644230769230768
0 0.5925480769230769 0.6274038461538461 0.046875 0.03245192307692308
0 0.025240384615384616 0.6274038461538461 0.046875 0.02283653846153846
0 0.9675480769230769 0.6298076923076923 0.03245192307692308 0.018028846153846152
0 0.3269230769230769 0.6322115384615384 0.037259615384615384 0.027644230769230768
0 0.41466346153846156 0.6346153846153846 0.037259615384615384 0.027644230769230768
0 0.9723557692307693 0.6478365384615384 0.037259615384615384 0.02283653846153846
0 0.21514423076923078 0.6550480769230769 0.037259615384615384 0.037259615384615384
0 0.06009615384615385 0.6550480769230769 0.046875 0.027644230769230768
0 0.8497596153846154 0.6550480769230769 0.046875 0.027644230769230768
0 0.3629807692307692 0.6598557692307693 0.037259615384615384 0.027644230769230768
0 0.7752403846153846 0.6622596153846154 0.03245192307692308 0.027644230769230768
0 0.014423076923076924 0.6694711538461539 0.027644230769230768 0.03245192307692308
0 0.9074519230769231 0.6694711538461539 0.037259615384615384 0.027644230769230768
0 0.30528846153846156 0.671875 0.05048076923076923 0.027644230769230768
0 0.44471153846153844 0.6730769230769231 0.05048076923076923 0.03245192307692308
0 0.9555288461538461 0.6802884615384616 0.037259615384615384 0.027644230769230768
0 0.625 0.6850961538461539 0.02283653846153846 0.03245192307692308
0 0.7728365384615384 0.6923076923076923 0.046875 0.03245192307692308