0 0.57421875 0.37109375 0.084375 0.1375
0 0.38125 0.3453125 0.08125 0.146875
0 0.953125 0.45234375 0.0859375 0.1515625
0 0.46953125 0.0375 0.0484375 0.075
0 0.82890625 0.4671875 0.0890625 0.1703125
0 0.2640625 0.0234375 0.05 0.046875
0 0.1296875 0.40859375 0.0921875 0.1625
0 0.6671875 0.5078125 0.115625 0.196875
0 0.31328125 0.4515625 0.0921875 0.1578125
0 0.93125 0.11328125 0.0546875 0.09375
0 0.45078125 0.5484375 0.096875 0.1625
0 0.3328125 0.0359375 0.05 0.071875
0 0.975 0.13359375 0.05 0.1140625
0 0.83828125 0.12734375 0.065625 0.103125
0 0.61015625 0.0984375 0.0578125 0.1109375
0 0.64921875 0.109375 0.0546875 0.0984375
0 0.3578125 0.065625 0.059375 0.0984375
0 0.13203125 0.046875 0.0515625 0.09375
0 0.41484375 0.0875 0.0625 0.1125
0 0.5015625 0.10390625 0.05625 0.1015625
0 0.54453125 0.115625 0.06875 0.1265625
0 0.28359375 0.10234375 0.0625 0.1171875
0 0.8546875 0.21328125 0.0609375 0.103125
0 0.71953125 0.04765625 0.0328125 0.040625
0 0.0828125 0.11484375 0.075 0.1375
0 0.57265625 0.0265625 0.034375 0.0453125
0 0.759375 0.24140625 0.0765625 0.15
0 0.7 0.24140625 0.08125 0.146875
0 0.2453125 0.171875 0.0703125 0.1046875
0 0.4 0.1984375 0.059375 0.09375
0 0.31171875 0.1953125 0.0703125 0.13125
0 0.79296875 0.06640625 0.0359375 0.0546875
0 0.6046875 0.2515625 0.0453125 0.0609375
0 0.14453125 0.18359375 0.0546875 0.09375
0 0.46796875 0.24453125 0.06875 0.1265625
0 0.87109375 0.31953125 0.0734375 0.1015625
0 0.175 0.23046875 0.0765625 0.11875