0 0.4675480769230769 0.25961538461538464 0.018028846153846152 0.009615384615384616
0 0.5 0.2620192307692308 0.018028846153846152 0.014423076923076924
0 0.546875 0.2620192307692308 0.009615384615384616 0.004807692307692308
0 0.5745192307692307 0.27283653846153844 0.018028846153846152 0.009615384615384616
0 0.484375 0.27524038461538464 0.02283653846153846 0.014423076923076924
0 0.609375 0.27283653846153844 0.014423076923076924 0.009615384615384616
0 0.5372596153846154 0.27283653846153844 0.018028846153846152 0.009615384615384616
0 0.5480769230769231 0.27283653846153844 0.014423076923076924 0.009615384615384616
0 0.43028846153846156 0.2776442307692308 0.018028846153846152 0.009615384615384616
0 0.578125 0.2824519230769231 0.009615384615384616 0.009615384615384616
0 0.5300480769230769 0.2848557692307692 0.014423076923076924 0.004807692307692308
0 0.5144230769230769 0.28725961538461536 0.018028846153846152 0.009615384615384616
0 0.49038461538461536 0.2848557692307692 0.018028846153846152 0.014423076923076924
0 0.6526442307692307 0.28725961538461536 0.018028846153846152 0.009615384615384616
0 0.4579326923076923 0.28966346153846156 0.018028846153846152 0.014423076923076924
0 0.6274038461538461 0.2920673076923077 0.02283653846153846 0.018028846153846152
0 0.41947115384615385 0.2920673076923077 0.02283653846153846 0.009615384615384616
0 0.5420673076923077 0.29447115384615385 0.018028846153846152 0.014423076923076924
0 0.6802884615384616 0.3004807692307692 0.018028846153846152 0.018028846153846152
0 0.5877403846153846 0.30288461538461536 0.018028846153846152 0.014423076923076924
0 0.7548076923076923 0.30288461538461536 0.027644230769230768 0.014423076923076924
0 0.5204326923076923 0.30288461538461536 0.02283653846153846 0.014423076923076924
0 0.4026442307692308 0.3076923076923077 0.018028846153846152 0.014423076923076924
0 0.5576923076923077 0.3125 0.02283653846153846 0.014423076923076924
0 0.6574519230769231 0.3173076923076923 0.018028846153846152 0.014423076923076924
0 0.8028846153846154 0.3245192307692308 0.02283653846153846 0.018028846153846152
0 0.8497596153846154 0.3245192307692308 0.02283653846153846 0.018028846153846152
0 0.6069711538461539 0.328125 0.027644230769230768 0.018028846153846152
0 0.75 0.328125 0.037259615384615384 0.027644230769230768
0 0.7872596153846154 0.33052884615384615 0.027644230769230768 0.014423076923076924
0 0.41225961538461536 0.3329326923076923 0.027644230769230768 0.018028846153846152
0 0.578125 0.33533653846153844 0.018028846153846152 0.014423076923076924
0 0.28725961538461536 0.33533653846153844 0.027644230769230768 0.014423076923076924
0 0.8425480769230769 0.3401442307692308 0.037259615384615384 0.02283653846153846
0 0.6826923076923077 0.3401442307692308 0.03245192307692308 0.02283653846153846
0 0.6478365384615384 0.3425480769230769 0.027644230769230768 0.018028846153846152
0 0.234375 0.3449519230769231 0.042067307692307696 0.02283653846153846
0 0.5024038461538461 0.35216346153846156 0.042067307692307696 0.027644230769230768
0 0.36778846153846156 0.3545673076923077 0.03245192307692308 0.014423076923076924
0 0.27524038461538464 0.3545673076923077 0.03245192307692308 0.02283653846153846
0 0.6875 0.3605769230769231 0.03245192307692308 0.018028846153846152
0 0.296875 0.3701923076923077 0.037259615384615384 0.018028846153846152
0 0.8870192307692307 0.3701923076923077 0.042067307692307696 0.027644230769230768
0 0.3545673076923077 0.37740384615384615 0.042067307692307696 0.03245192307692308
0 0.9579326923076923 0.3798076923076923 0.055288461538461536 0.037259615384615384
0 0.17307692307692307 0.3798076923076923 0.03245192307692308 0.027644230769230768
0 0.6694711538461539 0.38221153846153844 0.042067307692307696 0.03245192307692308
0 0.5853365384615384 0.38461538461538464 0.042067307692307696 0.027644230769230768
0 0.5024038461538461 0.3870192307692308 0.05048076923076923 0.03245192307692308
0 0.7295673076923077 0.390625 0.05048076923076923 0.02283653846153846
0 0.29447115384615385 0.39783653846153844 0.042067307692307696 0.027644230769230768
0 0.8028846153846154 0.4326923076923077 0.05048076923076923 0.03245192307692308
0 0.8545673076923077 0.4519230769230769 0.078125 0.05048076923076923
0 0.5949519230769231 0.453125 0.078125 0.046875
0 0.3449519230769231 0.46033653846153844 0.06009615384615385 0.05048076923076923
0 0.4050480769230769 0.5324519230769231 0.10697115384615384 0.07451923076923077
0 0.04807692307692308 0.5625 0.078125 0.05048076923076923
0 0.6021634615384616 0.5649038461538461 0.10216346153846154 0.0829326923076923