0 0.5360576923076923 0.2608173076923077 0.019230769230769232 0.009615384615384616
0 0.5036057692307693 0.2620192307692308 0.019230769230769232 0.014423076923076924
0 0.4567307692307692 0.2608173076923077 0.009615384615384616 0.004807692307692308
0 0.42908653846153844 0.27163461538461536 0.019230769230769232 0.009615384615384616
0 0.5192307692307693 0.27524038461538464 0.02403846153846154 0.014423076923076924
0 0.3942307692307692 0.2704326923076923 0.014423076923076924 0.009615384615384616
0 0.46634615384615385 0.27163461538461536 0.019230769230769232 0.009615384615384616
0 0.45552884615384615 0.27163461538461536 0.014423076923076924 0.009615384615384616
0 0.5733173076923077 0.27884615384615385 0.019230769230769232 0.009615384615384616
0 0.4254807692307692 0.28125 0.009615384615384616 0.009615384615384616
0 0.4735576923076923 0.2848557692307692 0.014423076923076924 0.004807692307692308
0 0.4891826923076923 0.28725961538461536 0.019230769230769232 0.009615384615384616
0 0.5132211538461539 0.2848557692307692 0.019230769230769232 0.014423076923076924
0 0.35096153846153844 0.2848557692307692 0.019230769230769232 0.009615384615384616
0 0.5456730769230769 0.29086538461538464 0.019230769230769232 0.014423076923076924
0 0.3762019230769231 0.28966346153846156 0.02403846153846154 0.019230769230769232
0 0.5841346153846154 0.2932692307692308 0.02403846153846154 0.009615384615384616
0 0.46153846153846156 0.2932692307692308 0.019230769230769232 0.014423076923076924
0 0.3233173076923077 0.296875 0.019230769230769232 0.019230769230769232
0 0.41586538461538464 0.3016826923076923 0.019230769230769232 0.014423076923076924
0 0.24879807692307693 0.2980769230769231 0.028846153846153848 0.014423076923076924
0 0.4831730769230769 0.30288461538461536 0.02403846153846154 0.014423076923076924
0 0.6009615384615384 0.3088942307692308 0.019230769230769232 0.014423076923076924
0 0.44591346153846156 0.3112980769230769 0.02403846153846154 0.014423076923076924
0 0.34615384615384615 0.31490384615384615 0.019230769230769232 0.014423076923076924
0 0.20072115384615385 0.31971153846153844 0.02403846153846154 0.019230769230769232
0 0.15384615384615385 0.31850961538461536 0.02403846153846154 0.019230769230769232
0 0.39663461538461536 0.32572115384615385 0.028846153846153848 0.019230769230769232
0 0.2536057692307692 0.3233173076923077 0.038461538461538464 0.028846153846153848
0 0.21514423076923078 0.32572115384615385 0.028846153846153848 0.014423076923076924
0 0.5901442307692307 0.33413461538461536 0.028846153846153848 0.019230769230769232
0 0.42427884615384615 0.33413461538461536 0.019230769230769232 0.014423076923076924
0 0.7151442307692307 0.3389423076923077 0.028846153846153848 0.014423076923076924
0 0.15985576923076922 0.33413461538461536 0.038461538461538464 0.02403846153846154
0 0.31971153846153844 0.33653846153846156 0.03365384615384615 0.02403846153846154
0 0.3545673076923077 0.3401442307692308 0.028846153846153848 0.019230769230769232
0 0.7680288461538461 0.34975961538461536 0.04326923076923077 0.02403846153846154
0 0.5 0.35216346153846156 0.04326923076923077 0.028846153846153848
0 0.6346153846153846 0.35697115384615385 0.03365384615384615 0.014423076923076924
0 0.7271634615384616 0.3581730769230769 0.03365384615384615 0.02403846153846154
0 0.31490384615384615 0.35697115384615385 0.03365384615384615 0.019230769230769232
0 0.7055288461538461 0.3737980769230769 0.038461538461538464 0.019230769230769232
0 0.11538461538461539 0.3629807692307692 0.04326923076923077 0.028846153846153848
0 0.6478365384615384 0.3798076923076923 0.04326923076923077 0.03365384615384615
0 0.04447115384615385 0.3713942307692308 0.055288461538461536 0.038461538461538464
0 0.8293269230769231 0.3858173076923077 0.03365384615384615 0.028846153846153848
0 0.3329326923076923 0.3798076923076923 0.04326923076923077 0.03365384615384615
0 0.4170673076923077 0.38341346153846156 0.04326923076923077 0.028846153846153848
0 0.5 0.3870192307692308 0.05048076923076923 0.03365384615384615
0 0.27283653846153844 0.3870192307692308 0.05048076923076923 0.02403846153846154
0 0.7067307692307693 0.4014423076923077 0.04326923076923077 0.028846153846153848
0 0.19831730769230768 0.42788461538461536 0.05048076923076923 0.03365384615384615
0 0.1466346153846154 0.44591346153846156 0.07932692307692307 0.052884615384615384
0 0.40625 0.4519230769230769 0.07932692307692307 0.04807692307692308
0 0.65625 0.46274038461538464 0.06009615384615385 0.05048076923076923
0 0.5949519230769231 0.5336538461538461 0.10817307692307693 0.07692307692307693
0 0.9507211538461539 0.5709134615384616 0.07932692307692307 0.052884615384615384
0 0.39663461538461536 0.5637019230769231 0.10336538461538461 0.08413461538461539