0 0.5276442307692307 0.01201923076923077 0.018028846153846152 0.02283653846153846
0 0.7271634615384616 0.01201923076923077 0.018028846153846152 0.02283653846153846
0 0.8449519230769231 0.01201923076923077 0.018028846153846152 0.018028846153846152
0 0.39302884615384615 0.1045673076923077 0.018028846153846152 0.027644230769230768
0 0.796875 0.10697115384615384 0.014423076923076924 0.02283653846153846
0 0.921875 0.109375 0.02283653846153846 0.027644230769230768
0 0.5973557692307693 0.11298076923076923 0.02283653846153846 0.02283653846153846
0 0.7620192307692307 0.11298076923076923 0.027644230769230768 0.03245192307692308
0 0.8377403846153846 0.11538461538461539 0.018028846153846152 0.03245192307692308
0 0.6454326923076923 0.11778846153846154 0.018028846153846152 0.018028846153846152
0 0.3473557692307692 0.1201923076923077 0.018028846153846152 0.018028846153846152
0 0.11538461538461539 0.12259615384615384 0.027644230769230768 0.02283653846153846
0 0.31490384615384615 0.125 0.018028846153846152 0.02283653846153846
0 0.5600961538461539 0.125 0.018028846153846152 0.027644230769230768
0 0.020432692307692308 0.12980769230769232 0.02283653846153846 0.03245192307692308
0 0.22716346153846154 0.13221153846153846 0.02283653846153846 0.03245192307692308
0 0.09975961538461539 0.1346153846153846 0.027644230769230768 0.03245192307692308
0 0.6526442307692307 0.13942307692307693 0.018028846153846152 0.02283653846153846
0 0.7127403846153846 0.140625 0.018028846153846152 0.02283653846153846
0 0.15745192307692307 0.14543269230769232 0.02283653846153846 0.03245192307692308
0 0.8425480769230769 0.14783653846153846 0.018028846153846152 0.018028846153846152
0 0.06490384615384616 0.15264423076923078 0.03245192307692308 0.03245192307692308
0 0.4723557692307692 0.15745192307692307 0.02283653846153846 0.03245192307692308
0 0.8954326923076923 0.15985576923076922 0.018028846153846152 0.027644230769230768
0 0.9603365384615384 0.1622596153846154 0.02283653846153846 0.027644230769230768
0 0.41947115384615385 0.015625 0.014423076923076924 0.014423076923076924
0 0.6826923076923077 0.16947115384615385 0.02283653846153846 0.03245192307692308
0 0.5973557692307693 0.17307692307692307 0.02283653846153846 0.03245192307692308
0 0.24278846153846154 0.1778846153846154 0.02283653846153846 0.03245192307692308
0 0.15504807692307693 0.18028846153846154 0.02283653846153846 0.03245192307692308
0 0.46033653846153844 0.18028846153846154 0.02283653846153846 0.02283653846153846
0 0.375 0.18509615384615385 0.02283653846153846 0.03245192307692308
0 0.828125 0.018028846153846152 0.018028846153846152 0.027644230769230768
0 0.8978365384615384 0.18990384615384615 0.027644230769230768 0.03245192307692308
0 0.546875 0.18990384615384615 0.018028846153846152 0.018028846153846152
0 0.09014423076923077 0.19951923076923078 0.03245192307692308 0.037259615384615384
0 0.32211538461538464 0.20793269230769232 0.02283653846153846 0.02283653846153846
0 0.6153846153846154 0.020432692307692308 0.014423076923076924 0.02283653846153846
0 0.4423076923076923 0.2127403846153846 0.02283653846153846 0.027644230769230768
0 0.6298076923076923 0.22956730769230768 0.02283653846153846 0.037259615384615384
0 0.5072115384615384 0.02283653846153846 0.018028846153846152 0.018028846153846152
0 0.5745192307692307 0.02283653846153846 0.014423076923076924 0.018028846153846152
0 0.4855769230769231 0.2403846153846154 0.018028846153846152 0.03245192307692308
0 0.640625 0.02283653846153846 0.018028846153846152 0.027644230769230768
0 0.6899038461538461 0.02283653846153846 0.014423076923076924 0.018028846153846152
0 0.9350961538461539 0.025240384615384616 0.018028846153846152 0.02283653846153846
0 0.35697115384615385 0.2403846153846154 0.02283653846153846 0.037259615384615384
0 0.7896634615384616 0.25 0.02283653846153846 0.03245192307692308
0 0.8173076923076923 0.25 0.02283653846153846 0.027644230769230768
0 0.7223557692307693 0.25 0.02283653846153846 0.03245192307692308
0 0.5528846153846154 0.025240384615384616 0.018028846153846152 0.02283653846153846
0 0.5973557692307693 0.2704326923076923 0.02283653846153846 0.03245192307692308
0 0.09014423076923077 0.2704326923076923 0.02283653846153846 0.02283653846153846
0 0.9879807692307693 0.027644230769230768 0.018028846153846152 0.02283653846153846
0 0.4723557692307692 0.027644230769230768 0.014423076923076924 0.02283653846153846
0 0.43509615384615385 0.027644230769230768 0.018028846153846152 0.02283653846153846
0 0.8605769230769231 0.28725961538461536 0.027644230769230768 0.042067307692307696
0 0.8930288461538461 0.030048076923076924 0.014423076923076924 0.02283653846153846
0 0.6802884615384616 0.3004807692307692 0.027644230769230768 0.037259615384615384
0 0.4026442307692308 0.3125 0.02283653846153846 0.037259615384615384
0 0.23557692307692307 0.03245192307692308 0.014423076923076924 0.018028846153846152
0 0.5096153846153846 0.31971153846153844 0.018028846153846152 0.037259615384615384
0 0.9495192307692307 0.33052884615384615 0.03245192307692308 0.046875
0 0.7704326923076923 0.03485576923076923 0.018028846153846152 0.027644230769230768
0 0.38461538461538464 0.03485576923076923 0.018028846153846152 0.027644230769230768
0 0.020432692307692308 0.34975961538461536 0.02283653846153846 0.03245192307692308
0 0.31009615384615385 0.34975961538461536 0.02283653846153846 0.03245192307692308
0 0.11298076923076923 0.35697115384615385 0.03245192307692308 0.037259615384615384
0 0.8497596153846154 0.037259615384615384 0.014423076923076924 0.02283653846153846
0 0.18269230769230768 0.037259615384615384 0.018028846153846152 0.02283653846153846
0 0.8497596153846154 0.37259615384615385 0.027644230769230768 0.046875
0 0.7079326923076923 0.3954326923076923 0.027644230769230768 0.042067307692307696
0 0.2824519230769231 0.042067307692307696 0.009615384615384616 0.018028846153846152
0 0.421875 0.421875 0.02283653846153846 0.042067307692307696
0 0.5072115384615384 0.4230769230769231 0.027644230769230768 0.037259615384615384
0 0.2644230769230769 0.4326923076923077 0.03245192307692308 0.046875
0 0.328125 0.04447115384615385 0.014423076923076924 0.02283653846153846
0 0.04447115384615385 0.4855769230769231 0.03245192307692308 0.042067307692307696
0 0.9651442307692307 0.4879807692307692 0.02283653846153846 0.042067307692307696
0 0.3629807692307692 0.49038461538461536 0.03245192307692308 0.037259615384615384
0 0.4026442307692308 0.05048076923076923 0.018028846153846152 0.03245192307692308
0 0.19951923076923078 0.05048076923076923 0.018028846153846152 0.02283653846153846
0 0.7427884615384616 0.515625 0.027644230769230768 0.042067307692307696
0 0.22716346153846154 0.5276442307692307 0.03245192307692308 0.042067307692307696
0 0.9423076923076923 0.055288461538461536 0.018028846153846152 0.027644230769230768
0 0.03245192307692308 0.057692307692307696 0.02283653846153846 0.037259615384615384
0 0.9855769230769231 0.5745192307692307 0.018028846153846152 0.055288461538461536
0 0.2980769230769231 0.057692307692307696 0.014423076923076924 0.014423076923076924
0 0.125 0.057692307692307696 0.018028846153846152 0.02283653846153846
0 0.609375 0.057692307692307696 0.014423076923076924 0.018028846153846152
0 0.6021634615384616 0.625 0.03245192307692308 0.042067307692307696
0 0.8221153846153846 0.0625 0.014423076923076924 0.02283653846153846
0 0.8605769230769231 0.6370192307692307 0.03245192307692308 0.046875
0 0.13942307692307693 0.6646634615384616 0.046875 0.042067307692307696
0 0.3798076923076923 0.6802884615384616 0.037259615384615384 0.05048076923076923
0 0.8822115384615384 0.0673076923076923 0.02283653846153846 0.02283653846153846
0 0.0625 0.6995192307692307 0.037259615384615384 0.055288461538461536
0 0.5721153846153846 0.07211538461538461 0.014423076923076924 0.02283653846153846
0 0.8028846153846154 0.07211538461538461 0.018028846153846152 0.027644230769230768
0 0.2403846153846154 0.07211538461538461 0.02283653846153846 0.027644230769230768
0 0.12259615384615384 0.007211538461538462 0.02283653846153846 0.014423076923076924
0 0.22716346153846154 0.07451923076923077 0.014423076923076924 0.014423076923076924
0 0.6622596153846154 0.07692307692307693 0.027644230769230768 0.02283653846153846
0 0.46033653846153844 0.08052884615384616 0.018028846153846152 0.02283653846153846
0 0.08774038461538461 0.8100961538461539 0.046875 0.06490384615384616
0 0.007211538461538462 0.08052884615384616 0.014423076923076924 0.03245192307692308
0 0.6430288461538461 0.8245192307692307 0.042067307692307696 0.06009615384615385
0 0.41225961538461536 0.0829326923076923 0.018028846153846152 0.018028846153846152
0 0.8725961538461539 0.009615384615384616 0.014423076923076924 0.018028846153846152
0 0.3701923076923077 0.8401442307692307 0.037259615384615384 0.055288461538461536
0 0.44711538461538464 0.8497596153846154 0.042067307692307696 0.06490384615384616
0 0.5925480769230769 0.08533653846153846 0.018028846153846152 0.018028846153846152
0 0.9675480769230769 0.08774038461538461 0.014423076923076924 0.02283653846153846
0 0.9651442307692307 0.8822115384615384 0.046875 0.05048076923076923
0 0.30288461538461536 0.09014423076923077 0.018028846153846152 0.02283653846153846
0 0.1778846153846154 0.8930288461538461 0.042067307692307696 0.03245192307692308
0 0.5420673076923077 0.09254807692307693 0.018028846153846152 0.02283653846153846
0 0.09254807692307693 0.09495192307692307 0.02283653846153846 0.02283653846153846
0 0.8473557692307693 0.09735576923076923 0.018028846153846152 0.02283653846153846
0 0.8798076923076923 0.09735576923076923 0.018028846153846152 0.02283653846153846
0 0.47475961538461536 0.09975961538461539 0.018028846153846152 0.027644230769230768
0 0.9375 0.10216346153846154 0.018028846153846152 0.02283653846153846
0 0.17548076923076922 0.1045673076923077 0.02283653846153846 0.02283653846153846