0 0.6766826923076923 0.24158653846153846 0.019230769230769232 0.01201923076923077
0 0.5985576923076923 0.25 0.028846153846153848 0.03365384615384615
0 0.7379807692307693 0.24519230769230768 0.03125 0.04326923076923077
0 0.8365384615384616 0.23798076923076922 0.02403846153846154 0.03365384615384615
0 0.6262019230769231 0.2548076923076923 0.028846153846153848 0.028846153846153848
0 0.7932692307692307 0.24879807692307693 0.03125 0.052884615384615384
0 0.8786057692307693 0.2439903846153846 0.036057692307692304 0.04326923076923077
0 0.7127403846153846 0.25961538461538464 0.036057692307692304 0.04326923076923077
0 0.8112980769230769 0.2548076923076923 0.03125 0.038461538461538464
0 0.8413461538461539 0.2608173076923077 0.019230769230769232 0.03365384615384615
0 0.7740384615384616 0.26322115384615385 0.026442307692307692 0.038461538461538464
0 0.5745192307692307 0.2764423076923077 0.036057692307692304 0.057692307692307696
0 0.9098557692307693 0.25600961538461536 0.040865384615384616 0.052884615384615384
0 0.6694711538461539 0.27283653846153844 0.019230769230769232 0.03365384615384615
0 0.609375 0.27884615384615385 0.03125 0.038461538461538464
0 0.6454326923076923 0.28125 0.036057692307692304 0.038461538461538464
0 0.6923076923076923 0.27524038461538464 0.028846153846153848 0.03365384615384615
0 0.5336538461538461 0.3004807692307692 0.04567307692307692 0.0625
0 0.6454326923076923 0.29447115384615385 0.026442307692307692 0.038461538461538464
0 0.8461538461538461 0.28725961538461536 0.040865384615384616 0.04567307692307692
0 0.7139423076923077 0.30649038461538464 0.028846153846153848 0.03365384615384615
0 0.7367788461538461 0.30288461538461536 0.021634615384615384 0.038461538461538464
0 0.6658653846153846 0.32091346153846156 0.036057692307692304 0.04807692307692308
0 0.7632211538461539 0.3137019230769231 0.04567307692307692 0.0673076923076923
0 0.6057692307692307 0.3269230769230769 0.036057692307692304 0.052884615384615384
0 0.9435096153846154 0.30408653846153844 0.055288461538461536 0.07211538461538461
0 0.6923076923076923 0.33653846153846156 0.05048076923076923 0.07211538461538461
0 0.7319711538461539 0.33533653846153844 0.03365384615384615 0.028846153846153848
0 0.9122596153846154 0.34134615384615385 0.06009615384615385 0.06971153846153846
0 0.6694711538461539 0.37259615384615385 0.036057692307692304 0.057692307692307696
0 0.45072115384615385 0.390625 0.05048076923076923 0.0625
0 0.7439903846153846 0.3701923076923077 0.036057692307692304 0.0625
0 0.7836538461538461 0.37259615384615385 0.040865384615384616 0.0673076923076923
0 0.3701923076923077 0.40625 0.036057692307692304 0.057692307692307696
0 0.6382211538461539 0.39302884615384615 0.04567307692307692 0.0673076923076923
0 0.5564903846153846 0.40865384615384615 0.04567307692307692 0.040865384615384616
0 0.17067307692307693 0.43990384615384615 0.06009615384615385 0.07932692307692307
0 0.4963942307692308 0.41947115384615385 0.036057692307692304 0.0625
0 0.8786057692307693 0.39663461538461536 0.052884615384615384 0.08173076923076923
0 0.8545673076923077 0.41466346153846156 0.04807692307692308 0.07692307692307693
0 0.7151442307692307 0.42908653846153844 0.04567307692307692 0.0673076923076923
0 0.125 0.4735576923076923 0.04567307692307692 0.07211538461538461
0 0.33413461538461536 0.46153846153846156 0.040865384615384616 0.057692307692307696
0 0.8269230769230769 0.42908653846153844 0.036057692307692304 0.07211538461538461
0 0.3545673076923077 0.4675480769230769 0.05048076923076923 0.0673076923076923
0 0.5877403846153846 0.4543269230769231 0.04567307692307692 0.04567307692307692
0 0.7860576923076923 0.43990384615384615 0.04326923076923077 0.036057692307692304
0 0.5504807692307693 0.45913461538461536 0.036057692307692304 0.0673076923076923
0 0.40024038461538464 0.4723557692307692 0.05048076923076923 0.0625
0 0.4723557692307692 0.4699519230769231 0.04807692307692308 0.07692307692307693
0 0.24158653846153846 0.49278846153846156 0.036057692307692304 0.04326923076923077
0 0.4387019230769231 0.47716346153846156 0.040865384615384616 0.0673076923076923
0 0.16346153846153846 0.5012019230769231 0.055288461538461536 0.0673076923076923
0 0.29927884615384615 0.4963942307692308 0.040865384615384616 0.0673076923076923
0 0.21995192307692307 0.5072115384615384 0.055288461538461536 0.0625
0 0.7884615384615384 0.4723557692307692 0.04567307692307692 0.052884615384615384
0 0.26322115384615385 0.5192307692307693 0.036057692307692304 0.052884615384615384
0 0.5024038461538461 0.5 0.055288461538461536 0.07692307692307693
0 0.27884615384615385 0.5228365384615384 0.03125 0.0625
0 0.02283653846153846 0.5492788461538461 0.04567307692307692 0.09375
0 0.6009615384615384 0.5084134615384616 0.055288461538461536 0.07211538461538461
0 0.18269230769230768 0.5432692307692307 0.05048076923076923 0.052884615384615384
0 0.36177884615384615 0.5396634615384616 0.055288461538461536 0.07211538461538461
0 0.7800480769230769 0.5228365384615384 0.05048076923076923 0.0673076923076923
0 0.49038461538461536 0.5612980769230769 0.052884615384615384 0.09615384615384616
0 0.4206730769230769 0.5889423076923077 0.055288461538461536 0.0673076923076923
0 0.5456730769230769 0.5805288461538461 0.057692307692307696 0.09615384615384616
0 0.32572115384615385 0.5973557692307693 0.06009615384615385 0.07451923076923077
0 0.20072115384615385 0.6262019230769231 0.0673076923076923 0.10096153846153846
0 0.6165865384615384 0.5985576923076923 0.07692307692307693 0.10576923076923077
0 0.8185096153846154 0.6033653846153846 0.07211538461538461 0.10576923076923077
0 0.375 0.6394230769230769 0.06009615384615385 0.07932692307692307
0 0.9326923076923077 0.6274038461538461 0.06490384615384616 0.08653846153846154
0 0.3016826923076923 0.6814903846153846 0.06490384615384616 0.07932692307692307
0 0.9819711538461539 0.6358173076923077 0.036057692307692304 0.09375
0 0.43509615384615385 0.6899038461538461 0.08173076923076923 0.10817307692307693
0 0.7019230769230769 0.6694711538461539 0.07211538461538461 0.10096153846153846
0 0.15985576923076922 0.7211538461538461 0.08653846153846154 0.11298076923076923
0 0.5901442307692307 0.71875 0.07211538461538461 0.11057692307692307
0 0.0985576923076923 0.7692307692307693 0.07692307692307693 0.10576923076923077
0 0.9362980769230769 0.7175480769230769 0.0673076923076923 0.11057692307692307
0 0.34375 0.7848557692307693 0.05048076923076923 0.0673076923076923
0 0.40625 0.7872596153846154 0.055288461538461536 0.09134615384615384
0 0.31850961538461536 0.7980769230769231 0.0673076923076923 0.1201923076923077
0 0.051682692307692304 0.8221153846153846 0.06971153846153846 0.13942307692307693
0 0.4879807692307692 0.7932692307692307 0.07211538461538461 0.10576923076923077
0 0.21394230769230768 0.828125 0.09615384615384616 0.12980769230769232
0 0.46274038461538464 0.8257211538461539 0.0625 0.11778846153846154
0 0.8834134615384616 0.8209134615384616 0.08173076923076923 0.125
0 0.16826923076923078 0.921875 0.07211538461538461 0.125
0 0.3581730769230769 0.9086538461538461 0.0985576923076923 0.16346153846153846
0 0.7596153846153846 0.8834134615384616 0.07211538461538461 0.10096153846153846
0 0.109375 0.9266826923076923 0.10817307692307693 0.1466346153846154
0 0.5564903846153846 0.9050480769230769 0.08173076923076923 0.11538461538461539
0 0.9867788461538461 0.890625 0.026442307692307692 0.15144230769230768
0 0.6694711538461539 0.9242788461538461 0.11778846153846154 0.12740384615384615
0 0.2536057692307692 0.9591346153846154 0.10817307692307693 0.08173076923076923
0 0.8233173076923077 0.9362980769230769 0.11538461538461539 0.08173076923076923
0 0.8846153846153846 0.09735576923076923 0.019230769230769232 0.019230769230769232
0 0.9110576923076923 0.09975961538461539 0.016826923076923076 0.019230769230769232
0 0.9290865384615384 0.10096153846153846 0.014423076923076924 0.014423076923076924
0 0.9014423076923077 0.10576923076923077 0.016826923076923076 0.019230769230769232
0 0.8665865384615384 0.11298076923076923 0.009615384615384616 0.009615384615384616
0 0.8425480769230769 0.11778846153846154 0.016826923076923076 0.019230769230769232
0 0.8846153846153846 0.1201923076923077 0.016826923076923076 0.019230769230769232
0 0.9074519230769231 0.12620192307692307 0.016826923076923076 0.02403846153846154
0 0.8497596153846154 0.1346153846153846 0.019230769230769232 0.02403846153846154
0 0.7980769230769231 0.13822115384615385 0.02403846153846154 0.02403846153846154
0 0.8329326923076923 0.13822115384615385 0.028846153846153848 0.019230769230769232
0 0.9338942307692307 0.13581730769230768 0.019230769230769232 0.028846153846153848
0 0.8713942307692307 0.14543269230769232 0.02403846153846154 0.028846153846153848
0 0.9182692307692307 0.14302884615384615 0.016826923076923076 0.02403846153846154
0 0.8858173076923077 0.1502403846153846 0.02403846153846154 0.03365384615384615
0 0.8341346153846154 0.16105769230769232 0.03125 0.038461538461538464
0 0.8569711538461539 0.1622596153846154 0.019230769230769232 0.03365384615384615
0 0.6862980769230769 0.17908653846153846 0.03125 0.04326923076923077
0 0.7211538461538461 0.17427884615384615 0.016826923076923076 0.019230769230769232
0 0.7079326923076923 0.17427884615384615 0.02403846153846154 0.028846153846153848
0 0.9375 0.15865384615384615 0.026442307692307692 0.038461538461538464
0 0.7932692307692307 0.17067307692307693 0.019230769230769232 0.03365384615384615
0 0.8125 0.16947115384615385 0.02403846153846154 0.02403846153846154
0 0.7608173076923077 0.18028846153846154 0.028846153846153848 0.028846153846153848
0 0.7415865384615384 0.19230769230769232 0.026442307692307692 0.04326923076923077
0 0.7247596153846154 0.19591346153846154 0.019230769230769232 0.028846153846153848
0 0.8990384615384616 0.18629807692307693 0.02403846153846154 0.03365384615384615
0 0.8125 0.19230769230769232 0.019230769230769232 0.03365384615384615
0 0.8569711538461539 0.19471153846153846 0.036057692307692304 0.04326923076923077
0 0.9519230769230769 0.18509615384615385 0.021634615384615384 0.038461538461538464
0 0.7932692307692307 0.20552884615384615 0.016826923076923076 0.028846153846153848
0 0.8341346153846154 0.203125 0.02403846153846154 0.028846153846153848
0 0.7007211538461539 0.22115384615384615 0.02403846153846154 0.028846153846153848
0 0.6574519230769231 0.2283653846153846 0.03125 0.038461538461538464
0 0.7680288461538461 0.22355769230769232 0.019230769230769232 0.02403846153846154
0 0.9182692307692307 0.21514423076923078 0.036057692307692304 0.04807692307692308