0 0.5324519230769231 0.31490384615384615 0.03365384615384615 0.0625
0 0.3581730769230769 0.3269230769230769 0.039663461538461536 0.0625
0 0.6310096153846154 0.33533653846153844 0.04447115384615385 0.07572115384615384
0 0.46274038461538464 0.3401442307692308 0.030048076923076924 0.054086538461538464
0 0.7536057692307693 0.34134615384615385 0.04326923076923077 0.057692307692307696
0 0.5697115384615384 0.3425480769230769 0.037259615384615384 0.06850961538461539
0 0.2920673076923077 0.38100961538461536 0.039663461538461536 0.06850961538461539
0 0.38822115384615385 0.38100961538461536 0.04447115384615385 0.07692307692307693
0 0.6923076923076923 0.38461538461538464 0.037259615384615384 0.07572115384615384
0 0.5072115384615384 0.3954326923076923 0.04326923076923077 0.08052884615384616
0 0.2403846153846154 0.3954326923076923 0.05048076923076923 0.09134615384615384
0 0.4362980769230769 0.4026442307692308 0.04447115384615385 0.07932692307692307
0 0.7608173076923077 0.41225961538461536 0.03365384615384615 0.06129807692307692
0 0.32211538461538464 0.421875 0.05048076923076923 0.08173076923076923
0 0.5961538461538461 0.43149038461538464 0.04807692307692308 0.07091346153846154
0 0.6598557692307693 0.4879807692307692 0.042067307692307696 0.07091346153846154
0 0.7908653846153846 0.5264423076923077 0.04567307692307692 0.08774038461538461
0 0.5396634615384616 0.53125 0.05048076923076923 0.09975961538461539
0 0.3786057692307692 0.5612980769230769 0.046875 0.06971153846153846
0 0.45913461538461536 0.5721153846153846 0.04927884615384615 0.0889423076923077