0 0.8365384615384616 0.6105769230769231 0.10336538461538461 0.18509615384615385
0 0.4266826923076923 0.7283653846153846 0.07932692307692307 0.15985576923076922
0 0.6225961538461539 0.7560096153846154 0.08052884615384616 0.14903846153846154
0 0.27283653846153844 0.7824519230769231 0.08413461538461539 0.14302884615384615
0 0.20793269230769232 0.15504807692307693 0.054086538461538464 0.12980769230769232
0 0.3737980769230769 0.16947115384615385 0.06850961538461539 0.13581730769230768
0 0.6165865384615384 0.18389423076923078 0.06490384615384616 0.11658653846153846
0 0.44591346153846156 0.19110576923076922 0.057692307692307696 0.08533653846153846
0 0.78125 0.20552884615384615 0.08052884615384616 0.10817307692307693
0 0.1141826923076923 0.22956730769230768 0.07932692307692307 0.1466346153846154
0 0.8725961538461539 0.24639423076923078 0.06850961538461539 0.10697115384615384
0 0.2608173076923077 0.2536057692307692 0.07692307692307693 0.12860576923076922
0 0.9362980769230769 0.32572115384615385 0.0625 0.14543269230769232
0 0.7451923076923077 0.3269230769230769 0.09134615384615384 0.14182692307692307
0 0.5733173076923077 0.3269230769230769 0.07572115384615384 0.14302884615384615
0 0.42788461538461536 0.3293269230769231 0.07692307692307693 0.1141826923076923
0 0.2548076923076923 0.3737980769230769 0.06971153846153846 0.125
0 0.875 0.39302884615384615 0.078125 0.13701923076923078
0 0.08173076923076923 0.43149038461538464 0.0889423076923077 0.15264423076923078
0 0.6766826923076923 0.4735576923076923 0.0829326923076923 0.14302884615384615
0 0.484375 0.4735576923076923 0.09495192307692307 0.12740384615384615
0 0.36658653846153844 0.484375 0.09134615384615384 0.1466346153846154
0 0.19951923076923078 0.5204326923076923 0.07451923076923077 0.17067307692307693