0 0.16466346153846154 0.13221153846153846 0.057692307692307696 0.057692307692307696
0 0.25600961538461536 0.15384615384615385 0.08173076923076923 0.10096153846153846
0 0.20192307692307693 0.18028846153846154 0.08653846153846154 0.10576923076923077
0 0.24639423076923078 0.19831730769230768 0.04567307692307692 0.07211538461538461
0 0.45913461538461536 0.19831730769230768 0.0673076923076923 0.08413461538461539
0 0.109375 0.2127403846153846 0.07211538461538461 0.07932692307692307
0 0.6045673076923077 0.19951923076923078 0.07692307692307693 0.09134615384615384
0 0.734375 0.19471153846153846 0.07692307692307693 0.10096153846153846
0 0.4050480769230769 0.21153846153846154 0.0625 0.08413461538461539
0 0.9759615384615384 0.20552884615384615 0.03125 0.07932692307692307
0 0.953125 0.21394230769230768 0.04807692307692308 0.057692307692307696
0 0.8353365384615384 0.22355769230769232 0.057692307692307696 0.0889423076923077
0 0.9134615384615384 0.23557692307692307 0.052884615384615384 0.07932692307692307
0 0.5096153846153846 0.2620192307692308 0.0673076923076923 0.0889423076923077
0 0.7992788461538461 0.2536057692307692 0.057692307692307696 0.07692307692307693
0 0.35096153846153844 0.2704326923076923 0.05048076923076923 0.10817307692307693
0 0.5793269230769231 0.265625 0.0673076923076923 0.10336538461538461
0 0.6947115384615384 0.265625 0.0673076923076923 0.0889423076923077
0 0.3798076923076923 0.27884615384615385 0.057692307692307696 0.09375
0 0.8942307692307693 0.26322115384615385 0.07692307692307693 0.10576923076923077
0 0.0625 0.3076923076923077 0.0673076923076923 0.10336538461538461
0 0.9603365384615384 0.27884615384615385 0.0625 0.10336538461538461
0 0.16947115384615385 0.3245192307692308 0.057692307692307696 0.07692307692307693
0 0.03125 0.09735576923076923 0.0625 0.11778846153846154