0 0.6947115384615384 0.2536057692307692 0.021634615384615384 0.01201923076923077
0 0.6153846153846154 0.25721153846153844 0.030048076923076924 0.03485576923076923
0 0.7536057692307693 0.25841346153846156 0.026442307692307692 0.042067307692307696
0 0.8521634615384616 0.25841346153846156 0.02283653846153846 0.03245192307692308
0 0.6430288461538461 0.2644230769230769 0.025240384615384616 0.030048076923076924
0 0.8076923076923077 0.2704326923076923 0.028846153846153848 0.05048076923076923
0 0.8954326923076923 0.2704326923076923 0.03485576923076923 0.04447115384615385
0 0.7259615384615384 0.2764423076923077 0.03125 0.042067307692307696
0 0.8293269230769231 0.2776442307692308 0.025240384615384616 0.039663461538461536
0 0.8569711538461539 0.28125 0.021634615384615384 0.03245192307692308
0 0.7896634615384616 0.2824519230769231 0.025240384615384616 0.03485576923076923
0 0.5913461538461539 0.28365384615384615 0.03485576923076923 0.055288461538461536
0 0.9254807692307693 0.28365384615384615 0.03485576923076923 0.04807692307692308
0 0.6850961538461539 0.2848557692307692 0.016826923076923076 0.030048076923076924
0 0.6225961538461539 0.28725961538461536 0.028846153846153848 0.03485576923076923
0 0.6610576923076923 0.28846153846153844 0.03125 0.037259615384615384
0 0.7079326923076923 0.28846153846153844 0.025240384615384616 0.03245192307692308
0 0.5480769230769231 0.30408653846153844 0.039663461538461536 0.057692307692307696
0 0.6610576923076923 0.30528846153846156 0.021634615384615384 0.039663461538461536
0 0.8605769230769231 0.3125 0.03485576923076923 0.04447115384615385
0 0.7259615384615384 0.31850961538461536 0.025240384615384616 0.03245192307692308
0 0.75 0.31971153846153844 0.020432692307692308 0.03485576923076923
0 0.6754807692307693 0.3329326923076923 0.03125 0.04447115384615385
0 0.7752403846153846 0.33413461538461536 0.042067307692307696 0.0625
0 0.6189903846153846 0.33653846153846156 0.03485576923076923 0.052884615384615384
0 0.953125 0.33653846153846156 0.05048076923076923 0.07211538461538461
0 0.703125 0.3485576923076923 0.04326923076923077 0.0673076923076923
0 0.7403846153846154 0.3485576923076923 0.03125 0.027644230769230768
0 0.9206730769230769 0.36778846153846156 0.055288461538461536 0.06490384615384616
0 0.6790865384615384 0.38341346153846156 0.03125 0.052884615384615384
0 0.45913461538461536 0.38461538461538464 0.04447115384615385 0.06009615384615385
0 0.75 0.3858173076923077 0.03365384615384615 0.0625
0 0.7920673076923077 0.3942307692307692 0.039663461538461536 0.0673076923076923
0 0.37740384615384615 0.39903846153846156 0.03485576923076923 0.057692307692307696
0 0.6454326923076923 0.40384615384615385 0.038461538461538464 0.0673076923076923
0 0.5625 0.4110576923076923 0.038461538461538464 0.037259615384615384
0 0.17668269230769232 0.4170673076923077 0.056490384615384616 0.07451923076923077
0 0.5024038461538461 0.4182692307692308 0.03485576923076923 0.0625
0 0.8846153846153846 0.4230769230769231 0.04807692307692308 0.08052884615384616
0 0.859375 0.43990384615384615 0.04447115384615385 0.07692307692307693
0 0.7175480769230769 0.4423076923076923 0.042067307692307696 0.06490384615384616
0 0.12379807692307693 0.44591346153846156 0.042067307692307696 0.0673076923076923
0 0.33533653846153844 0.4495192307692308 0.037259615384615384 0.055288461538461536
0 0.8305288461538461 0.4495192307692308 0.03365384615384615 0.06971153846153846
0 0.35697115384615385 0.45552884615384615 0.04807692307692308 0.06490384615384616
0 0.5877403846153846 0.46153846153846156 0.042067307692307696 0.042067307692307696
0 0.7896634615384616 0.46153846153846156 0.04326923076923077 0.03245192307692308
0 0.5528846153846154 0.4639423076923077 0.03125 0.0625
0 0.40024038461538464 0.46634615384615385 0.046875 0.0625
0 0.47475961538461536 0.46875 0.042067307692307696 0.07211538461538461
0 0.2439903846153846 0.47115384615384615 0.03125 0.042067307692307696
0 0.4411057692307692 0.47115384615384615 0.03485576923076923 0.0625
0 0.16346153846153846 0.47596153846153844 0.05048076923076923 0.0673076923076923
0 0.3016826923076923 0.4807692307692308 0.037259615384615384 0.0625
0 0.21875 0.4891826923076923 0.051682692307692304 0.0625
0 0.7896634615384616 0.49038461538461536 0.042067307692307696 0.05048076923076923
0 0.25961538461538464 0.5 0.03125 0.05048076923076923
0 0.5 0.5 0.05048076923076923 0.07451923076923077
0 0.27884615384615385 0.5060096153846154 0.030048076923076924 0.057692307692307696
0 0.020432692307692308 0.515625 0.040865384615384616 0.09375
0 0.5997596153846154 0.5168269230769231 0.051682692307692304 0.0673076923076923
0 0.18028846153846154 0.5216346153846154 0.046875 0.052884615384615384
0 0.3557692307692308 0.5300480769230769 0.051682692307692304 0.06971153846153846
0 0.7776442307692307 0.5420673076923077 0.04807692307692308 0.06490384615384616
0 0.4855769230769231 0.5600961538461539 0.04807692307692308 0.09495192307692307
0 0.41346153846153844 0.5841346153846154 0.05048076923076923 0.0673076923076923
0 0.5396634615384616 0.5841346153846154 0.05048076923076923 0.09254807692307693
0 0.31971153846153844 0.5865384615384616 0.052884615384615384 0.07211538461538461
0 0.19230769230769232 0.6033653846153846 0.05889423076923077 0.09735576923076923
0 0.6057692307692307 0.6069711538461539 0.06850961538461539 0.1045673076923077
0 0.8076923076923077 0.625 0.06490384615384616 0.09975961538461539
0 0.36538461538461536 0.6298076923076923 0.056490384615384616 0.07451923076923077
0 0.9242788461538461 0.65625 0.06129807692307692 0.0829326923076923
0 0.28966346153846156 0.6670673076923077 0.06129807692307692 0.07451923076923077
0 0.9783653846153846 0.6682692307692307 0.04326923076923077 0.09134615384615384
0 0.41947115384615385 0.6838942307692307 0.07451923076923077 0.10216346153846154
0 0.6911057692307693 0.6838942307692307 0.06129807692307692 0.09735576923076923
0 0.14543269230769232 0.6959134615384616 0.078125 0.10697115384615384
0 0.5745192307692307 0.7211538461538461 0.06490384615384616 0.10697115384615384
0 0.08052884615384616 0.7391826923076923 0.06850961538461539 0.10216346153846154
0 0.9194711538461539 0.7487980769230769 0.06370192307692307 0.10697115384615384
0 0.3245192307692308 0.7740384615384616 0.04447115384615385 0.0673076923076923
0 0.3870192307692308 0.7788461538461539 0.052884615384615384 0.08774038461538461
0 0.2980769230769231 0.7824519230769231 0.05889423076923077 0.11538461538461539
0 0.030048076923076924 0.7872596153846154 0.06009615384615385 0.1346153846153846
0 0.4675480769230769 0.7908653846153846 0.06129807692307692 0.10216346153846154
0 0.19230769230769232 0.8088942307692307 0.08533653846153846 0.12259615384615384
0 0.43990384615384615 0.8221153846153846 0.052884615384615384 0.11538461538461539
0 0.8617788461538461 0.8461538461538461 0.07692307692307693 0.12259615384615384
0 0.13581730769230768 0.8954326923076923 0.06490384615384616 0.1201923076923077
0 0.3317307692307692 0.8978365384615384 0.08653846153846154 0.15504807692307693
0 0.7319711538461539 0.9002403846153846 0.06490384615384616 0.09495192307692307
0 0.08173076923076923 0.9014423076923077 0.09615384615384616 0.14783653846153846
0 0.5276442307692307 0.90625 0.07451923076923077 0.11298076923076923
0 0.9735576923076923 0.9254807692307693 0.052884615384615384 0.14903846153846154
0 0.6370192307692307 0.9375 0.10817307692307693 0.125
0 0.22235576923076922 0.9435096153846154 0.1045673076923077 0.08774038461538461
0 0.7884615384615384 0.9591346153846154 0.10576923076923077 0.08173076923076923
0 0.9122596153846154 0.125 0.018028846153846152 0.020432692307692308
0 0.9375 0.12980769230769232 0.01201923076923077 0.020432692307692308
0 0.953125 0.1310096153846154 0.013221153846153846 0.01201923076923077
0 0.9266826923076923 0.1346153846153846 0.013221153846153846 0.020432692307692308
0 0.8942307692307693 0.13822115384615385 0.01201923076923077 0.01201923076923077
0 0.8689903846153846 0.14182692307692307 0.01201923076923077 0.018028846153846152
0 0.9110576923076923 0.14903846153846154 0.014423076923076924 0.018028846153846152
0 0.9302884615384616 0.15504807692307693 0.014423076923076924 0.020432692307692308
0 0.8725961538461539 0.15625 0.018028846153846152 0.02283653846153846
0 0.8221153846153846 0.15985576923076922 0.025240384615384616 0.020432692307692308
0 0.8557692307692307 0.16105769230769232 0.025240384615384616 0.018028846153846152
0 0.9555288461538461 0.1658653846153846 0.018028846153846152 0.027644230769230768
0 0.8954326923076923 0.16826923076923078 0.02283653846153846 0.027644230769230768
0 0.9423076923076923 0.17307692307692307 0.014423076923076924 0.025240384615384616
0 0.9110576923076923 0.17908653846153846 0.021634615384615384 0.03245192307692308
0 0.8557692307692307 0.18389423076923078 0.025240384615384616 0.037259615384615384
0 0.8786057692307693 0.1875 0.021634615384615384 0.030048076923076924
0 0.7055288461538461 0.18870192307692307 0.028846153846153848 0.042067307692307696
0 0.7403846153846154 0.18870192307692307 0.014423076923076924 0.018028846153846152
0 0.7295673076923077 0.18990384615384615 0.021634615384615384 0.030048076923076924
0 0.9603365384615384 0.18990384615384615 0.02283653846153846 0.03485576923076923
0 0.8149038461538461 0.19230769230769232 0.016826923076923076 0.030048076923076924
0 0.8353365384615384 0.19230769230769232 0.02283653846153846 0.025240384615384616
0 0.78125 0.19951923076923078 0.026442307692307692 0.030048076923076924
0 0.7620192307692307 0.21153846153846154 0.021634615384615384 0.042067307692307696
0 0.7463942307692307 0.21394230769230768 0.018028846153846152 0.027644230769230768
0 0.9194711538461539 0.21514423076923078 0.025240384615384616 0.030048076923076924
0 0.8341346153846154 0.21634615384615385 0.021634615384615384 0.03245192307692308
0 0.8762019230769231 0.21875 0.03125 0.042067307692307696
0 0.9735576923076923 0.21875 0.016826923076923076 0.037259615384615384
0 0.8112980769230769 0.22596153846153846 0.016826923076923076 0.027644230769230768
0 0.8533653846153846 0.22596153846153846 0.020432692307692308 0.027644230769230768
0 0.7199519230769231 0.23557692307692307 0.02283653846153846 0.030048076923076924
0 0.6754807692307693 0.2403846153846154 0.028846153846153848 0.03485576923076923
0 0.7872596153846154 0.24158653846153846 0.021634615384615384 0.02283653846153846
0 0.9375 0.24639423076923078 0.03485576923076923 0.04807692307692308