0 0.8052884615384616 0.49759615384615385 0.004807692307692308 0.004807692307692308
0 0.5877403846153846 0.4879807692307692 0.004807692307692308 0.009615384615384616
0 0.5769230769230769 0.48677884615384615 0.009615384615384616 0.009615384615384616
0 0.9963942307692307 0.5408653846153846 0.007211538461538462 0.014423076923076924
0 0.7512019230769231 0.5096153846153846 0.01201923076923077 0.014423076923076924
0 0.5144230769230769 0.4807692307692308 0.004807692307692308 0.004807692307692308
0 0.6033653846153846 0.49399038461538464 0.009615384615384616 0.009615384615384616
0 0.5324519230769231 0.4855769230769231 0.004807692307692308 0.009615384615384616
0 0.5228365384615384 0.484375 0.004807692307692308 0.009615384615384616
0 0.9831730769230769 0.5408653846153846 0.004807692307692308 0.009615384615384616
0 0.8125 0.5240384615384616 0.004807692307692308 0.009615384615384616
0 0.7620192307692307 0.5180288461538461 0.004807692307692308 0.009615384615384616
0 0.5540865384615384 0.49158653846153844 0.004807692307692308 0.009615384615384616
0 0.5408653846153846 0.49038461538461536 0.004807692307692308 0.009615384615384616
0 0.9206730769230769 0.5372596153846154 0.009615384615384616 0.009615384615384616
0 0.8990384615384616 0.5348557692307693 0.004807692307692308 0.009615384615384616
0 0.8665865384615384 0.5300480769230769 0.004807692307692308 0.009615384615384616
0 0.8209134615384616 0.5252403846153846 0.004807692307692308 0.009615384615384616
0 0.7223557692307693 0.5132211538461539 0.009615384615384616 0.009615384615384616
0 0.7019230769230769 0.5108173076923077 0.004807692307692308 0.009615384615384616
0 0.6778846153846154 0.5072115384615384 0.004807692307692308 0.009615384615384616
0 0.6730769230769231 0.5072115384615384 0.004807692307692308 0.009615384615384616
0 0.09975961538461539 0.4362980769230769 0.004807692307692308 0.009615384615384616
0 0.84375 0.5276442307692307 0.004807692307692308 0.009615384615384616
0 0.9771634615384616 0.546875 0.007211538461538462 0.014423076923076924
0 0.640625 0.5048076923076923 0.007211538461538462 0.014423076923076924
0 0.9927884615384616 0.5480769230769231 0.01201923076923077 0.014423076923076924
0 0.9447115384615384 0.5420673076923077 0.007211538461538462 0.014423076923076924
0 0.9362980769230769 0.5408653846153846 0.007211538461538462 0.014423076923076924
0 0.8942307692307693 0.5384615384615384 0.004807692307692308 0.009615384615384616
0 0.6814903846153846 0.5180288461538461 0.004807692307692308 0.009615384615384616
0 0.6574519230769231 0.5144230769230769 0.009615384615384616 0.009615384615384616
0 0.6225961538461539 0.5072115384615384 0.007211538461538462 0.014423076923076924
0 0.24519230769230768 0.46153846153846156 0.004807692307692308 0.004807692307692308
0 0.15384615384615385 0.453125 0.004807692307692308 0.009615384615384616
0 0.6766826923076923 0.5192307692307693 0.007211538461538462 0.014423076923076924
0 0.5096153846153846 0.4987980769230769 0.01201923076923077 0.014423076923076924
0 0.18028846153846154 0.4579326923076923 0.007211538461538462 0.014423076923076924
0 0.41947115384615385 0.49038461538461536 0.004807692307692308 0.009615384615384616
0 0.49278846153846156 0.4987980769230769 0.004807692307692308 0.009615384615384616
0 0.2127403846153846 0.4651442307692308 0.004807692307692308 0.009615384615384616
0 0.25841346153846156 0.47475961538461536 0.004807692307692308 0.009615384615384616
0 0.10697115384615384 0.4543269230769231 0.007211538461538462 0.014423076923076924
0 0.8413461538461539 0.546875 0.004807692307692308 0.009615384615384616
0 0.5408653846153846 0.5072115384615384 0.01201923076923077 0.014423076923076924
0 0.5300480769230769 0.5060096153846154 0.007211538461538462 0.014423076923076924
0 0.36177884615384615 0.4855769230769231 0.01201923076923077 0.014423076923076924
0 0.328125 0.4807692307692308 0.007211538461538462 0.014423076923076924
0 0.4098557692307692 0.49399038461538464 0.004807692307692308 0.009615384615384616
0 0.40024038461538464 0.49278846153846156 0.004807692307692308 0.009615384615384616
0 0.8810096153846154 0.5540865384615384 0.01201923076923077 0.014423076923076924
0 0.8713942307692307 0.5504807692307693 0.009615384615384616 0.009615384615384616
0 0.7824519230769231 0.5420673076923077 0.007211538461538462 0.014423076923076924
0 0.6502403846153846 0.5252403846153846 0.01201923076923077 0.014423076923076924
0 0.5685096153846154 0.5180288461538461 0.01201923076923077 0.019230769230769232
0 0.4831730769230769 0.5072115384615384 0.007211538461538462 0.019230769230769232
0 0.36778846153846156 0.49158653846153844 0.004807692307692308 0.004807692307692308
0 0.9302884615384616 0.5625 0.01201923076923077 0.019230769230769232
0 0.3125 0.484375 0.004807692307692308 0.004807692307692308
0 0.26322115384615385 0.47836538461538464 0.004807692307692308 0.004807692307692308
0 0.22596153846153846 0.4735576923076923 0.004807692307692308 0.004807692307692308
0 0.9122596153846154 0.5600961538461539 0.01201923076923077 0.019230769230769232
0 0.859375 0.5516826923076923 0.007211538461538462 0.014423076923076924
0 0.8317307692307693 0.5480769230769231 0.007211538461538462 0.014423076923076924
0 0.5540865384615384 0.5144230769230769 0.01201923076923077 0.014423076923076924
0 0.4266826923076923 0.5012019230769231 0.004807692307692308 0.009615384615384616
0 0.3870192307692308 0.4951923076923077 0.004807692307692308 0.009615384615384616
0 0.15625 0.4675480769230769 0.004807692307692308 0.009615384615384616
0 0.9723557692307693 0.5673076923076923 0.01201923076923077 0.019230769230769232
0 0.37740384615384615 0.4951923076923077 0.004807692307692308 0.009615384615384616
0 0.12620192307692307 0.4639423076923077 0.009615384615384616 0.009615384615384616
0 0.7007211538461539 0.5372596153846154 0.01201923076923077 0.014423076923076924
0 0.7608173076923077 0.5480769230769231 0.01201923076923077 0.014423076923076924
0 0.5444711538461539 0.5216346153846154 0.01201923076923077 0.014423076923076924
0 0.8882211538461539 0.5637019230769231 0.01201923076923077 0.014423076923076924
0 0.26802884615384615 0.4855769230769231 0.009615384615384616 0.009615384615384616
0 0.8978365384615384 0.5637019230769231 0.009615384615384616 0.009615384615384616
0 0.5024038461538461 0.5180288461538461 0.009615384615384616 0.009615384615384616
0 0.3485576923076923 0.5 0.004807692307692308 0.009615384615384616
0 0.23197115384615385 0.4855769230769231 0.009615384615384616 0.009615384615384616
0 0.15264423076923078 0.47596153846153844 0.009615384615384616 0.009615384615384616
0 0.31850961538461536 0.4987980769230769 0.01201923076923077 0.014423076923076924
0 0.7139423076923077 0.5444711538461539 0.01201923076923077 0.019230769230769232
0 0.6418269230769231 0.5360576923076923 0.004807692307692308 0.009615384615384616
0 0.3918269230769231 0.5048076923076923 0.009615384615384616 0.009615384615384616
0 0.1778846153846154 0.47836538461538464 0.004807692307692308 0.009615384615384616
0 0.8004807692307693 0.5576923076923077 0.01201923076923077 0.014423076923076924
0 0.6682692307692307 0.5408653846153846 0.01201923076923077 0.014423076923076924
0 0.5276442307692307 0.5216346153846154 0.004807692307692308 0.009615384615384616
0 0.11658653846153846 0.47115384615384615 0.009615384615384616 0.009615384615384616
0 0.036057692307692304 0.46153846153846156 0.004807692307692308 0.009615384615384616
0 0.8701923076923077 0.5637019230769231 0.01201923076923077 0.019230769230769232
0 0.7079326923076923 0.5480769230769231 0.01201923076923077 0.019230769230769232
0 0.5709134615384616 0.5288461538461539 0.01201923076923077 0.014423076923076924
0 0.45552884615384615 0.515625 0.009615384615384616 0.004807692307692308
0 0.9387019230769231 0.5769230769230769 0.01201923076923077 0.019230769230769232
0 0.16947115384615385 0.4795673076923077 0.007211538461538462 0.014423076923076924
0 0.7896634615384616 0.5612980769230769 0.007211538461538462 0.014423076923076924
0 0.9471153846153846 0.578125 0.01201923076923077 0.019230769230769232
0 0.4170673076923077 0.515625 0.007211538461538462 0.014423076923076924
0 0.34134615384615385 0.5036057692307693 0.009615384615384616 0.009615384615384616
0 0.7776442307692307 0.5564903846153846 0.01201923076923077 0.019230769230769232
0 0.6141826923076923 0.5372596153846154 0.004807692307692308 0.009615384615384616
0 0.9194711538461539 0.5769230769230769 0.01201923076923077 0.02403846153846154
0 0.1875 0.484375 0.004807692307692308 0.009615384615384616
0 0.08052884615384616 0.47115384615384615 0.004807692307692308 0.009615384615384616
0 0.8545673076923077 0.5661057692307693 0.01201923076923077 0.019230769230769232
0 0.7307692307692307 0.5540865384615384 0.01201923076923077 0.014423076923076924
0 0.6802884615384616 0.5480769230769231 0.01201923076923077 0.014423076923076924
0 0.6526442307692307 0.5444711538461539 0.01201923076923077 0.02403846153846154
0 0.6358173076923077 0.5420673076923077 0.01201923076923077 0.014423076923076924
0 0.9290865384615384 0.578125 0.01201923076923077 0.02403846153846154
0 0.84375 0.5673076923076923 0.007211538461538462 0.014423076923076924
0 0.7403846153846154 0.5576923076923077 0.01201923076923077 0.019230769230769232
0 0.4326923076923077 0.5192307692307693 0.009615384615384616 0.009615384615384616
0 0.13341346153846154 0.4831730769230769 0.009615384615384616 0.009615384615384616
0 0.1310096153846154 0.4831730769230769 0.004807692307692308 0.009615384615384616
0 0.9651442307692307 0.5853365384615384 0.01201923076923077 0.019230769230769232
0 0.22115384615384615 0.49399038461538464 0.009615384615384616 0.009615384615384616
0 0.9038461538461539 0.5769230769230769 0.016826923076923076 0.019230769230769232
0 0.01201923076923077 0.4675480769230769 0.004807692307692308 0.009615384615384616
0 0.7596153846153846 0.5625 0.007211538461538462 0.014423076923076924
0 0.2848557692307692 0.5036057692307693 0.01201923076923077 0.014423076923076924
0 0.13822115384615385 0.4855769230769231 0.01201923076923077 0.014423076923076924
0 0.4963942307692308 0.5300480769230769 0.01201923076923077 0.014423076923076924
0 0.20192307692307693 0.4963942307692308 0.009615384615384616 0.009615384615384616
0 0.17427884615384615 0.49278846153846156 0.009615384615384616 0.009615384615384616
0 0.020432692307692308 0.4735576923076923 0.004807692307692308 0.009615384615384616
0 0.23798076923076922 0.5 0.009615384615384616 0.009615384615384616
0 0.14182692307692307 0.4891826923076923 0.009615384615384616 0.009615384615384616
0 0.9711538461538461 0.5925480769230769 0.016826923076923076 0.02403846153846154
0 0.5925480769230769 0.546875 0.01201923076923077 0.014423076923076924
0 0.25961538461538464 0.5084134615384616 0.004807692307692308 0.009615384615384616
0 0.22716346153846154 0.5036057692307693 0.004807692307692308 0.009615384615384616
0 0.16105769230769232 0.49399038461538464 0.01201923076923077 0.014423076923076924
0 0.11899038461538461 0.4879807692307692 0.01201923076923077 0.014423076923076924
0 0.046875 0.4795673076923077 0.007211538461538462 0.014423076923076924
0 0.9819711538461539 0.5961538461538461 0.01201923076923077 0.019230769230769232
0 0.2800480769230769 0.5084134615384616 0.01201923076923077 0.014423076923076924
0 0.1971153846153846 0.5 0.01201923076923077 0.019230769230769232
0 0.03365384615384615 0.47836538461538464 0.007211538461538462 0.014423076923076924
0 0.4675480769230769 0.5360576923076923 0.01201923076923077 0.014423076923076924
0 0.40865384615384615 0.5288461538461539 0.01201923076923077 0.014423076923076924
0 0.3713942307692308 0.5216346153846154 0.01201923076923077 0.019230769230769232
0 0.09134615384615384 0.48677884615384615 0.009615384615384616 0.009615384615384616
0 0.8798076923076923 0.5841346153846154 0.016826923076923076 0.019230769230769232
0 0.5348557692307693 0.5420673076923077 0.016826923076923076 0.019230769230769232
0 0.44711538461538464 0.5336538461538461 0.007211538461538462 0.014423076923076924
0 0.09735576923076923 0.49038461538461536 0.007211538461538462 0.014423076923076924
0 0.054086538461538464 0.4855769230769231 0.01201923076923077 0.014423076923076924
0 0.8125 0.578125 0.01201923076923077 0.02403846153846154
0 0.6935096153846154 0.5637019230769231 0.01201923076923077 0.014423076923076924
0 0.27403846153846156 0.5120192307692307 0.01201923076923077 0.014423076923076924
0 0.6418269230769231 0.5600961538461539 0.01201923076923077 0.019230769230769232
0 0.5769230769230769 0.5516826923076923 0.01201923076923077 0.019230769230769232
0 0.7896634615384616 0.5829326923076923 0.016826923076923076 0.019230769230769232
0 0.3112980769230769 0.5216346153846154 0.01201923076923077 0.014423076923076924
0 0.7199519230769231 0.5745192307692307 0.01201923076923077 0.019230769230769232
0 0.3473557692307692 0.5300480769230769 0.01201923076923077 0.014423076923076924
0 0.33774038461538464 0.5276442307692307 0.01201923076923077 0.019230769230769232
0 0.2283653846153846 0.515625 0.01201923076923077 0.014423076923076924
0 0.6778846153846154 0.5685096153846154 0.01201923076923077 0.019230769230769232
0 0.6033653846153846 0.5600961538461539 0.016826923076923076 0.019230769230769232
0 0.4375 0.5396634615384616 0.004807692307692308 0.009615384615384616
0 0.08052884615384616 0.4963942307692308 0.01201923076923077 0.014423076923076924
0 0.07211538461538461 0.4963942307692308 0.01201923076923077 0.014423076923076924
0 0.1658653846153846 0.5096153846153846 0.004807692307692308 0.009615384615384616
0 0.7091346153846154 0.5793269230769231 0.01201923076923077 0.014423076923076924
0 0.38341346153846156 0.5384615384615384 0.01201923076923077 0.014423076923076924
0 0.26322115384615385 0.5216346153846154 0.01201923076923077 0.019230769230769232
0 0.6370192307692307 0.5721153846153846 0.007211538461538462 0.019230769230769232
0 0.30288461538461536 0.53125 0.016826923076923076 0.019230769230769232
0 0.04447115384615385 0.49759615384615385 0.007211538461538462 0.014423076923076924
0 0.7668269230769231 0.5889423076923077 0.016826923076923076 0.028846153846153848
0 0.11658653846153846 0.5108173076923077 0.01201923076923077 0.014423076923076924
0 0.10096153846153846 0.5096153846153846 0.007211538461538462 0.014423076923076924
0 0.0889423076923077 0.5072115384615384 0.01201923076923077 0.014423076923076924
0 0.056490384615384616 0.5036057692307693 0.01201923076923077 0.014423076923076924
0 0.006009615384615385 0.49759615384615385 0.01201923076923077 0.014423076923076924
0 0.17548076923076922 0.515625 0.009615384615384616 0.009615384615384616
0 0.1466346153846154 0.5120192307692307 0.004807692307692308 0.009615384615384616
0 0.875 0.6045673076923077 0.01201923076923077 0.014423076923076924
0 0.7331730769230769 0.5913461538461539 0.016826923076923076 0.02403846153846154
0 0.1346153846153846 0.515625 0.009615384615384616 0.009615384615384616
0 0.9338942307692307 0.6165865384615384 0.021634615384615384 0.03365384615384615
0 0.6586538461538461 0.5829326923076923 0.01201923076923077 0.02403846153846154
0 0.8942307692307693 0.6141826923076923 0.016826923076923076 0.019230769230769232
0 0.19471153846153846 0.5252403846153846 0.01201923076923077 0.02403846153846154
0 0.5769230769230769 0.5745192307692307 0.016826923076923076 0.019230769230769232
0 0.015625 0.5060096153846154 0.004807692307692308 0.009615384615384616
0 0.6935096153846154 0.5913461538461539 0.021634615384615384 0.02403846153846154
0 0.02283653846153846 0.5096153846153846 0.01201923076923077 0.014423076923076924
0 0.6826923076923077 0.5925480769230769 0.016826923076923076 0.019230769230769232
0 0.057692307692307696 0.5132211538461539 0.007211538461538462 0.014423076923076924
0 0.03485576923076923 0.515625 0.007211538461538462 0.014423076923076924
0 0.5504807692307693 0.5817307692307693 0.01201923076923077 0.019230769230769232
0 0.21995192307692307 0.5408653846153846 0.01201923076923077 0.019230769230769232
0 0.109375 0.5276442307692307 0.01201923076923077 0.019230769230769232
0 0.8016826923076923 0.6117788461538461 0.016826923076923076 0.028846153846153848
0 0.9615384615384616 0.6322115384615384 0.016826923076923076 0.028846153846153848
0 0.4963942307692308 0.5721153846153846 0.01201923076923077 0.02403846153846154
0 0.4567307692307692 0.5673076923076923 0.016826923076923076 0.02403846153846154
0 0.42908653846153844 0.5637019230769231 0.016826923076923076 0.02403846153846154
0 0.5372596153846154 0.5817307692307693 0.01201923076923077 0.02403846153846154
0 0.1778846153846154 0.5360576923076923 0.01201923076923077 0.019230769230769232
0 0.5853365384615384 0.5877403846153846 0.016826923076923076 0.02403846153846154
0 0.2776442307692308 0.5504807692307693 0.016826923076923076 0.02403846153846154
0 0.8353365384615384 0.6189903846153846 0.01201923076923077 0.02403846153846154
0 0.5048076923076923 0.5793269230769231 0.01201923076923077 0.019230769230769232
0 0.25 0.546875 0.016826923076923076 0.02403846153846154
0 0.15985576923076922 0.5360576923076923 0.01201923076923077 0.02403846153846154
0 0.8822115384615384 0.6286057692307693 0.026442307692307692 0.036057692307692304
0 0.13221153846153846 0.5360576923076923 0.01201923076923077 0.02403846153846154
0 0.05048076923076923 0.5288461538461539 0.016826923076923076 0.019230769230769232
0 0.4699519230769231 0.5793269230769231 0.016826923076923076 0.028846153846153848
0 0.6370192307692307 0.5997596153846154 0.01201923076923077 0.028846153846153848
0 0.1971153846153846 0.5516826923076923 0.016826923076923076 0.019230769230769232
0 0.10336538461538461 0.5396634615384616 0.01201923076923077 0.019230769230769232
0 0.6057692307692307 0.6033653846153846 0.016826923076923076 0.02403846153846154
0 0.2980769230769231 0.5637019230769231 0.016826923076923076 0.019230769230769232
0 0.44471153846153844 0.5865384615384616 0.016826923076923076 0.028846153846153848
0 0.001201923076923077 0.53125 0.002403846153846154 0.028846153846153848
0 0.3605769230769231 0.5853365384615384 0.016826923076923076 0.028846153846153848
0 0.4855769230769231 0.6009615384615384 0.016826923076923076 0.019230769230769232
0 0.5192307692307693 0.6057692307692307 0.01201923076923077 0.019230769230769232
0 0.4026442307692308 0.5913461538461539 0.016826923076923076 0.019230769230769232
0 0.3112980769230769 0.5817307692307693 0.016826923076923076 0.02403846153846154
0 0.921875 0.6574519230769231 0.028846153846153848 0.04567307692307692
0 0.2920673076923077 0.5793269230769231 0.016826923076923076 0.02403846153846154
0 0.6502403846153846 0.6262019230769231 0.016826923076923076 0.028846153846153848
0 0.7247596153846154 0.6394230769230769 0.021634615384615384 0.028846153846153848
0 0.8389423076923077 0.6526442307692307 0.016826923076923076 0.028846153846153848
0 0.3425480769230769 0.5913461538461539 0.016826923076923076 0.02403846153846154
0 0.7403846153846154 0.6478365384615384 0.026442307692307692 0.036057692307692304
0 0.1658653846153846 0.5805288461538461 0.016826923076923076 0.028846153846153848
0 0.14302884615384615 0.5793269230769231 0.016826923076923076 0.016826923076923076
0 0.6586538461538461 0.6478365384615384 0.02403846153846154 0.04326923076923077
0 0.4567307692307692 0.6225961538461539 0.021634615384615384 0.03365384615384615
0 0.5901442307692307 0.6394230769230769 0.021634615384615384 0.02403846153846154
0 0.4723557692307692 0.625 0.026442307692307692 0.036057692307692304
0 0.7764423076923077 0.6646634615384616 0.026442307692307692 0.03125
0 0.5108173076923077 0.6346153846153846 0.021634615384615384 0.03365384615384615
0 0.20793269230769232 0.5997596153846154 0.021634615384615384 0.038461538461538464
0 0.3389423076923077 0.6177884615384616 0.019230769230769232 0.03365384615384615
0 0.7463942307692307 0.671875 0.026442307692307692 0.036057692307692304
0 0.07572115384615384 0.5901442307692307 0.019230769230769232 0.03365384615384615
0 0.4050480769230769 0.6322115384615384 0.021634615384615384 0.028846153846153848
0 0.10576923076923077 0.5985576923076923 0.02403846153846154 0.04326923076923077
0 0.2776442307692308 0.6237980769230769 0.026442307692307692 0.036057692307692304
0 0.13581730769230768 0.6117788461538461 0.021634615384615384 0.03365384615384615
0 0.34975961538461536 0.6382211538461539 0.028846153846153848 0.04567307692307692
0 0.3161057692307692 0.6430288461538461 0.028846153846153848 0.04567307692307692
0 0.1141826923076923 0.6237980769230769 0.026442307692307692 0.036057692307692304
0 0.36778846153846156 0.6538461538461539 0.028846153846153848 0.04567307692307692
0 0.7860576923076923 0.71875 0.03365384615384615 0.04567307692307692
0 0.5120192307692307 0.6850961538461539 0.026442307692307692 0.036057692307692304
0 0.8545673076923077 0.7319711538461539 0.03365384615384615 0.04567307692307692
0 0.5564903846153846 0.703125 0.026442307692307692 0.040865384615384616
0 0.7199519230769231 0.7391826923076923 0.038461538461538464 0.04567307692307692
0 0.03485576923076923 0.6550480769230769 0.038461538461538464 0.052884615384615384
0 0.7668269230769231 0.7596153846153846 0.03365384615384615 0.052884615384615384
0 0.36538461538461536 0.7151442307692307 0.02403846153846154 0.04326923076923077
0 0.3942307692307692 0.7235576923076923 0.03125 0.036057692307692304
0 0.08533653846153846 0.7007211538461539 0.038461538461538464 0.057692307692307696
0 0.052884615384615384 0.7019230769230769 0.028846153846153848 0.057692307692307696
0 0.27524038461538464 0.734375 0.03365384615384615 0.057692307692307696
0 0.15985576923076922 0.7259615384615384 0.04326923076923077 0.055288461538461536
0 0.6778846153846154 0.7992788461538461 0.04326923076923077 0.06490384615384616
0 0.18389423076923078 0.7584134615384616 0.03365384615384615 0.052884615384615384
0 0.09615384615384616 0.7704326923076923 0.038461538461538464 0.0625
0 0.203125 0.8064903846153846 0.038461538461538464 0.052884615384615384
0 0.8197115384615384 0.9314903846153846 0.055288461538461536 0.07932692307692307
0 0.3088942307692308 0.9050480769230769 0.05048076923076923 0.07932692307692307
0 0.10817307692307693 0.9411057692307693 0.052884615384615384 0.03365384615384615