0 0.8870192307692307 0.20072115384615385 0.055288461538461536 0.06971153846153846
0 0.7740384615384616 0.203125 0.057692307692307696 0.07572115384615384
0 0.9735576923076923 0.20673076923076922 0.04927884615384615 0.06971153846153846
0 0.5060096153846154 0.021634615384615384 0.030048076923076924 0.04326923076923077
0 0.171875 0.21153846153846154 0.04447115384615385 0.06610576923076923
0 0.6009615384615384 0.21634615384615385 0.046875 0.07572115384615384
0 0.7115384615384616 0.21754807692307693 0.042067307692307696 0.07692307692307693
0 0.49278846153846156 0.22235576923076922 0.052884615384615384 0.07572115384615384
0 0.90625 0.025240384615384616 0.036057692307692304 0.046875
0 0.984375 0.025240384615384616 0.030048076923076924 0.04927884615384615
0 0.2439903846153846 0.25 0.04447115384615385 0.07932692307692307
0 0.5949519230769231 0.026442307692307692 0.04326923076923077 0.052884615384615384
0 0.7475961538461539 0.027644230769230768 0.038461538461538464 0.055288461538461536
0 0.29927884615384615 0.03125 0.038461538461538464 0.0625
0 0.8161057692307693 0.31490384615384615 0.055288461538461536 0.07932692307692307
0 0.042067307692307696 0.31971153846153844 0.052884615384615384 0.07572115384615384
0 0.7151442307692307 0.32091346153846156 0.057692307692307696 0.08533653846153846
0 0.921875 0.32211538461538464 0.05048076923076923 0.07572115384615384
0 0.13341346153846154 0.32572115384615385 0.06129807692307692 0.10817307692307693
0 0.5 0.3293269230769231 0.04326923076923077 0.06971153846153846
0 0.5925480769230769 0.33052884615384615 0.04447115384615385 0.07211538461538461
0 0.9603365384615384 0.35336538461538464 0.05889423076923077 0.08533653846153846
0 0.2283653846153846 0.036057692307692304 0.046875 0.04927884615384615
0 0.13822115384615385 0.042067307692307696 0.06129807692307692 0.0625
0 0.734375 0.46274038461538464 0.055288461538461536 0.08533653846153846
0 0.859375 0.4699519230769231 0.05889423076923077 0.09495192307692307
0 0.9567307692307693 0.47475961538461536 0.039663461538461536 0.07091346153846154
0 0.625 0.49399038461538464 0.04447115384615385 0.08533653846153846
0 0.49038461538461536 0.49759615384615385 0.057692307692307696 0.0985576923076923
0 0.17427884615384615 0.515625 0.042067307692307696 0.07091346153846154
0 0.06610576923076923 0.5264423076923077 0.046875 0.09134615384615384
0 0.3161057692307692 0.5456730769230769 0.06370192307692307 0.09134615384615384
0 0.018028846153846152 0.6514423076923077 0.03485576923076923 0.07932692307692307
0 0.8918269230769231 0.6586538461538461 0.057692307692307696 0.08533653846153846
0 0.6117788461538461 0.6694711538461539 0.046875 0.08173076923076923
0 0.47836538461538464 0.6742788461538461 0.0673076923076923 0.09134615384615384
0 0.796875 0.6742788461538461 0.04447115384615385 0.07932692307692307
0 0.12860576923076922 0.6911057692307693 0.07211538461538461 0.1045673076923077
0 0.765625 0.09375 0.04927884615384615 0.0625
0 0.5817307692307693 0.0985576923076923 0.03365384615384615 0.057692307692307696
0 0.8701923076923077 0.09975961538461539 0.046875 0.06129807692307692
0 0.5084134615384616 0.10216346153846154 0.040865384615384616 0.05889423076923077
0 0.9411057692307693 0.10336538461538461 0.05048076923076923 0.07451923076923077
0 0.6814903846153846 0.10817307692307693 0.02403846153846154 0.052884615384615384
0 0.19471153846153846 0.11298076923076923 0.04927884615384615 0.07572115384615384
0 0.02403846153846154 0.12259615384615384 0.04807692307692308 0.056490384615384616
0 0.2764423076923077 0.125 0.03485576923076923 0.05889423076923077
0 0.10096153846153846 0.125 0.038461538461538464 0.046875