0 0.9074519230769231 0.1875 0.03245192307692308 0.05048076923076923
0 0.6225961538461539 0.19471153846153846 0.03245192307692308 0.055288461538461536
0 0.6826923076923077 0.19471153846153846 0.037259615384615384 0.07451923076923077
0 0.2704326923076923 0.1971153846153846 0.037259615384615384 0.055288461538461536
0 0.8245192307692307 0.19951923076923078 0.03245192307692308 0.06490384615384616
0 0.1346153846153846 0.20192307692307693 0.03245192307692308 0.055288461538461536
0 0.35096153846153844 0.020432692307692308 0.03365384615384615 0.040865384615384616
0 0.7211538461538461 0.02283653846153846 0.038461538461538464 0.04567307692307692
0 0.5552884615384616 0.21033653846153846 0.042067307692307696 0.06009615384615385
0 0.33774038461538464 0.21514423076923078 0.03245192307692308 0.05048076923076923
0 0.41225961538461536 0.21754807692307693 0.037259615384615384 0.05048076923076923
0 0.265625 0.02283653846153846 0.027644230769230768 0.042067307692307696
0 0.8737980769230769 0.02283653846153846 0.026442307692307692 0.04567307692307692
0 0.19951923076923078 0.23557692307692307 0.037259615384615384 0.05048076923076923
0 0.4170673076923077 0.025240384615384616 0.02283653846153846 0.05048076923076923
0 0.07692307692307693 0.025240384615384616 0.027644230769230768 0.05048076923076923
0 0.9254807692307693 0.24759615384615385 0.05048076923076923 0.078125
0 0.140625 0.027644230769230768 0.042067307692307696 0.055288461538461536
0 0.4879807692307692 0.025240384615384616 0.027644230769230768 0.046875
0 0.7704326923076923 0.265625 0.03245192307692308 0.05048076923076923
0 0.25240384615384615 0.2704326923076923 0.037259615384615384 0.05048076923076923
0 0.3954326923076923 0.2704326923076923 0.03245192307692308 0.05048076923076923
0 0.042067307692307696 0.27283653846153844 0.037259615384615384 0.06009615384615385
0 0.6153846153846154 0.2776442307692308 0.037259615384615384 0.06009615384615385
0 0.546875 0.2776442307692308 0.037259615384615384 0.06490384615384616
0 0.4675480769230769 0.2800480769230769 0.042067307692307696 0.05048076923076923
0 0.33052884615384615 0.2800480769230769 0.03245192307692308 0.055288461538461536
0 0.984375 0.28966346153846156 0.02283653846153846 0.06971153846153846
0 0.18990384615384615 0.296875 0.037259615384615384 0.05048076923076923
0 0.7295673076923077 0.31490384615384615 0.037259615384615384 0.06490384615384616
0 0.8173076923076923 0.32211538461538464 0.037259615384615384 0.05048076923076923
0 0.9170673076923077 0.32211538461538464 0.037259615384615384 0.05048076923076923
0 0.9699519230769231 0.32211538461538464 0.03245192307692308 0.05048076923076923
0 0.11538461538461539 0.32211538461538464 0.03245192307692308 0.06009615384615385
0 0.3629807692307692 0.3269230769230769 0.037259615384615384 0.06490384615384616
0 0.2776442307692308 0.33052884615384615 0.03245192307692308 0.06490384615384616
0 0.23197115384615385 0.33533653846153844 0.037259615384615384 0.06009615384615385
0 0.5348557692307693 0.03485576923076923 0.037259615384615384 0.046875
0 0.43509615384615385 0.3401442307692308 0.037259615384615384 0.055288461538461536
0 0.07211538461538461 0.3401442307692308 0.027644230769230768 0.055288461538461536
0 0.6754807692307693 0.3425480769230769 0.037259615384615384 0.06971153846153846
0 0.01201923076923077 0.3425480769230769 0.02283653846153846 0.046875
0 0.14302884615384615 0.3605769230769231 0.042067307692307696 0.06490384615384616
0 0.8521634615384616 0.375 0.037259615384615384 0.06490384615384616
0 0.6298076923076923 0.390625 0.037259615384615384 0.06490384615384616
0 0.7824519230769231 0.390625 0.042067307692307696 0.05048076923076923
0 0.23197115384615385 0.039663461538461536 0.03245192307692308 0.037259615384615384
0 0.039663461538461536 0.40024038461538464 0.037259615384615384 0.055288461538461536
0 0.4579326923076923 0.4026442307692308 0.037259615384615384 0.06971153846153846
0 0.39783653846153844 0.4050480769230769 0.042067307692307696 0.06971153846153846
0 0.32211538461538464 0.4098557692307692 0.042067307692307696 0.06490384615384616
0 0.6971153846153846 0.41225961538461536 0.037259615384615384 0.06009615384615385
0 0.25240384615384615 0.41225961538461536 0.042067307692307696 0.06009615384615385
0 0.10216346153846154 0.41947115384615385 0.042067307692307696 0.06490384615384616
0 0.18269230769230768 0.421875 0.037259615384615384 0.06009615384615385
0 0.5252403846153846 0.421875 0.042067307692307696 0.05048076923076923
0 0.9278846153846154 0.4495192307692308 0.042067307692307696 0.06971153846153846
0 0.9879807692307693 0.46274038461538464 0.02283653846153846 0.055288461538461536
0 0.9146634615384616 0.04807692307692308 0.042067307692307696 0.06490384615384616
0 0.7451923076923077 0.4675480769230769 0.042067307692307696 0.06009615384615385
0 0.3545673076923077 0.4723557692307692 0.03245192307692308 0.055288461538461536
0 0.8305288461538461 0.4723557692307692 0.03245192307692308 0.046875
0 0.26802884615384615 0.48197115384615385 0.037259615384615384 0.06490384615384616
0 0.13942307692307693 0.48197115384615385 0.037259615384615384 0.06009615384615385
0 0.057692307692307696 0.484375 0.03245192307692308 0.06009615384615385
0 0.6694711538461539 0.4855769230769231 0.037259615384615384 0.06490384615384616
0 0.5180288461538461 0.49038461538461536 0.037259615384615384 0.06971153846153846
0 0.5805288461538461 0.49278846153846156 0.037259615384615384 0.05048076923076923
0 0.42788461538461536 0.5 0.042067307692307696 0.078125
0 0.9855769230769231 0.05048076923076923 0.027644230769230768 0.06009615384615385
0 0.2127403846153846 0.5300480769230769 0.037259615384615384 0.06490384615384616
0 0.9675480769230769 0.5348557692307693 0.05048076923076923 0.07451923076923077
0 0.8028846153846154 0.5396634615384616 0.05048076923076923 0.06009615384615385
0 0.0625 0.5444711538461539 0.046875 0.06490384615384616
0 0.8822115384615384 0.5444711538461539 0.046875 0.07451923076923077
0 0.4675480769230769 0.5480769230769231 0.037259615384615384 0.055288461538461536
0 0.6322115384615384 0.5504807692307693 0.037259615384615384 0.06009615384615385
0 0.1622596153846154 0.5576923076923077 0.037259615384615384 0.05048076923076923
0 0.31490384615384615 0.5649038461538461 0.037259615384615384 0.07451923076923077
0 0.39302884615384615 0.5649038461538461 0.037259615384615384 0.06971153846153846
0 0.5600961538461539 0.5697115384615384 0.037259615384615384 0.06490384615384616
0 0.7151442307692307 0.5697115384615384 0.05048076923076923 0.0829326923076923
0 0.703125 0.06009615384615385 0.046875 0.06971153846153846
0 0.8545673076923077 0.06009615384615385 0.03245192307692308 0.046875
0 0.5348557692307693 0.6177884615384616 0.027644230769230768 0.06009615384615385
0 0.9723557692307693 0.6225961538461539 0.046875 0.07451923076923077
0 0.8377403846153846 0.6298076923076923 0.055288461538461536 0.07451923076923077
0 0.4375 0.6322115384615384 0.03245192307692308 0.06009615384615385
0 0.01201923076923077 0.6322115384615384 0.02283653846153846 0.055288461538461536
0 0.20192307692307693 0.6370192307692307 0.042067307692307696 0.06971153846153846
0 0.7776442307692307 0.6370192307692307 0.05048076923076923 0.078125
0 0.35697115384615385 0.6370192307692307 0.03245192307692308 0.055288461538461536
0 0.5973557692307693 0.640625 0.042067307692307696 0.06009615384615385
0 0.27283653846153844 0.6430288461538461 0.037259615384615384 0.06490384615384616
0 0.046875 0.6454326923076923 0.046875 0.06971153846153846
0 0.6802884615384616 0.6502403846153846 0.05048076923076923 0.06490384615384616
0 0.1045673076923077 0.6550480769230769 0.042067307692307696 0.06971153846153846
0 0.7848557692307693 0.06971153846153846 0.037259615384615384 0.046875
0 0.38221153846153844 0.6947115384615384 0.037259615384615384 0.042067307692307696
0 0.5877403846153846 0.6971153846153846 0.037259615384615384 0.037259615384615384
0 0.31009615384615385 0.6971153846153846 0.03245192307692308 0.037259615384615384
0 0.1502403846153846 0.6995192307692307 0.037259615384615384 0.042067307692307696
0 0.22956730769230768 0.7019230769230769 0.03245192307692308 0.05048076923076923
0 0.8305288461538461 0.703125 0.042067307692307696 0.06971153846153846
0 0.7427884615384616 0.7055288461538461 0.027644230769230768 0.037259615384615384
0 0.9050480769230769 0.7079326923076923 0.037259615384615384 0.06490384615384616
0 0.48197115384615385 0.7103365384615384 0.037259615384615384 0.06009615384615385
0 0.6322115384615384 0.07211538461538461 0.03245192307692308 0.055288461538461536
0 0.6225961538461539 0.7127403846153846 0.037259615384615384 0.05048076923076923
0 0.4579326923076923 0.7151442307692307 0.02283653846153846 0.046875
0 0.052884615384615384 0.7151442307692307 0.037259615384615384 0.055288461538461536
0 0.5697115384615384 0.7247596153846154 0.037259615384615384 0.046875
0 0.9254807692307693 0.7247596153846154 0.046875 0.06490384615384616
0 0.5649038461538461 0.07451923076923077 0.03245192307692308 0.055288461538461536
0 0.12259615384615384 0.7319711538461539 0.037259615384615384 0.03245192307692308
0 0.38221153846153844 0.7379807692307693 0.042067307692307696 0.046875
0 0.6574519230769231 0.7403846153846154 0.042067307692307696 0.078125
0 0.16706730769230768 0.7427884615384616 0.037259615384615384 0.06490384615384616
0 0.2403846153846154 0.7427884615384616 0.037259615384615384 0.055288461538461536
0 0.4230769230769231 0.7451923076923077 0.037259615384615384 0.06490384615384616
0 0.32211538461538464 0.7451923076923077 0.02283653846153846 0.05048076923076923
0 0.07451923076923077 0.7451923076923077 0.03245192307692308 0.06490384615384616
0 0.7944711538461539 0.7475961538461539 0.046875 0.06490384615384616
0 0.5949519230769231 0.7548076923076923 0.037259615384615384 0.06009615384615385
0 0.6923076923076923 0.7548076923076923 0.037259615384615384 0.06490384615384616
0 0.3449519230769231 0.7572115384615384 0.037259615384615384 0.055288461538461536
0 0.5180288461538461 0.7596153846153846 0.046875 0.07451923076923077
0 0.1201923076923077 0.7644230769230769 0.037259615384615384 0.05048076923076923
0 0.8569711538461539 0.7644230769230769 0.037259615384615384 0.06490384615384616
0 0.7295673076923077 0.765625 0.042067307692307696 0.046875
0 0.014423076923076924 0.7704326923076923 0.027644230769230768 0.06490384615384616
0 0.2620192307692308 0.7800480769230769 0.03245192307692308 0.06490384615384616
0 0.7644230769230769 0.7848557692307693 0.037259615384615384 0.05048076923076923
0 0.23557692307692307 0.078125 0.03245192307692308 0.037259615384615384
0 0.09735576923076923 0.078125 0.03245192307692308 0.05048076923076923
0 0.5600961538461539 0.7872596153846154 0.037259615384615384 0.06490384615384616
0 0.921875 0.7896634615384616 0.046875 0.06971153846153846
0 0.203125 0.7920673076923077 0.037259615384615384 0.05048076923076923
0 0.8269230769230769 0.7920673076923077 0.05048076923076923 0.055288461538461536
0 0.390625 0.796875 0.046875 0.06971153846153846
0 0.140625 0.796875 0.03245192307692308 0.055288461538461536
0 0.30528846153846156 0.7980769230769231 0.042067307692307696 0.06009615384615385
0 0.2776442307692308 0.8028846153846154 0.02283653846153846 0.05048076923076923
0 0.030048076923076924 0.8028846153846154 0.037259615384615384 0.06490384615384616
0 0.1622596153846154 0.8052884615384616 0.05048076923076923 0.06490384615384616
0 0.4651442307692308 0.8100961538461539 0.046875 0.06490384615384616
0 0.7319711538461539 0.8100961538461539 0.03245192307692308 0.05048076923076923
0 0.6478365384615384 0.8125 0.03245192307692308 0.042067307692307696
0 0.33533653846153844 0.8197115384615384 0.042067307692307696 0.05048076923076923
0 0.07692307692307693 0.8245192307692307 0.037259615384615384 0.06971153846153846
0 0.43028846153846156 0.0829326923076923 0.027644230769230768 0.055288461538461536
0 0.48197115384615385 0.0829326923076923 0.03245192307692308 0.05048076923076923
0 0.7944711538461539 0.828125 0.042067307692307696 0.06490384615384616
0 0.9819711538461539 0.8329326923076923 0.027644230769230768 0.0829326923076923
0 0.24278846153846154 0.8377403846153846 0.042067307692307696 0.06490384615384616
0 0.8846153846153846 0.8425480769230769 0.055288461538461536 0.06971153846153846
0 0.3004807692307692 0.08533653846153846 0.027644230769230768 0.05048076923076923
0 0.4326923076923077 0.8425480769230769 0.042067307692307696 0.046875
0 0.6850961538461539 0.8449519230769231 0.037259615384615384 0.07451923076923077
0 0.09975961538461539 0.859375 0.05048076923076923 0.06009615384615385
0 0.1875 0.859375 0.046875 0.06490384615384616
0 0.546875 0.8605769230769231 0.05048076923076923 0.06971153846153846
0 0.3605769230769231 0.08774038461538461 0.03245192307692308 0.055288461538461536
0 0.30288461538461536 0.8677884615384616 0.046875 0.06490384615384616
0 0.6526442307692307 0.8677884615384616 0.037259615384615384 0.07451923076923077
0 0.5877403846153846 0.8725961538461539 0.05048076923076923 0.042067307692307696
0 0.7427884615384616 0.8798076923076923 0.046875 0.06971153846153846
0 0.44711538461538464 0.890625 0.037259615384615384 0.06971153846153846
0 0.5072115384615384 0.8954326923076923 0.042067307692307696 0.06971153846153846
0 0.16466346153846154 0.09014423076923077 0.03245192307692308 0.037259615384615384
0 0.03485576923076923 0.09014423076923077 0.03245192307692308 0.046875
0 0.2403846153846154 0.9026442307692307 0.05048076923076923 0.07451923076923077
0 0.4098557692307692 0.9098557692307693 0.037259615384615384 0.055288461538461536
0 0.7680288461538461 0.9122596153846154 0.037259615384615384 0.05048076923076923
0 0.3269230769230769 0.9170673076923077 0.042067307692307696 0.06490384615384616
0 0.09975961538461539 0.921875 0.042067307692307696 0.055288461538461536
0 0.6021634615384616 0.921875 0.055288461538461536 0.06971153846153846
0 0.025240384615384616 0.9278846153846154 0.046875 0.07451923076923077
0 0.6971153846153846 0.9399038461538461 0.055288461538461536 0.06971153846153846
0 0.8425480769230769 0.9423076923076923 0.055288461538461536 0.08774038461538461
0 0.9423076923076923 0.09975961538461539 0.03245192307692308 0.055288461538461536
0 0.6574519230769231 0.11298076923076923 0.03245192307692308 0.06009615384615385
0 0.5901442307692307 0.125 0.037259615384615384 0.06490384615384616
0 0.1622596153846154 0.1346153846153846 0.03245192307692308 0.042067307692307696
0 0.5096153846153846 0.1346153846153846 0.03245192307692308 0.055288461538461536
0 0.7920673076923077 0.140625 0.037259615384615384 0.06009615384615385
0 0.3798076923076923 0.14302884615384615 0.03245192307692308 0.055288461538461536
0 0.23798076923076922 0.14783653846153846 0.03245192307692308 0.046875
0 0.43509615384615385 0.1502403846153846 0.042067307692307696 0.06971153846153846
0 0.2980769230769231 0.1502403846153846 0.02283653846153846 0.05048076923076923
0 0.8521634615384616 0.15504807692307693 0.042067307692307696 0.06009615384615385
0 0.9807692307692307 0.16947115384615385 0.038461538461538464 0.06971153846153846
0 0.47716346153846156 0.18509615384615385 0.03245192307692308 0.046875