0 0.88671875 0.215625 0.05625 0.0921875
0 0.015625 0.28125 0.03125 0.0625
0 0.65078125 0.24140625 0.05625 0.0875
0 0.31640625 0.26484375 0.046875 0.090625
0 0.4421875 0.2625 0.0515625 0.090625
0 0.73984375 0.2421875 0.0609375 0.0921875
0 0.346875 0.27421875 0.0375 0.08125
0 0.38046875 0.2765625 0.046875 0.090625
0 0.21796875 0.290625 0.0421875 0.0765625
0 0.0125 0.31796875 0.025 0.0484375
0 0.965625 0.25625 0.0453125 0.121875
0 0.83359375 0.26484375 0.0578125 0.1
0 0.52421875 0.2890625 0.05625 0.0875
0 0.56015625 0.29140625 0.0578125 0.1140625
0 0.0703125 0.328125 0.053125 0.1
0 0.871875 0.271875 0.0546875 0.059375
0 0.62734375 0.29140625 0.0625 0.1140625
0 0.75234375 0.021875 0.0328125 0.04375
0 0.1453125 0.34609375 0.046875 0.0765625
0 0.08828125 0.3546875 0.0359375 0.053125
0 0.93828125 0.2953125 0.0578125 0.1140625
0 0.49296875 0.33125 0.0578125 0.1046875
0 0.278125 0.353125 0.0578125 0.1046875
0 0.02109375 0.4109375 0.0421875 0.109375
0 0.89609375 0.35625 0.053125 0.1
0 0.7703125 0.02109375 0.0390625 0.0390625
0 0.4171875 0.4171875 0.0625 0.1046875
0 0.13359375 0.4390625 0.0640625 0.11875
0 0.55859375 0.409375 0.0625 0.1140625
0 0.73671875 0.40234375 0.0546875 0.06875
0 0.79453125 0.40234375 0.0671875 0.115625
0 0.196875 0.446875 0.0484375 0.0953125
0 0.3296875 0.0546875 0.040625 0.053125
0 0.37890625 0.4921875 0.0625 0.1
0 0.68671875 0.4796875 0.0671875 0.1109375
0 0.759375 0.4890625 0.0609375 0.0875
0 0.50078125 0.5140625 0.0671875 0.115625
0 0.85078125 0.50625 0.0734375 0.1203125
0 0.12265625 0.58203125 0.04375 0.103125
0 0.66328125 0.04296875 0.0421875 0.08125
0 0.98828125 0.52578125 0.0234375 0.1265625
0 0.17578125 0.61328125 0.0578125 0.1140625
0 0.31015625 0.6125 0.0671875 0.115625
0 0.62421875 0.05234375 0.03125 0.053125
0 0.834375 0.03828125 0.0421875 0.071875
0 0.43515625 0.6390625 0.078125 0.125
0 0.62265625 0.6328125 0.0734375 0.125
0 0.3640625 0.65390625 0.08125 0.115625
0 0.73671875 0.6390625 0.0734375 0.125
0 0.5484375 0.66328125 0.06875 0.1234375
0 0.14609375 0.7171875 0.0640625 0.1328125
0 0.88984375 0.66796875 0.06875 0.128125
0 0.10625 0.734375 0.0484375 0.1
0 0.021875 0.10625 0.040625 0.053125
0 0.50703125 0.73828125 0.08125 0.1015625
0 0.740625 0.05859375 0.04375 0.04375
0 0.24140625 0.7921875 0.06875 0.1203125
0 0.6 0.06875 0.0390625 0.034375
0 0.18046875 0.10234375 0.0359375 0.053125
0 0.80703125 0.8109375 0.09375 0.15
0 0.86171875 0.825 0.065625 0.0875
0 0.5 0.8734375 0.0890625 0.1484375
0 0.6046875 0.86875 0.0953125 0.103125
0 0.5453125 0.08671875 0.0421875 0.08125
0 0.94453125 0.05859375 0.0453125 0.0671875
0 0.22421875 0.1109375 0.025 0.0328125
0 0.27734375 0.1078125 0.025 0.0328125
0 0.99296875 0.890625 0.0140625 0.140625
0 0.73359375 0.91484375 0.1390625 0.14375
0 0.92109375 0.90703125 0.096875 0.1265625
0 0.58828125 0.95 0.1078125 0.0953125
0 0.08125 0.98046875 0.0875 0.0390625
0 0.08359375 0.125 0.0328125 0.025
0 0.30390625 0.98515625 0.0671875 0.0296875
0 0.8609375 0.0796875 0.040625 0.0484375
0 0.11953125 0.13203125 0.0359375 0.0671875
0 0.32265625 0.1203125 0.034375 0.0859375
0 0.1515625 0.13203125 0.0328125 0.0625
0 0.425 0.11796875 0.0359375 0.053125
0 0.36015625 0.1265625 0.0375 0.071875
0 0.79453125 0.09609375 0.046875 0.0765625
0 0.39765625 0.12890625 0.0421875 0.0859375
0 0.5171875 0.1203125 0.0375 0.071875
0 0.2546875 0.14140625 0.0328125 0.0765625
0 0.01796875 0.15703125 0.0359375 0.0390625
0 0.60546875 0.11875 0.0359375 0.0625
0 0.9359375 0.09609375 0.046875 0.071875
0 0.303125 0.1421875 0.0265625 0.0515625
0 0.58984375 0.12265625 0.0328125 0.0671875
0 0.44453125 0.1421875 0.028125 0.0609375
0 0.74296875 0.1234375 0.046875 0.090625
0 0.0796875 0.171875 0.0359375 0.0625
0 0.2234375 0.16484375 0.040625 0.053125
0 0.8984375 0.12421875 0.046875 0.071875
0 0.6703125 0.14296875 0.046875 0.0859375
0 0.28203125 0.1734375 0.0390625 0.0953125
0 0.8484375 0.14140625 0.0453125 0.0671875
0 0.475 0.1765625 0.0421875 0.071875
0 0.1890625 0.19921875 0.046875 0.08125
0 0.63046875 0.1703125 0.040625 0.0671875
0 0.3578125 0.1921875 0.05625 0.0734375
0 0.1109375 0.209375 0.046875 0.0859375
0 0.02578125 0.221875 0.0421875 0.08125
0 0.803125 0.184375 0.046875 0.0859375