0 0.6899038461538461 0.8185096153846154 0.014423076923076924 0.021634615384615384
0 0.7151442307692307 0.8209134615384616 0.01201923076923077 0.014423076923076924
0 0.38822115384615385 0.7932692307692307 0.014423076923076924 0.016826923076923076
0 0.3605769230769231 0.7920673076923077 0.014423076923076924 0.021634615384615384
0 0.31009615384615385 0.7884615384615384 0.016826923076923076 0.019230769230769232
0 0.23918269230769232 0.7824519230769231 0.014423076923076924 0.019230769230769232
0 0.4110576923076923 0.7980769230769231 0.014423076923076924 0.014423076923076924
0 0.6658653846153846 0.8197115384615384 0.01201923076923077 0.021634615384615384
0 0.6442307692307693 0.8185096153846154 0.01201923076923077 0.014423076923076924
0 0.43509615384615385 0.8016826923076923 0.01201923076923077 0.016826923076923076
0 0.484375 0.8064903846153846 0.01201923076923077 0.016826923076923076
0 0.7403846153846154 0.828125 0.016826923076923076 0.016826923076923076
0 0.2644230769230769 0.7872596153846154 0.014423076923076924 0.016826923076923076
0 0.5949519230769231 0.8161057692307693 0.014423076923076924 0.019230769230769232
0 0.765625 0.8317307692307693 0.014423076923076924 0.02403846153846154
0 0.5745192307692307 0.8149038461538461 0.009615384615384616 0.016826923076923076
0 0.5060096153846154 0.8088942307692307 0.014423076923076924 0.021634615384615384
0 0.5276442307692307 0.8125 0.019230769230769232 0.021634615384615384
0 0.46033653846153844 0.8064903846153846 0.014423076923076924 0.019230769230769232
0 0.6189903846153846 0.8209134615384616 0.01201923076923077 0.016826923076923076
0 0.5504807692307693 0.8149038461538461 0.014423076923076924 0.016826923076923076
0 0.33413461538461536 0.7956730769230769 0.009615384615384616 0.019230769230769232
0 0.28725961538461536 0.7920673076923077 0.01201923076923077 0.016826923076923076
0 0.34975961538461536 0.8088942307692307 0.014423076923076924 0.021634615384615384
0 0.3245192307692308 0.8064903846153846 0.014423076923076924 0.019230769230769232
0 0.2980769230769231 0.8040865384615384 0.014423076923076924 0.019230769230769232
0 0.23076923076923078 0.8004807692307693 0.009615384615384616 0.014423076923076924
0 0.375 0.8137019230769231 0.014423076923076924 0.019230769230769232
0 0.6442307692307693 0.8389423076923077 0.014423076923076924 0.016826923076923076
0 0.4014423076923077 0.8173076923076923 0.014423076923076924 0.016826923076923076
0 0.4519230769230769 0.8209134615384616 0.014423076923076924 0.019230769230769232
0 0.47475961538461536 0.8245192307692307 0.01201923076923077 0.014423076923076924
0 0.42788461538461536 0.8209134615384616 0.014423076923076924 0.014423076923076924
0 0.5228365384615384 0.8293269230769231 0.01201923076923077 0.014423076923076924
0 0.25240384615384615 0.8052884615384616 0.01201923076923077 0.014423076923076924
0 0.49759615384615385 0.828125 0.014423076923076924 0.016826923076923076
0 0.6646634615384616 0.84375 0.014423076923076924 0.016826923076923076
0 0.7139423076923077 0.8497596153846154 0.014423076923076924 0.019230769230769232
0 0.27524038461538464 0.8112980769230769 0.01201923076923077 0.019230769230769232
0 0.5444711538461539 0.8341346153846154 0.01201923076923077 0.019230769230769232
0 0.6935096153846154 0.8485576923076923 0.014423076923076924 0.014423076923076924
0 0.7379807692307693 0.8521634615384616 0.01201923076923077 0.016826923076923076
0 0.5901442307692307 0.8413461538461539 0.014423076923076924 0.014423076923076924
0 0.6129807692307693 0.84375 0.01201923076923077 0.014423076923076924
0 0.5661057692307693 0.8425480769230769 0.01201923076923077 0.016826923076923076
0 0.7644230769230769 0.8605769230769231 0.01201923076923077 0.014423076923076924
0 0.6838942307692307 0.8581730769230769 0.01201923076923077 0.014423076923076924
0 0.2247596153846154 0.8185096153846154 0.016826923076923076 0.019230769230769232
0 0.25240384615384615 0.8209134615384616 0.014423076923076924 0.016826923076923076
0 0.5769230769230769 0.8509615384615384 0.009615384615384616 0.014423076923076924
0 0.4699519230769231 0.8425480769230769 0.014423076923076924 0.014423076923076924
0 0.3641826923076923 0.8329326923076923 0.014423076923076924 0.016826923076923076
0 0.4987980769230769 0.8449519230769231 0.01201923076923077 0.016826923076923076
0 0.33653846153846156 0.8305288461538461 0.014423076923076924 0.016826923076923076
0 0.2824519230769231 0.8257211538461539 0.01201923076923077 0.016826923076923076
0 0.41947115384615385 0.8389423076923077 0.014423076923076924 0.014423076923076924
0 0.39302884615384615 0.8365384615384616 0.014423076923076924 0.019230769230769232
0 0.5216346153846154 0.8497596153846154 0.01201923076923077 0.01201923076923077
0 0.44471153846153844 0.8425480769230769 0.014423076923076924 0.016826923076923076
0 0.546875 0.8509615384615384 0.007211538461538462 0.01201923076923077
0 0.6322115384615384 0.8605769230769231 0.014423076923076924 0.019230769230769232
0 0.6550480769230769 0.8629807692307693 0.01201923076923077 0.019230769230769232
0 0.7704326923076923 0.875 0.014423076923076924 0.019230769230769232
0 0.6045673076923077 0.8605769230769231 0.01201923076923077 0.014423076923076924
0 0.7403846153846154 0.8725961538461539 0.014423076923076924 0.014423076923076924
0 0.30649038461538464 0.8353365384615384 0.009615384615384616 0.019230769230769232
0 0.2127403846153846 0.8293269230769231 0.014423076923076924 0.014423076923076924
0 0.2644230769230769 0.8353365384615384 0.009615384615384616 0.01201923076923077
0 0.23918269230769232 0.8341346153846154 0.014423076923076924 0.019230769230769232
0 0.7115384615384616 0.8774038461538461 0.01201923076923077 0.01201923076923077
0 0.41225961538461536 0.8509615384615384 0.009615384615384616 0.01201923076923077
0 0.671875 0.875 0.009615384615384616 0.009615384615384616
0 0.33533653846153844 0.8461538461538461 0.014423076923076924 0.016826923076923076
0 0.4639423076923077 0.8581730769230769 0.009615384615384616 0.01201923076923077
0 0.3125 0.8461538461538461 0.014423076923076924 0.021634615384615384
0 0.28966346153846156 0.84375 0.01201923076923077 0.014423076923076924
0 0.5745192307692307 0.8701923076923077 0.007211538461538462 0.01201923076923077
0 0.5961538461538461 0.8713942307692307 0.01201923076923077 0.016826923076923076
0 0.5480769230769231 0.8677884615384616 0.007211538461538462 0.01201923076923077
0 0.5204326923076923 0.8653846153846154 0.009615384615384616 0.01201923076923077
0 0.3858173076923077 0.8533653846153846 0.009615384615384616 0.01201923076923077
0 0.6213942307692307 0.875 0.01201923076923077 0.019230769230769232
0 0.36177884615384615 0.8521634615384616 0.01201923076923077 0.019230769230769232
0 0.49399038461538464 0.8641826923076923 0.009615384615384616 0.009615384615384616
0 0.4375 0.859375 0.009615384615384616 0.014423076923076924
0 0.7247596153846154 0.8846153846153846 0.009615384615384616 0.01201923076923077
0 0.6935096153846154 0.8822115384615384 0.01201923076923077 0.021634615384615384
0 0.7764423076923077 0.8894230769230769 0.014423076923076924 0.014423076923076924
0 0.6502403846153846 0.8786057692307693 0.009615384615384616 0.016826923076923076
0 0.7487980769230769 0.890625 0.009615384615384616 0.01201923076923077
0 0.4206730769230769 0.8617788461538461 0.01201923076923077 0.019230769230769232
0 0.21754807692307693 0.8461538461538461 0.01201923076923077 0.014423076923076924
0 0.39663461538461536 0.8653846153846154 0.009615384615384616 0.01201923076923077
0 0.36899038461538464 0.8641826923076923 0.009615384615384616 0.01201923076923077
0 0.34134615384615385 0.8617788461538461 0.007211538461538462 0.01201923076923077
0 0.6274038461538461 0.8858173076923077 0.009615384615384616 0.009615384615384616
0 0.40865384615384615 0.8677884615384616 0.014423076923076924 0.016826923076923076
0 0.48197115384615385 0.875 0.01201923076923077 0.019230769230769232
0 0.6838942307692307 0.8930288461538461 0.007211538461538462 0.01201923076923077
0 0.42908653846153844 0.8713942307692307 0.01201923076923077 0.019230769230769232
0 0.734375 0.8978365384615384 0.014423076923076924 0.014423076923076924
0 0.2548076923076923 0.8557692307692307 0.016826923076923076 0.019230769230769232
0 0.5264423076923077 0.8798076923076923 0.007211538461538462 0.009615384615384616
0 0.7223557692307693 0.8966346153846154 0.007211538461538462 0.01201923076923077
0 0.5697115384615384 0.8846153846153846 0.009615384615384616 0.01201923076923077
0 0.8689903846153846 0.9110576923076923 0.007211538461538462 0.009615384615384616
0 0.0625 0.8401442307692307 0.016826923076923076 0.019230769230769232
0 0.11177884615384616 0.8461538461538461 0.019230769230769232 0.02403846153846154
0 0.1658653846153846 0.8509615384615384 0.009615384615384616 0.021634615384615384
0 0.30288461538461536 0.8629807692307693 0.01201923076923077 0.014423076923076924
0 0.5504807692307693 0.8858173076923077 0.019230769230769232 0.021634615384615384
0 0.453125 0.8774038461538461 0.01201923076923077 0.016826923076923076
0 0.5216346153846154 0.8834134615384616 0.009615384615384616 0.016826923076923076
0 0.08533653846153846 0.8449519230769231 0.014423076923076924 0.02403846153846154
0 0.6622596153846154 0.8954326923076923 0.009615384615384616 0.014423076923076924
0 0.8245192307692307 0.9098557692307693 0.01201923076923077 0.016826923076923076
0 0.44471153846153844 0.8762019230769231 0.009615384615384616 0.014423076923076924
0 0.22235576923076922 0.8569711538461539 0.01201923076923077 0.021634615384615384
0 0.7067307692307693 0.9002403846153846 0.007211538461538462 0.014423076923076924
0 0.7884615384615384 0.9074519230769231 0.016826923076923076 0.021634615384615384
0 0.19471153846153846 0.8557692307692307 0.009615384615384616 0.02403846153846154
0 0.65625 0.8966346153846154 0.007211538461538462 0.01201923076923077
0 0.5829326923076923 0.890625 0.01201923076923077 0.019230769230769232
0 0.5408653846153846 0.8870192307692307 0.014423076923076924 0.021634615384615384
0 0.4651442307692308 0.8810096153846154 0.014423076923076924 0.014423076923076924
0 0.29086538461538464 0.8653846153846154 0.01201923076923077 0.016826923076923076
0 0.32572115384615385 0.8689903846153846 0.016826923076923076 0.021634615384615384
0 0.5973557692307693 0.8918269230769231 0.01201923076923077 0.019230769230769232
0 0.5024038461538461 0.8834134615384616 0.014423076923076924 0.014423076923076924
0 0.23798076923076922 0.8605769230769231 0.01201923076923077 0.019230769230769232
0 0.359375 0.8713942307692307 0.01201923076923077 0.014423076923076924
0 0.515625 0.8858173076923077 0.01201923076923077 0.019230769230769232
0 0.3858173076923077 0.875 0.01201923076923077 0.016826923076923076
0 0.6286057692307693 0.8966346153846154 0.01201923076923077 0.01201923076923077
0 0.2620192307692308 0.8641826923076923 0.014423076923076924 0.021634615384615384
0 0.4206730769230769 0.8774038461538461 0.014423076923076924 0.021634615384615384
0 0.23076923076923078 0.8617788461538461 0.009615384615384616 0.016826923076923076
0 0.016826923076923076 0.84375 0.016826923076923076 0.028846153846153848
0 0.9459134615384616 0.9266826923076923 0.016826923076923076 0.021634615384615384
0 0.34615384615384615 0.8737980769230769 0.01201923076923077 0.016826923076923076
0 0.1875 0.859375 0.01201923076923077 0.014423076923076924
0 0.6478365384615384 0.9002403846153846 0.007211538461538462 0.016826923076923076
0 0.5913461538461539 0.8954326923076923 0.014423076923076924 0.021634615384615384
0 0.21394230769230768 0.8617788461538461 0.01201923076923077 0.016826923076923076
0 0.31490384615384615 0.8713942307692307 0.014423076923076924 0.014423076923076924
0 0.3954326923076923 0.8798076923076923 0.009615384615384616 0.009615384615384616
0 0.036057692307692304 0.8473557692307693 0.019230769230769232 0.02403846153846154
0 0.2668269230769231 0.8677884615384616 0.009615384615384616 0.02403846153846154
0 0.2764423076923077 0.8689903846153846 0.009615384615384616 0.014423076923076924
0 0.7103365384615384 0.9086538461538461 0.014423076923076924 0.019230769230769232
0 0.8990384615384616 0.9242788461538461 0.014423076923076924 0.026442307692307692
0 0.004807692307692308 0.8473557692307693 0.009615384615384616 0.021634615384615384
0 0.13581730769230768 0.859375 0.016826923076923076 0.021634615384615384
0 0.09735576923076923 0.8557692307692307 0.019230769230769232 0.028846153846153848
0 0.6033653846153846 0.9002403846153846 0.014423076923076924 0.019230769230769232
0 0.7632211538461539 0.9134615384615384 0.01201923076923077 0.014423076923076924
0 0.8701923076923077 0.9230769230769231 0.007211538461538462 0.016826923076923076
0 0.5324519230769231 0.8954326923076923 0.009615384615384616 0.016826923076923076
0 0.8353365384615384 0.921875 0.009615384615384616 0.014423076923076924
0 0.671875 0.9074519230769231 0.014423076923076924 0.019230769230769232
0 0.5576923076923077 0.8966346153846154 0.009615384615384616 0.019230769230769232
0 0.7980769230769231 0.9182692307692307 0.009615384615384616 0.02403846153846154
0 0.8425480769230769 0.921875 0.01201923076923077 0.02403846153846154
0 0.6875 0.9098557692307693 0.014423076923076924 0.019230769230769232
0 0.7355769230769231 0.9146634615384616 0.009615384615384616 0.014423076923076924
0 0.4338942307692308 0.8882211538461539 0.01201923076923077 0.019230769230769232
0 0.7247596153846154 0.9146634615384616 0.01201923076923077 0.016826923076923076
0 0.7524038461538461 0.9182692307692307 0.01201923076923077 0.019230769230769232
0 0.7439903846153846 0.9170673076923077 0.009615384615384616 0.019230769230769232
0 0.6117788461538461 0.9050480769230769 0.009615384615384616 0.016826923076923076
0 0.8040865384615384 0.921875 0.014423076923076924 0.021634615384615384
0 0.5709134615384616 0.9026442307692307 0.009615384615384616 0.014423076923076924
0 0.6310096153846154 0.9086538461538461 0.014423076923076924 0.019230769230769232
0 0.3629807692307692 0.8846153846153846 0.014423076923076924 0.016826923076923076
0 0.14182692307692307 0.8653846153846154 0.014423076923076924 0.021634615384615384
0 0.8257211538461539 0.9278846153846154 0.007211538461538462 0.01201923076923077
0 0.8762019230769231 0.9375 0.014423076923076924 0.021634615384615384
0 0.5132211538461539 0.9795673076923077 0.014423076923076924 0.014423076923076924
0 0.41586538461538464 0.9711538461538461 0.016826923076923076 0.01201923076923077
0 0.16947115384615385 0.9519230769230769 0.021634615384615384 0.021634615384615384
0 0.09495192307692307 0.9471153846153846 0.019230769230769232 0.026442307692307692
0 0.3112980769230769 0.9663461538461539 0.016826923076923076 0.021634615384615384
0 0.2764423076923077 0.9639423076923077 0.019230769230769232 0.019230769230769232
0 0.06610576923076923 0.9471153846153846 0.02403846153846154 0.026442307692307692
0 0.7043269230769231 0.9951923076923077 0.019230769230769232 0.009615384615384616
0 0.23557692307692307 0.9627403846153846 0.02403846153846154 0.028846153846153848
0 0.21394230769230768 0.9627403846153846 0.019230769230769232 0.016826923076923076
0 0.25961538461538464 0.9663461538461539 0.016826923076923076 0.021634615384615384
0 0.1346153846153846 0.9555288461538461 0.02403846153846154 0.021634615384615384
0 0.36538461538461536 0.9759615384615384 0.019230769230769232 0.019230769230769232
0 0.6213942307692307 0.9939903846153846 0.021634615384615384 0.01201923076923077
0 0.18870192307692307 0.9615384615384616 0.021634615384615384 0.016826923076923076
0 0.15745192307692307 0.9591346153846154 0.01201923076923077 0.01201923076923077
0 0.5913461538461539 0.9939903846153846 0.014423076923076924 0.01201923076923077
0 0.41466346153846156 0.9819711538461539 0.02403846153846154 0.026442307692307692
0 0.042067307692307696 0.9495192307692307 0.019230769230769232 0.019230769230769232
0 0.6658653846153846 0.9963942307692307 0.019230769230769232 0.007211538461538462
0 0.5432692307692307 0.9939903846153846 0.014423076923076924 0.01201923076923077
0 0.34134615384615385 0.9771634615384616 0.014423076923076924 0.016826923076923076
0 0.007211538461538462 0.9471153846153846 0.014423076923076924 0.019230769230769232
0 0.515625 0.9915865384615384 0.01201923076923077 0.016826923076923076
0 0.27163461538461536 0.9735576923076923 0.016826923076923076 0.016826923076923076
0 0.4423076923076923 0.9879807692307693 0.016826923076923076 0.009615384615384616
0 0.5612980769230769 0.9951923076923077 0.021634615384615384 0.009615384615384616
0 0.5252403846153846 0.9951923076923077 0.01201923076923077 0.009615384615384616
0 0.02403846153846154 0.953125 0.014423076923076924 0.014423076923076924
0 0.3786057692307692 0.984375 0.014423076923076924 0.009615384615384616
0 0.3269230769230769 0.9795673076923077 0.016826923076923076 0.016826923076923076
0 0.3894230769230769 0.9879807692307693 0.014423076923076924 0.009615384615384616