0 0.7596153846153846 0.1045673076923077 0.036057692307692304 0.03125
0 0.3233173076923077 0.04326923076923077 0.03365384615384615 0.026442307692307692
0 0.265625 0.03485576923076923 0.03365384615384615 0.02403846153846154
0 0.9447115384615384 0.7920673076923077 0.04326923076923077 0.040865384615384616
0 0.7067307692307693 0.7692307692307693 0.038461538461538464 0.03125
0 0.8545673076923077 0.12259615384615384 0.038461538461538464 0.028846153846153848
0 0.11538461538461539 0.7475961538461539 0.052884615384615384 0.040865384615384616
0 0.36538461538461536 0.7848557692307693 0.05048076923076923 0.04326923076923077
0 0.010817307692307692 0.734375 0.021634615384615384 0.040865384615384616
0 0.24639423076923078 0.7716346153846154 0.04567307692307692 0.038461538461538464
0 0.6550480769230769 0.8473557692307693 0.04807692307692308 0.036057692307692304
0 0.453125 0.8245192307692307 0.04807692307692308 0.038461538461538464
0 0.7956730769230769 0.8786057692307693 0.052884615384615384 0.036057692307692304
0 0.9242788461538461 0.9014423076923077 0.052884615384615384 0.04567307692307692
0 0.21754807692307693 0.8100961538461539 0.057692307692307696 0.04326923076923077
0 0.5612980769230769 0.8653846153846154 0.055288461538461536 0.036057692307692304
0 0.5168269230769231 0.10576923076923077 0.036057692307692304 0.028846153846153848
0 0.12980769230769232 0.051682692307692304 0.038461538461538464 0.026442307692307692
0 0.9939903846153846 0.17668269230769232 0.01201923076923077 0.03125
0 0.5997596153846154 0.1201923076923077 0.03125 0.028846153846153848
0 0.42908653846153844 0.09735576923076923 0.040865384615384616 0.028846153846153848
0 0.6875 0.13701923076923078 0.036057692307692304 0.03125
0 0.28966346153846156 0.08052884615384616 0.03365384615384615 0.028846153846153848
0 0.36538461538461536 0.09254807692307693 0.036057692307692304 0.028846153846153848
0 0.8064903846153846 0.15745192307692307 0.040865384615384616 0.03365384615384615
0 0.24158653846153846 0.0829326923076923 0.038461538461538464 0.026442307692307692
0 0.9735576923076923 0.18990384615384615 0.036057692307692304 0.026442307692307692
0 0.96875 0.07451923076923077 0.036057692307692304 0.028846153846153848
0 0.8701923076923077 0.19110576923076922 0.036057692307692304 0.028846153846153848
0 0.546875 0.016826923076923076 0.03365384615384615 0.026442307692307692
0 0.13341346153846154 0.10216346153846154 0.038461538461538464 0.03365384615384615
0 0.4639423076923077 0.008413461538461538 0.02403846153846154 0.016826923076923076
0 0.39302884615384615 0.006009615384615385 0.036057692307692304 0.01201923076923077
0 0.9411057692307693 0.22115384615384615 0.016826923076923076 0.01201923076923077
0 0.9711538461538461 0.22956730769230768 0.03365384615384615 0.026442307692307692
0 0.28725961538461536 0.13822115384615385 0.036057692307692304 0.028846153846153848
0 0.875 0.06610576923076923 0.036057692307692304 0.021634615384615384
0 0.6814903846153846 0.19591346153846154 0.040865384615384616 0.03365384615384615
0 0.9158653846153846 0.23317307692307693 0.04567307692307692 0.03365384615384615
0 0.35697115384615385 0.15625 0.038461538461538464 0.028846153846153848
0 0.7956730769230769 0.21754807692307693 0.036057692307692304 0.028846153846153848
0 0.07091346153846154 0.11658653846153846 0.04326923076923077 0.03365384615384615
0 0.47716346153846156 0.17668269230769232 0.04326923076923077 0.03125
0 0.5552884615384616 0.18990384615384615 0.036057692307692304 0.03125
0 0.20673076923076922 0.140625 0.036057692307692304 0.026442307692307692
0 0.6586538461538461 0.2283653846153846 0.038461538461538464 0.026442307692307692
0 0.4387019230769231 0.010817307692307692 0.036057692307692304 0.021634615384615384
0 0.11298076923076923 0.1622596153846154 0.038461538461538464 0.02403846153846154
0 0.5600961538461539 0.23317307692307693 0.040865384615384616 0.03365384615384615
0 0.18028846153846154 0.18389423076923078 0.040865384615384616 0.03125
0 0.4987980769230769 0.23197115384615385 0.038461538461538464 0.028846153846153848
0 0.1141826923076923 0.1814903846153846 0.036057692307692304 0.028846153846153848
0 0.32572115384615385 0.21394230769230768 0.036057692307692304 0.028846153846153848
0 0.8485576923076923 0.29086538461538464 0.040865384615384616 0.03365384615384615
0 0.24278846153846154 0.20552884615384615 0.03365384615384615 0.03125
0 0.7848557692307693 0.2848557692307692 0.040865384615384616 0.03125
0 0.9495192307692307 0.3076923076923077 0.040865384615384616 0.03125
0 0.7007211538461539 0.27283653846153844 0.038461538461538464 0.03125
0 0.38100961538461536 0.2283653846153846 0.03365384615384615 0.028846153846153848
0 0.4362980769230769 0.23918269230769232 0.036057692307692304 0.02403846153846154
0 0.640625 0.26802884615384615 0.038461538461538464 0.03125
0 0.5084134615384616 0.02283653846153846 0.036057692307692304 0.03125
0 0.4182692307692308 0.015625 0.038461538461538464 0.03125
0 0.9483173076923077 0.08774038461538461 0.036057692307692304 0.028846153846153848
0 0.22596153846153846 0.2512019230769231 0.036057692307692304 0.03125
0 0.04927884615384615 0.22596153846153846 0.036057692307692304 0.03365384615384615
0 0.32091346153846156 0.265625 0.04326923076923077 0.03365384615384615
0 0.5769230769230769 0.30288461538461536 0.04326923076923077 0.03125
0 0.8173076923076923 0.06971153846153846 0.036057692307692304 0.028846153846153848
0 0.4735576923076923 0.29086538461538464 0.04807692307692308 0.036057692307692304
0 0.13221153846153846 0.24519230769230768 0.04567307692307692 0.036057692307692304
0 0.6935096153846154 0.33052884615384615 0.038461538461538464 0.03125
0 0.3954326923076923 0.2932692307692308 0.038461538461538464 0.03125
0 0.9014423076923077 0.36538461538461536 0.05048076923076923 0.036057692307692304
0 0.8209134615384616 0.37259615384615385 0.04326923076923077 0.036057692307692304
0 0.16346153846153846 0.29927884615384615 0.04326923076923077 0.036057692307692304
0 0.45072115384615385 0.02283653846153846 0.03125 0.026442307692307692
0 0.046875 0.28846153846153844 0.04326923076923077 0.038461538461538464
0 0.35096153846153844 0.33653846153846156 0.040865384615384616 0.03125
0 0.2439903846153846 0.3233173076923077 0.036057692307692304 0.028846153846153848
0 0.6706730769230769 0.3870192307692308 0.038461538461538464 0.03125
0 0.4567307692307692 0.3605769230769231 0.036057692307692304 0.028846153846153848
0 0.5444711538461539 0.3737980769230769 0.04326923076923077 0.03125
0 0.6358173076923077 0.4110576923076923 0.040865384615384616 0.028846153846153848
0 0.8966346153846154 0.453125 0.036057692307692304 0.03125
0 0.8557692307692307 0.4495192307692308 0.05048076923076923 0.036057692307692304
0 0.9591346153846154 0.46875 0.04567307692307692 0.03365384615384615
0 0.051682692307692304 0.3605769230769231 0.036057692307692304 0.03125
0 0.8557692307692307 0.0889423076923077 0.03365384615384615 0.028846153846153848
0 0.7175480769230769 0.46033653846153844 0.04326923076923077 0.040865384615384616
0 0.7884615384615384 0.07932692307692307 0.03125 0.02403846153846154
0 0.42908653846153844 0.4230769230769231 0.04807692307692308 0.038461538461538464
0 0.13701923076923078 0.38461538461538464 0.040865384615384616 0.03365384615384615
0 0.5132211538461539 0.44591346153846156 0.040865384615384616 0.040865384615384616
0 0.2608173076923077 0.41586538461538464 0.040865384615384616 0.03365384615384615
0 0.6310096153846154 0.47716346153846156 0.036057692307692304 0.028846153846153848
0 0.84375 0.5108173076923077 0.038461538461538464 0.03365384615384615
0 0.9555288461538461 0.5348557692307693 0.04567307692307692 0.038461538461538464
0 0.8930288461538461 0.10096153846153846 0.036057692307692304 0.028846153846153848
0 0.31850961538461536 0.47836538461538464 0.040865384615384616 0.03125
0 0.6213942307692307 0.5276442307692307 0.052884615384615384 0.03365384615384615
0 0.7463942307692307 0.546875 0.04326923076923077 0.038461538461538464
0 0.41947115384615385 0.5060096153846154 0.04567307692307692 0.038461538461538464
0 0.2127403846153846 0.4807692307692308 0.036057692307692304 0.028846153846153848
0 0.08413461538461539 0.46274038461538464 0.036057692307692304 0.028846153846153848
0 0.5276442307692307 0.5240384615384616 0.040865384615384616 0.03365384615384615
0 0.9242788461538461 0.5829326923076923 0.04807692307692308 0.03365384615384615
0 0.484375 0.046875 0.036057692307692304 0.03365384615384615
0 0.8100961538461539 0.5901442307692307 0.038461538461538464 0.03365384615384615
0 0.203125 0.01201923076923077 0.036057692307692304 0.02403846153846154
0 0.2800480769230769 0.021634615384615384 0.03365384615384615 0.026442307692307692
0 0.12620192307692307 0.008413461538461538 0.036057692307692304 0.016826923076923076
0 0.5697115384615384 0.6141826923076923 0.04567307692307692 0.036057692307692304
0 0.47475961538461536 0.6009615384615384 0.04326923076923077 0.036057692307692304
0 0.3762019230769231 0.5889423076923077 0.04567307692307692 0.036057692307692304
0 0.030048076923076924 0.5408653846153846 0.04567307692307692 0.036057692307692304
0 0.203125 0.5745192307692307 0.04807692307692308 0.038461538461538464
0 0.7283653846153846 0.6526442307692307 0.04567307692307692 0.038461538461538464
0 0.09735576923076923 0.5649038461538461 0.04326923076923077 0.03125
0 0.2932692307692308 0.5949519230769231 0.04567307692307692 0.036057692307692304
0 0.8485576923076923 0.6814903846153846 0.04807692307692308 0.038461538461538464
0 0.5432692307692307 0.06490384615384616 0.038461538461538464 0.028846153846153848
0 0.6502403846153846 0.6610576923076923 0.040865384615384616 0.03125
0 0.6875 0.08533653846153846 0.036057692307692304 0.03365384615384615
0 0.9086538461538461 0.7019230769230769 0.04807692307692308 0.04326923076923077
0 0.6586538461538461 0.0829326923076923 0.03365384615384615 0.021634615384615384
0 0.3870192307692308 0.04447115384615385 0.03365384615384615 0.03125
0 0.6129807692307693 0.078125 0.036057692307692304 0.03125
0 0.9362980769230769 0.12259615384615384 0.03365384615384615 0.028846153846153848
0 0.3605769230769231 0.6694711538461539 0.05048076923076923 0.040865384615384616
0 0.046875 0.6262019230769231 0.04807692307692308 0.040865384615384616
0 0.23317307692307693 0.6586538461538461 0.040865384615384616 0.040865384615384616
0 0.44711538461538464 0.6923076923076923 0.04567307692307692 0.03365384615384615
0 0.13581730769230768 0.6514423076923077 0.05048076923076923 0.036057692307692304
0 0.9699519230769231 0.13221153846153846 0.036057692307692304 0.028846153846153848
0 0.6814903846153846 0.7367788461538461 0.052884615384615384 0.03365384615384615
0 0.5612980769230769 0.7235576923076923 0.038461538461538464 0.03365384615384615
0 0.8137019230769231 0.7632211538461539 0.04807692307692308 0.038461538461538464