0 0.825 0.28984375 0.0453125 0.05625
0 0.484375 0.37109375 0.040625 0.05625
0 0.8109375 0.31328125 0.05625 0.071875
0 0.51328125 0.365625 0.0609375 0.0734375
0 0.60078125 0.3671875 0.034375 0.040625
0 0.70234375 0.35390625 0.0359375 0.05
0 0.47734375 0.3984375 0.0578125 0.0765625
0 0.55703125 0.384375 0.0453125 0.0609375
0 0.92734375 0.321875 0.046875 0.065625
0 0.590625 0.38984375 0.0359375 0.05
0 0.2359375 0.4546875 0.046875 0.065625
0 0.3515625 0.434375 0.05 0.0625
0 0.14765625 0.475 0.0453125 0.0609375
0 0.4515625 0.4234375 0.0359375 0.05
0 0.7359375 0.3734375 0.0359375 0.05
0 0.6296875 0.39453125 0.04375 0.0515625
0 0.0484375 0.5140625 0.05625 0.0671875
0 0.0171875 0.521875 0.034375 0.06875
0 0.64765625 0.4671875 0.0625 0.08125
0 0.409375 0.52109375 0.06875 0.1140625
0 0.13671875 0.58515625 0.0375 0.0640625
0 0.36953125 0.54921875 0.078125 0.0890625
0 0.59765625 0.5109375 0.0640625 0.090625
0 0.1984375 0.58828125 0.0765625 0.084375