0 0.018028846153846152 0.028846153846153848 0.019230769230769232 0.02403846153846154
0 0.1814903846153846 0.11778846153846154 0.019230769230769232 0.04326923076923077
0 0.6838942307692307 0.10216346153846154 0.03365384615384615 0.04326923076923077
0 0.6165865384615384 0.10817307692307693 0.028846153846153848 0.04326923076923077
0 0.3401442307692308 0.016826923076923076 0.028846153846153848 0.02403846153846154
0 0.9314903846153846 0.09975961538461539 0.03365384615384615 0.038461538461538464
0 0.7067307692307693 0.11057692307692307 0.03365384615384615 0.04326923076923077
0 0.296875 0.12740384615384615 0.028846153846153848 0.028846153846153848
0 0.41947115384615385 0.125 0.03365384615384615 0.04807692307692308
0 0.12980769230769232 0.140625 0.028846153846153848 0.04326923076923077
0 0.1971153846153846 0.13822115384615385 0.03365384615384615 0.04326923076923077
0 0.5264423076923077 0.12860576923076922 0.04326923076923077 0.052884615384615384
0 0.35216346153846156 0.13701923076923078 0.02403846153846154 0.04807692307692308
0 0.6598557692307693 0.12860576923076922 0.038461538461538464 0.04807692307692308
0 0.018028846153846152 0.15144230769230768 0.03365384615384615 0.038461538461538464
0 0.08533653846153846 0.15144230769230768 0.03365384615384615 0.028846153846153848
0 0.7692307692307693 0.1310096153846154 0.028846153846153848 0.04326923076923077
0 0.5168269230769231 0.014423076923076924 0.03365384615384615 0.028846153846153848
0 0.23317307692307693 0.15745192307692307 0.028846153846153848 0.04326923076923077
0 0.26802884615384615 0.16105769230769232 0.028846153846153848 0.04807692307692308
0 0.5540865384615384 0.014423076923076924 0.03125 0.028846153846153848
0 0.6225961538461539 0.013221153846153846 0.028846153846153848 0.026442307692307692
0 0.8509615384615384 0.14543269230769232 0.03365384615384615 0.05048076923076923
0 0.30288461538461536 0.16706730769230768 0.03365384615384615 0.04807692307692308
0 0.7127403846153846 0.15745192307692307 0.038461538461538464 0.04326923076923077
0 0.9735576923076923 0.1502403846153846 0.028846153846153848 0.03365384615384615
0 0.7379807692307693 0.010817307692307692 0.02403846153846154 0.021634615384615384
0 0.7908653846153846 0.15625 0.028846153846153848 0.04326923076923077
0 0.07451923076923077 0.18389423076923078 0.02403846153846154 0.04326923076923077
0 0.9411057692307693 0.15384615384615385 0.03365384615384615 0.05048076923076923
0 0.15865384615384615 0.18389423076923078 0.03365384615384615 0.04326923076923077
0 0.65625 0.014423076923076924 0.03365384615384615 0.028846153846153848
0 0.09975961538461539 0.19110576923076922 0.028846153846153848 0.04326923076923077
0 0.08653846153846154 0.03245192307692308 0.03125 0.036057692307692304
0 0.5769230769230769 0.19230769230769232 0.028846153846153848 0.05048076923076923
0 0.13942307692307693 0.20673076923076922 0.03365384615384615 0.03365384615384615
0 0.7163461538461539 0.015625 0.02403846153846154 0.03125
0 0.20072115384615385 0.21875 0.03365384615384615 0.038461538461538464
0 0.6802884615384616 0.015625 0.019230769230769232 0.03125
0 0.057692307692307696 0.22596153846153846 0.03365384615384615 0.04326923076923077
0 0.9122596153846154 0.19831730769230768 0.04326923076923077 0.057692307692307696
0 0.11057692307692307 0.23076923076923078 0.028846153846153848 0.03365384615384615
0 0.9735576923076923 0.21033653846153846 0.036057692307692304 0.055288461538461536
0 0.140625 0.24158653846153846 0.038461538461538464 0.052884615384615384
0 0.025240384615384616 0.24639423076923078 0.038461538461538464 0.03365384615384615
0 0.41346153846153844 0.25240384615384615 0.038461538461538464 0.052884615384615384
0 0.5540865384615384 0.2548076923076923 0.04326923076923077 0.057692307692307696
0 0.20072115384615385 0.29086538461538464 0.038461538461538464 0.052884615384615384
0 0.02283653846153846 0.29927884615384615 0.028846153846153848 0.04807692307692308
0 0.25721153846153844 0.29086538461538464 0.04326923076923077 0.052884615384615384
0 0.055288461538461536 0.2980769230769231 0.038461538461538464 0.038461538461538464
0 0.125 0.30288461538461536 0.038461538461538464 0.052884615384615384
0 0.36538461538461536 0.296875 0.038461538461538464 0.04807692307692308
0 0.6322115384615384 0.3076923076923077 0.03365384615384615 0.05048076923076923
0 0.4495192307692308 0.32091346153846156 0.04326923076923077 0.057692307692307696
0 0.056490384615384616 0.3401442307692308 0.028846153846153848 0.04326923076923077
0 0.10096153846153846 0.3401442307692308 0.038461538461538464 0.04807692307692308
0 0.5709134615384616 0.32572115384615385 0.04326923076923077 0.052884615384615384
0 0.38461538461538464 0.038461538461538464 0.03365384615384615 0.04807692307692308
0 0.49038461538461536 0.03485576923076923 0.028846153846153848 0.04326923076923077
0 0.12740384615384615 0.38100961538461536 0.03365384615384615 0.04326923076923077
0 0.09134615384615384 0.3894230769230769 0.038461538461538464 0.052884615384615384
0 0.04927884615384615 0.390625 0.03365384615384615 0.05048076923076923
0 0.9699519230769231 0.3701923076923077 0.04567307692307692 0.07211538461538461
0 0.7439903846153846 0.38461538461538464 0.04326923076923077 0.052884615384615384
0 0.5492788461538461 0.39663461538461536 0.04326923076923077 0.0673076923076923
0 0.3942307692307692 0.40865384615384615 0.057692307692307696 0.0625
0 0.12980769230769232 0.43028846153846156 0.04326923076923077 0.052884615384615384
0 0.0829326923076923 0.4338942307692308 0.03365384615384615 0.04807692307692308
0 0.8149038461538461 0.036057692307692304 0.038461538461538464 0.04326923076923077
0 0.4807692307692308 0.45072115384615385 0.038461538461538464 0.04807692307692308
0 0.05889423076923077 0.4675480769230769 0.038461538461538464 0.057692307692307696
0 0.20192307692307693 0.46875 0.038461538461538464 0.052884615384615384
0 0.19230769230769232 0.057692307692307696 0.02403846153846154 0.028846153846153848
0 0.4495192307692308 0.04807692307692308 0.028846153846153848 0.04807692307692308
0 0.5913461538461539 0.04447115384615385 0.02403846153846154 0.04326923076923077
0 0.49038461538461536 0.49278846153846156 0.04807692307692308 0.052884615384615384
0 0.37740384615384615 0.5 0.04807692307692308 0.0625
0 0.11057692307692307 0.5108173076923077 0.052884615384615384 0.052884615384615384
0 0.42427884615384615 0.052884615384615384 0.028846153846153848 0.04326923076923077
0 0.1778846153846154 0.5180288461538461 0.052884615384615384 0.052884615384615384
0 0.23918269230769232 0.5420673076923077 0.04326923076923077 0.052884615384615384
0 0.6237980769230769 0.5276442307692307 0.04807692307692308 0.0673076923076923
0 0.028846153846153848 0.5540865384615384 0.04807692307692308 0.052884615384615384
0 0.7307692307692307 0.5444711538461539 0.052884615384615384 0.0625
0 0.11298076923076923 0.5901442307692307 0.04807692307692308 0.038461538461538464
0 0.8521634615384616 0.5757211538461539 0.052884615384615384 0.0673076923076923
0 0.9411057692307693 0.5841346153846154 0.04807692307692308 0.057692307692307696
0 0.1045673076923077 0.0733173076923077 0.02403846153846154 0.04326923076923077
0 0.10096153846153846 0.6213942307692307 0.03365384615384615 0.04326923076923077
0 0.22355769230769232 0.6225961538461539 0.038461538461538464 0.057692307692307696
0 0.375 0.06610576923076923 0.02403846153846154 0.038461538461538464
0 0.9362980769230769 0.046875 0.03365384615384615 0.04807692307692308
0 0.039663461538461536 0.6310096153846154 0.04326923076923077 0.057692307692307696
0 0.125 0.6478365384615384 0.04807692307692308 0.057692307692307696
0 0.20192307692307693 0.6502403846153846 0.03365384615384615 0.055288461538461536
0 0.3449519230769231 0.06971153846153846 0.028846153846153848 0.038461538461538464
0 0.6766826923076923 0.6442307692307693 0.04807692307692308 0.0673076923076923
0 0.3557692307692308 0.6574519230769231 0.038461538461538464 0.0673076923076923
0 0.6237980769230769 0.6538461538461539 0.04807692307692308 0.0625
0 0.9903846153846154 0.6454326923076923 0.019230769230769232 0.06490384615384616
0 0.5360576923076923 0.6610576923076923 0.04807692307692308 0.052884615384615384
0 0.7115384615384616 0.6598557692307693 0.03365384615384615 0.055288461538461536
0 0.7716346153846154 0.6622596153846154 0.04807692307692308 0.0625
0 0.2704326923076923 0.6814903846153846 0.04807692307692308 0.0673076923076923
0 0.8942307692307693 0.055288461538461536 0.028846153846153848 0.03365384615384615
0 0.08173076923076923 0.7067307692307693 0.04326923076923077 0.057692307692307696
0 0.15264423076923078 0.08173076923076923 0.02403846153846154 0.04807692307692308
0 0.7391826923076923 0.6947115384615384 0.04326923076923077 0.057692307692307696
0 0.8269230769230769 0.6947115384615384 0.04807692307692308 0.0625
0 0.5276442307692307 0.07091346153846154 0.028846153846153848 0.04326923076923077
0 0.4110576923076923 0.07451923076923077 0.03365384615384615 0.04326923076923077
0 0.546875 0.7211538461538461 0.052884615384615384 0.07692307692307693
0 0.5841346153846154 0.7223557692307693 0.038461538461538464 0.057692307692307696
0 0.15625 0.7415865384615384 0.04807692307692308 0.057692307692307696
0 0.7427884615384616 0.06610576923076923 0.019230769230769232 0.03365384615384615
0 0.030048076923076924 0.09014423076923077 0.019230769230769232 0.04326923076923077
0 0.21153846153846154 0.7451923076923077 0.04326923076923077 0.052884615384615384
0 0.2932692307692308 0.7451923076923077 0.052884615384615384 0.057692307692307696
0 0.49038461538461536 0.07451923076923077 0.028846153846153848 0.04326923076923077
0 0.4735576923076923 0.7463942307692307 0.052884615384615384 0.0673076923076923
0 0.8810096153846154 0.7415865384615384 0.052884615384615384 0.07692307692307693
0 0.6442307692307693 0.7632211538461539 0.052884615384615384 0.0673076923076923
0 0.6634615384615384 0.07211538461538461 0.028846153846153848 0.028846153846153848
0 0.1971153846153846 0.78125 0.038461538461538464 0.04326923076923077
0 0.09975961538461539 0.7872596153846154 0.04807692307692308 0.057692307692307696
0 0.3545673076923077 0.7848557692307693 0.04326923076923077 0.04807692307692308
0 0.2536057692307692 0.08653846153846154 0.028846153846153848 0.038461538461538464
0 0.43149038461538464 0.7872596153846154 0.057692307692307696 0.07692307692307693
0 0.0625 0.09254807692307693 0.02403846153846154 0.038461538461538464
0 0.2860576923076923 0.8040865384615384 0.052884615384615384 0.057692307692307696
0 0.31009615384615385 0.08653846153846154 0.02403846153846154 0.03365384615384615
0 0.6959134615384616 0.7980769230769231 0.052884615384615384 0.0673076923076923
0 0.2860576923076923 0.09014423076923077 0.038461538461538464 0.04326923076923077
0 0.21394230769230768 0.8341346153846154 0.04326923076923077 0.052884615384615384
0 0.15985576923076922 0.8401442307692307 0.052884615384615384 0.0673076923076923
0 0.7103365384615384 0.07572115384615384 0.02403846153846154 0.028846153846153848
0 0.8245192307692307 0.8269230769230769 0.052884615384615384 0.0625
0 0.9399038461538461 0.8221153846153846 0.057692307692307696 0.0673076923076923
0 0.2620192307692308 0.8461538461538461 0.052884615384615384 0.07211538461538461
0 0.6742788461538461 0.8365384615384616 0.04807692307692308 0.057692307692307696
0 0.037259615384615384 0.8641826923076923 0.052884615384615384 0.08413461538461539
0 0.09735576923076923 0.8641826923076923 0.04326923076923077 0.057692307692307696
0 0.35697115384615385 0.8545673076923077 0.04326923076923077 0.0673076923076923
0 0.21514423076923078 0.8846153846153846 0.07211538461538461 0.0625
0 0.21995192307692307 0.09735576923076923 0.028846153846153848 0.03365384615384615
0 0.5985576923076923 0.08653846153846154 0.028846153846153848 0.04807692307692308
0 0.7776442307692307 0.08052884615384616 0.028846153846153848 0.04807692307692308
0 0.8125 0.08413461538461539 0.03365384615384615 0.05048076923076923
0 0.75 0.08653846153846154 0.028846153846153848 0.04807692307692308
0 0.9026442307692307 0.08774038461538461 0.03365384615384615 0.05048076923076923
0 0.39302884615384615 0.10576923076923077 0.038461538461538464 0.04326923076923077
0 0.2439903846153846 0.11298076923076923 0.03365384615384615 0.04326923076923077
0 0.5432692307692307 0.10336538461538461 0.028846153846153848 0.04326923076923077