0 0.9278846153846154 0.27283653846153844 0.004807692307692308 0.004807692307692308
0 0.8954326923076923 0.27524038461538464 0.004807692307692308 0.004807692307692308
0 0.9603365384615384 0.2704326923076923 0.004807692307692308 0.004807692307692308
0 0.9783653846153846 0.2692307692307692 0.004807692307692308 0.004807692307692308
0 0.9699519230769231 0.2692307692307692 0.004807692307692308 0.004807692307692308
0 0.9651442307692307 0.27524038461538464 0.004807692307692308 0.004807692307692308
0 0.2548076923076923 0.32211538461538464 0.009615384615384616 0.009615384615384616
0 0.9134615384615384 0.27884615384615385 0.004807692307692308 0.004807692307692308
0 0.9326923076923077 0.2764423076923077 0.004807692307692308 0.004807692307692308
0 0.9411057692307693 0.2764423076923077 0.004807692307692308 0.004807692307692308
0 0.9050480769230769 0.27884615384615385 0.004807692307692308 0.004807692307692308
0 0.8449519230769231 0.28846153846153844 0.004807692307692308 0.004807692307692308
0 0.8629807692307693 0.2860576923076923 0.004807692307692308 0.004807692307692308
0 0.8954326923076923 0.2848557692307692 0.004807692307692308 0.004807692307692308
0 0.9050480769230769 0.28365384615384615 0.004807692307692308 0.004807692307692308
0 0.7115384615384616 0.296875 0.004807692307692308 0.004807692307692308
0 0.9182692307692307 0.2824519230769231 0.004807692307692308 0.004807692307692308
0 0.8401442307692307 0.28846153846153844 0.004807692307692308 0.004807692307692308
0 0.6923076923076923 0.2980769230769231 0.004807692307692308 0.004807692307692308
0 0.8725961538461539 0.2860576923076923 0.004807692307692308 0.004807692307692308
0 0.734375 0.2980769230769231 0.004807692307692308 0.009615384615384616
0 0.7487980769230769 0.29927884615384615 0.004807692307692308 0.004807692307692308
0 0.8088942307692307 0.2956730769230769 0.004807692307692308 0.004807692307692308
0 0.8365384615384616 0.2932692307692308 0.004807692307692308 0.004807692307692308
0 0.8689903846153846 0.29086538461538464 0.004807692307692308 0.004807692307692308
0 0.7764423076923077 0.2980769230769231 0.004807692307692308 0.004807692307692308
0 0.8545673076923077 0.2920673076923077 0.004807692307692308 0.004807692307692308
0 0.7716346153846154 0.2980769230769231 0.004807692307692308 0.004807692307692308
0 0.796875 0.3004807692307692 0.009615384615384616 0.004807692307692308
0 0.921875 0.2920673076923077 0.009615384615384616 0.004807692307692308
0 0.90625 0.2932692307692308 0.004807692307692308 0.004807692307692308
0 0.7848557692307693 0.3016826923076923 0.004807692307692308 0.004807692307692308
0 0.7668269230769231 0.30528846153846156 0.004807692307692308 0.009615384615384616
0 0.8088942307692307 0.30288461538461536 0.004807692307692308 0.009615384615384616
0 0.8545673076923077 0.3016826923076923 0.004807692307692308 0.004807692307692308
0 0.6935096153846154 0.3125 0.004807692307692308 0.004807692307692308
0 0.7103365384615384 0.3112980769230769 0.009615384615384616 0.004807692307692308
0 0.7596153846153846 0.3088942307692308 0.009615384615384616 0.004807692307692308
0 0.7355769230769231 0.3112980769230769 0.004807692307692308 0.009615384615384616
0 0.7524038461538461 0.31009615384615385 0.004807692307692308 0.009615384615384616
0 0.6382211538461539 0.31850961538461536 0.004807692307692308 0.009615384615384616
0 0.9098557692307693 0.29927884615384615 0.004807692307692308 0.009615384615384616
0 0.7836538461538461 0.3076923076923077 0.009615384615384616 0.009615384615384616
0 0.7944711538461539 0.30649038461538464 0.004807692307692308 0.009615384615384616
0 0.7451923076923077 0.3125 0.004807692307692308 0.004807692307692308
0 0.7007211538461539 0.31850961538461536 0.009615384615384616 0.009615384615384616
0 0.6634615384615384 0.32091346153846156 0.009615384615384616 0.009615384615384616
0 0.7259615384615384 0.31490384615384615 0.004807692307692308 0.004807692307692308
0 0.6959134615384616 0.31850961538461536 0.009615384615384616 0.009615384615384616
0 0.6430288461538461 0.32211538461538464 0.004807692307692308 0.009615384615384616
0 0.6875 0.31971153846153844 0.009615384615384616 0.009615384615384616
0 0.8677884615384616 0.3088942307692308 0.009615384615384616 0.004807692307692308
0 0.5925480769230769 0.33052884615384615 0.004807692307692308 0.009615384615384616
0 0.7427884615384616 0.32091346153846156 0.009615384615384616 0.009615384615384616
0 0.7151442307692307 0.31971153846153844 0.009615384615384616 0.004807692307692308
0 0.7524038461538461 0.3173076923076923 0.009615384615384616 0.004807692307692308
0 0.8028846153846154 0.3137019230769231 0.009615384615384616 0.004807692307692308
0 0.6310096153846154 0.328125 0.009615384615384616 0.009615384615384616
0 0.7632211538461539 0.31850961538461536 0.004807692307692308 0.009615384615384616
0 0.6225961538461539 0.3293269230769231 0.009615384615384616 0.009615384615384616
0 0.7355769230769231 0.3233173076923077 0.004807692307692308 0.004807692307692308
0 0.6358173076923077 0.33052884615384615 0.009615384615384616 0.004807692307692308
0 0.6935096153846154 0.32572115384615385 0.004807692307692308 0.004807692307692308
0 0.7235576923076923 0.3269230769230769 0.009615384615384616 0.009615384615384616
0 0.8557692307692307 0.31490384615384615 0.004807692307692308 0.004807692307692308
0 0.6754807692307693 0.3293269230769231 0.004807692307692308 0.009615384615384616
0 0.7752403846153846 0.3233173076923077 0.009615384615384616 0.009615384615384616
0 0.6466346153846154 0.3317307692307692 0.009615384615384616 0.009615384615384616
0 0.9050480769230769 0.31850961538461536 0.009615384615384616 0.009615384615384616
0 0.9182692307692307 0.31490384615384615 0.009615384615384616 0.004807692307692308
0 0.5769230769230769 0.34134615384615385 0.009615384615384616 0.009615384615384616
0 0.8125 0.3245192307692308 0.009615384615384616 0.009615384615384616
0 0.7211538461538461 0.3317307692307692 0.009615384615384616 0.009615384615384616
0 0.5997596153846154 0.3401442307692308 0.009615384615384616 0.009615384615384616
0 0.6394230769230769 0.33774038461538464 0.004807692307692308 0.009615384615384616
0 0.6189903846153846 0.3389423076923077 0.009615384615384616 0.009615384615384616
0 0.6286057692307693 0.3401442307692308 0.009615384615384616 0.004807692307692308
0 0.6971153846153846 0.33533653846153844 0.009615384615384616 0.014423076923076924
0 0.8461538461538461 0.32572115384615385 0.009615384615384616 0.004807692307692308
0 0.6887019230769231 0.33653846153846156 0.009615384615384616 0.004807692307692308
0 0.265625 0.36778846153846156 0.014423076923076924 0.009615384615384616
0 0.6790865384615384 0.33653846153846156 0.009615384615384616 0.014423076923076924
0 0.7836538461538461 0.3317307692307692 0.004807692307692308 0.009615384615384616
0 0.9783653846153846 0.31850961538461536 0.009615384615384616 0.009615384615384616
0 0.8713942307692307 0.32572115384615385 0.004807692307692308 0.009615384615384616
0 0.9387019230769231 0.32091346153846156 0.009615384615384616 0.009615384615384616
0 0.7319711538461539 0.33533653846153844 0.014423076923076924 0.009615384615384616
0 0.23798076923076922 0.3701923076923077 0.014423076923076924 0.009615384615384616
0 0.5288461538461539 0.35216346153846156 0.014423076923076924 0.014423076923076924
0 0.7487980769230769 0.33653846153846156 0.009615384615384616 0.004807692307692308
0 0.5637019230769231 0.34975961538461536 0.009615384615384616 0.004807692307692308
0 0.8040865384615384 0.3329326923076923 0.009615384615384616 0.004807692307692308
0 0.8918269230769231 0.3269230769230769 0.009615384615384616 0.004807692307692308
0 0.6418269230769231 0.34375 0.009615384615384616 0.004807692307692308
0 0.90625 0.32572115384615385 0.009615384615384616 0.004807692307692308
0 0.5552884615384616 0.35336538461538464 0.009615384615384616 0.009615384615384616
0 0.6646634615384616 0.3449519230769231 0.009615384615384616 0.009615384615384616
0 0.5829326923076923 0.35336538461538464 0.009615384615384616 0.014423076923076924
0 0.7644230769230769 0.33774038461538464 0.004807692307692308 0.009615384615384616
0 0.8413461538461539 0.3329326923076923 0.009615384615384616 0.009615384615384616
0 0.7944711538461539 0.3389423076923077 0.009615384615384616 0.004807692307692308
0 0.8317307692307693 0.33533653846153844 0.009615384615384616 0.004807692307692308
0 0.5180288461538461 0.3581730769230769 0.009615384615384616 0.014423076923076924
0 0.7860576923076923 0.3389423076923077 0.009615384615384616 0.004807692307692308
0 0.6081730769230769 0.35216346153846156 0.014423076923076924 0.009615384615384616
0 0.921875 0.3293269230769231 0.004807692307692308 0.004807692307692308
0 0.6754807692307693 0.3485576923076923 0.009615384615384616 0.009615384615384616
0 0.7439903846153846 0.3425480769230769 0.009615384615384616 0.009615384615384616
0 0.4651442307692308 0.36538461538461536 0.014423076923076924 0.014423076923076924
0 0.8413461538461539 0.34134615384615385 0.009615384615384616 0.009615384615384616
0 0.8762019230769231 0.33653846153846156 0.014423076923076924 0.004807692307692308
0 0.9338942307692307 0.33653846153846156 0.009615384615384616 0.004807692307692308
0 0.7247596153846154 0.34975961538461536 0.014423076923076924 0.009615384615384616
0 0.8641826923076923 0.3401442307692308 0.009615384615384616 0.009615384615384616
0 0.640625 0.3557692307692308 0.014423076923076924 0.009615384615384616
0 0.5528846153846154 0.36177884615384615 0.004807692307692308 0.009615384615384616
0 0.6550480769230769 0.3545673076923077 0.014423076923076924 0.009615384615384616
0 0.5276442307692307 0.36538461538461536 0.009615384615384616 0.014423076923076924
0 0.9387019230769231 0.33653846153846156 0.009615384615384616 0.014423076923076924
0 0.7331730769230769 0.35096153846153844 0.004807692307692308 0.004807692307692308
0 0.7908653846153846 0.34975961538461536 0.009615384615384616 0.009615384615384616
0 0.5384615384615384 0.3701923076923077 0.009615384615384616 0.014423076923076924
0 0.5673076923076923 0.36538461538461536 0.014423076923076924 0.009615384615384616
0 0.8425480769230769 0.34615384615384615 0.009615384615384616 0.009615384615384616
0 0.828125 0.3473557692307692 0.009615384615384616 0.009615384615384616
0 0.875 0.34615384615384615 0.009615384615384616 0.004807692307692308
0 0.8149038461538461 0.34975961538461536 0.009615384615384616 0.004807692307692308
0 0.7379807692307693 0.3557692307692308 0.004807692307692308 0.004807692307692308
0 0.6177884615384616 0.36658653846153844 0.014423076923076924 0.009615384615384616
0 0.7800480769230769 0.35216346153846156 0.004807692307692308 0.004807692307692308
0 0.7584134615384616 0.35697115384615385 0.009615384615384616 0.009615384615384616
0 0.6935096153846154 0.3605769230769231 0.009615384615384616 0.009615384615384616
0 0.703125 0.3605769230769231 0.009615384615384616 0.009615384615384616
0 0.2692307692307692 0.39302884615384615 0.019230769230769232 0.016826923076923076
0 0.21995192307692307 0.39903846153846156 0.009615384615384616 0.009615384615384616
0 0.6766826923076923 0.36778846153846156 0.009615384615384616 0.009615384615384616
0 0.9759615384615384 0.3485576923076923 0.009615384615384616 0.004807692307692308
0 0.4567307692307692 0.38221153846153844 0.014423076923076924 0.009615384615384616
0 0.6262019230769231 0.3701923076923077 0.009615384615384616 0.009615384615384616
0 0.8185096153846154 0.359375 0.014423076923076924 0.014423076923076924
0 0.484375 0.38341346153846156 0.014423076923076924 0.014423076923076924
0 0.8774038461538461 0.3557692307692308 0.014423076923076924 0.014423076923076924
0 0.23557692307692307 0.40024038461538464 0.014423076923076924 0.014423076923076924
0 0.6466346153846154 0.3737980769230769 0.014423076923076924 0.009615384615384616
0 0.9807692307692307 0.3485576923076923 0.009615384615384616 0.004807692307692308
0 0.5012019230769231 0.38221153846153844 0.009615384615384616 0.014423076923076924
0 0.8617788461538461 0.359375 0.009615384615384616 0.009615384615384616
0 0.3858173076923077 0.3942307692307692 0.019230769230769232 0.016826923076923076
0 0.59375 0.37740384615384615 0.009615384615384616 0.009615384615384616
0 0.5637019230769231 0.38221153846153844 0.014423076923076924 0.014423076923076924
0 0.9170673076923077 0.3605769230769231 0.009615384615384616 0.009615384615384616
0 0.9038461538461539 0.3605769230769231 0.009615384615384616 0.009615384615384616
0 0.7836538461538461 0.36899038461538464 0.009615384615384616 0.009615384615384616
0 0.26322115384615385 0.4074519230769231 0.014423076923076924 0.014423076923076924
0 0.3629807692307692 0.39903846153846156 0.009615384615384616 0.009615384615384616
0 0.5108173076923077 0.3894230769230769 0.009615384615384616 0.014423076923076924
0 0.2127403846153846 0.4098557692307692 0.014423076923076924 0.014423076923076924
0 0.9290865384615384 0.3629807692307692 0.014423076923076924 0.009615384615384616
0 0.23317307692307693 0.4110576923076923 0.019230769230769232 0.01201923076923077
0 0.4483173076923077 0.39903846153846156 0.014423076923076924 0.014423076923076924
0 0.7007211538461539 0.38822115384615385 0.009615384615384616 0.009615384615384616
0 0.46033653846153844 0.4026442307692308 0.019230769230769232 0.016826923076923076
0 0.6526442307692307 0.3918269230769231 0.014423076923076924 0.009615384615384616
0 0.23918269230769232 0.4206730769230769 0.019230769230769232 0.019230769230769232
0 0.6923076923076923 0.3894230769230769 0.009615384615384616 0.009615384615384616
0 0.8473557692307693 0.38100961538461536 0.014423076923076924 0.014423076923076924
0 0.47836538461538464 0.40625 0.014423076923076924 0.014423076923076924
0 0.6033653846153846 0.39783653846153844 0.009615384615384616 0.014423076923076924
0 0.7524038461538461 0.3870192307692308 0.009615384615384616 0.014423076923076924
0 0.4963942307692308 0.4074519230769231 0.016826923076923076 0.019230769230769232
0 0.6334134615384616 0.40024038461538464 0.014423076923076924 0.014423076923076924
0 0.5492788461538461 0.40625 0.009615384615384616 0.014423076923076924
0 0.828125 0.3870192307692308 0.004807692307692308 0.014423076923076924
0 0.9074519230769231 0.3858173076923077 0.014423076923076924 0.014423076923076924
0 0.65625 0.40384615384615385 0.019230769230769232 0.016826923076923076
0 0.27163461538461536 0.43028846153846156 0.019230769230769232 0.016826923076923076
0 0.5913461538461539 0.4110576923076923 0.009615384615384616 0.009615384615384616
0 0.6959134615384616 0.40024038461538464 0.014423076923076924 0.014423076923076924
0 0.8040865384615384 0.3954326923076923 0.019230769230769232 0.01201923076923077
0 0.8677884615384616 0.38822115384615385 0.019230769230769232 0.016826923076923076
0 0.2127403846153846 0.4375 0.019230769230769232 0.019230769230769232
0 0.37259615384615385 0.42788461538461536 0.014423076923076924 0.014423076923076924
0 0.5360576923076923 0.4170673076923077 0.019230769230769232 0.016826923076923076
0 0.5793269230769231 0.41346153846153844 0.014423076923076924 0.014423076923076924
0 0.7319711538461539 0.4026442307692308 0.014423076923076924 0.014423076923076924
0 0.5985576923076923 0.41586538461538464 0.014423076923076924 0.014423076923076924
0 0.7596153846153846 0.4050480769230769 0.014423076923076924 0.014423076923076924
0 0.7836538461538461 0.4050480769230769 0.014423076923076924 0.009615384615384616
0 0.9110576923076923 0.39903846153846156 0.019230769230769232 0.016826923076923076
0 0.859375 0.4026442307692308 0.019230769230769232 0.016826923076923076
0 0.390625 0.4375 0.016826923076923076 0.019230769230769232
0 0.5096153846153846 0.4266826923076923 0.009615384615384616 0.014423076923076924
0 0.8161057692307693 0.4098557692307692 0.014423076923076924 0.014423076923076924
0 0.5625 0.4254807692307692 0.016826923076923076 0.019230769230769232
0 0.6454326923076923 0.421875 0.014423076923076924 0.014423076923076924
0 0.4182692307692308 0.4387019230769231 0.014423076923076924 0.014423076923076924
0 0.7151442307692307 0.41947115384615385 0.016826923076923076 0.019230769230769232
0 0.2692307692307692 0.45552884615384615 0.019230769230769232 0.019230769230769232
0 0.24158653846153846 0.4579326923076923 0.019230769230769232 0.019230769230769232
0 0.6875 0.4266826923076923 0.016826923076923076 0.019230769230769232
0 0.21394230769230768 0.46033653846153844 0.019230769230769232 0.019230769230769232
0 0.9122596153846154 0.41346153846153844 0.019230769230769232 0.016826923076923076
0 0.6598557692307693 0.4338942307692308 0.016826923076923076 0.019230769230769232
0 0.6189903846153846 0.4411057692307692 0.016826923076923076 0.019230769230769232
0 0.33653846153846156 0.46033653846153844 0.016826923076923076 0.019230769230769232
0 0.2980769230769231 0.46634615384615385 0.019230769230769232 0.016826923076923076
0 0.8185096153846154 0.42908653846153844 0.014423076923076924 0.014423076923076924
0 0.020432692307692308 0.48677884615384615 0.028846153846153848 0.028846153846153848
0 0.4951923076923077 0.4579326923076923 0.02403846153846154 0.019230769230769232
0 0.6370192307692307 0.4483173076923077 0.02403846153846154 0.019230769230769232
0 0.7668269230769231 0.4362980769230769 0.014423076923076924 0.014423076923076924
0 0.5144230769230769 0.4543269230769231 0.019230769230769232 0.02403846153846154
0 0.7367788461538461 0.4387019230769231 0.019230769230769232 0.016826923076923076
0 0.23317307692307693 0.47836538461538464 0.019230769230769232 0.02403846153846154
0 0.3954326923076923 0.4675480769230769 0.019230769230769232 0.02403846153846154
0 0.703125 0.453125 0.016826923076923076 0.019230769230769232
0 0.2091346153846154 0.4879807692307692 0.02403846153846154 0.028846153846153848
0 0.27403846153846156 0.4879807692307692 0.016826923076923076 0.019230769230769232
0 0.4266826923076923 0.4795673076923077 0.02403846153846154 0.02403846153846154
0 0.2932692307692308 0.48677884615384615 0.02403846153846154 0.028846153846153848
0 0.40625 0.49038461538461536 0.019230769230769232 0.02403846153846154
0 0.5132211538461539 0.48677884615384615 0.019230769230769232 0.02403846153846154
0 0.31971153846153844 0.49759615384615385 0.019230769230769232 0.019230769230769232
0 0.04807692307692308 0.5192307692307693 0.02403846153846154 0.02403846153846154
0 0.3401442307692308 0.5012019230769231 0.02403846153846154 0.028846153846153848
0 0.13942307692307693 0.5204326923076923 0.019230769230769232 0.028846153846153848
0 0.5901442307692307 0.49399038461538464 0.016826923076923076 0.019230769230769232
0 0.5480769230769231 0.5036057692307693 0.02403846153846154 0.02403846153846154
0 0.4855769230769231 0.5060096153846154 0.019230769230769232 0.028846153846153848
0 0.3605769230769231 0.5144230769230769 0.02403846153846154 0.019230769230769232
0 0.7728365384615384 0.4879807692307692 0.019230769230769232 0.016826923076923076
0 0.734375 0.49759615384615385 0.02403846153846154 0.019230769230769232
0 0.5012019230769231 0.5204326923076923 0.019230769230769232 0.02403846153846154
0 0.6658653846153846 0.5108173076923077 0.02403846153846154 0.019230769230769232
0 0.37740384615384615 0.5408653846153846 0.028846153846153848 0.028846153846153848
0 0.765625 0.5168269230769231 0.028846153846153848 0.02403846153846154
0 0.40024038461538464 0.5420673076923077 0.019230769230769232 0.02403846153846154
0 0.5504807692307693 0.5360576923076923 0.02403846153846154 0.02403846153846154
0 0.6370192307692307 0.5324519230769231 0.028846153846153848 0.028846153846153848
0 0.44591346153846156 0.5480769230769231 0.02403846153846154 0.02403846153846154
0 0.12139423076923077 0.5961538461538461 0.028846153846153848 0.028846153846153848
0 0.13581730769230768 0.6358173076923077 0.03365384615384615 0.028846153846153848
0 0.30408653846153844 0.6442307692307693 0.02403846153846154 0.028846153846153848