0 0.9783653846153846 0.051682692307692304 0.014423076923076924 0.028846153846153848
0 0.6887019230769231 0.20192307692307693 0.021634615384615384 0.028846153846153848
0 0.2247596153846154 0.171875 0.026442307692307692 0.04567307692307692
0 0.10336538461538461 0.16346153846153846 0.02403846153846154 0.04807692307692308
0 0.7668269230769231 0.21634615384615385 0.028846153846153848 0.038461538461538464
0 0.6682692307692307 0.2091346153846154 0.01201923076923077 0.02403846153846154
0 0.9567307692307693 0.22956730769230768 0.021634615384615384 0.028846153846153848
0 0.1875 0.17548076923076922 0.026442307692307692 0.038461538461538464
0 0.07692307692307693 0.16826923076923078 0.026442307692307692 0.03365384615384615
0 0.28725961538461536 0.18629807692307693 0.019230769230769232 0.036057692307692304
0 0.5697115384615384 0.2091346153846154 0.014423076923076924 0.03365384615384615
0 0.25841346153846156 0.1875 0.019230769230769232 0.03365384615384615
0 0.2776442307692308 0.18990384615384615 0.019230769230769232 0.036057692307692304
0 0.5324519230769231 0.21033653846153846 0.014423076923076924 0.016826923076923076
0 0.7427884615384616 0.2283653846153846 0.02403846153846154 0.03365384615384615
0 0.546875 0.21394230769230768 0.021634615384615384 0.03365384615384615
0 0.8185096153846154 0.234375 0.02403846153846154 0.028846153846153848
0 0.6622596153846154 0.2247596153846154 0.021634615384615384 0.038461538461538464
0 0.1622596153846154 0.18990384615384615 0.019230769230769232 0.038461538461538464
0 0.640625 0.22596153846153846 0.02403846153846154 0.038461538461538464
0 0.055288461538461536 0.18509615384615385 0.02403846153846154 0.04567307692307692
0 0.35697115384615385 0.20793269230769232 0.021634615384615384 0.03365384615384615
0 0.1466346153846154 0.1971153846153846 0.021634615384615384 0.040865384615384616
0 0.12740384615384615 0.19591346153846154 0.01201923076923077 0.028846153846153848
0 0.18389423076923078 0.008413461538461538 0.021634615384615384 0.016826923076923076
0 0.5228365384615384 0.22956730769230768 0.026442307692307692 0.03125
0 0.8004807692307693 0.25 0.021634615384615384 0.03365384615384615
0 0.44471153846153844 0.2247596153846154 0.026442307692307692 0.03365384615384615
0 0.33413461538461536 0.21995192307692307 0.021634615384615384 0.028846153846153848
0 0.9170673076923077 0.2620192307692308 0.021634615384615384 0.036057692307692304
0 0.41466346153846156 0.22596153846153846 0.021634615384615384 0.03365384615384615
0 0.7163461538461539 0.2512019230769231 0.026442307692307692 0.036057692307692304
0 0.22115384615384615 0.21754807692307693 0.028846153846153848 0.036057692307692304
0 0.2860576923076923 0.22355769230769232 0.02403846153846154 0.021634615384615384
0 0.47475961538461536 0.23918269230769232 0.02403846153846154 0.021634615384615384
0 0.6009615384615384 0.24759615384615385 0.021634615384615384 0.036057692307692304
0 0.4951923076923077 0.2403846153846154 0.014423076923076924 0.026442307692307692
0 0.10817307692307693 0.21394230769230768 0.026442307692307692 0.04326923076923077
0 0.7584134615384616 0.040865384615384616 0.009615384615384616 0.026442307692307692
0 0.9915865384615384 0.057692307692307696 0.01201923076923077 0.026442307692307692
0 0.5300480769230769 0.026442307692307692 0.026442307692307692 0.026442307692307692
0 0.3389423076923077 0.015625 0.02403846153846154 0.03125
0 0.8125 0.2668269230769231 0.03125 0.038461538461538464
0 0.7620192307692307 0.2644230769230769 0.021634615384615384 0.026442307692307692
0 0.6923076923076923 0.25961538461538464 0.021634615384615384 0.03365384615384615
0 0.39783653846153844 0.23918269230769232 0.026442307692307692 0.040865384615384616
0 0.037259615384615384 0.21394230769230768 0.019230769230769232 0.014423076923076924
0 0.7776442307692307 0.2704326923076923 0.014423076923076924 0.03125
0 0.5745192307692307 0.25600961538461536 0.026442307692307692 0.036057692307692304
0 0.9026442307692307 0.27884615384615385 0.021634615384615384 0.03125
0 0.18389423076923078 0.22956730769230768 0.028846153846153848 0.03365384615384615
0 0.8786057692307693 0.28125 0.021634615384615384 0.038461538461538464
0 0.20072115384615385 0.23677884615384615 0.02403846153846154 0.038461538461538464
0 0.37740384615384615 0.25240384615384615 0.016826923076923076 0.028846153846153848
0 0.59375 0.03245192307692308 0.021634615384615384 0.036057692307692304
0 0.47475961538461536 0.26322115384615385 0.026442307692307692 0.028846153846153848
0 0.28846153846153844 0.25 0.02403846153846154 0.03365384615384615
0 0.08173076923076923 0.23677884615384615 0.02403846153846154 0.036057692307692304
0 0.8605769230769231 0.2932692307692308 0.021634615384615384 0.021634615384615384
0 0.055288461538461536 0.23798076923076922 0.021634615384615384 0.036057692307692304
0 0.5901442307692307 0.2776442307692308 0.019230769230769232 0.040865384615384616
0 0.7572115384615384 0.28846153846153844 0.02403846153846154 0.036057692307692304
0 0.6646634615384616 0.2860576923076923 0.014423076923076924 0.02403846153846154
0 0.5324519230769231 0.2764423076923077 0.021634615384615384 0.03365384615384615
0 0.35697115384615385 0.265625 0.021634615384615384 0.03365384615384615
0 0.6802884615384616 0.29086538461538464 0.014423076923076924 0.021634615384615384
0 0.36899038461538464 0.2704326923076923 0.009615384615384616 0.02403846153846154
0 0.734375 0.296875 0.02403846153846154 0.038461538461538464
0 0.9399038461538461 0.3112980769230769 0.019230769230769232 0.03365384615384615
0 0.030048076923076924 0.24759615384615385 0.028846153846153848 0.04567307692307692
0 0.2512019230769231 0.265625 0.026442307692307692 0.036057692307692304
0 0.9266826923076923 0.3125 0.02403846153846154 0.028846153846153848
0 0.9555288461538461 0.3173076923076923 0.021634615384615384 0.03365384615384615
0 0.5540865384615384 0.2920673076923077 0.021634615384615384 0.038461538461538464
0 0.6514423076923077 0.29927884615384615 0.021634615384615384 0.03365384615384615
0 0.6310096153846154 0.29927884615384615 0.02403846153846154 0.036057692307692304
0 0.7103365384615384 0.30649038461538464 0.02403846153846154 0.028846153846153848
0 0.10096153846153846 0.26322115384615385 0.026442307692307692 0.040865384615384616
0 0.23197115384615385 0.27403846153846156 0.016826923076923076 0.03365384615384615
0 0.8521634615384616 0.31971153846153844 0.02403846153846154 0.026442307692307692
0 0.11538461538461539 0.26802884615384615 0.014423076923076924 0.036057692307692304
0 0.6153846153846154 0.30408653846153844 0.02403846153846154 0.019230769230769232
0 0.43149038461538464 0.2920673076923077 0.02403846153846154 0.04567307692307692
0 0.40865384615384615 0.28966346153846156 0.02403846153846154 0.04807692307692308
0 0.45552884615384615 0.29447115384615385 0.026442307692307692 0.03125
0 0.5192307692307693 0.3004807692307692 0.02403846153846154 0.038461538461538464
0 0.9495192307692307 0.06129807692307692 0.016826923076923076 0.021634615384615384
0 0.8353365384615384 0.3233173076923077 0.02403846153846154 0.036057692307692304
0 0.31850961538461536 0.28846153846153844 0.021634615384615384 0.040865384615384616
0 0.9795673076923077 0.3401442307692308 0.021634615384615384 0.019230769230769232
0 0.9086538461538461 0.33413461538461536 0.021634615384615384 0.026442307692307692
0 0.21153846153846154 0.29086538461538464 0.02403846153846154 0.04326923076923077
0 0.07091346153846154 0.28365384615384615 0.02403846153846154 0.04567307692307692
0 0.6153846153846154 0.32211538461538464 0.016826923076923076 0.03125
0 0.4963942307692308 0.31490384615384615 0.026442307692307692 0.040865384615384616
0 0.1622596153846154 0.2920673076923077 0.028846153846153848 0.038461538461538464
0 0.29927884615384615 0.30288461538461536 0.03125 0.038461538461538464
0 0.18509615384615385 0.2956730769230769 0.019230769230769232 0.036057692307692304
0 0.8786057692307693 0.3449519230769231 0.02403846153846154 0.03125
0 0.9963942307692307 0.35096153846153844 0.007211538461538462 0.038461538461538464
0 0.9603365384615384 0.35096153846153844 0.026442307692307692 0.028846153846153848
0 0.8028846153846154 0.3425480769230769 0.026442307692307692 0.03125
0 0.38221153846153844 0.3173076923076923 0.028846153846153848 0.052884615384615384
0 0.7091346153846154 0.3425480769230769 0.02403846153846154 0.028846153846153848
0 0.859375 0.3545673076923077 0.02403846153846154 0.021634615384615384
0 0.7764423076923077 0.34975961538461536 0.021634615384615384 0.021634615384615384
0 0.8942307692307693 0.359375 0.014423076923076924 0.03365384615384615
0 0.34615384615384615 0.32211538461538464 0.019230769230769232 0.04326923076923077
0 0.6814903846153846 0.3473557692307692 0.021634615384615384 0.03365384615384615
0 0.45913461538461536 0.3329326923076923 0.02403846153846154 0.028846153846153848
0 0.36177884615384615 0.328125 0.016826923076923076 0.03365384615384615
0 0.671875 0.35096153846153844 0.02403846153846154 0.03365384615384615
0 0.5949519230769231 0.34615384615384615 0.03125 0.040865384615384616
0 0.9555288461538461 0.3713942307692308 0.016826923076923076 0.028846153846153848
0 0.5721153846153846 0.3485576923076923 0.02403846153846154 0.036057692307692304
0 0.265625 0.33413461538461536 0.019230769230769232 0.040865384615384616
0 0.25 0.33413461538461536 0.019230769230769232 0.028846153846153848
0 0.4387019230769231 0.3485576923076923 0.02403846153846154 0.028846153846153848
0 0.640625 0.36538461538461536 0.021634615384615384 0.028846153846153848
0 0.9603365384615384 0.0673076923076923 0.007211538461538462 0.021634615384615384
0 0.8798076923076923 0.38341346153846156 0.019230769230769232 0.03125
0 0.4699519230769231 0.3545673076923077 0.021634615384615384 0.028846153846153848
0 0.7860576923076923 0.3762019230769231 0.02403846153846154 0.021634615384615384
0 0.8545673076923077 0.38341346153846156 0.02403846153846154 0.038461538461538464
0 0.33533653846153844 0.3485576923076923 0.02403846153846154 0.036057692307692304
0 0.1658653846153846 0.33653846153846156 0.03125 0.04567307692307692
0 0.23197115384615385 0.34134615384615385 0.028846153846153848 0.038461538461538464
0 0.7632211538461539 0.38100961538461536 0.019230769230769232 0.02403846153846154
0 0.5540865384615384 0.36778846153846156 0.016826923076923076 0.03125
0 0.9375 0.39903846153846156 0.02403846153846154 0.03365384615384615
0 0.6298076923076923 0.3786057692307692 0.02403846153846154 0.036057692307692304
0 0.5024038461538461 0.3701923076923077 0.028846153846153848 0.021634615384615384
0 0.9134615384615384 0.4014423076923077 0.026442307692307692 0.028846153846153848
0 0.6201923076923077 0.38221153846153844 0.014423076923076924 0.03125
0 0.7439903846153846 0.390625 0.021634615384615384 0.021634615384615384
0 0.9146634615384616 0.03245192307692308 0.007211538461538462 0.009615384615384616
0 0.31971153846153844 0.36177884615384615 0.028846153846153848 0.038461538461538464
0 0.296875 0.3641826923076923 0.02403846153846154 0.038461538461538464
0 0.5360576923076923 0.38221153846153844 0.026442307692307692 0.03365384615384615
0 0.9543269230769231 0.41346153846153844 0.02403846153846154 0.028846153846153848
0 0.07572115384615384 0.35216346153846156 0.03125 0.04807692307692308
0 0.42908653846153844 0.37740384615384615 0.028846153846153848 0.036057692307692304
0 0.8088942307692307 0.4050480769230769 0.021634615384615384 0.040865384615384616
0 0.6081730769230769 0.390625 0.021634615384615384 0.03365384615384615
0 0.3858173076923077 0.3786057692307692 0.019230769230769232 0.02403846153846154
0 0.9903846153846154 0.4230769230769231 0.019230769230769232 0.03365384615384615
0 0.40024038461538464 0.38461538461538464 0.021634615384615384 0.036057692307692304
0 0.7223557692307693 0.4110576923076923 0.026442307692307692 0.03365384615384615
0 0.5853365384615384 0.40865384615384615 0.019230769230769232 0.036057692307692304
0 0.8858173076923077 0.42908653846153844 0.021634615384615384 0.03365384615384615
0 0.7992788461538461 0.4266826923076923 0.01201923076923077 0.036057692307692304
0 0.5096153846153846 0.40625 0.03125 0.028846153846153848
0 0.37259615384615385 0.39663461538461536 0.03125 0.03365384615384615
0 0.48677884615384615 0.4074519230769231 0.021634615384615384 0.04567307692307692
0 0.9086538461538461 0.43990384615384615 0.028846153846153848 0.036057692307692304
0 0.7884615384615384 0.4326923076923077 0.016826923076923076 0.040865384615384616
0 0.6923076923076923 0.4254807692307692 0.02403846153846154 0.028846153846153848
0 0.5528846153846154 0.04447115384615385 0.01201923076923077 0.03365384615384615
0 0.5757211538461539 0.4182692307692308 0.02403846153846154 0.038461538461538464
0 0.14543269230769232 0.38822115384615385 0.03125 0.04807692307692308
0 0.9747596153846154 0.44711538461538464 0.028846153846153848 0.03125
0 0.6850961538461539 0.4338942307692308 0.026442307692307692 0.03365384615384615
0 0.46875 0.41947115384615385 0.026442307692307692 0.04326923076923077
0 0.5612980769230769 0.42788461538461536 0.019230769230769232 0.02403846153846154
0 0.7692307692307693 0.44350961538461536 0.016826923076923076 0.040865384615384616
0 0.875 0.4543269230769231 0.021634615384615384 0.028846153846153848
0 0.8377403846153846 0.453125 0.019230769230769232 0.014423076923076924
0 0.453125 0.4254807692307692 0.03125 0.04567307692307692
0 0.6478365384615384 0.4387019230769231 0.026442307692307692 0.036057692307692304
0 0.8149038461538461 0.06490384615384616 0.021634615384615384 0.028846153846153848
0 0.1201923076923077 0.40625 0.03125 0.055288461538461536
0 0.010817307692307692 0.39903846153846156 0.01201923076923077 0.03365384615384615
0 0.6310096153846154 0.4483173076923077 0.028846153846153848 0.02403846153846154
0 0.5444711538461539 0.4411057692307692 0.016826923076923076 0.04567307692307692
0 0.09615384615384616 0.41466346153846156 0.028846153846153848 0.04807692307692308
0 0.04927884615384615 0.41225961538461536 0.028846153846153848 0.038461538461538464
0 0.1971153846153846 0.42427884615384615 0.028846153846153848 0.040865384615384616
0 0.9495192307692307 0.47836538461538464 0.026442307692307692 0.038461538461538464
0 0.75 0.4651442307692308 0.02403846153846154 0.05048076923076923
0 0.8425480769230769 0.06850961538461539 0.01201923076923077 0.02403846153846154
0 0.8497596153846154 0.4795673076923077 0.028846153846153848 0.038461538461538464
0 0.5288461538461539 0.45913461538461536 0.03125 0.04567307692307692
0 0.6237980769230769 0.47115384615384615 0.019230769230769232 0.02403846153846154
0 0.9278846153846154 0.49399038461538464 0.028846153846153848 0.038461538461538464
0 0.7307692307692307 0.4807692307692308 0.019230769230769232 0.04567307692307692
0 0.7043269230769231 0.06009615384615385 0.019230769230769232 0.03365384615384615
0 0.9375 0.07692307692307693 0.009615384615384616 0.019230769230769232
0 0.8233173076923077 0.49278846153846156 0.03125 0.040865384615384616
0 0.171875 0.4495192307692308 0.026442307692307692 0.040865384615384616
0 0.13942307692307693 0.44711538461538464 0.026442307692307692 0.021634615384615384
0 0.6153846153846154 0.484375 0.019230769230769232 0.036057692307692304
0 0.38100961538461536 0.46875 0.028846153846153848 0.040865384615384616
0 0.27163461538461536 0.4651442307692308 0.03125 0.038461538461538464
0 0.6826923076923077 0.4963942307692308 0.019230769230769232 0.04326923076923077
0 0.05889423076923077 0.4519230769230769 0.028846153846153848 0.04567307692307692
0 0.7079326923076923 0.5 0.026442307692307692 0.040865384615384616
0 0.9146634615384616 0.515625 0.028846153846153848 0.040865384615384616
0 0.8894230769230769 0.5144230769230769 0.021634615384615384 0.028846153846153848
0 0.4519230769230769 0.04447115384615385 0.02403846153846154 0.026442307692307692
0 0.29086538461538464 0.47475961538461536 0.02403846153846154 0.038461538461538464
0 0.35336538461538464 0.4855769230769231 0.021634615384615384 0.040865384615384616
0 0.3329326923076923 0.4855769230769231 0.026442307692307692 0.038461538461538464
0 0.6610576923076923 0.5108173076923077 0.026442307692307692 0.04807692307692308
0 0.13822115384615385 0.47596153846153844 0.02403846153846154 0.036057692307692304
0 0.8040865384615384 0.5240384615384616 0.021634615384615384 0.040865384615384616
0 0.453125 0.4987980769230769 0.03365384615384615 0.038461538461538464
0 0.10216346153846154 0.47475961538461536 0.02403846153846154 0.014423076923076924
0 0.7872596153846154 0.5240384615384616 0.021634615384615384 0.040865384615384616
0 0.9266826923076923 0.07932692307692307 0.019230769230769232 0.02403846153846154
0 0.23918269230769232 0.03245192307692308 0.02403846153846154 0.038461538461538464
0 0.9495192307692307 0.08173076923076923 0.009615384615384616 0.016826923076923076
0 0.9543269230769231 0.5384615384615384 0.028846153846153848 0.026442307692307692
0 0.8701923076923077 0.5384615384615384 0.02403846153846154 0.036057692307692304
0 0.765625 0.5300480769230769 0.019230769230769232 0.03125
0 0.4326923076923077 0.5096153846153846 0.02403846153846154 0.026442307692307692
0 0.9879807692307693 0.5492788461538461 0.021634615384615384 0.038461538461538464
0 0.09975961538461539 0.5 0.026442307692307692 0.038461538461538464
0 0.9591346153846154 0.5600961538461539 0.03125 0.014423076923076924
0 0.5336538461538461 0.5300480769230769 0.026442307692307692 0.038461538461538464
0 0.28846153846153844 0.5144230769230769 0.02403846153846154 0.03125
0 0.8461538461538461 0.5540865384615384 0.026442307692307692 0.038461538461538464
0 0.328125 0.5216346153846154 0.03125 0.038461538461538464
0 0.7451923076923077 0.5540865384615384 0.028846153846153848 0.040865384615384616
0 0.43028846153846156 0.5384615384615384 0.03125 0.038461538461538464
0 0.5 0.546875 0.026442307692307692 0.03365384615384615
0 0.9314903846153846 0.5769230769230769 0.03365384615384615 0.040865384615384616
0 0.046875 0.5180288461538461 0.036057692307692304 0.055288461538461536
0 0.2692307692307692 0.5348557692307693 0.02403846153846154 0.021634615384615384
0 0.9555288461538461 0.5889423076923077 0.03125 0.03365384615384615
0 0.5817307692307693 0.5685096153846154 0.02403846153846154 0.028846153846153848
0 0.8293269230769231 0.078125 0.019230769230769232 0.02403846153846154
0 0.5384615384615384 0.05889423076923077 0.016826923076923076 0.03365384615384615
0 0.5985576923076923 0.5745192307692307 0.014423076923076924 0.03365384615384615
0 0.4879807692307692 0.5661057692307693 0.019230769230769232 0.03365384615384615
0 0.09134615384615384 0.5408653846153846 0.03125 0.04567307692307692
0 0.40024038461538464 0.5649038461538461 0.026442307692307692 0.028846153846153848
0 0.25 0.5600961538461539 0.02403846153846154 0.021634615384615384
0 0.6947115384615384 0.59375 0.03365384615384615 0.040865384615384616
0 0.26322115384615385 0.040865384615384616 0.01201923076923077 0.028846153846153848
0 0.2764423076923077 0.5685096153846154 0.028846153846153848 0.03365384615384615
0 0.47115384615384615 0.5877403846153846 0.028846153846153848 0.038461538461538464
0 0.45913461538461536 0.5877403846153846 0.019230769230769232 0.02403846153846154
0 0.9158653846153846 0.6201923076923077 0.036057692307692304 0.04326923076923077
0 0.35697115384615385 0.5865384615384616 0.026442307692307692 0.028846153846153848
0 0.38822115384615385 0.5901442307692307 0.02403846153846154 0.03365384615384615
0 0.6646634615384616 0.6117788461538461 0.03125 0.038461538461538464
0 0.2536057692307692 0.04326923076923077 0.019230769230769232 0.03365384615384615
0 0.0985576923076923 0.03245192307692308 0.021634615384615384 0.036057692307692304
0 0.6153846153846154 0.609375 0.03365384615384615 0.038461538461538464
0 0.0733173076923077 0.5745192307692307 0.03125 0.04326923076923077
0 0.5841346153846154 0.6129807692307693 0.03125 0.04567307692307692
0 0.23677884615384615 0.5913461538461539 0.03125 0.03365384615384615
0 0.04447115384615385 0.578125 0.026442307692307692 0.036057692307692304
0 0.44711538461538464 0.6081730769230769 0.019230769230769232 0.026442307692307692
0 0.34975961538461536 0.6117788461538461 0.02403846153846154 0.028846153846153848
0 0.43028846153846156 0.6213942307692307 0.026442307692307692 0.038461538461538464
0 0.3293269230769231 0.6141826923076923 0.02403846153846154 0.028846153846153848
0 0.5576923076923077 0.6310096153846154 0.026442307692307692 0.02403846153846154
0 0.1622596153846154 0.6045673076923077 0.036057692307692304 0.04567307692307692
0 0.6586538461538461 0.640625 0.02403846153846154 0.036057692307692304
0 0.7379807692307693 0.6502403846153846 0.021634615384615384 0.019230769230769232
0 0.8461538461538461 0.6598557692307693 0.028846153846153848 0.036057692307692304
0 0.6141826923076923 0.07211538461538461 0.014423076923076924 0.028846153846153848
0 0.2956730769230769 0.625 0.02403846153846154 0.028846153846153848
0 0.6394230769230769 0.6538461538461539 0.036057692307692304 0.026442307692307692
0 0.4026442307692308 0.6382211538461539 0.026442307692307692 0.040865384615384616
0 0.06009615384615385 0.6165865384615384 0.03125 0.040865384615384616
0 0.4831730769230769 0.6490384615384616 0.028846153846153848 0.036057692307692304
0 0.38100961538461536 0.6430288461538461 0.03125 0.04326923076923077
0 0.20552884615384615 0.6310096153846154 0.03125 0.03365384615384615
0 0.9951923076923077 0.09975961538461539 0.009615384615384616 0.021634615384615384
0 0.5288461538461539 0.0673076923076923 0.014423076923076924 0.021634615384615384
0 0.5528846153846154 0.6622596153846154 0.03365384615384615 0.036057692307692304
0 0.8100961538461539 0.6850961538461539 0.028846153846153848 0.040865384615384616
0 0.25240384615384615 0.6466346153846154 0.03125 0.038461538461538464
0 0.11177884615384616 0.6394230769230769 0.026442307692307692 0.04567307692307692
0 0.359375 0.6574519230769231 0.021634615384615384 0.026442307692307692
0 0.15264423076923078 0.6442307692307693 0.028846153846153848 0.038461538461538464
0 0.7548076923076923 0.6887019230769231 0.02403846153846154 0.040865384615384616
0 0.27524038461538464 0.6574519230769231 0.028846153846153848 0.040865384615384616
0 0.9074519230769231 0.7019230769230769 0.03125 0.04567307692307692
0 0.5120192307692307 0.0673076923076923 0.021634615384615384 0.036057692307692304
0 0.6021634615384616 0.07451923076923077 0.014423076923076924 0.03365384615384615
0 0.46634615384615385 0.6730769230769231 0.03125 0.038461538461538464
0 0.33774038461538464 0.6658653846153846 0.028846153846153848 0.03365384615384615
0 0.5841346153846154 0.6838942307692307 0.028846153846153848 0.04326923076923077
0 0.6310096153846154 0.6875 0.028846153846153848 0.040865384615384616
0 0.734375 0.6983173076923077 0.03125 0.03365384615384615
0 0.8245192307692307 0.7055288461538461 0.021634615384615384 0.03125
0 0.08052884615384616 0.6574519230769231 0.038461538461538464 0.052884615384615384
0 0.6971153846153846 0.7019230769230769 0.03365384615384615 0.040865384615384616
0 0.4495192307692308 0.6875 0.028846153846153848 0.026442307692307692
0 0.07451923076923077 0.038461538461538464 0.021634615384615384 0.038461538461538464
0 0.7728365384615384 0.0889423076923077 0.02403846153846154 0.038461538461538464
0 0.7439903846153846 0.08653846153846154 0.019230769230769232 0.028846153846153848
0 0.7151442307692307 0.08533653846153846 0.019230769230769232 0.03365384615384615
0 0.2127403846153846 0.04927884615384615 0.02403846153846154 0.03365384615384615
0 0.20793269230769232 0.6742788461538461 0.02403846153846154 0.028846153846153848
0 0.5697115384615384 0.7055288461538461 0.02403846153846154 0.04807692307692308
0 0.31490384615384615 0.6995192307692307 0.03125 0.036057692307692304
0 0.7475961538461539 0.7295673076923077 0.026442307692307692 0.021634615384615384
0 0.6610576923076923 0.7235576923076923 0.03365384615384615 0.040865384615384616
0 0.44711538461538464 0.0673076923076923 0.02403846153846154 0.028846153846153848
0 0.44591346153846156 0.7127403846153846 0.03125 0.02403846153846154
0 0.5480769230769231 0.7211538461538461 0.03125 0.055288461538461536
0 0.17307692307692307 0.6971153846153846 0.02403846153846154 0.03365384615384615
0 0.7992788461538461 0.7427884615384616 0.028846153846153848 0.040865384615384616
0 0.9651442307692307 0.7584134615384616 0.028846153846153848 0.021634615384615384
0 0.13701923076923078 0.7079326923076923 0.014423076923076924 0.02403846153846154
0 0.5300480769230769 0.7403846153846154 0.028846153846153848 0.04807692307692308
0 0.4987980769230769 0.7379807692307693 0.03125 0.028846153846153848
0 0.7512019230769231 0.7572115384615384 0.026442307692307692 0.02403846153846154
0 0.2692307692307692 0.7247596153846154 0.03125 0.055288461538461536
0 0.42908653846153844 0.7367788461538461 0.036057692307692304 0.04567307692307692
0 0.8641826923076923 0.7680288461538461 0.03365384615384615 0.04807692307692308
0 0.6189903846153846 0.7560096153846154 0.03125 0.04807692307692308
0 0.9675480769230769 0.7836538461538461 0.026442307692307692 0.03365384615384615
0 0.8413461538461539 0.7740384615384616 0.028846153846153848 0.03365384615384615
0 0.5492788461538461 0.009615384615384616 0.016826923076923076 0.014423076923076924
0 0.29447115384615385 0.06009615384615385 0.021634615384615384 0.040865384615384616
0 0.6466346153846154 0.7644230769230769 0.03125 0.038461538461538464
0 0.15625 0.7319711538461539 0.03125 0.04567307692307692
0 0.3894230769230769 0.7487980769230769 0.028846153846153848 0.04326923076923077
0 0.5024038461538461 0.7584134615384616 0.026442307692307692 0.03365384615384615
0 0.1141826923076923 0.7319711538461539 0.03365384615384615 0.06009615384615385
0 0.7139423076923077 0.7788461538461539 0.03125 0.04326923076923077
0 0.7403846153846154 0.7824519230769231 0.028846153846153848 0.04567307692307692
0 0.9579326923076923 0.7992788461538461 0.019230769230769232 0.040865384615384616
0 0.5889423076923077 0.08173076923076923 0.019230769230769232 0.03365384615384615
0 0.38221153846153844 0.06850961538461539 0.02403846153846154 0.04567307692307692
0 0.24519230769230768 0.7536057692307693 0.03365384615384615 0.055288461538461536
0 0.828125 0.796875 0.03125 0.03125
0 0.9350961538461539 0.8137019230769231 0.03125 0.038461538461538464
0 0.36538461538461536 0.7752403846153846 0.028846153846153848 0.055288461538461536
0 0.057692307692307696 0.046875 0.026442307692307692 0.038461538461538464
0 0.09375 0.765625 0.026442307692307692 0.055288461538461536
0 0.8185096153846154 0.8173076923076923 0.03125 0.04567307692307692
0 0.4891826923076923 0.796875 0.028846153846153848 0.038461538461538464
0 0.34134615384615385 0.7872596153846154 0.028846153846153848 0.04807692307692308
0 0.5889423076923077 0.8076923076923077 0.038461538461538464 0.040865384615384616
0 0.6959134615384616 0.8161057692307693 0.03365384615384615 0.028846153846153848
0 0.18629807692307693 0.7836538461538461 0.028846153846153848 0.04567307692307692
0 0.46033653846153844 0.8028846153846154 0.03365384615384615 0.04567307692307692
0 0.06009615384615385 0.7764423076923077 0.028846153846153848 0.05048076923076923
0 0.8978365384615384 0.10817307692307693 0.021634615384615384 0.019230769230769232
0 0.6838942307692307 0.09375 0.026442307692307692 0.040865384615384616
0 0.22115384615384615 0.7932692307692307 0.03125 0.055288461538461536
0 0.703125 0.8329326923076923 0.026442307692307692 0.036057692307692304
0 0.8978365384615384 0.8473557692307693 0.03125 0.038461538461538464
0 0.5697115384615384 0.8293269230769231 0.02403846153846154 0.055288461538461536
0 0.15625 0.8004807692307693 0.036057692307692304 0.05048076923076923
0 0.5733173076923077 0.08653846153846154 0.021634615384615384 0.038461538461538464
0 0.2848557692307692 0.0673076923076923 0.02403846153846154 0.04807692307692308
0 0.5528846153846154 0.8317307692307693 0.026442307692307692 0.04326923076923077
0 0.3173076923076923 0.8161057692307693 0.028846153846153848 0.04807692307692308
0 0.2932692307692308 0.8173076923076923 0.03125 0.04807692307692308
0 0.9278846153846154 0.8629807692307693 0.03365384615384615 0.040865384615384616
0 0.8197115384615384 0.8581730769230769 0.03125 0.036057692307692304
0 0.03485576923076923 0.8076923076923077 0.04567307692307692 0.08173076923076923
0 0.7704326923076923 0.8605769230769231 0.02403846153846154 0.026442307692307692
0 0.5276442307692307 0.84375 0.026442307692307692 0.040865384615384616
0 0.84375 0.10697115384615384 0.014423076923076924 0.03125
0 0.8064903846153846 0.10576923076923077 0.021634615384615384 0.014423076923076924
0 0.38341346153846156 0.8401442307692307 0.03365384615384615 0.052884615384615384
0 0.01201923076923077 0.8197115384615384 0.02403846153846154 0.0625
0 0.26802884615384615 0.8401442307692307 0.028846153846153848 0.04567307692307692
0 0.6694711538461539 0.8701923076923077 0.02403846153846154 0.040865384615384616
0 0.78125 0.8810096153846154 0.016826923076923076 0.040865384615384616
0 0.7548076923076923 0.8798076923076923 0.03365384615384615 0.03365384615384615
0 0.6069711538461539 0.8737980769230769 0.03365384615384615 0.028846153846153848
0 0.6502403846153846 0.8798076923076923 0.03365384615384615 0.040865384615384616
0 0.8665865384615384 0.8954326923076923 0.028846153846153848 0.04567307692307692
0 0.8389423076923077 0.8978365384615384 0.028846153846153848 0.04326923076923077
0 0.515625 0.8810096153846154 0.028846153846153848 0.038461538461538464
0 0.31850961538461536 0.8762019230769231 0.026442307692307692 0.03365384615384615
0 0.5877403846153846 0.8966346153846154 0.03365384615384615 0.04326923076923077
0 0.49759615384615385 0.8954326923076923 0.028846153846153848 0.04567307692307692
0 0.7427884615384616 0.921875 0.038461538461538464 0.04326923076923077
0 0.9615384615384616 0.9387019230769231 0.019230769230769232 0.04807692307692308
0 0.47596153846153844 0.9110576923076923 0.03125 0.04567307692307692
0 0.8305288461538461 0.9362980769230769 0.021634615384615384 0.040865384615384616
0 0.20192307692307693 0.8954326923076923 0.028846153846153848 0.06009615384615385
0 0.3629807692307692 0.08052884615384616 0.019230769230769232 0.026442307692307692
0 0.09014423076923077 0.0625 0.026442307692307692 0.028846153846153848
0 0.44591346153846156 0.921875 0.03125 0.04807692307692308
0 0.17668269230769232 0.9038461538461539 0.03125 0.055288461538461536
0 0.9350961538461539 0.9567307692307693 0.028846153846153848 0.040865384615384616
0 0.31971153846153844 0.9134615384615384 0.03125 0.04567307692307692
0 0.8173076923076923 0.9519230769230769 0.028846153846153848 0.04807692307692308
0 0.03125 0.9014423076923077 0.03125 0.057692307692307696
0 0.6009615384615384 0.9423076923076923 0.03125 0.04567307692307692
0 0.7836538461538461 0.9579326923076923 0.03365384615384615 0.038461538461538464
0 0.9326923076923077 0.038461538461538464 0.014423076923076924 0.019230769230769232
0 0.828125 0.11538461538461539 0.019230769230769232 0.026442307692307692
0 0.7379807692307693 0.109375 0.019230769230769232 0.026442307692307692
0 0.5432692307692307 0.9459134615384616 0.038461538461538464 0.04807692307692308
0 0.016826923076923076 0.9182692307692307 0.03365384615384615 0.0673076923076923
0 0.1502403846153846 0.9290865384615384 0.036057692307692304 0.055288461538461536
0 0.6442307692307693 0.10576923076923077 0.014423076923076924 0.03365384615384615
0 0.9927884615384616 0.12980769230769232 0.014423076923076924 0.028846153846153848
0 0.2956730769230769 0.9459134615384616 0.026442307692307692 0.052884615384615384
0 0.27163461538461536 0.9447115384615384 0.036057692307692304 0.028846153846153848
0 0.9411057692307693 0.9891826923076923 0.03125 0.021634615384615384
0 0.38822115384615385 0.9591346153846154 0.03125 0.05048076923076923
0 0.44471153846153844 0.9699519230769231 0.03365384615384615 0.04807692307692308
0 0.7800480769230769 0.9891826923076923 0.03125 0.021634615384615384
0 0.8040865384615384 0.11899038461538461 0.014423076923076924 0.02403846153846154
0 0.5348557692307693 0.9807692307692307 0.03125 0.036057692307692304
0 0.6430288461538461 0.984375 0.026442307692307692 0.03125
0 0.2620192307692308 0.9651442307692307 0.03125 0.038461538461538464
0 0.6334134615384616 0.9879807692307693 0.026442307692307692 0.02403846153846154
0 0.7512019230769231 0.9951923076923077 0.036057692307692304 0.009615384615384616
0 0.6322115384615384 0.109375 0.028846153846153848 0.04567307692307692
0 0.9723557692307693 0.13341346153846154 0.019230769230769232 0.02403846153846154
0 0.8870192307692307 0.1310096153846154 0.019230769230769232 0.03125
0 0.7235576923076923 0.11899038461538461 0.019230769230769232 0.03365384615384615
0 0.1346153846153846 0.08052884615384616 0.026442307692307692 0.036057692307692304
0 0.8725961538461539 0.13341346153846154 0.02403846153846154 0.019230769230769232
0 0.7007211538461539 0.12139423076923077 0.019230769230769232 0.028846153846153848
0 0.1622596153846154 0.08533653846153846 0.028846153846153848 0.036057692307692304
0 0.41947115384615385 0.10576923076923077 0.014423076923076924 0.028846153846153848
0 0.3425480769230769 0.09975961538461539 0.019230769230769232 0.021634615384615384
0 0.3581730769230769 0.004807692307692308 0.019230769230769232 0.009615384615384616
0 0.9615384615384616 0.14903846153846154 0.019230769230769232 0.02403846153846154
0 0.11057692307692307 0.09014423076923077 0.016826923076923076 0.03365384615384615
0 0.7908653846153846 0.13822115384615385 0.014423076923076924 0.02403846153846154
0 0.4098557692307692 0.1141826923076923 0.014423076923076924 0.03365384615384615
0 0.31009615384615385 0.11057692307692307 0.014423076923076924 0.028846153846153848
0 0.8725961538461539 0.15144230769230768 0.019230769230769232 0.028846153846153848
0 0.7740384615384616 0.14423076923076922 0.016826923076923076 0.04326923076923077
0 0.921875 0.15745192307692307 0.02403846153846154 0.021634615384615384
0 0.3942307692307692 0.12139423076923077 0.021634615384615384 0.040865384615384616
0 0.9483173076923077 0.15985576923076922 0.01201923076923077 0.028846153846153848
0 0.9375 0.15985576923076922 0.019230769230769232 0.03365384615384615
0 0.09615384615384616 0.10096153846153846 0.021634615384615384 0.036057692307692304
0 0.7608173076923077 0.14903846153846154 0.021634615384615384 0.040865384615384616
0 0.5625 0.13581730769230768 0.02403846153846154 0.028846153846153848
0 0.20072115384615385 0.11057692307692307 0.019230769230769232 0.040865384615384616
0 0.6911057692307693 0.1502403846153846 0.014423076923076924 0.02403846153846154
0 0.5841346153846154 0.14302884615384615 0.03125 0.040865384615384616
0 0.2980769230769231 0.125 0.014423076923076924 0.026442307692307692
0 0.08052884615384616 0.11057692307692307 0.026442307692307692 0.038461538461538464
0 0.3389423076923077 0.12980769230769232 0.021634615384615384 0.026442307692307692
0 0.28725961538461536 0.12740384615384615 0.02403846153846154 0.040865384615384616
0 0.18389423076923078 0.1201923076923077 0.016826923076923076 0.040865384615384616
0 0.06490384615384616 0.11177884615384616 0.021634615384615384 0.040865384615384616
0 0.8449519230769231 0.17067307692307693 0.021634615384615384 0.03365384615384615
0 0.16947115384615385 0.12379807692307693 0.021634615384615384 0.04326923076923077
0 0.038461538461538464 0.11538461538461539 0.021634615384615384 0.036057692307692304
0 0.9146634615384616 0.042067307692307696 0.019230769230769232 0.019230769230769232
0 0.6129807692307693 0.02283653846153846 0.021634615384615384 0.03365384615384615
0 0.9579326923076923 0.046875 0.019230769230769232 0.019230769230769232
0 0.38100961538461536 0.14182692307692307 0.02403846153846154 0.04326923076923077
0 0.2608173076923077 0.1346153846153846 0.02403846153846154 0.052884615384615384
0 0.9086538461538461 0.1814903846153846 0.019230769230769232 0.02403846153846154
0 0.9951923076923077 0.1875 0.009615384615384616 0.028846153846153848
0 0.8257211538461539 0.18389423076923078 0.02403846153846154 0.038461538461538464
0 0.9783653846153846 0.19471153846153846 0.014423076923076924 0.028846153846153848
0 0.5552884615384616 0.16466346153846154 0.016826923076923076 0.03365384615384615
0 0.35697115384615385 0.15264423076923078 0.026442307692307692 0.038461538461538464
0 0.45552884615384615 0.16105769230769232 0.026442307692307692 0.038461538461538464
0 0.5372596153846154 0.16706730769230768 0.016826923076923076 0.03125
0 0.1346153846153846 0.13822115384615385 0.014423076923076924 0.03365384615384615
0 0.23076923076923078 0.14903846153846154 0.026442307692307692 0.028846153846153848
0 0.9290865384615384 0.1971153846153846 0.02403846153846154 0.038461538461538464
0 0.5300480769230769 0.17067307692307693 0.014423076923076924 0.02403846153846154
0 0.1466346153846154 0.14423076923076922 0.021634615384615384 0.038461538461538464
0 0.6237980769230769 0.18028846153846154 0.021634615384615384 0.03365384615384615
0 0.19471153846153846 0.1502403846153846 0.016826923076923076 0.016826923076923076
0 0.4338942307692308 0.16826923076923078 0.009615384615384616 0.04807692307692308
0 0.9603365384615384 0.20552884615384615 0.021634615384615384 0.021634615384615384
0 0.640625 0.18389423076923078 0.02403846153846154 0.038461538461538464
0 0.125 0.14783653846153846 0.021634615384615384 0.038461538461538464
0 0.9110576923076923 0.203125 0.021634615384615384 0.021634615384615384
0 0.703125 0.19110576923076922 0.01201923076923077 0.016826923076923076
0 0.42427884615384615 0.171875 0.02403846153846154 0.036057692307692304
0 0.8858173076923077 0.20552884615384615 0.021634615384615384 0.03365384615384615
0 0.40865384615384615 0.171875 0.028846153846153848 0.038461538461538464
0 0.5973557692307693 0.1875 0.026442307692307692 0.04326923076923077
0 0.3329326923076923 0.17067307692307693 0.021634615384615384 0.03365384615384615
0 0.30408653846153844 0.16826923076923078 0.019230769230769232 0.03365384615384615
0 0.5132211538461539 0.18509615384615385 0.026442307692307692 0.040865384615384616