0 0.8293269230769231 0.14182692307692307 0.07932692307692307 0.10817307692307693
0 0.390625 0.09975961538461539 0.08413461538461539 0.11057692307692307
0 0.9783653846153846 0.17427884615384615 0.04326923076923077 0.12740384615384615
0 0.609375 0.1466346153846154 0.0673076923076923 0.08413461538461539
0 0.3161057692307692 0.11778846153846154 0.0673076923076923 0.06971153846153846
0 0.07091346153846154 0.10817307692307693 0.06971153846153846 0.09375
0 0.9158653846153846 0.20192307692307693 0.07692307692307693 0.08413461538461539
0 0.13942307692307693 0.1201923076923077 0.06971153846153846 0.09375
0 0.2668269230769231 0.15144230769230768 0.04807692307692308 0.06490384615384616
0 0.49038461538461536 0.18990384615384615 0.07451923076923077 0.10817307692307693
0 0.30288461538461536 0.17668269230769232 0.07211538461538461 0.08413461538461539
0 0.24879807692307693 0.006009615384615385 0.036057692307692304 0.01201923076923077
0 0.2247596153846154 0.17548076923076922 0.07211538461538461 0.0889423076923077
0 0.42908653846153844 0.19831730769230768 0.0625 0.08413461538461539
0 0.8545673076923077 0.2608173076923077 0.06971153846153846 0.0985576923076923
0 0.7884615384615384 0.2644230769230769 0.07211538461538461 0.07211538461538461
0 0.43149038461538464 0.2439903846153846 0.0625 0.0889423076923077
0 0.9134615384615384 0.29927884615384615 0.06971153846153846 0.0985576923076923
0 0.5985576923076923 0.27163461538461536 0.0673076923076923 0.08413461538461539
0 0.34134615384615385 0.2439903846153846 0.06490384615384616 0.0985576923076923
0 0.6274038461538461 0.038461538461538464 0.07451923076923077 0.0625
0 0.16466346153846154 0.24158653846153846 0.07211538461538461 0.0889423076923077
0 0.07572115384615384 0.23918269230769232 0.07692307692307693 0.08413461538461539
0 0.2644230769230769 0.2608173076923077 0.0625 0.08413461538461539
0 0.9591346153846154 0.34134615384615385 0.08173076923076923 0.07211538461538461
0 0.5120192307692307 0.29447115384615385 0.0673076923076923 0.08413461538461539
0 0.07932692307692307 0.2692307692307692 0.0673076923076923 0.07451923076923077
0 0.21634615384615385 0.018028846153846152 0.07211538461538461 0.036057692307692304
0 0.8016826923076923 0.3581730769230769 0.09375 0.12259615384615384
0 0.11658653846153846 0.29447115384615385 0.0673076923076923 0.08413461538461539
0 0.7259615384615384 0.36538461538461536 0.08413461538461539 0.11057692307692307
0 0.8822115384615384 0.3870192307692308 0.07211538461538461 0.08173076923076923
0 0.6153846153846154 0.3581730769230769 0.07451923076923077 0.10336538461538461
0 0.32091346153846156 0.3401442307692308 0.08413461538461539 0.10576923076923077
0 0.3798076923076923 0.3545673076923077 0.057692307692307696 0.07932692307692307
0 0.05889423076923077 0.006009615384615385 0.021634615384615384 0.01201923076923077
0 0.0985576923076923 0.014423076923076924 0.07211538461538461 0.028846153846153848
0 0.6646634615384616 0.39903846153846156 0.08413461538461539 0.10096153846153846
0 0.23317307692307693 0.36177884615384615 0.0889423076923077 0.10576923076923077
0 0.5 0.3894230769230769 0.08413461538461539 0.10576923076923077
0 0.3137019230769231 0.025240384615384616 0.055288461538461536 0.05048076923076923
0 0.9507211538461539 0.44471153846153844 0.07692307692307693 0.11778846153846154
0 0.8485576923076923 0.4411057692307692 0.07451923076923077 0.10817307692307693
0 0.07932692307692307 0.36538461538461536 0.0673076923076923 0.07932692307692307
0 0.8076923076923077 0.07692307692307693 0.06490384615384616 0.06009615384615385
0 0.6262019230769231 0.47115384615384615 0.0889423076923077 0.07692307692307693
0 0.9122596153846154 0.5204326923076923 0.08413461538461539 0.10576923076923077
0 0.22596153846153846 0.45552884615384615 0.08173076923076923 0.07211538461538461
0 0.8004807692307693 0.515625 0.08653846153846154 0.09615384615384616
0 0.6634615384615384 0.5444711538461539 0.08653846153846154 0.12740384615384615
0 0.44471153846153844 0.5216346153846154 0.0889423076923077 0.11778846153846154
0 0.16346153846153846 0.49759615384615385 0.07451923076923077 0.10336538461538461
0 0.9567307692307693 0.5805288461538461 0.07692307692307693 0.0889423076923077
0 0.03365384615384615 0.48677884615384615 0.0673076923076923 0.10817307692307693
0 0.5877403846153846 0.5492788461538461 0.06009615384615385 0.10096153846153846
0 0.5372596153846154 0.054086538461538464 0.0625 0.06971153846153846
0 0.8762019230769231 0.5817307692307693 0.08653846153846154 0.08653846153846154
0 0.30649038461538464 0.5276442307692307 0.08173076923076923 0.12259615384615384
0 0.23076923076923078 0.5372596153846154 0.08173076923076923 0.11778846153846154
0 0.7668269230769231 0.5961538461538461 0.06971153846153846 0.0985576923076923
0 0.5264423076923077 0.578125 0.0625 0.08413461538461539
0 0.6213942307692307 0.6286057692307693 0.07692307692307693 0.11298076923076923
0 0.8449519230769231 0.6574519230769231 0.10817307692307693 0.1201923076923077
0 0.9459134615384616 0.6826923076923077 0.08413461538461539 0.10576923076923077
0 0.5552884615384616 0.6598557692307693 0.07692307692307693 0.11778846153846154
0 0.039663461538461536 0.6069711538461539 0.0673076923076923 0.08413461538461539
0 0.7175480769230769 0.6790865384615384 0.07692307692307693 0.12259615384615384
0 0.009615384615384616 0.6141826923076923 0.019230769230769232 0.07932692307692307
0 0.9663461538461539 0.1141826923076923 0.057692307692307696 0.08413461538461539
0 0.16466346153846154 0.6586538461538461 0.08413461538461539 0.09615384615384616
0 0.6346153846153846 0.08413461538461539 0.06490384615384616 0.06490384615384616
0 0.71875 0.09254807692307693 0.05048076923076923 0.08173076923076923
0 0.8401442307692307 0.7644230769230769 0.09615384615384616 0.13221153846153846
0 0.10697115384615384 0.6959134615384616 0.07692307692307693 0.11778846153846154
0 0.03125 0.7007211538461539 0.0625 0.11778846153846154
0 0.9086538461538461 0.796875 0.07451923076923077 0.10336538461538461
0 0.29086538461538464 0.7367788461538461 0.10336538461538461 0.10576923076923077
0 0.18870192307692307 0.734375 0.06490384615384616 0.09375
0 0.7163461538461539 0.8112980769230769 0.0673076923076923 0.11538461538461539
0 0.421875 0.7848557692307693 0.07692307692307693 0.11298076923076923
0 0.5108173076923077 0.796875 0.08173076923076923 0.09134615384615384
0 0.7836538461538461 0.8317307692307693 0.09375 0.12259615384615384
0 0.22235576923076922 0.8173076923076923 0.08413461538461539 0.11298076923076923
0 0.46274038461538464 0.8569711538461539 0.09615384615384616 0.10096153846153846
0 0.6117788461538461 0.8725961538461539 0.10336538461538461 0.10576923076923077
0 0.3269230769230769 0.8545673076923077 0.0889423076923077 0.07692307692307693
0 0.06370192307692307 0.039663461538461536 0.040865384615384616 0.052884615384615384
0 0.7596153846153846 0.11538461538461539 0.09134615384615384 0.12740384615384615
0 0.46033653846153844 0.08413461538461539 0.06971153846153846 0.0985576923076923
0 0.18509615384615385 0.06009615384615385 0.07692307692307693 0.0889423076923077
0 0.2860576923076923 0.07451923076923077 0.0625 0.07451923076923077
0 0.11658653846153846 0.06009615384615385 0.06490384615384616 0.06490384615384616