0 0.9891826923076923 0.19110576923076922 0.021634615384615384 0.08413461538461539
0 0.7403846153846154 0.2127403846153846 0.04567307692307692 0.07211538461538461
0 0.6911057692307693 0.22596153846153846 0.040865384615384616 0.057692307692307696
0 0.6081730769230769 0.24519230769230768 0.04567307692307692 0.0625
0 0.515625 0.2776442307692308 0.052884615384615384 0.08653846153846154
0 0.24639423076923078 0.2764423076923077 0.052884615384615384 0.08173076923076923
0 0.7632211538461539 0.31490384615384615 0.05048076923076923 0.0673076923076923
0 0.6454326923076923 0.31971153846153844 0.04567307692307692 0.0673076923076923
0 0.5961538461538461 0.3161057692307692 0.052884615384615384 0.08653846153846154
0 0.9915865384615384 0.06971153846153846 0.016826923076923076 0.07211538461538461
0 0.09134615384615384 0.30408653846153844 0.052884615384615384 0.07692307692307693
0 0.4098557692307692 0.328125 0.052884615384615384 0.09134615384615384
0 0.14783653846153846 0.3293269230769231 0.04807692307692308 0.08173076923076923
0 0.28125 0.34134615384615385 0.04807692307692308 0.07692307692307693
0 0.7788461538461539 0.39663461538461536 0.04567307692307692 0.07211538461538461
0 0.46033653846153844 0.39663461538461536 0.052884615384615384 0.08173076923076923
0 0.6382211538461539 0.4266826923076923 0.04807692307692308 0.08653846153846154
0 0.32091346153846156 0.4362980769230769 0.04567307692307692 0.0673076923076923
0 0.02403846153846154 0.4170673076923077 0.04326923076923077 0.08173076923076923
0 0.21033653846153846 0.4495192307692308 0.040865384615384616 0.07211538461538461
0 0.1201923076923077 0.453125 0.04807692307692308 0.08173076923076923
0 0.5 0.5072115384615384 0.052884615384615384 0.08173076923076923
0 0.421875 0.5144230769230769 0.055288461538461536 0.09134615384615384
0 0.6490384615384616 0.53125 0.055288461538461536 0.08173076923076923
0 0.3161057692307692 0.5072115384615384 0.04807692307692308 0.08173076923076923
0 0.9194711538461539 0.5733173076923077 0.055288461538461536 0.08173076923076923
0 0.21995192307692307 0.53125 0.04326923076923077 0.07692307692307693
0 0.016826923076923076 0.5288461538461539 0.03365384615384615 0.09615384615384616
0 0.0985576923076923 0.5348557692307693 0.052884615384615384 0.09134615384615384
0 0.7872596153846154 0.5877403846153846 0.052884615384615384 0.08173076923076923