0 0.8296875 0.628125 0.115625 0.190625
0 0.41640625 0.725 0.0921875 0.1609375
0 0.609375 0.76328125 0.090625 0.153125
0 0.259375 0.76953125 0.090625 0.1484375
0 0.22734375 0.140625 0.0625 0.1328125
0 0.3921875 0.1625 0.0765625 0.1421875
0 0.63203125 0.19140625 0.0703125 0.11875
0 0.46328125 0.1875 0.0640625 0.0859375
0 0.796875 0.22109375 0.0890625 0.115625
0 0.128125 0.209375 0.090625 0.153125
0 0.88515625 0.26484375 0.075 0.109375
0 0.27265625 0.2421875 0.0859375 0.134375
0 0.94375 0.34921875 0.071875 0.1515625
0 0.75390625 0.33984375 0.0953125 0.1484375
0 0.58046875 0.33046875 0.08125 0.146875
0 0.4375 0.325 0.084375 0.1203125
0 0.26171875 0.36015625 0.0765625 0.128125
0 0.8796875 0.41328125 0.0859375 0.14375
0 0.0875 0.40859375 0.096875 0.1578125
0 0.67890625 0.48359375 0.090625 0.1484375
0 0.48515625 0.4734375 0.103125 0.134375
0 0.36640625 0.4765625 0.1 0.153125
0 0.1984375 0.50546875 0.0828125 0.175