0 0.036057692307692304 0.1346153846153846 0.052884615384615384 0.10817307692307693
0 0.7680288461538461 0.25 0.09375 0.1466346153846154
0 0.10096153846153846 0.23557692307692307 0.06971153846153846 0.12740384615384615
0 0.3329326923076923 0.2439903846153846 0.09615384615384616 0.13701923076923078
0 0.5516826923076923 0.27884615384615385 0.07932692307692307 0.13221153846153846
0 0.16346153846153846 0.03125 0.057692307692307696 0.0625
0 0.24639423076923078 0.3786057692307692 0.08653846153846154 0.11778846153846154
0 0.11298076923076923 0.3870192307692308 0.09134615384615384 0.12740384615384615
0 0.36778846153846156 0.039663461538461536 0.0625 0.07932692307692307
0 0.9170673076923077 0.4362980769230769 0.09615384615384616 0.13221153846153846
0 0.484375 0.43990384615384615 0.09615384615384616 0.13221153846153846
0 0.6802884615384616 0.4987980769230769 0.08653846153846154 0.12259615384615384
0 0.484375 0.055288461538461536 0.07451923076923077 0.11057692307692307
0 0.390625 0.6189903846153846 0.10576923076923077 0.13221153846153846
0 0.05048076923076923 0.6225961538461539 0.10096153846153846 0.15865384615384615
0 0.9831730769230769 0.0829326923076923 0.03365384615384615 0.11778846153846154
0 0.25 0.71875 0.08653846153846154 0.13701923076923078
0 0.8725961538461539 0.7860576923076923 0.11057692307692307 0.12980769230769232
0 0.5685096153846154 0.7896634615384616 0.11057692307692307 0.14423076923076922
0 0.3581730769230769 0.828125 0.11298076923076923 0.15625
0 0.6442307692307693 0.09495192307692307 0.07451923076923077 0.11298076923076923
0 0.9098557692307693 0.10697115384615384 0.07932692307692307 0.11778846153846154