0 0.36177884615384615 0.10697115384615384 0.04326923076923077 0.07211538461538461
0 0.22956730769230768 0.10336538461538461 0.03125 0.06490384615384616
0 0.5865384615384616 0.11658653846153846 0.052884615384615384 0.07451923076923077
0 0.13341346153846154 0.109375 0.04567307692307692 0.055288461538461536
0 0.8028846153846154 0.02403846153846154 0.05048076923076923 0.028846153846153848
0 0.8269230769230769 0.140625 0.055288461538461536 0.0889423076923077
0 0.9699519230769231 0.16105769230769232 0.04807692307692308 0.0673076923076923
0 0.04807692307692308 0.13341346153846154 0.04567307692307692 0.06009615384615385
0 0.8786057692307693 0.17908653846153846 0.04567307692307692 0.055288461538461536
0 0.12860576923076922 0.16105769230769232 0.055288461538461536 0.06971153846153846
0 0.7692307692307693 0.19591346153846154 0.06009615384615385 0.08653846153846154
0 0.9567307692307693 0.20432692307692307 0.052884615384615384 0.07451923076923077
0 0.421875 0.22355769230769232 0.0625 0.07692307692307693
0 0.59375 0.234375 0.052884615384615384 0.08653846153846154
0 0.3233173076923077 0.22716346153846154 0.04807692307692308 0.07692307692307693
0 0.5637019230769231 0.25721153846153844 0.055288461538461536 0.0889423076923077
0 0.4362980769230769 0.2764423076923077 0.055288461538461536 0.0889423076923077
0 0.9795673076923077 0.3016826923076923 0.040865384615384616 0.07932692307692307
0 0.9543269230769231 0.04927884615384615 0.06490384615384616 0.06490384615384616
0 0.14903846153846154 0.33653846153846156 0.0625 0.07451923076923077
0 0.26322115384615385 0.34975961538461536 0.05048076923076923 0.06971153846153846
0 0.6610576923076923 0.3762019230769231 0.052884615384615384 0.08413461538461539
0 0.38461538461538464 0.3713942307692308 0.057692307692307696 0.07451923076923077
0 0.4579326923076923 0.3942307692307692 0.06971153846153846 0.07692307692307693
0 0.2764423076923077 0.4026442307692308 0.055288461538461536 0.07932692307692307
0 0.7151442307692307 0.4206730769230769 0.0673076923076923 0.10817307692307693
0 0.9855769230769231 0.44350961538461536 0.028846153846153848 0.0889423076923077
0 0.5396634615384616 0.42908653846153844 0.06009615384615385 0.08413461538461539
0 0.3137019230769231 0.4483173076923077 0.0673076923076923 0.07692307692307693
0 0.009615384615384616 0.44350961538461536 0.016826923076923076 0.0985576923076923
0 0.14783653846153846 0.4495192307692308 0.0625 0.0985576923076923
0 0.8064903846153846 0.47596153846153844 0.06009615384615385 0.08653846153846154
0 0.45552884615384615 0.04447115384615385 0.05048076923076923 0.08173076923076923
0 0.24278846153846154 0.4963942307692308 0.06971153846153846 0.08653846153846154
0 0.36658653846153844 0.5024038461538461 0.08173076923076923 0.08653846153846154
0 0.8016826923076923 0.5204326923076923 0.05048076923076923 0.08173076923076923
0 0.10336538461538461 0.4987980769230769 0.05048076923076923 0.0673076923076923
0 0.3762019230769231 0.5625 0.06009615384615385 0.08653846153846154
0 0.6766826923076923 0.06370192307692307 0.05048076923076923 0.08173076923076923
0 0.53125 0.5841346153846154 0.07932692307692307 0.0889423076923077
0 0.025240384615384616 0.040865384615384616 0.021634615384615384 0.0625
0 0.8004807692307693 0.5985576923076923 0.0625 0.10096153846153846
0 0.8882211538461539 0.6274038461538461 0.05048076923076923 0.07451923076923077
0 0.75 0.6322115384615384 0.08173076923076923 0.10817307692307693
0 0.5480769230769231 0.6947115384615384 0.057692307692307696 0.11057692307692307
0 0.4266826923076923 0.7151442307692307 0.06490384615384616 0.11298076923076923
0 0.9435096153846154 0.7403846153846154 0.055288461538461536 0.09134615384615384
0 0.06370192307692307 0.7331730769230769 0.07451923076923077 0.07932692307692307
0 0.8185096153846154 0.7644230769230769 0.07451923076923077 0.10096153846153846
0 0.2091346153846154 0.7512019230769231 0.055288461538461536 0.09134615384615384
0 0.6730769230769231 0.7692307692307693 0.06971153846153846 0.10817307692307693
0 0.8786057692307693 0.7800480769230769 0.05048076923076923 0.07932692307692307
0 0.28365384615384615 0.7836538461538461 0.06009615384615385 0.09615384615384616
0 0.8233173076923077 0.8521634615384616 0.07211538461538461 0.10817307692307693
0 0.7295673076923077 0.09375 0.04326923076923077 0.08653846153846154
0 0.5228365384615384 0.859375 0.08173076923076923 0.10096153846153846
0 0.5661057692307693 0.0889423076923077 0.052884615384615384 0.08173076923076923
0 0.3016826923076923 0.859375 0.08653846153846154 0.08413461538461539
0 0.12379807692307693 0.8617788461538461 0.08653846153846154 0.07211538461538461
0 0.40625 0.8786057692307693 0.07692307692307693 0.055288461538461536
0 0.0829326923076923 0.8677884615384616 0.09375 0.04326923076923077
0 0.19591346153846154 0.07932692307692307 0.05048076923076923 0.07451923076923077