0 0.4109375 0.01953125 0.021875 0.0265625
0 0.8921875 0.04453125 0.0234375 0.0390625
0 0.378125 0.1171875 0.028125 0.034375
0 0.6078125 0.0875 0.028125 0.034375
0 0.68984375 0.0875 0.0296875 0.04375
0 0.42265625 0.134375 0.025 0.04375
0 0.5859375 0.11171875 0.028125 0.034375
0 0.45078125 0.1328125 0.03125 0.03125
0 0.5390625 0.125 0.0375 0.040625
0 0.83203125 0.08671875 0.0296875 0.04375
0 0.896875 0.07734375 0.0234375 0.0390625
0 0.34921875 0.1546875 0.0234375 0.034375
0 0.15390625 0.184375 0.0296875 0.04375
0 0.3953125 0.1546875 0.021875 0.0265625
0 0.12734375 0.1953125 0.0296875 0.04375
0 0.6140625 0.00625 0.028125 0.0125
0 0.77890625 0.103125 0.0328125 0.040625
0 0.03671875 0.2125 0.0328125 0.040625
0 0.18515625 0.19140625 0.0296875 0.04375
0 0.32578125 0.178125 0.0234375 0.034375
0 0.890625 0.103125 0.0234375 0.034375
0 0.678125 0.13828125 0.0375 0.040625
0 0.36171875 0.03125 0.028125 0.034375
0 0.46015625 0.16875 0.0328125 0.0359375
0 0.06640625 0.2265625 0.0234375 0.034375
0 0.72734375 0.1359375 0.028125 0.034375
0 0.37890625 0.18984375 0.028125 0.034375
0 0.4 0.1890625 0.0234375 0.034375
0 0.521875 0.171875 0.028125 0.0390625
0 0.23359375 0.21484375 0.0234375 0.034375
0 0.5890625 0.1671875 0.0328125 0.040625
0 0.284375 0.2125 0.034375 0.0453125
0 0.44296875 0.196875 0.0328125 0.040625
0 0.03828125 0.25625 0.0328125 0.040625
0 0.47421875 0.19765625 0.0328125 0.0359375
0 0.00546875 0.26640625 0.0109375 0.0453125
0 0.1140625 0.2625 0.028125 0.0390625
0 0.31328125 0.23671875 0.034375 0.0453125
0 0.628125 0.1984375 0.04375 0.059375
0 0.5140625 0.2171875 0.034375 0.05
0 0.27109375 0.25390625 0.0296875 0.04375
0 0.56484375 0.2171875 0.034375 0.0546875
0 0.25625 0.26484375 0.0296875 0.04375
0 0.7109375 0.20625 0.0234375 0.034375
0 0.87421875 0.1875 0.028125 0.0390625
0 0.4546875 0.246875 0.0265625 0.03125
0 0.8546875 0.1953125 0.034375 0.05
0 0.4203125 0.26328125 0.021875 0.0296875
0 0.46171875 0.2625 0.021875 0.0296875
0 0.18125 0.30859375 0.0234375 0.034375
0 0.38984375 0.28203125 0.0265625 0.03125
0 0.15234375 0.3203125 0.028125 0.034375
0 0.50078125 0.27578125 0.0328125 0.040625
0 0.2171875 0.31796875 0.028125 0.0390625
0 0.3296875 0.30390625 0.0375 0.0453125
0 0.81796875 0.23515625 0.028125 0.0390625
0 0.453125 0.28671875 0.028125 0.034375
0 0.878125 0.23125 0.034375 0.05
0 0.61328125 0.2734375 0.0328125 0.040625
0 0.5859375 0.015625 0.028125 0.03125
0 0.1046875 0.08125 0.0171875 0.025
0 0.69140625 0.2671875 0.028125 0.0390625
0 0.00390625 0.36484375 0.0078125 0.0484375
0 0.084375 0.3546875 0.0296875 0.0484375
0 0.73125 0.2640625 0.03125 0.0265625
0 0.47109375 0.31015625 0.0296875 0.0484375
0 0.13046875 0.36484375 0.0375 0.040625
0 0.41796875 0.33203125 0.0328125 0.0359375
0 0.26796875 0.3625 0.0265625 0.03125
0 0.06875 0.38984375 0.0390625 0.0546875
0 0.13984375 0.3828125 0.0375 0.040625
0 0.965625 0.27109375 0.0125 0.05625
0 0.73203125 0.30390625 0.0328125 0.040625
0 0.5328125 0.334375 0.0328125 0.0359375
0 0.63203125 0.32265625 0.034375 0.0453125
0 0.46015625 0.35078125 0.034375 0.0453125
0 0.8359375 0.2984375 0.034375 0.0453125
0 0.16953125 0.39453125 0.028125 0.034375
0 0.21640625 0.396875 0.0375 0.05
0 0.7125 0.33203125 0.034375 0.0546875
0 0.3890625 0.3796875 0.028125 0.034375
0 0.88125 0.315625 0.034375 0.05
0 0.41796875 0.38046875 0.028125 0.0390625
0 0.13828125 0.41953125 0.034375 0.0453125
0 0.04921875 0.43515625 0.0375 0.0453125
0 0.2734375 0.40546875 0.028125 0.034375
0 0.1875 0.4203125 0.028125 0.0390625
0 0.6328125 0.36015625 0.0328125 0.040625
0 0.7703125 0.34765625 0.034375 0.05
0 0.5875 0.3734375 0.034375 0.0453125
0 0.5421875 0.38203125 0.0375 0.0453125
0 0.328125 0.421875 0.028125 0.0390625
0 0.690625 0.37265625 0.0421875 0.046875
0 0.7390625 0.36875 0.034375 0.05
0 0.45625 0.40859375 0.0296875 0.04375
0 0.64140625 0.3859375 0.0328125 0.0359375
0 0.8015625 0.36875 0.0265625 0.03125
0 0.03125 0.47890625 0.0375 0.05
0 0.88359375 0.36875 0.0328125 0.040625
0 0.5703125 0.41484375 0.034375 0.05
0 0.25390625 0.459375 0.034375 0.0546875
0 0.1421875 0.4796875 0.034375 0.05
0 0.3265625 0.45859375 0.028125 0.0390625
0 0.60625 0.4265625 0.0375 0.05
0 0.65703125 0.421875 0.046875 0.0515625
0 0.928125 0.3859375 0.0421875 0.05
0 0.7171875 0.415625 0.03125 0.0265625
0 0.1859375 0.49296875 0.0375 0.0453125
0 0.81171875 0.4046875 0.0296875 0.04375
0 0.9796875 0.3859375 0.025 0.0484375
0 0.75390625 0.425 0.0375 0.0453125
0 0.01796875 0.528125 0.034375 0.0453125
0 0.42421875 0.4796875 0.0328125 0.040625
0 0.59453125 0.4609375 0.03125 0.03125
0 0.07265625 0.534375 0.034375 0.0453125
0 0.1046875 0.53203125 0.0328125 0.0359375
0 0.21328125 0.51875 0.034375 0.0453125
0 0.2609375 0.5125 0.0421875 0.05
0 0.359375 0.4984375 0.0390625 0.0546875
0 0.55625 0.47109375 0.040625 0.0328125
0 0.7234375 0.446875 0.0328125 0.040625
0 0.04453125 0.1078125 0.0328125 0.0359375
0 0.66015625 0.45859375 0.03125 0.03125
0 0.82109375 0.43828125 0.0203125 0.0171875
0 0.70234375 0.459375 0.0375 0.0453125
0 0.84296875 0.44921875 0.0328125 0.040625
0 0.328125 0.521875 0.0375 0.05
0 0.30078125 0.5328125 0.0296875 0.04375
0 0.19375 0.55 0.0375 0.0453125
0 0.7875 0.46640625 0.0328125 0.0359375
0 0.61875 0.4953125 0.0390625 0.0546875
0 0.1328125 0.09765625 0.021875 0.0265625
0 0.59765625 0.0328125 0.0328125 0.040625
0 0.24765625 0.55234375 0.034375 0.0453125
0 0.10546875 0.57421875 0.034375 0.05
0 0.07421875 0.58125 0.034375 0.0453125
0 0.70078125 0.49765625 0.0296875 0.04375
0 0.49453125 0.52890625 0.0390625 0.0546875
0 0.7515625 0.49296875 0.034375 0.05
0 0.01640625 0.5984375 0.0203125 0.0515625
0 0.8328125 0.4859375 0.034375 0.0453125
0 0.578125 0.52109375 0.04375 0.0546875
0 0.6765625 0.5125 0.0453125 0.0640625
0 0.340625 0.56171875 0.0375 0.05
0 0.42265625 0.55234375 0.0296875 0.04375
0 0.87734375 0.49140625 0.0296875 0.053125
0 0.778125 0.5125 0.04375 0.059375
0 0.240625 0.0875 0.0265625 0.03125
0 0.06015625 0.615625 0.0375 0.0453125
0 0.23671875 0.59296875 0.0375 0.0453125
0 0.26953125 0.590625 0.0375 0.05
0 0.17734375 0.60390625 0.0328125 0.040625
0 0.44375 0.56640625 0.0359375 0.0328125
0 0.9515625 0.5046875 0.05 0.0703125
0 0.14296875 0.6203125 0.0390625 0.0546875
0 0.35234375 0.6125 0.034375 0.05
0 0.97890625 0.5265625 0.0421875 0.06875
0 0.46484375 0.5984375 0.046875 0.0515625
0 0.8703125 0.5421875 0.0390625 0.0546875
0 0.3984375 0.6078125 0.04375 0.0546875
0 0.73828125 0.56640625 0.0359375 0.0640625
0 0.90234375 0.5484375 0.0390625 0.059375
0 0.3078125 0.0828125 0.0234375 0.0390625
0 0.82421875 0.5640625 0.0390625 0.059375
0 0.41953125 0.6234375 0.028125 0.034375
0 0.1875 0.65859375 0.05 0.0703125
0 0.1265625 0.66953125 0.0375 0.05
0 0.34296875 0.64375 0.0328125 0.040625
0 0.05625 0.6859375 0.0296875 0.021875
0 0.68203125 0.60078125 0.04375 0.059375
0 0.7765625 0.58984375 0.0453125 0.0640625
0 0.08984375 0.690625 0.0359375 0.059375
0 0.11796875 0.69375 0.0390625 0.059375
0 0.4578125 0.65078125 0.0546875 0.065625
0 0.034375 0.71328125 0.025 0.04375
0 0.59296875 0.6453125 0.0484375 0.05625
0 0.17109375 0.71875 0.0375 0.05
0 0.34296875 0.69453125 0.05 0.075
0 0.5421875 0.6671875 0.034375 0.0453125
0 0.065625 0.7359375 0.04375 0.0546875
0 0.2484375 0.71015625 0.0390625 0.0546875
0 0.478125 0.065625 0.0234375 0.034375
0 0.678125 0.03984375 0.0234375 0.0390625
0 0.6 0.696875 0.040625 0.0375
0 0.20546875 0.75234375 0.0484375 0.05625
0 0.57734375 0.70234375 0.034375 0.0453125
0 0.5546875 0.70546875 0.0421875 0.046875
0 0.740625 0.03359375 0.0375 0.040625
0 0.49375 0.71875 0.0375 0.040625
0 0.37890625 0.74140625 0.0421875 0.05
0 0.253125 0.7703125 0.034375 0.0453125
0 0.98515625 0.675 0.0296875 0.059375
0 0.54296875 0.7390625 0.05 0.065625
0 0.303125 0.77578125 0.0546875 0.075
0 0.90546875 0.69296875 0.0421875 0.046875
0 0.36875 0.79453125 0.04375 0.0546875
0 0.15546875 0.8265625 0.0390625 0.0546875
0 0.20390625 0.8265625 0.0421875 0.0421875
0 0.61796875 0.7703125 0.0453125 0.0640625
0 0.95234375 0.72578125 0.046875 0.078125
0 0.51015625 0.79296875 0.0375 0.06875
0 0.8953125 0.73828125 0.0765625 0.06875
0 0.92421875 0.7390625 0.0390625 0.059375
0 0.5875 0.7890625 0.059375 0.071875
0 0.47265625 0.8078125 0.0546875 0.0703125
0 0.3359375 0.83125 0.0453125 0.0640625
0 0.71484375 0.78046875 0.0609375 0.0859375
0 0.2984375 0.84375 0.0484375 0.05625
0 0.1 0.87890625 0.0421875 0.0421875
0 0.77109375 0.784375 0.053125 0.0609375
0 0.98359375 0.75546875 0.0328125 0.0703125
0 0.1859375 0.87421875 0.040625 0.06875
0 0.08203125 0.13828125 0.0234375 0.034375
0 0.87421875 0.78203125 0.090625 0.0984375
0 0.146875 0.12890625 0.0328125 0.0359375
0 0.28203125 0.11015625 0.028125 0.0390625
0 0.653125 0.825 0.053125 0.0890625
0 0.3859375 0.86640625 0.046875 0.046875
0 0.2734375 0.884375 0.05625 0.0796875
0 0.2078125 0.89609375 0.0453125 0.0734375
0 0.6875 0.8359375 0.053125 0.09375
0 0.7671875 0.83671875 0.053125 0.0609375
0 0.11328125 0.928125 0.071875 0.06875
0 0.4375 0.88515625 0.05625 0.0796875
0 0.5515625 0.86875 0.0703125 0.08125
0 0.91953125 0.821875 0.071875 0.0640625
0 0.32578125 0.90546875 0.0546875 0.065625
0 0.23671875 0.9203125 0.059375 0.0765625
0 0.37890625 0.903125 0.05625 0.053125
0 0.62734375 0.87265625 0.0578125 0.0625
0 0.86171875 0.84453125 0.0515625 0.0515625
0 0.98359375 0.8265625 0.0328125 0.0375
0 0.015625 0.15859375 0.03125 0.0359375
0 0.83203125 0.0484375 0.0328125 0.040625
0 0.20625 0.1390625 0.0265625 0.03125