0 0.6526442307692307 0.4206730769230769 0.004807692307692308 0.004807692307692308
0 0.6887019230769231 0.4266826923076923 0.004807692307692308 0.004807692307692308
0 0.7055288461538461 0.4387019230769231 0.004807692307692308 0.004807692307692308
0 0.6887019230769231 0.4375 0.004807692307692308 0.004807692307692308
0 0.7091346153846154 0.4387019230769231 0.004807692307692308 0.004807692307692308
0 0.6983173076923077 0.4387019230769231 0.004807692307692308 0.004807692307692308
0 0.6935096153846154 0.4423076923076923 0.004807692307692308 0.004807692307692308
0 0.6334134615384616 0.43990384615384615 0.004807692307692308 0.009615384615384616
0 0.6814903846153846 0.44471153846153844 0.004807692307692308 0.004807692307692308
0 0.7019230769230769 0.4483173076923077 0.004807692307692308 0.004807692307692308
0 0.6057692307692307 0.44350961538461536 0.004807692307692308 0.004807692307692308
0 0.7103365384615384 0.45072115384615385 0.004807692307692308 0.009615384615384616
0 0.734375 0.4543269230769231 0.004807692307692308 0.004807692307692308
0 0.6923076923076923 0.4543269230769231 0.004807692307692308 0.004807692307692308
0 0.7644230769230769 0.4579326923076923 0.004807692307692308 0.004807692307692308
0 0.7524038461538461 0.4579326923076923 0.004807692307692308 0.004807692307692308
0 0.7403846153846154 0.4567307692307692 0.004807692307692308 0.004807692307692308
0 0.7151442307692307 0.4579326923076923 0.004807692307692308 0.004807692307692308
0 0.7247596153846154 0.45913461538461536 0.004807692307692308 0.009615384615384616
0 0.6875 0.4567307692307692 0.004807692307692308 0.009615384615384616
0 0.6923076923076923 0.4651442307692308 0.004807692307692308 0.009615384615384616
0 0.7716346153846154 0.47475961538461536 0.004807692307692308 0.004807692307692308
0 0.6526442307692307 0.46875 0.004807692307692308 0.004807692307692308
0 0.4543269230769231 0.4579326923076923 0.004807692307692308 0.004807692307692308
0 0.7007211538461539 0.47115384615384615 0.004807692307692308 0.009615384615384616
0 0.6694711538461539 0.46875 0.004807692307692308 0.004807692307692308
0 0.6574519230769231 0.46875 0.004807692307692308 0.004807692307692308
0 0.7115384615384616 0.4735576923076923 0.004807692307692308 0.004807692307692308
0 0.7536057692307693 0.47836538461538464 0.004807692307692308 0.004807692307692308
0 0.65625 0.47596153846153844 0.004807692307692308 0.009615384615384616
0 0.7211538461538461 0.4795673076923077 0.004807692307692308 0.004807692307692308
0 0.7163461538461539 0.4807692307692308 0.004807692307692308 0.004807692307692308
0 0.5036057692307693 0.4699519230769231 0.004807692307692308 0.004807692307692308
0 0.4963942307692308 0.4723557692307692 0.004807692307692308 0.009615384615384616
0 0.7415865384615384 0.484375 0.004807692307692308 0.009615384615384616
0 0.7668269230769231 0.48677884615384615 0.004807692307692308 0.009615384615384616
0 0.8016826923076923 0.49038461538461536 0.004807692307692308 0.004807692307692308
0 0.6141826923076923 0.4807692307692308 0.004807692307692308 0.009615384615384616
0 0.7956730769230769 0.49038461538461536 0.004807692307692308 0.004807692307692308
0 0.7740384615384616 0.49158653846153844 0.004807692307692308 0.009615384615384616
0 0.453125 0.47475961538461536 0.004807692307692308 0.004807692307692308
0 0.6358173076923077 0.484375 0.004807692307692308 0.009615384615384616
0 0.6105769230769231 0.4831730769230769 0.004807692307692308 0.009615384615384616
0 0.4987980769230769 0.4795673076923077 0.004807692307692308 0.004807692307692308
0 0.7584134615384616 0.49278846153846156 0.004807692307692308 0.009615384615384616
0 0.6911057692307693 0.4891826923076923 0.004807692307692308 0.004807692307692308
0 0.6057692307692307 0.4879807692307692 0.004807692307692308 0.009615384615384616
0 0.8269230769230769 0.5012019230769231 0.004807692307692308 0.004807692307692308
0 0.7271634615384616 0.4963942307692308 0.004807692307692308 0.004807692307692308
0 0.4567307692307692 0.48197115384615385 0.004807692307692308 0.004807692307692308
0 0.8173076923076923 0.5012019230769231 0.004807692307692308 0.009615384615384616
0 0.5168269230769231 0.4855769230769231 0.009615384615384616 0.009615384615384616
0 0.8221153846153846 0.5024038461538461 0.004807692307692308 0.004807692307692308
0 0.45072115384615385 0.4831730769230769 0.004807692307692308 0.004807692307692308
0 0.7752403846153846 0.5 0.004807692307692308 0.009615384615384616
0 0.7403846153846154 0.49759615384615385 0.004807692307692308 0.004807692307692308
0 0.5841346153846154 0.49038461538461536 0.004807692307692308 0.004807692307692308
0 0.7944711538461539 0.5036057692307693 0.004807692307692308 0.009615384615384616
0 0.5444711538461539 0.49038461538461536 0.004807692307692308 0.009615384615384616
0 0.6754807692307693 0.49759615384615385 0.004807692307692308 0.004807692307692308
0 0.5649038461538461 0.49399038461538464 0.009615384615384616 0.014423076923076924
0 0.5504807692307693 0.4951923076923077 0.004807692307692308 0.009615384615384616
0 0.7704326923076923 0.5096153846153846 0.004807692307692308 0.004807692307692308
0 0.5 0.4951923076923077 0.004807692307692308 0.004807692307692308
0 0.7620192307692307 0.5084134615384616 0.004807692307692308 0.009615384615384616
0 0.6069711538461539 0.5012019230769231 0.004807692307692308 0.009615384615384616
0 0.7451923076923077 0.5084134615384616 0.004807692307692308 0.009615384615384616
0 0.6430288461538461 0.5048076923076923 0.004807692307692308 0.004807692307692308
0 0.5925480769230769 0.5024038461538461 0.004807692307692308 0.009615384615384616
0 0.5769230769230769 0.5012019230769231 0.009615384615384616 0.004807692307692308
0 0.6754807692307693 0.5096153846153846 0.004807692307692308 0.009615384615384616
0 0.75 0.515625 0.004807692307692308 0.004807692307692308
0 0.5600961538461539 0.5060096153846154 0.009615384615384616 0.009615384615384616
0 0.5829326923076923 0.5072115384615384 0.009615384615384616 0.004807692307692308
0 0.5528846153846154 0.5072115384615384 0.004807692307692308 0.009615384615384616
0 0.90625 0.5264423076923077 0.009615384615384616 0.014423076923076924
0 0.453125 0.5024038461538461 0.004807692307692308 0.004807692307692308
0 0.5072115384615384 0.5048076923076923 0.004807692307692308 0.009615384615384616
0 0.5300480769230769 0.5084134615384616 0.004807692307692308 0.009615384615384616
0 0.4254807692307692 0.5036057692307693 0.004807692307692308 0.004807692307692308
0 0.984375 0.5348557692307693 0.009615384615384616 0.014423076923076924
0 0.5252403846153846 0.5108173076923077 0.004807692307692308 0.004807692307692308
0 0.46033653846153844 0.5072115384615384 0.004807692307692308 0.009615384615384616
0 0.43509615384615385 0.5060096153846154 0.004807692307692308 0.004807692307692308
0 0.6682692307692307 0.5180288461538461 0.004807692307692308 0.014423076923076924
0 0.6514423076923077 0.5180288461538461 0.004807692307692308 0.009615384615384616
0 0.5600961538461539 0.5132211538461539 0.004807692307692308 0.009615384615384616
0 0.6358173076923077 0.5168269230769231 0.004807692307692308 0.004807692307692308
0 0.4879807692307692 0.5084134615384616 0.009615384615384616 0.004807692307692308
0 0.4375 0.5084134615384616 0.004807692307692308 0.004807692307692308
0 0.6262019230769231 0.5192307692307693 0.004807692307692308 0.009615384615384616
0 0.43028846153846156 0.5084134615384616 0.004807692307692308 0.004807692307692308
0 0.6490384615384616 0.5228365384615384 0.004807692307692308 0.009615384615384616
0 0.5192307692307693 0.515625 0.004807692307692308 0.004807692307692308
0 0.921875 0.5360576923076923 0.004807692307692308 0.009615384615384616
0 0.4182692307692308 0.5108173076923077 0.004807692307692308 0.009615384615384616
0 0.9338942307692307 0.5384615384615384 0.009615384615384616 0.014423076923076924
0 0.19951923076923078 0.5 0.004807692307692308 0.009615384615384616
0 0.3858173076923077 0.5096153846153846 0.004807692307692308 0.004807692307692308
0 0.9158653846153846 0.5372596153846154 0.009615384615384616 0.014423076923076924
0 0.5985576923076923 0.5204326923076923 0.009615384615384616 0.009615384615384616
0 0.2512019230769231 0.5048076923076923 0.004807692307692308 0.004807692307692308
0 0.5793269230769231 0.5240384615384616 0.004807692307692308 0.009615384615384616
0 0.9411057692307693 0.5432692307692307 0.004807692307692308 0.009615384615384616
0 0.25841346153846156 0.5084134615384616 0.004807692307692308 0.004807692307692308
0 0.9723557692307693 0.5480769230769231 0.009615384615384616 0.014423076923076924
0 0.546875 0.5252403846153846 0.009615384615384616 0.009615384615384616
0 0.6213942307692307 0.5288461538461539 0.004807692307692308 0.009615384615384616
0 0.5012019230769231 0.5228365384615384 0.009615384615384616 0.014423076923076924
0 0.9447115384615384 0.5456730769230769 0.009615384615384616 0.019230769230769232
0 0.15384615384615385 0.5048076923076923 0.004807692307692308 0.004807692307692308
0 0.6610576923076923 0.5336538461538461 0.009615384615384616 0.009615384615384616
0 0.4807692307692308 0.5240384615384616 0.004807692307692308 0.009615384615384616
0 0.42427884615384615 0.5216346153846154 0.004807692307692308 0.004807692307692308
0 0.22355769230769232 0.5132211538461539 0.004807692307692308 0.004807692307692308
0 0.40625 0.5252403846153846 0.004807692307692308 0.004807692307692308
0 0.49399038461538464 0.5324519230769231 0.009615384615384616 0.009615384615384616
0 0.5637019230769231 0.5360576923076923 0.009615384615384616 0.014423076923076924
0 0.21634615384615385 0.5180288461538461 0.004807692307692308 0.004807692307692308
0 0.41586538461538464 0.5276442307692307 0.004807692307692308 0.004807692307692308
0 0.6322115384615384 0.5420673076923077 0.004807692307692308 0.009615384615384616
0 0.4014423076923077 0.5300480769230769 0.004807692307692308 0.004807692307692308
0 0.6598557692307693 0.5456730769230769 0.004807692307692308 0.009615384615384616
0 0.2512019230769231 0.5240384615384616 0.004807692307692308 0.009615384615384616
0 0.22596153846153846 0.5228365384615384 0.004807692307692308 0.004807692307692308
0 0.46274038461538464 0.5348557692307693 0.004807692307692308 0.009615384615384616
0 0.9879807692307693 0.5625 0.014423076923076924 0.009615384615384616
0 0.2536057692307692 0.5240384615384616 0.004807692307692308 0.009615384615384616
0 0.5877403846153846 0.5420673076923077 0.009615384615384616 0.014423076923076924
0 0.4699519230769231 0.5384615384615384 0.009615384615384616 0.014423076923076924
0 0.20432692307692307 0.5240384615384616 0.004807692307692308 0.004807692307692308
0 0.6177884615384616 0.5480769230769231 0.004807692307692308 0.009615384615384616
0 0.4170673076923077 0.5372596153846154 0.004807692307692308 0.004807692307692308
0 0.23317307692307693 0.5276442307692307 0.004807692307692308 0.009615384615384616
0 0.20192307692307693 0.5264423076923077 0.004807692307692308 0.004807692307692308
0 0.21995192307692307 0.5276442307692307 0.004807692307692308 0.004807692307692308
0 0.109375 0.5240384615384616 0.004807692307692308 0.004807692307692308
0 0.23798076923076922 0.53125 0.004807692307692308 0.009615384615384616
0 0.21033653846153846 0.5288461538461539 0.004807692307692308 0.009615384615384616
0 0.42788461538461536 0.5408653846153846 0.004807692307692308 0.004807692307692308
0 0.22956730769230768 0.5300480769230769 0.004807692307692308 0.004807692307692308
0 0.47716346153846156 0.5456730769230769 0.004807692307692308 0.004807692307692308
0 0.203125 0.53125 0.004807692307692308 0.004807692307692308
0 0.19230769230769232 0.53125 0.009615384615384616 0.004807692307692308
0 0.4326923076923077 0.5432692307692307 0.004807692307692308 0.009615384615384616
0 0.17307692307692307 0.5300480769230769 0.004807692307692308 0.004807692307692308
0 0.1622596153846154 0.5288461538461539 0.004807692307692308 0.004807692307692308
0 0.25961538461538464 0.5360576923076923 0.004807692307692308 0.009615384615384616
0 0.3954326923076923 0.5420673076923077 0.004807692307692308 0.004807692307692308
0 0.19951923076923078 0.5324519230769231 0.004807692307692308 0.004807692307692308
0 0.43028846153846156 0.546875 0.004807692307692308 0.004807692307692308
0 0.7295673076923077 0.5625 0.009615384615384616 0.009615384615384616
0 0.40024038461538464 0.5456730769230769 0.004807692307692308 0.009615384615384616
0 0.18028846153846154 0.5336538461538461 0.004807692307692308 0.009615384615384616
0 0.12740384615384615 0.53125 0.004807692307692308 0.009615384615384616
0 0.4723557692307692 0.5492788461538461 0.009615384615384616 0.014423076923076924
0 0.24759615384615385 0.5372596153846154 0.009615384615384616 0.009615384615384616
0 0.11057692307692307 0.5300480769230769 0.004807692307692308 0.004807692307692308
0 0.22716346153846154 0.5384615384615384 0.004807692307692308 0.004807692307692308
0 0.5204326923076923 0.5540865384615384 0.009615384615384616 0.019230769230769232
0 0.4495192307692308 0.5504807692307693 0.009615384615384616 0.014423076923076924
0 0.203125 0.5372596153846154 0.004807692307692308 0.009615384615384616
0 0.16947115384615385 0.5360576923076923 0.004807692307692308 0.004807692307692308
0 0.15504807692307693 0.5348557692307693 0.004807692307692308 0.004807692307692308
0 0.59375 0.5600961538461539 0.004807692307692308 0.004807692307692308
0 0.4074519230769231 0.5504807692307693 0.004807692307692308 0.004807692307692308
0 0.19471153846153846 0.5420673076923077 0.004807692307692308 0.004807692307692308
0 0.15985576923076922 0.5420673076923077 0.004807692307692308 0.004807692307692308
0 0.13701923076923078 0.5408653846153846 0.009615384615384616 0.004807692307692308
0 0.19951923076923078 0.5444711538461539 0.004807692307692308 0.004807692307692308
0 0.1502403846153846 0.5420673076923077 0.004807692307692308 0.004807692307692308
0 0.14543269230769232 0.5420673076923077 0.004807692307692308 0.004807692307692308
0 0.6262019230769231 0.5697115384615384 0.009615384615384616 0.009615384615384616
0 0.39663461538461536 0.5576923076923077 0.004807692307692308 0.009615384615384616
0 0.16706730769230768 0.5456730769230769 0.004807692307692308 0.004807692307692308
0 0.5733173076923077 0.5685096153846154 0.004807692307692308 0.004807692307692308
0 0.1201923076923077 0.5444711538461539 0.004807692307692308 0.009615384615384616
0 0.09495192307692307 0.5432692307692307 0.004807692307692308 0.009615384615384616
0 0.40625 0.5600961538461539 0.004807692307692308 0.004807692307692308
0 0.1778846153846154 0.5480769230769231 0.004807692307692308 0.009615384615384616
0 0.1045673076923077 0.546875 0.004807692307692308 0.004807692307692308
0 0.22115384615384615 0.5552884615384616 0.004807692307692308 0.004807692307692308
0 0.5060096153846154 0.5721153846153846 0.009615384615384616 0.014423076923076924
0 0.16346153846153846 0.5540865384615384 0.004807692307692308 0.004807692307692308
0 0.15865384615384615 0.5540865384615384 0.004807692307692308 0.004807692307692308
0 0.06610576923076923 0.5492788461538461 0.004807692307692308 0.009615384615384616
0 0.4891826923076923 0.5721153846153846 0.004807692307692308 0.014423076923076924
0 0.3918269230769231 0.5661057692307693 0.004807692307692308 0.009615384615384616
0 0.7259615384615384 0.5841346153846154 0.009615384615384616 0.014423076923076924
0 0.7067307692307693 0.5853365384615384 0.004807692307692308 0.009615384615384616
0 0.10697115384615384 0.5540865384615384 0.004807692307692308 0.009615384615384616
0 0.1310096153846154 0.5552884615384616 0.004807692307692308 0.009615384615384616
0 0.12139423076923077 0.5552884615384616 0.004807692307692308 0.009615384615384616
0 0.10096153846153846 0.5564903846153846 0.009615384615384616 0.009615384615384616
0 0.04326923076923077 0.5528846153846154 0.004807692307692308 0.009615384615384616
0 0.056490384615384616 0.5540865384615384 0.004807692307692308 0.009615384615384616
0 0.703125 0.5889423076923077 0.004807692307692308 0.009615384615384616
0 0.38341346153846156 0.5721153846153846 0.004807692307692308 0.009615384615384616
0 0.17668269230769232 0.5612980769230769 0.004807692307692308 0.009615384615384616
0 0.7379807692307693 0.5901442307692307 0.004807692307692308 0.014423076923076924
0 0.7307692307692307 0.5901442307692307 0.004807692307692308 0.014423076923076924
0 0.08173076923076923 0.5564903846153846 0.004807692307692308 0.009615384615384616
0 0.06850961538461539 0.5552884615384616 0.004807692307692308 0.004807692307692308
0 0.7451923076923077 0.59375 0.009615384615384616 0.009615384615384616
0 0.3786057692307692 0.5745192307692307 0.004807692307692308 0.004807692307692308
0 0.21394230769230768 0.5661057692307693 0.004807692307692308 0.014423076923076924
0 0.14182692307692307 0.5612980769230769 0.009615384615384616 0.004807692307692308
0 0.19951923076923078 0.5673076923076923 0.004807692307692308 0.004807692307692308
0 0.7103365384615384 0.59375 0.004807692307692308 0.009615384615384616
0 0.0985576923076923 0.5649038461538461 0.009615384615384616 0.004807692307692308
0 0.109375 0.5649038461538461 0.004807692307692308 0.009615384615384616
0 0.5300480769230769 0.5889423076923077 0.009615384615384616 0.014423076923076924
0 0.171875 0.5709134615384616 0.004807692307692308 0.009615384615384616
0 0.019230769230769232 0.5649038461538461 0.009615384615384616 0.009615384615384616
0 0.44711538461538464 0.5877403846153846 0.009615384615384616 0.014423076923076924
0 0.46274038461538464 0.5901442307692307 0.009615384615384616 0.014423076923076924
0 0.13581730769230768 0.5757211538461539 0.004807692307692308 0.009615384615384616
0 0.07572115384615384 0.5733173076923077 0.004807692307692308 0.009615384615384616
0 0.36538461538461536 0.5877403846153846 0.004807692307692308 0.004807692307692308
0 0.12980769230769232 0.5757211538461539 0.004807692307692308 0.004807692307692308
0 0.37259615384615385 0.5889423076923077 0.004807692307692308 0.004807692307692308
0 0.0625 0.5745192307692307 0.009615384615384616 0.009615384615384616
0 0.27524038461538464 0.5853365384615384 0.004807692307692308 0.009615384615384616
0 0.7596153846153846 0.6129807692307693 0.004807692307692308 0.009615384615384616
0 0.265625 0.5877403846153846 0.009615384615384616 0.014423076923076924
0 0.12259615384615384 0.5805288461538461 0.004807692307692308 0.009615384615384616
0 0.3798076923076923 0.5961538461538461 0.009615384615384616 0.009615384615384616
0 0.19831730769230768 0.5865384615384616 0.004807692307692308 0.009615384615384616
0 0.004807692307692308 0.5769230769230769 0.009615384615384616 0.009615384615384616
0 0.24759615384615385 0.5913461538461539 0.004807692307692308 0.009615384615384616
0 0.1875 0.5877403846153846 0.004807692307692308 0.004807692307692308
0 0.4963942307692308 0.6045673076923077 0.014423076923076924 0.019230769230769232
0 0.4206730769230769 0.6009615384615384 0.014423076923076924 0.019230769230769232
0 0.48197115384615385 0.6057692307692307 0.009615384615384616 0.019230769230769232
0 0.5444711538461539 0.6117788461538461 0.009615384615384616 0.014423076923076924
0 0.09134615384615384 0.59375 0.004807692307692308 0.009615384615384616
0 0.5444711538461539 0.6177884615384616 0.009615384615384616 0.014423076923076924
0 0.08413461538461539 0.59375 0.004807692307692308 0.009615384615384616
0 0.22355769230769232 0.6033653846153846 0.009615384615384616 0.009615384615384616
0 0.054086538461538464 0.5973557692307693 0.004807692307692308 0.009615384615384616
0 0.7572115384615384 0.6358173076923077 0.014423076923076924 0.009615384615384616
0 0.14423076923076922 0.6069711538461539 0.009615384615384616 0.009615384615384616
0 0.7896634615384616 0.6430288461538461 0.009615384615384616 0.014423076923076924
0 0.44591346153846156 0.625 0.009615384615384616 0.014423076923076924
0 0.7800480769230769 0.6442307692307693 0.009615384615384616 0.014423076923076924
0 0.4675480769230769 0.6286057692307693 0.009615384615384616 0.014423076923076924
0 0.7548076923076923 0.6478365384615384 0.014423076923076924 0.014423076923076924
0 0.47475961538461536 0.6334134615384616 0.004807692307692308 0.014423076923076924
0 0.23798076923076922 0.6213942307692307 0.009615384615384616 0.009615384615384616
0 0.2247596153846154 0.6225961538461539 0.009615384615384616 0.009615384615384616
0 0.8028846153846154 0.6526442307692307 0.009615384615384616 0.014423076923076924
0 0.7956730769230769 0.6550480769230769 0.009615384615384616 0.019230769230769232
0 0.7860576923076923 0.6586538461538461 0.009615384615384616 0.014423076923076924
0 0.20072115384615385 0.6298076923076923 0.009615384615384616 0.009615384615384616
0 0.43509615384615385 0.6442307692307693 0.009615384615384616 0.014423076923076924
0 0.41586538461538464 0.6430288461538461 0.009615384615384616 0.014423076923076924
0 0.001201923076923077 0.625 0.002403846153846154 0.019230769230769232
0 0.09495192307692307 0.6298076923076923 0.004807692307692308 0.009615384615384616
0 0.3762019230769231 0.6514423076923077 0.014423076923076924 0.019230769230769232
0 0.48197115384615385 0.65625 0.014423076923076924 0.019230769230769232
0 0.0889423076923077 0.6382211538461539 0.009615384615384616 0.014423076923076924
0 0.3137019230769231 0.6526442307692307 0.009615384615384616 0.009615384615384616
0 0.1814903846153846 0.6502403846153846 0.009615384615384616 0.014423076923076924
0 0.7680288461538461 0.6814903846153846 0.009615384615384616 0.014423076923076924
0 0.34375 0.6634615384615384 0.009615384615384616 0.019230769230769232
0 0.1466346153846154 0.6538461538461539 0.009615384615384616 0.009615384615384616
0 0.3088942307692308 0.6634615384615384 0.009615384615384616 0.009615384615384616
0 0.16947115384615385 0.6586538461538461 0.009615384615384616 0.009615384615384616
0 0.8377403846153846 0.6935096153846154 0.014423076923076924 0.019230769230769232
0 0.7824519230769231 0.6911057692307693 0.009615384615384616 0.014423076923076924
0 0.002403846153846154 0.6514423076923077 0.004807692307692308 0.014423076923076924
0 0.7632211538461539 0.6923076923076923 0.009615384615384616 0.014423076923076924
0 0.47596153846153844 0.6766826923076923 0.009615384615384616 0.014423076923076924
0 0.38822115384615385 0.6742788461538461 0.014423076923076924 0.019230769230769232
0 0.13341346153846154 0.6658653846153846 0.009615384615384616 0.014423076923076924
0 0.7572115384615384 0.703125 0.009615384615384616 0.019230769230769232
0 0.27283653846153844 0.6778846153846154 0.009615384615384616 0.009615384615384616
0 0.12259615384615384 0.6730769230769231 0.009615384615384616 0.014423076923076924
0 0.04807692307692308 0.6742788461538461 0.009615384615384616 0.014423076923076924
0 0.46875 0.6959134615384616 0.019230769230769232 0.019230769230769232
0 0.2548076923076923 0.6850961538461539 0.009615384615384616 0.014423076923076924
0 0.027644230769230768 0.6778846153846154 0.014423076923076924 0.014423076923076924
0 0.109375 0.6850961538461539 0.009615384615384616 0.009615384615384616
0 0.03365384615384615 0.6862980769230769 0.009615384615384616 0.014423076923076924
0 0.5528846153846154 0.7211538461538461 0.014423076923076924 0.02403846153846154
0 0.17427884615384615 0.703125 0.009615384615384616 0.014423076923076924
0 0.1971153846153846 0.7067307692307693 0.009615384615384616 0.014423076923076924
0 0.18870192307692307 0.7091346153846154 0.009615384615384616 0.014423076923076924
0 0.23557692307692307 0.7139423076923077 0.009615384615384616 0.014423076923076924
0 0.5324519230769231 0.7295673076923077 0.02403846153846154 0.02403846153846154
0 0.2608173076923077 0.7151442307692307 0.014423076923076924 0.02403846153846154
0 0.020432692307692308 0.7067307692307693 0.009615384615384616 0.014423076923076924
0 0.43509615384615385 0.7283653846153846 0.014423076923076924 0.02403846153846154
0 0.39783653846153844 0.7307692307692307 0.014423076923076924 0.019230769230769232
0 0.48197115384615385 0.7427884615384616 0.014423076923076924 0.02403846153846154
0 0.31850961538461536 0.7331730769230769 0.019230769230769232 0.02403846153846154
0 0.49158653846153844 0.7524038461538461 0.014423076923076924 0.019230769230769232
0 0.29447115384615385 0.7415865384615384 0.014423076923076924 0.019230769230769232
0 0.23197115384615385 0.7391826923076923 0.014423076923076924 0.019230769230769232
0 0.31971153846153844 0.7451923076923077 0.014423076923076924 0.02403846153846154
0 0.5036057692307693 0.765625 0.014423076923076924 0.019230769230769232
0 0.19591346153846154 0.7596153846153846 0.019230769230769232 0.02403846153846154
0 0.30528846153846156 0.7776442307692307 0.019230769230769232 0.02403846153846154
0 0.3942307692307692 0.7956730769230769 0.019230769230769232 0.02403846153846154
0 0.48677884615384615 0.8004807692307693 0.014423076923076924 0.02403846153846154
0 0.15985576923076922 0.8004807692307693 0.014423076923076924 0.02403846153846154
0 0.10697115384615384 0.8365384615384616 0.019230769230769232 0.028846153846153848
0 0.5661057692307693 0.8605769230769231 0.016826923076923076 0.028846153846153848
0 0.34375 0.8581730769230769 0.019230769230769232 0.03365384615384615
0 0.6033653846153846 0.8786057692307693 0.019230769230769232 0.03365384615384615
0 0.3161057692307692 0.8629807692307693 0.02403846153846154 0.028846153846153848
0 0.06610576923076923 0.9038461538461539 0.028846153846153848 0.04326923076923077
0 0.8365384615384616 0.9483173076923077 0.019230769230769232 0.02403846153846154
0 0.7572115384615384 0.9543269230769231 0.02403846153846154 0.03365384615384615
0 0.28725961538461536 0.9362980769230769 0.028846153846153848 0.03365384615384615
0 0.8954326923076923 0.96875 0.02403846153846154 0.028846153846153848
0 0.6959134615384616 0.96875 0.02403846153846154 0.038461538461538464
0 0.32091346153846156 0.9519230769230769 0.028846153846153848 0.038461538461538464
0 0.5504807692307693 0.9663461538461539 0.02403846153846154 0.028846153846153848
0 0.9038461538461539 0.9915865384615384 0.019230769230769232 0.016826923076923076
0 0.9447115384615384 0.9963942307692307 0.02403846153846154 0.007211538461538462
0 0.3942307692307692 0.9807692307692307 0.019230769230769232 0.02403846153846154
0 0.5769230769230769 0.9903846153846154 0.019230769230769232 0.019230769230769232