0 0.38984375 0.1671875 0.0703125 0.1046875
0 0.1953125 0.15703125 0.1046875 0.1484375
0 0.5421875 0.1890625 0.06875 0.0921875
0 0.71953125 0.20078125 0.075 0.1234375
0 0.60859375 0.2046875 0.0703125 0.1140625
0 0.2890625 0.19453125 0.075 0.109375
0 0.8375 0.2484375 0.0828125 0.0921875
0 0.50234375 0.28046875 0.090625 0.1296875
0 0.75390625 0.346875 0.075 0.1234375
0 0.8515625 0.3671875 0.0890625 0.115625
0 0.23125 0.36328125 0.103125 0.125
0 0.34140625 0.396875 0.0953125 0.14375
0 0.5671875 0.4546875 0.0796875 0.11875