0 0.796875 0.42908653846153844 0.004807692307692308 0.004807692307692308
0 0.5829326923076923 0.46875 0.004807692307692308 0.009615384615384616
0 0.5721153846153846 0.4699519230769231 0.009615384615384616 0.009615384615384616
0 0.9927884615384616 0.42788461538461536 0.007211538461538462 0.014423076923076924
0 0.7463942307692307 0.453125 0.01201923076923077 0.014423076923076924
0 0.5096153846153846 0.47836538461538464 0.004807692307692308 0.004807692307692308
0 0.5997596153846154 0.47115384615384615 0.009615384615384616 0.009615384615384616
0 0.5276442307692307 0.47836538461538464 0.004807692307692308 0.009615384615384616
0 0.5180288461538461 0.4795673076923077 0.004807692307692308 0.009615384615384616
0 0.9795673076923077 0.43149038461538464 0.004807692307692308 0.009615384615384616
0 0.8088942307692307 0.453125 0.004807692307692308 0.009615384615384616
0 0.7596153846153846 0.4579326923076923 0.004807692307692308 0.009615384615384616
0 0.5516826923076923 0.4795673076923077 0.004807692307692308 0.009615384615384616
0 0.5384615384615384 0.48197115384615385 0.004807692307692308 0.009615384615384616
0 0.9182692307692307 0.4411057692307692 0.009615384615384616 0.009615384615384616
0 0.8966346153846154 0.44350961538461536 0.004807692307692308 0.009615384615384616
0 0.8641826923076923 0.44711538461538464 0.004807692307692308 0.009615384615384616
0 0.8185096153846154 0.4519230769230769 0.004807692307692308 0.009615384615384616
0 0.7199519230769231 0.46274038461538464 0.009615384615384616 0.009615384615384616
0 0.6995192307692307 0.4651442307692308 0.004807692307692308 0.009615384615384616
0 0.6754807692307693 0.4675480769230769 0.004807692307692308 0.009615384615384616
0 0.6706730769230769 0.4675480769230769 0.004807692307692308 0.009615384615384616
0 0.09615384615384616 0.5276442307692307 0.004807692307692308 0.009615384615384616
0 0.8413461538461539 0.4495192307692308 0.004807692307692308 0.009615384615384616
0 0.9759615384615384 0.4375 0.007211538461538462 0.014423076923076924
0 0.6382211538461539 0.4735576923076923 0.007211538461538462 0.014423076923076924
0 0.9915865384615384 0.4362980769230769 0.01201923076923077 0.014423076923076924
0 0.9435096153846154 0.4411057692307692 0.007211538461538462 0.014423076923076924
0 0.9338942307692307 0.4423076923076923 0.007211538461538462 0.014423076923076924
0 0.8918269230769231 0.4495192307692308 0.004807692307692308 0.009615384615384616
0 0.6814903846153846 0.47596153846153844 0.004807692307692308 0.009615384615384616
0 0.65625 0.47836538461538464 0.009615384615384616 0.009615384615384616
0 0.6213942307692307 0.4795673076923077 0.007211538461538462 0.014423076923076924
0 0.2439903846153846 0.5192307692307693 0.004807692307692308 0.004807692307692308
0 0.15144230769230768 0.53125 0.004807692307692308 0.009615384615384616
0 0.6766826923076923 0.4795673076923077 0.007211538461538462 0.014423076923076924
0 0.5096153846153846 0.4963942307692308 0.01201923076923077 0.014423076923076924
0 0.17908653846153846 0.53125 0.007211538461538462 0.014423076923076924
0 0.41947115384615385 0.5084134615384616 0.004807692307692308 0.009615384615384616
0 0.49278846153846156 0.5012019230769231 0.004807692307692308 0.009615384615384616
0 0.21153846153846154 0.5300480769230769 0.004807692307692308 0.009615384615384616
0 0.25961538461538464 0.5300480769230769 0.004807692307692308 0.009615384615384616
0 0.10697115384615384 0.5432692307692307 0.007211538461538462 0.014423076923076924
0 0.84375 0.46875 0.004807692307692308 0.009615384615384616
0 0.5420673076923077 0.49759615384615385 0.01201923076923077 0.014423076923076924
0 0.5300480769230769 0.4987980769230769 0.007211538461538462 0.014423076923076924
0 0.36177884615384615 0.5168269230769231 0.01201923076923077 0.014423076923076924
0 0.328125 0.5204326923076923 0.007211538461538462 0.014423076923076924
0 0.4110576923076923 0.5144230769230769 0.004807692307692308 0.009615384615384616
0 0.4014423076923077 0.515625 0.004807692307692308 0.009615384615384616
0 0.8834134615384616 0.4675480769230769 0.01201923076923077 0.014423076923076924
0 0.8737980769230769 0.4651442307692308 0.009615384615384616 0.009615384615384616
0 0.7836538461538461 0.47716346153846156 0.007211538461538462 0.014423076923076924
0 0.6526442307692307 0.49158653846153844 0.01201923076923077 0.014423076923076924
0 0.5709134615384616 0.5024038461538461 0.01201923076923077 0.019230769230769232
0 0.4855769230769231 0.5108173076923077 0.007211538461538462 0.019230769230769232
0 0.36899038461538464 0.5204326923076923 0.004807692307692308 0.004807692307692308
0 0.9338942307692307 0.4639423076923077 0.01201923076923077 0.019230769230769232
0 0.3137019230769231 0.5264423076923077 0.004807692307692308 0.004807692307692308
0 0.2644230769230769 0.5324519230769231 0.004807692307692308 0.004807692307692308
0 0.22716346153846154 0.5360576923076923 0.004807692307692308 0.004807692307692308
0 0.9158653846153846 0.46634615384615385 0.01201923076923077 0.019230769230769232
0 0.8617788461538461 0.46875 0.007211538461538462 0.014423076923076924
0 0.8341346153846154 0.4723557692307692 0.007211538461538462 0.014423076923076924
0 0.5552884615384616 0.5012019230769231 0.01201923076923077 0.014423076923076924
0 0.42908653846153844 0.5168269230769231 0.004807692307692308 0.009615384615384616
0 0.38822115384615385 0.5216346153846154 0.004807692307692308 0.009615384615384616
0 0.15745192307692307 0.5456730769230769 0.004807692307692308 0.009615384615384616
0 0.9759615384615384 0.45913461538461536 0.01201923076923077 0.019230769230769232
0 0.3786057692307692 0.5228365384615384 0.004807692307692308 0.009615384615384616
0 0.12860576923076922 0.5492788461538461 0.009615384615384616 0.009615384615384616
0 0.703125 0.49038461538461536 0.01201923076923077 0.014423076923076924
0 0.7644230769230769 0.4879807692307692 0.01201923076923077 0.014423076923076924
0 0.5480769230769231 0.5108173076923077 0.01201923076923077 0.014423076923076924
0 0.8930288461538461 0.47475961538461536 0.01201923076923077 0.014423076923076924
0 0.2704326923076923 0.5384615384615384 0.009615384615384616 0.009615384615384616
0 0.9014423076923077 0.4723557692307692 0.009615384615384616 0.009615384615384616
0 0.5072115384615384 0.5168269230769231 0.009615384615384616 0.009615384615384616
0 0.35216346153846156 0.5336538461538461 0.004807692307692308 0.009615384615384616
0 0.23557692307692307 0.5456730769230769 0.009615384615384616 0.009615384615384616
0 0.15625 0.5540865384615384 0.009615384615384616 0.009615384615384616
0 0.3233173076923077 0.5396634615384616 0.01201923076923077 0.014423076923076924
0 0.71875 0.4951923076923077 0.01201923076923077 0.019230769230769232
0 0.6466346153846154 0.5024038461538461 0.004807692307692308 0.009615384615384616
0 0.3954326923076923 0.5288461538461539 0.009615384615384616 0.009615384615384616
0 0.1814903846153846 0.5516826923076923 0.004807692307692308 0.009615384615384616
0 0.8052884615384616 0.4879807692307692 0.01201923076923077 0.014423076923076924
0 0.6730769230769231 0.5024038461538461 0.01201923076923077 0.014423076923076924
0 0.53125 0.5144230769230769 0.004807692307692308 0.009615384615384616
0 0.11899038461538461 0.5576923076923077 0.009615384615384616 0.009615384615384616
0 0.039663461538461536 0.5661057692307693 0.004807692307692308 0.009615384615384616
0 0.875 0.47836538461538464 0.01201923076923077 0.019230769230769232
0 0.7139423076923077 0.5 0.01201923076923077 0.019230769230769232
0 0.5757211538461539 0.5120192307692307 0.01201923076923077 0.014423076923076924
0 0.46033653846153844 0.5252403846153846 0.009615384615384616 0.004807692307692308
0 0.9447115384615384 0.47596153846153844 0.01201923076923077 0.019230769230769232
0 0.17307692307692307 0.5552884615384616 0.007211538461538462 0.014423076923076924
0 0.7956730769230769 0.49399038461538464 0.007211538461538462 0.014423076923076924
0 0.953125 0.47475961538461536 0.01201923076923077 0.019230769230769232
0 0.4230769230769231 0.5336538461538461 0.007211538461538462 0.014423076923076924
0 0.34615384615384615 0.5396634615384616 0.009615384615384616 0.009615384615384616
0 0.7836538461538461 0.49278846153846156 0.01201923076923077 0.019230769230769232
0 0.6189903846153846 0.5108173076923077 0.004807692307692308 0.009615384615384616
0 0.9254807692307693 0.4807692307692308 0.01201923076923077 0.02403846153846154
0 0.19110576923076922 0.5552884615384616 0.004807692307692308 0.009615384615384616
0 0.08533653846153846 0.5661057692307693 0.004807692307692308 0.009615384615384616
0 0.8605769230769231 0.4855769230769231 0.01201923076923077 0.019230769230769232
0 0.7367788461538461 0.5 0.01201923076923077 0.014423076923076924
0 0.6862980769230769 0.5060096153846154 0.01201923076923077 0.014423076923076924
0 0.6586538461538461 0.5084134615384616 0.01201923076923077 0.02403846153846154
0 0.6418269230769231 0.5108173076923077 0.01201923076923077 0.014423076923076924
0 0.9350961538461539 0.4795673076923077 0.01201923076923077 0.02403846153846154
0 0.8509615384615384 0.4879807692307692 0.007211538461538462 0.014423076923076924
0 0.7463942307692307 0.5024038461538461 0.01201923076923077 0.019230769230769232
0 0.4387019230769231 0.5348557692307693 0.009615384615384616 0.009615384615384616
0 0.13942307692307693 0.5661057692307693 0.009615384615384616 0.009615384615384616
0 0.13701923076923078 0.5661057692307693 0.004807692307692308 0.009615384615384616
0 0.9723557692307693 0.47836538461538464 0.01201923076923077 0.019230769230769232
0 0.22716346153846154 0.5564903846153846 0.009615384615384616 0.009615384615384616
0 0.9110576923076923 0.484375 0.016826923076923076 0.019230769230769232
0 0.018028846153846152 0.578125 0.004807692307692308 0.009615384615384616
0 0.7668269230769231 0.5024038461538461 0.007211538461538462 0.014423076923076924
0 0.2920673076923077 0.5516826923076923 0.01201923076923077 0.014423076923076924
0 0.14423076923076922 0.5673076923076923 0.01201923076923077 0.014423076923076924
0 0.5036057692307693 0.5300480769230769 0.01201923076923077 0.014423076923076924
0 0.20793269230769232 0.5637019230769231 0.009615384615384616 0.009615384615384616
0 0.18028846153846154 0.5661057692307693 0.009615384615384616 0.009615384615384616
0 0.026442307692307692 0.5829326923076923 0.004807692307692308 0.009615384615384616
0 0.24519230769230768 0.5588942307692307 0.009615384615384616 0.009615384615384616
0 0.14783653846153846 0.5697115384615384 0.009615384615384616 0.009615384615384616
0 0.9807692307692307 0.484375 0.016826923076923076 0.02403846153846154
0 0.6009615384615384 0.5240384615384616 0.01201923076923077 0.014423076923076924
0 0.2668269230769231 0.5625 0.004807692307692308 0.009615384615384616
0 0.234375 0.5649038461538461 0.004807692307692308 0.009615384615384616
0 0.16826923076923078 0.5697115384615384 0.01201923076923077 0.014423076923076924
0 0.12620192307692307 0.5745192307692307 0.01201923076923077 0.014423076923076924
0 0.054086538461538464 0.5817307692307693 0.007211538461538462 0.014423076923076924
0 0.9915865384615384 0.4855769230769231 0.01201923076923077 0.019230769230769232
0 0.28725961538461536 0.5576923076923077 0.01201923076923077 0.014423076923076924
0 0.20552884615384615 0.5685096153846154 0.01201923076923077 0.019230769230769232
0 0.040865384615384616 0.5829326923076923 0.007211538461538462 0.014423076923076924
0 0.47716346153846156 0.5420673076923077 0.01201923076923077 0.014423076923076924
0 0.4170673076923077 0.5480769230769231 0.01201923076923077 0.014423076923076924
0 0.3798076923076923 0.5504807692307693 0.01201923076923077 0.019230769230769232
0 0.0985576923076923 0.5793269230769231 0.009615384615384616 0.009615384615384616
0 0.8882211538461539 0.4963942307692308 0.016826923076923076 0.019230769230769232
0 0.5432692307692307 0.5324519230769231 0.016826923076923076 0.019230769230769232
0 0.4567307692307692 0.5444711538461539 0.007211538461538462 0.014423076923076924
0 0.10576923076923077 0.5817307692307693 0.007211538461538462 0.014423076923076924
0 0.06129807692307692 0.5853365384615384 0.01201923076923077 0.014423076923076924
0 0.8221153846153846 0.5060096153846154 0.01201923076923077 0.02403846153846154
0 0.703125 0.5180288461538461 0.01201923076923077 0.014423076923076924
0 0.2824519230769231 0.5625 0.01201923076923077 0.014423076923076924
0 0.6514423076923077 0.5264423076923077 0.01201923076923077 0.019230769230769232
0 0.5865384615384616 0.5336538461538461 0.01201923076923077 0.019230769230769232
0 0.8016826923076923 0.515625 0.016826923076923076 0.019230769230769232
0 0.32091346153846156 0.5637019230769231 0.01201923076923077 0.014423076923076924
0 0.7307692307692307 0.5228365384615384 0.01201923076923077 0.019230769230769232
0 0.3581730769230769 0.5637019230769231 0.01201923076923077 0.014423076923076924
0 0.3485576923076923 0.5625 0.01201923076923077 0.019230769230769232
0 0.23798076923076922 0.5757211538461539 0.01201923076923077 0.014423076923076924
0 0.6887019230769231 0.5276442307692307 0.01201923076923077 0.019230769230769232
0 0.6141826923076923 0.5348557692307693 0.016826923076923076 0.019230769230769232
0 0.44711538461538464 0.5528846153846154 0.004807692307692308 0.009615384615384616
0 0.09014423076923077 0.5913461538461539 0.01201923076923077 0.014423076923076924
0 0.08173076923076923 0.5925480769230769 0.01201923076923077 0.014423076923076924
0 0.17668269230769232 0.5853365384615384 0.004807692307692308 0.009615384615384616
0 0.7223557692307693 0.5300480769230769 0.01201923076923077 0.014423076923076924
0 0.3954326923076923 0.5637019230769231 0.01201923076923077 0.014423076923076924
0 0.27403846153846156 0.5745192307692307 0.01201923076923077 0.019230769230769232
0 0.6502403846153846 0.5396634615384616 0.007211538461538462 0.019230769230769232
0 0.31490384615384615 0.5745192307692307 0.016826923076923076 0.019230769230769232
0 0.056490384615384616 0.5997596153846154 0.007211538461538462 0.014423076923076924
0 0.7800480769230769 0.5264423076923077 0.016826923076923076 0.028846153846153848
0 0.12860576923076922 0.5973557692307693 0.01201923076923077 0.014423076923076924
0 0.11298076923076923 0.5985576923076923 0.007211538461538462 0.014423076923076924
0 0.10096153846153846 0.5997596153846154 0.01201923076923077 0.014423076923076924
0 0.06850961538461539 0.6033653846153846 0.01201923076923077 0.014423076923076924
0 0.018028846153846152 0.6081730769230769 0.01201923076923077 0.014423076923076924
0 0.1875 0.5889423076923077 0.009615384615384616 0.009615384615384616
0 0.15745192307692307 0.5913461538461539 0.004807692307692308 0.009615384615384616
0 0.8882211538461539 0.5168269230769231 0.01201923076923077 0.014423076923076924
0 0.7475961538461539 0.5372596153846154 0.016826923076923076 0.02403846153846154
0 0.14783653846153846 0.5973557692307693 0.009615384615384616 0.009615384615384616
0 0.9483173076923077 0.515625 0.021634615384615384 0.03365384615384615
0 0.6730769230769231 0.5444711538461539 0.01201923076923077 0.02403846153846154
0 0.9098557692307693 0.5216346153846154 0.016826923076923076 0.019230769230769232
0 0.20793269230769232 0.59375 0.01201923076923077 0.02403846153846154
0 0.5913461538461539 0.5552884615384616 0.016826923076923076 0.019230769230769232
0 0.030048076923076924 0.6141826923076923 0.004807692307692308 0.009615384615384616
0 0.7091346153846154 0.5456730769230769 0.019230769230769232 0.02403846153846154
0 0.037259615384615384 0.6165865384615384 0.01201923076923077 0.014423076923076924
0 0.6983173076923077 0.5492788461538461 0.016826923076923076 0.019230769230769232
0 0.07211538461538461 0.6129807692307693 0.007211538461538462 0.014423076923076924
0 0.04927884615384615 0.6201923076923077 0.007211538461538462 0.014423076923076924
0 0.5673076923076923 0.5673076923076923 0.01201923076923077 0.019230769230769232
0 0.23677884615384615 0.6021634615384616 0.01201923076923077 0.019230769230769232
0 0.125 0.6141826923076923 0.01201923076923077 0.019230769230769232
0 0.8185096153846154 0.5408653846153846 0.016826923076923076 0.028846153846153848
0 0.9795673076923077 0.5240384615384616 0.016826923076923076 0.028846153846153848
0 0.5120192307692307 0.5709134615384616 0.01201923076923077 0.02403846153846154
0 0.4723557692307692 0.5757211538461539 0.016826923076923076 0.02403846153846154
0 0.44591346153846156 0.578125 0.016826923076923076 0.02403846153846154
0 0.5540865384615384 0.5721153846153846 0.01201923076923077 0.02403846153846154
0 0.19471153846153846 0.6069711538461539 0.01201923076923077 0.019230769230769232
0 0.6021634615384616 0.5661057692307693 0.016826923076923076 0.02403846153846154
0 0.29447115384615385 0.5985576923076923 0.016826923076923076 0.02403846153846154
0 0.8533653846153846 0.5396634615384616 0.01201923076923077 0.02403846153846154
0 0.5228365384615384 0.5757211538461539 0.01201923076923077 0.019230769230769232
0 0.2668269230769231 0.6021634615384616 0.016826923076923076 0.02403846153846154
0 0.17668269230769232 0.6117788461538461 0.01201923076923077 0.02403846153846154
0 0.9014423076923077 0.5384615384615384 0.026442307692307692 0.03365384615384615
0 0.1502403846153846 0.6177884615384616 0.01201923076923077 0.02403846153846154
0 0.06850961538461539 0.6286057692307693 0.016826923076923076 0.019230769230769232
0 0.4879807692307692 0.5841346153846154 0.016826923076923076 0.028846153846153848
0 0.65625 0.5673076923076923 0.01201923076923077 0.028846153846153848
0 0.21634615384615385 0.6177884615384616 0.016826923076923076 0.019230769230769232
0 0.12139423076923077 0.6274038461538461 0.01201923076923077 0.019230769230769232
0 0.6262019230769231 0.5769230769230769 0.016826923076923076 0.02403846153846154
0 0.31850961538461536 0.6069711538461539 0.016826923076923076 0.019230769230769232
0 0.4651442307692308 0.5961538461538461 0.016826923076923076 0.028846153846153848
0 0.016826923076923076 0.6442307692307693 0.01201923076923077 0.028846153846153848
0 0.38341346153846156 0.6153846153846154 0.016826923076923076 0.028846153846153848
0 0.5084134615384616 0.6021634615384616 0.016826923076923076 0.019230769230769232
0 0.5432692307692307 0.5985576923076923 0.01201923076923077 0.019230769230769232
0 0.4254807692307692 0.6105769230769231 0.016826923076923076 0.019230769230769232
0 0.33413461538461536 0.6225961538461539 0.016826923076923076 0.02403846153846154
0 0.9459134615384616 0.5576923076923077 0.026442307692307692 0.04326923076923077
0 0.31490384615384615 0.625 0.016826923076923076 0.02403846153846154
0 0.6754807692307693 0.5889423076923077 0.016826923076923076 0.028846153846153848
0 0.7512019230769231 0.5853365384615384 0.021634615384615384 0.028846153846153848
0 0.8641826923076923 0.5733173076923077 0.016826923076923076 0.028846153846153848
0 0.36658653846153844 0.6237980769230769 0.016826923076923076 0.02403846153846154
0 0.7680288461538461 0.5901442307692307 0.026442307692307692 0.03365384615384615
0 0.19230769230769232 0.6526442307692307 0.016826923076923076 0.028846153846153848
0 0.16947115384615385 0.6574519230769231 0.016826923076923076 0.016826923076923076
0 0.6875 0.6081730769230769 0.021634615384615384 0.04326923076923077
0 0.4855769230769231 0.6298076923076923 0.021634615384615384 0.03365384615384615
0 0.6201923076923077 0.6153846153846154 0.019230769230769232 0.02403846153846154
0 0.5012019230769231 0.6274038461538461 0.026442307692307692 0.03365384615384615
0 0.8064903846153846 0.5985576923076923 0.026442307692307692 0.028846153846153848
0 0.5408653846153846 0.6286057692307693 0.021634615384615384 0.03365384615384615
0 0.23798076923076922 0.6634615384615384 0.021634615384615384 0.038461538461538464
0 0.3701923076923077 0.6514423076923077 0.016826923076923076 0.03365384615384615
0 0.7788461538461539 0.6117788461538461 0.026442307692307692 0.03365384615384615
0 0.10697115384615384 0.6826923076923077 0.016826923076923076 0.03365384615384615
0 0.4375 0.6502403846153846 0.021634615384615384 0.028846153846153848
0 0.13701923076923078 0.6838942307692307 0.021634615384615384 0.04326923076923077
0 0.3112980769230769 0.6706730769230769 0.026442307692307692 0.03365384615384615
0 0.17067307692307693 0.6911057692307693 0.021634615384615384 0.03365384615384615
0 0.38461538461538464 0.6682692307692307 0.026442307692307692 0.04326923076923077
0 0.35336538461538464 0.6814903846153846 0.026442307692307692 0.04326923076923077
0 0.15144230769230768 0.7067307692307693 0.026442307692307692 0.03365384615384615
0 0.4050480769230769 0.6802884615384616 0.026442307692307692 0.04326923076923077
0 0.8269230769230769 0.6490384615384616 0.03125 0.04567307692307692
0 0.5540865384615384 0.6778846153846154 0.026442307692307692 0.03365384615384615
0 0.8978365384615384 0.6466346153846154 0.03125 0.04567307692307692
0 0.6009615384615384 0.6850961538461539 0.026442307692307692 0.038461538461538464
0 0.7680288461538461 0.6838942307692307 0.036057692307692304 0.04567307692307692
0 0.08173076923076923 0.7560096153846154 0.038461538461538464 0.052884615384615384
0 0.8185096153846154 0.6923076923076923 0.03365384615384615 0.052884615384615384
0 0.4170673076923077 0.7391826923076923 0.021634615384615384 0.04326923076923077
0 0.44711538461538464 0.7415865384615384 0.03125 0.036057692307692304
0 0.14182692307692307 0.7896634615384616 0.038461538461538464 0.057692307692307696
0 0.109375 0.796875 0.028846153846153848 0.057692307692307696
0 0.3329326923076923 0.7788461538461539 0.03365384615384615 0.057692307692307696
0 0.21995192307692307 0.796875 0.04326923076923077 0.055288461538461536
0 0.7403846153846154 0.7512019230769231 0.04326923076923077 0.0625
0 0.25 0.8221153846153846 0.03365384615384615 0.052884615384615384
0 0.04927884615384615 0.8545673076923077 0.036057692307692304 0.07692307692307693
0 0.16706730769230768 0.8545673076923077 0.038461538461538464 0.0625
0 0.2800480769230769 0.8653846153846154 0.038461538461538464 0.052884615384615384
0 0.9086538461538461 0.8485576923076923 0.055288461538461536 0.07932692307692307
0 0.4050480769230769 0.9375 0.05048076923076923 0.07932692307692307