0 0.8822115384615384 0.03125 0.028846153846153848 0.02403846153846154
0 0.6298076923076923 0.018028846153846152 0.014423076923076924 0.02403846153846154
0 0.9723557692307693 0.1310096153846154 0.02403846153846154 0.03365384615384615
0 0.25600961538461536 0.09735576923076923 0.02403846153846154 0.03365384615384615
0 0.14543269230769232 0.09134615384615384 0.019230769230769232 0.03365384615384615
0 0.11298076923076923 0.09014423076923077 0.02403846153846154 0.03365384615384615
0 0.41346153846153844 0.10576923076923077 0.02403846153846154 0.03365384615384615
0 0.16105769230769232 0.09495192307692307 0.019230769230769232 0.028846153846153848
0 0.3485576923076923 0.10697115384615384 0.02403846153846154 0.038461538461538464
0 0.8894230769230769 0.14302884615384615 0.02403846153846154 0.038461538461538464
0 0.09735576923076923 0.10096153846153846 0.019230769230769232 0.038461538461538464
0 0.5144230769230769 0.12259615384615384 0.02403846153846154 0.038461538461538464
0 0.5564903846153846 0.125 0.019230769230769232 0.03365384615384615
0 0.8413461538461539 0.14182692307692307 0.028846153846153848 0.038461538461538464
0 0.9230769230769231 0.036057692307692304 0.02403846153846154 0.028846153846153848
0 0.8173076923076923 0.030048076923076924 0.019230769230769232 0.028846153846153848
0 0.6550480769230769 0.021634615384615384 0.019230769230769232 0.028846153846153848
0 0.6069711538461539 0.13221153846153846 0.028846153846153848 0.03365384615384615
0 0.8161057692307693 0.14302884615384615 0.019230769230769232 0.03365384615384615
0 0.7115384615384616 0.140625 0.02403846153846154 0.03365384615384615
0 0.3737980769230769 0.12259615384615384 0.019230769230769232 0.03365384615384615
0 0.48197115384615385 0.1310096153846154 0.019230769230769232 0.03365384615384615
0 0.4362980769230769 0.12860576923076922 0.019230769230769232 0.03365384615384615
0 0.7596153846153846 0.14783653846153846 0.028846153846153848 0.038461538461538464
0 0.03125 0.109375 0.02403846153846154 0.03365384615384615
0 0.3894230769230769 0.12860576923076922 0.019230769230769232 0.03365384615384615
0 0.44711538461538464 0.13341346153846154 0.014423076923076924 0.02403846153846154
0 0.49399038461538464 0.013221153846153846 0.016826923076923076 0.026442307692307692
0 0.6971153846153846 0.1466346153846154 0.019230769230769232 0.028846153846153848
0 0.27403846153846156 0.125 0.02403846153846154 0.038461538461538464
0 0.5348557692307693 0.140625 0.019230769230769232 0.028846153846153848
0 0.1971153846153846 0.12379807692307693 0.02403846153846154 0.038461538461538464
0 0.15144230769230768 0.12379807692307693 0.019230769230769232 0.028846153846153848
0 0.35216346153846156 0.1346153846153846 0.019230769230769232 0.028846153846153848
0 0.06370192307692307 0.1201923076923077 0.02403846153846154 0.028846153846153848
0 0.3269230769230769 0.13581730769230768 0.01201923076923077 0.03365384615384615
0 0.6478365384615384 0.15264423076923078 0.02403846153846154 0.03365384615384615
0 0.6201923076923077 0.020432692307692308 0.019230769230769232 0.028846153846153848
0 0.5444711538461539 0.016826923076923076 0.03125 0.03365384615384615
0 0.28846153846153844 0.006009615384615385 0.019230769230769232 0.01201923076923077
0 0.7079326923076923 0.026442307692307692 0.019230769230769232 0.028846153846153848
0 0.234375 0.13341346153846154 0.02403846153846154 0.038461538461538464
0 0.9699519230769231 0.171875 0.019230769230769232 0.03365384615384615
0 0.4699519230769231 0.14783653846153846 0.019230769230769232 0.03365384615384615
0 0.953125 0.17548076923076922 0.02403846153846154 0.03365384615384615
0 0.6850961538461539 0.16706730769230768 0.019230769230769232 0.03365384615384615
0 0.5685096153846154 0.16105769230769232 0.02403846153846154 0.038461538461538464
0 0.5180288461538461 0.1622596153846154 0.028846153846153848 0.038461538461538464
0 0.8918269230769231 0.18269230769230768 0.019230769230769232 0.038461538461538464
0 0.0733173076923077 0.14182692307692307 0.02403846153846154 0.03365384615384615
0 0.8317307692307693 0.18389423076923078 0.019230769230769232 0.038461538461538464
0 0.38100961538461536 0.15985576923076922 0.02403846153846154 0.038461538461538464
0 0.43028846153846156 0.16346153846153846 0.019230769230769232 0.028846153846153848
0 0.6213942307692307 0.1778846153846154 0.02403846153846154 0.03365384615384615
0 0.44711538461538464 0.16947115384615385 0.016826923076923076 0.03365384615384615
0 0.7572115384615384 0.18629807692307693 0.02403846153846154 0.03365384615384615
0 0.8040865384615384 0.19110576923076922 0.019230769230769232 0.038461538461538464
0 0.21394230769230768 0.15985576923076922 0.028846153846153848 0.038461538461538464
0 0.17427884615384615 0.1622596153846154 0.019230769230769232 0.03365384615384615
0 0.33413461538461536 0.17067307692307693 0.019230769230769232 0.038461538461538464
0 0.34975961538461536 0.171875 0.016826923076923076 0.03365384615384615
0 0.7788461538461539 0.19471153846153846 0.02403846153846154 0.04326923076923077
0 0.25240384615384615 0.16706730769230768 0.019230769230769232 0.038461538461538464
0 0.12620192307692307 0.1622596153846154 0.02403846153846154 0.028846153846153848
0 0.037259615384615384 0.15745192307692307 0.019230769230769232 0.03365384615384615
0 0.47475961538461536 0.18389423076923078 0.02403846153846154 0.038461538461538464
0 0.29447115384615385 0.17668269230769232 0.02403846153846154 0.03365384615384615
0 0.19951923076923078 0.007211538461538462 0.028846153846153848 0.014423076923076924
0 0.7427884615384616 0.030048076923076924 0.02403846153846154 0.03365384615384615
0 0.2644230769230769 0.17908653846153846 0.016826923076923076 0.03365384615384615
0 0.41346153846153844 0.016826923076923076 0.02403846153846154 0.03365384615384615
0 0.10576923076923077 0.006009615384615385 0.019230769230769232 0.01201923076923077
0 0.040865384615384616 0.006009615384615385 0.02403846153846154 0.01201923076923077
0 0.9975961538461539 0.2283653846153846 0.004807692307692308 0.03365384615384615
0 0.5961538461538461 0.20793269230769232 0.028846153846153848 0.04326923076923077
0 0.9591346153846154 0.22716346153846154 0.019230769230769232 0.038461538461538464
0 0.4831730769230769 0.20432692307692307 0.028846153846153848 0.04326923076923077
0 0.7211538461538461 0.21634615384615385 0.02403846153846154 0.038461538461538464
0 0.8293269230769231 0.2247596153846154 0.019230769230769232 0.038461538461538464
0 0.7596153846153846 0.22115384615384615 0.02403846153846154 0.04326923076923077
0 0.9050480769230769 0.2283653846153846 0.028846153846153848 0.038461538461538464
0 0.8473557692307693 0.038461538461538464 0.028846153846153848 0.03365384615384615
0 0.8497596153846154 0.2283653846153846 0.028846153846153848 0.038461538461538464
0 0.4206730769230769 0.20793269230769232 0.019230769230769232 0.038461538461538464
0 0.5564903846153846 0.21514423076923078 0.02403846153846154 0.04326923076923077
0 0.44711538461538464 0.21153846153846154 0.02403846153846154 0.03365384615384615
0 0.35697115384615385 0.2091346153846154 0.028846153846153848 0.038461538461538464
0 0.7944711538461539 0.23317307692307693 0.019230769230769232 0.028846153846153848
0 0.6875 0.22956730769230768 0.016826923076923076 0.038461538461538464
0 0.671875 0.2283653846153846 0.02403846153846154 0.038461538461538464
0 0.6802884615384616 0.03125 0.02403846153846154 0.038461538461538464
0 0.1658653846153846 0.008413461538461538 0.019230769230769232 0.016826923076923076
0 0.5048076923076923 0.21995192307692307 0.019230769230769232 0.028846153846153848
0 0.10576923076923077 0.19831730769230768 0.02403846153846154 0.03365384615384615
0 0.3713942307692308 0.21514423076923078 0.02403846153846154 0.03365384615384615
0 0.27884615384615385 0.21033653846153846 0.02403846153846154 0.038461538461538464
0 0.1814903846153846 0.20552884615384615 0.019230769230769232 0.02403846153846154
0 0.6466346153846154 0.22956730769230768 0.02403846153846154 0.038461538461538464
0 0.2247596153846154 0.21033653846153846 0.02403846153846154 0.038461538461538464
0 0.04447115384615385 0.20552884615384615 0.019230769230769232 0.028846153846153848
0 0.5805288461538461 0.026442307692307692 0.02403846153846154 0.038461538461538464
0 0.40384615384615385 0.22596153846153846 0.02403846153846154 0.038461538461538464
0 0.24879807692307693 0.22115384615384615 0.019230769230769232 0.02403846153846154
0 0.1346153846153846 0.21634615384615385 0.02403846153846154 0.028846153846153848
0 0.3112980769230769 0.22956730769230768 0.02403846153846154 0.028846153846153848
0 0.1658653846153846 0.22956730769230768 0.028846153846153848 0.04326923076923077
0 0.8810096153846154 0.2668269230769231 0.02403846153846154 0.03365384615384615
0 0.39302884615384615 0.019230769230769232 0.02403846153846154 0.028846153846153848
0 0.8040865384615384 0.26802884615384615 0.028846153846153848 0.03365384615384615
0 0.46634615384615385 0.25 0.028846153846153848 0.038461538461538464
0 0.7572115384615384 0.26802884615384615 0.02403846153846154 0.03365384615384615
0 0.9939903846153846 0.28365384615384615 0.01201923076923077 0.038461538461538464
0 0.23317307692307693 0.24519230769230768 0.019230769230769232 0.03365384615384615
0 0.5048076923076923 0.25961538461538464 0.028846153846153848 0.04326923076923077
0 0.8341346153846154 0.28125 0.02403846153846154 0.04326923076923077
0 0.3125 0.2548076923076923 0.02403846153846154 0.02403846153846154
0 0.43509615384615385 0.2608173076923077 0.02403846153846154 0.038461538461538464
0 0.9050480769230769 0.2860576923076923 0.028846153846153848 0.03365384615384615
0 0.36899038461538464 0.2608173076923077 0.028846153846153848 0.038461538461538464
0 0.9266826923076923 0.28966346153846156 0.02403846153846154 0.028846153846153848
0 0.11899038461538461 0.25240384615384615 0.02403846153846154 0.038461538461538464
0 0.625 0.28125 0.028846153846153848 0.04326923076923077
0 0.39903846153846156 0.2692307692307692 0.02403846153846154 0.03365384615384615
0 0.5697115384615384 0.27884615384615385 0.026442307692307692 0.04807692307692308
0 0.7007211538461539 0.28846153846153844 0.02403846153846154 0.04326923076923077
0 0.21394230769230768 0.2644230769230769 0.028846153846153848 0.03365384615384615
0 0.2620192307692308 0.2668269230769231 0.02403846153846154 0.038461538461538464
0 0.9891826923076923 0.30528846153846156 0.021634615384615384 0.03365384615384615
0 0.06971153846153846 0.25721153846153844 0.028846153846153848 0.038461538461538464
0 0.08413461538461539 0.009615384615384616 0.019230769230769232 0.019230769230769232
0 0.7163461538461539 0.038461538461538464 0.019230769230769232 0.02403846153846154
0 0.6706730769230769 0.2932692307692308 0.02403846153846154 0.038461538461538464
0 0.8786057692307693 0.3088942307692308 0.028846153846153848 0.04326923076923077
0 0.35336538461538464 0.021634615384615384 0.019230769230769232 0.02403846153846154
0 0.4807692307692308 0.028846153846153848 0.019230769230769232 0.03365384615384615
0 0.026442307692307692 0.27163461538461536 0.028846153846153848 0.04326923076923077
0 0.3329326923076923 0.020432692307692308 0.016826923076923076 0.028846153846153848
0 0.9350961538461539 0.328125 0.02403846153846154 0.028846153846153848
0 0.6466346153846154 0.3173076923076923 0.028846153846153848 0.04326923076923077
0 0.15384615384615385 0.013221153846153846 0.019230769230769232 0.026442307692307692
0 0.24278846153846154 0.018028846153846152 0.02403846153846154 0.03365384615384615
0 0.39903846153846156 0.3088942307692308 0.03125 0.04807692307692308
0 0.16466346153846154 0.29927884615384615 0.028846153846153848 0.038461538461538464
0 0.21995192307692307 0.30528846153846156 0.028846153846153848 0.04326923076923077
0 0.4423076923076923 0.31850961538461536 0.028846153846153848 0.038461538461538464
0 0.4891826923076923 0.32091346153846156 0.028846153846153848 0.03365384615384615
0 0.8028846153846154 0.33774038461538464 0.03125 0.052884615384615384
0 0.7536057692307693 0.33774038461538464 0.019230769230769232 0.038461538461538464
0 0.4495192307692308 0.028846153846153848 0.019230769230769232 0.02403846153846154
0 0.4338942307692308 0.028846153846153848 0.028846153846153848 0.038461538461538464
0 0.12980769230769232 0.3076923076923077 0.028846153846153848 0.04326923076923077
0 0.28725961538461536 0.3161057692307692 0.03365384615384615 0.04326923076923077
0 0.08413461538461539 0.30649038461538464 0.028846153846153848 0.038461538461538464
0 0.5889423076923077 0.3329326923076923 0.02403846153846154 0.04326923076923077
0 0.5240384615384616 0.3317307692307692 0.03365384615384615 0.038461538461538464
0 0.030048076923076924 0.30528846153846156 0.02403846153846154 0.038461538461538464
0 0.34615384615384615 0.3245192307692308 0.028846153846153848 0.038461538461538464
0 0.6935096153846154 0.3425480769230769 0.028846153846153848 0.038461538461538464
0 0.055288461538461536 0.014423076923076924 0.019230769230769232 0.028846153846153848
0 0.9495192307692307 0.057692307692307696 0.02403846153846154 0.038461538461538464
0 0.921875 0.36899038461538464 0.02403846153846154 0.038461538461538464
0 0.8641826923076923 0.36899038461538464 0.02403846153846154 0.04326923076923077
0 0.5576923076923077 0.35697115384615385 0.028846153846153848 0.04326923076923077
0 0.7151442307692307 0.36778846153846156 0.02403846153846154 0.038461538461538464
0 0.5769230769230769 0.3629807692307692 0.02403846153846154 0.038461538461538464
0 0.9651442307692307 0.38461538461538464 0.02403846153846154 0.038461538461538464
0 0.5024038461538461 0.3605769230769231 0.028846153846153848 0.038461538461538464
0 0.17427884615384615 0.34615384615384615 0.028846153846153848 0.04326923076923077
0 0.734375 0.37740384615384615 0.014423076923076924 0.02403846153846154
0 0.6370192307692307 0.37259615384615385 0.02403846153846154 0.038461538461538464
0 0.38221153846153844 0.359375 0.02403846153846154 0.038461538461538464
0 0.7992788461538461 0.052884615384615384 0.019230769230769232 0.028846153846153848
0 0.09735576923076923 0.3485576923076923 0.019230769230769232 0.038461538461538464
0 0.054086538461538464 0.34615384615384615 0.028846153846153848 0.038461538461538464
0 0.43509615384615385 0.36658653846153844 0.028846153846153848 0.038461538461538464
0 0.8064903846153846 0.3858173076923077 0.026442307692307692 0.04807692307692308
0 0.6105769230769231 0.38100961538461536 0.02403846153846154 0.04326923076923077
0 0.6754807692307693 0.38461538461538464 0.02403846153846154 0.038461538461538464
0 0.20432692307692307 0.359375 0.019230769230769232 0.038461538461538464
0 0.33413461538461536 0.36658653846153844 0.02403846153846154 0.03365384615384615
0 0.45913461538461536 0.375 0.02403846153846154 0.02403846153846154
0 0.9951923076923077 0.0625 0.009615384615384616 0.028846153846153848
0 0.23918269230769232 0.3629807692307692 0.028846153846153848 0.038461538461538464
0 0.7560096153846154 0.3954326923076923 0.02403846153846154 0.038461538461538464
0 0.9495192307692307 0.4098557692307692 0.02403846153846154 0.028846153846153848
0 0.8569711538461539 0.057692307692307696 0.02403846153846154 0.038461538461538464
0 0.5985576923076923 0.04447115384615385 0.02403846153846154 0.038461538461538464
0 0.28365384615384615 0.37740384615384615 0.019230769230769232 0.038461538461538464
0 0.9699519230769231 0.41947115384615385 0.02403846153846154 0.038461538461538464
0 0.5697115384615384 0.40625 0.028846153846153848 0.03365384615384615
0 0.8449519230769231 0.4230769230769231 0.028846153846153848 0.04326923076923077
0 0.7295673076923077 0.4170673076923077 0.02403846153846154 0.038461538461538464
0 0.3449519230769231 0.39663461538461536 0.02403846153846154 0.04326923076923077
0 0.46033653846153844 0.4050480769230769 0.03125 0.04807692307692308
0 0.41466346153846156 0.4026442307692308 0.028846153846153848 0.04326923076923077
0 0.8978365384615384 0.42788461538461536 0.028846153846153848 0.038461538461538464
0 0.6622596153846154 0.4182692307692308 0.028846153846153848 0.04326923076923077
0 0.18509615384615385 0.39302884615384615 0.028846153846153848 0.04326923076923077
0 0.7620192307692307 0.4230769230769231 0.028846153846153848 0.03365384615384615
0 0.24759615384615385 0.39903846153846156 0.02403846153846154 0.038461538461538464
0 0.29447115384615385 0.4014423076923077 0.02403846153846154 0.04326923076923077
0 0.6141826923076923 0.4206730769230769 0.02403846153846154 0.038461538461538464
0 0.5072115384615384 0.41466346153846156 0.02403846153846154 0.038461538461538464
0 0.8185096153846154 0.4338942307692308 0.019230769230769232 0.038461538461538464
0 0.22716346153846154 0.4050480769230769 0.028846153846153848 0.038461538461538464
0 0.29447115384615385 0.03125 0.019230769230769232 0.028846153846153848
0 0.9230769230769231 0.06370192307692307 0.02403846153846154 0.038461538461538464
0 0.5588942307692307 0.421875 0.028846153846153848 0.03365384615384615
0 0.07451923076923077 0.4026442307692308 0.02403846153846154 0.038461538461538464
0 0.7860576923076923 0.43990384615384615 0.028846153846153848 0.038461538461538464
0 0.09254807692307693 0.40384615384615385 0.019230769230769232 0.03365384615384615
0 0.14182692307692307 0.40625 0.028846153846153848 0.038461538461538464
0 0.5120192307692307 0.04447115384615385 0.019230769230769232 0.02403846153846154
0 0.7127403846153846 0.45552884615384615 0.02403846153846154 0.04326923076923077
0 0.5673076923076923 0.45072115384615385 0.02403846153846154 0.04326923076923077
0 0.8966346153846154 0.47836538461538464 0.02403846153846154 0.038461538461538464
0 0.10216346153846154 0.4375 0.028846153846153848 0.038461538461538464
0 0.625 0.46634615384615385 0.026442307692307692 0.04807692307692308
0 0.5072115384615384 0.46274038461538464 0.028846153846153848 0.04326923076923077
0 0.21754807692307693 0.45072115384615385 0.02403846153846154 0.038461538461538464
0 0.8161057692307693 0.48197115384615385 0.019230769230769232 0.038461538461538464
0 0.1622596153846154 0.44711538461538464 0.028846153846153848 0.038461538461538464
0 0.9783653846153846 0.49038461538461536 0.028846153846153848 0.038461538461538464
0 0.3942307692307692 0.4639423076923077 0.028846153846153848 0.04326923076923077
0 0.6790865384615384 0.48197115384615385 0.026442307692307692 0.04807692307692308
0 0.8978365384615384 0.0673076923076923 0.019230769230769232 0.03365384615384615
0 0.33413461538461536 0.46875 0.02403846153846154 0.038461538461538464
0 0.7584134615384616 0.49278846153846156 0.028846153846153848 0.038461538461538464
0 0.453125 0.4795673076923077 0.02403846153846154 0.038461538461538464
0 0.2860576923076923 0.47115384615384615 0.02403846153846154 0.03365384615384615
0 0.036057692307692304 0.46033653846153844 0.028846153846153848 0.038461538461538464
0 0.8040865384615384 0.5204326923076923 0.028846153846153848 0.038461538461538464
0 0.2127403846153846 0.4963942307692308 0.028846153846153848 0.04326923076923077
0 0.06971153846153846 0.49158653846153844 0.028846153846153848 0.038461538461538464
0 0.7259615384615384 0.5264423076923077 0.02403846153846154 0.038461538461538464
0 0.28725961538461536 0.5036057692307693 0.028846153846153848 0.03365384615384615
0 0.7692307692307693 0.5288461538461539 0.028846153846153848 0.038461538461538464
0 0.46634615384615385 0.5144230769230769 0.028846153846153848 0.038461538461538464
0 0.8942307692307693 0.5384615384615384 0.028846153846153848 0.038461538461538464
0 0.8365384615384616 0.5360576923076923 0.02403846153846154 0.04326923076923077
0 0.3293269230769231 0.5096153846153846 0.028846153846153848 0.038461538461538464
0 0.984375 0.5456730769230769 0.03125 0.052884615384615384
0 0.6358173076923077 0.5300480769230769 0.028846153846153848 0.04326923076923077
0 0.5817307692307693 0.5276442307692307 0.028846153846153848 0.038461538461538464
0 0.6814903846153846 0.5324519230769231 0.028846153846153848 0.03365384615384615
0 0.17908653846153846 0.5084134615384616 0.028846153846153848 0.038461538461538464
0 0.5240384615384616 0.5264423076923077 0.028846153846153848 0.04326923076923077
0 0.9206730769230769 0.5492788461538461 0.028846153846153848 0.038461538461538464
0 0.8545673076923077 0.546875 0.028846153846153848 0.04326923076923077
0 0.40384615384615385 0.5228365384615384 0.028846153846153848 0.04326923076923077
0 0.14903846153846154 0.5144230769230769 0.019230769230769232 0.028846153846153848
0 0.013221153846153846 0.5072115384615384 0.019230769230769232 0.028846153846153848
0 0.006009615384615385 0.5108173076923077 0.007211538461538462 0.04807692307692308
0 0.7524038461538461 0.06850961538461539 0.02403846153846154 0.03365384615384615
0 0.49759615384615385 0.054086538461538464 0.019230769230769232 0.028846153846153848
0 0.5528846153846154 0.057692307692307696 0.02403846153846154 0.03365384615384615
0 0.7560096153846154 0.5805288461538461 0.028846153846153848 0.038461538461538464
0 0.3485576923076923 0.046875 0.019230769230769232 0.028846153846153848
0 0.6286057692307693 0.5745192307692307 0.02403846153846154 0.04326923076923077
0 0.9627403846153846 0.59375 0.038461538461538464 0.04807692307692308
0 0.7319711538461539 0.5841346153846154 0.02403846153846154 0.038461538461538464
0 0.15144230769230768 0.5564903846153846 0.02403846153846154 0.038461538461538464
0 0.4807692307692308 0.5733173076923077 0.028846153846153848 0.04326923076923077
0 0.42908653846153844 0.5709134615384616 0.028846153846153848 0.038461538461538464
0 0.6670673076923077 0.5853365384615384 0.02403846153846154 0.04326923076923077
0 0.36177884615384615 0.5709134615384616 0.03365384615384615 0.04326923076923077
0 0.8329326923076923 0.5961538461538461 0.03365384615384615 0.038461538461538464
0 0.5348557692307693 0.5829326923076923 0.028846153846153848 0.04326923076923077
0 0.8701923076923077 0.5997596153846154 0.028846153846153848 0.038461538461538464
0 0.6875 0.5925480769230769 0.028846153846153848 0.04326923076923077
0 0.5853365384615384 0.5877403846153846 0.02403846153846154 0.04326923076923077
0 0.21875 0.5685096153846154 0.028846153846153848 0.04326923076923077
0 0.006009615384615385 0.5649038461538461 0.01201923076923077 0.04326923076923077
0 0.49759615384615385 0.5901442307692307 0.02403846153846154 0.038461538461538464
0 0.12259615384615384 0.5709134615384616 0.028846153846153848 0.04326923076923077
0 0.07572115384615384 0.5709134615384616 0.02403846153846154 0.04326923076923077
0 0.2956730769230769 0.5817307692307693 0.028846153846153848 0.038461538461538464
0 0.09495192307692307 0.5733173076923077 0.02403846153846154 0.038461538461538464
0 0.03245192307692308 0.5709134615384616 0.028846153846153848 0.038461538461538464
0 0.36538461538461536 0.052884615384615384 0.019230769230769232 0.02403846153846154
0 0.6502403846153846 0.06971153846153846 0.02403846153846154 0.028846153846153848
0 0.45552884615384615 0.06009615384615385 0.02403846153846154 0.03365384615384615
0 0.8305288461538461 0.640625 0.03365384615384615 0.04326923076923077
0 0.08413461538461539 0.039663461538461536 0.019230769230769232 0.028846153846153848
0 0.9807692307692307 0.08653846153846154 0.028846153846153848 0.038461538461538464
0 0.5973557692307693 0.6346153846153846 0.028846153846153848 0.04326923076923077
0 0.8725961538461539 0.65625 0.028846153846153848 0.038461538461538464
0 0.4855769230769231 0.6394230769230769 0.028846153846153848 0.038461538461538464
0 0.703125 0.07451923076923077 0.019230769230769232 0.038461538461538464
0 0.24759615384615385 0.6274038461538461 0.028846153846153848 0.038461538461538464
0 0.765625 0.6550480769230769 0.02403846153846154 0.038461538461538464
0 0.5432692307692307 0.6454326923076923 0.03365384615384615 0.04326923076923077
0 0.9338942307692307 0.6658653846153846 0.028846153846153848 0.038461538461538464
0 0.18990384615384615 0.6274038461538461 0.028846153846153848 0.04326923076923077
0 0.3701923076923077 0.6358173076923077 0.036057692307692304 0.04807692307692308
0 0.09735576923076923 0.6298076923076923 0.02403846153846154 0.04326923076923077
0 0.30528846153846156 0.640625 0.03365384615384615 0.04326923076923077
0 0.21033653846153846 0.04927884615384615 0.02403846153846154 0.03365384615384615
0 0.2848557692307692 0.052884615384615384 0.02403846153846154 0.03365384615384615
0 0.6766826923076923 0.6598557692307693 0.02403846153846154 0.038461538461538464
0 0.7163461538461539 0.6646634615384616 0.028846153846153848 0.038461538461538464
0 0.0625 0.6346153846153846 0.019230769230769232 0.038461538461538464
0 0.6370192307692307 0.6670673076923077 0.028846153846153848 0.038461538461538464
0 0.421875 0.6586538461538461 0.028846153846153848 0.04326923076923077
0 0.004807692307692308 0.6418269230769231 0.009615384615384616 0.04326923076923077
0 0.03245192307692308 0.042067307692307696 0.019230769230769232 0.028846153846153848
0 0.046875 0.65625 0.028846153846153848 0.038461538461538464
0 0.39302884615384615 0.06129807692307692 0.019230769230769232 0.028846153846153848
0 0.8665865384615384 0.0889423076923077 0.02403846153846154 0.038461538461538464
0 0.4675480769230769 0.0673076923076923 0.016826923076923076 0.03365384615384615
0 0.8918269230769231 0.7055288461538461 0.028846153846153848 0.03365384615384615
0 0.41346153846153844 0.06490384615384616 0.02403846153846154 0.038461538461538464
0 0.7716346153846154 0.7139423076923077 0.02403846153846154 0.03365384615384615
0 0.6622596153846154 0.7115384615384616 0.02403846153846154 0.04326923076923077
0 0.5012019230769231 0.7055288461538461 0.028846153846153848 0.04326923076923077
0 0.20673076923076922 0.6923076923076923 0.028846153846153848 0.04326923076923077
0 0.6322115384615384 0.7151442307692307 0.028846153846153848 0.04326923076923077
0 0.33413461538461536 0.6995192307692307 0.03365384615384615 0.04326923076923077
0 0.28966346153846156 0.6995192307692307 0.03125 0.04807692307692308
0 0.9651442307692307 0.7355769230769231 0.03365384615384615 0.04326923076923077
0 0.8004807692307693 0.7283653846153846 0.028846153846153848 0.04326923076923077
0 0.04447115384615385 0.6959134615384616 0.02403846153846154 0.04326923076923077
0 0.17668269230769232 0.7055288461538461 0.036057692307692304 0.04807692307692308
0 0.4026442307692308 0.7175480769230769 0.028846153846153848 0.04326923076923077
0 0.7223557692307693 0.7415865384615384 0.02403846153846154 0.04326923076923077
0 0.5552884615384616 0.7355769230769231 0.02403846153846154 0.04326923076923077
0 0.13822115384615385 0.055288461538461536 0.02403846153846154 0.03365384615384615
0 0.0625 0.05048076923076923 0.02403846153846154 0.028846153846153848
0 0.04326923076923077 0.05048076923076923 0.019230769230769232 0.028846153846153848
0 0.24278846153846154 0.7211538461538461 0.03125 0.04807692307692308
0 0.10336538461538461 0.7175480769230769 0.028846153846153848 0.04326923076923077
0 0.0625 0.7151442307692307 0.019230769230769232 0.028846153846153848
0 0.36899038461538464 0.7391826923076923 0.036057692307692304 0.052884615384615384
0 0.4987980769230769 0.7524038461538461 0.02403846153846154 0.04326923076923077
0 0.8293269230769231 0.7728365384615384 0.019230769230769232 0.028846153846153848
0 0.7860576923076923 0.7728365384615384 0.03365384615384615 0.04326923076923077
0 0.6574519230769231 0.7740384615384616 0.02403846153846154 0.038461538461538464
0 0.8353365384615384 0.7860576923076923 0.028846153846153848 0.03365384615384615
0 0.6911057692307693 0.7836538461538461 0.03125 0.052884615384615384
0 0.14302884615384615 0.7596153846153846 0.036057692307692304 0.04807692307692308
0 0.0829326923076923 0.7704326923076923 0.03365384615384615 0.038461538461538464
0 0.21153846153846154 0.7800480769230769 0.028846153846153848 0.03365384615384615
0 0.020432692307692308 0.7716346153846154 0.040865384615384616 0.057692307692307696
0 0.4375 0.7980769230769231 0.028846153846153848 0.04326923076923077
0 0.9146634615384616 0.10216346153846154 0.02403846153846154 0.04326923076923077
0 0.8581730769230769 0.8341346153846154 0.038461538461538464 0.04807692307692308
0 0.16346153846153846 0.06490384615384616 0.02403846153846154 0.03365384615384615
0 0.6286057692307693 0.8269230769230769 0.04567307692307692 0.0673076923076923
0 0.49759615384615385 0.828125 0.040865384615384616 0.0625
0 0.9242788461538461 0.8509615384615384 0.036057692307692304 0.04807692307692308
0 0.5625 0.8389423076923077 0.03125 0.04807692307692308
0 0.19110576923076922 0.8221153846153846 0.04567307692307692 0.0673076923076923
0 0.9555288461538461 0.03245192307692308 0.019230769230769232 0.019230769230769232
0 0.8137019230769231 0.0985576923076923 0.028846153846153848 0.04326923076923077
0 0.6466346153846154 0.09014423076923077 0.02403846153846154 0.028846153846153848
0 0.24639423076923078 0.8317307692307693 0.03365384615384615 0.04326923076923077
0 0.08413461538461539 0.8233173076923077 0.038461538461538464 0.038461538461538464
0 0.7319711538461539 0.859375 0.052884615384615384 0.07211538461538461
0 0.28966346153846156 0.8485576923076923 0.03365384615384615 0.04326923076923077
0 0.1346153846153846 0.84375 0.02403846153846154 0.03365384615384615
0 0.07572115384615384 0.8461538461538461 0.028846153846153848 0.02403846153846154
0 0.14783653846153846 0.8545673076923077 0.02403846153846154 0.038461538461538464
0 0.03365384615384615 0.8509615384615384 0.04567307692307692 0.057692307692307696
0 0.7740384615384616 0.8918269230769231 0.052884615384615384 0.052884615384615384
0 0.07932692307692307 0.8677884615384616 0.03365384615384615 0.03365384615384615
0 0.5396634615384616 0.09134615384615384 0.019230769230769232 0.03365384615384615
0 0.71875 0.10336538461538461 0.019230769230769232 0.03365384615384615
0 0.59375 0.09735576923076923 0.014423076923076924 0.02403846153846154
0 0.09615384615384616 0.0733173076923077 0.019230769230769232 0.02403846153846154
0 0.4963942307692308 0.09375 0.019230769230769232 0.03365384615384615
0 0.6935096153846154 0.1045673076923077 0.019230769230769232 0.03365384615384615
0 0.2920673076923077 0.08533653846153846 0.019230769230769232 0.03365384615384615
0 0.7704326923076923 0.11057692307692307 0.02403846153846154 0.038461538461538464
0 0.18629807692307693 0.08052884615384616 0.02403846153846154 0.038461538461538464
0 0.06610576923076923 0.07692307692307693 0.019230769230769232 0.028846153846153848
0 0.4855769230769231 0.0985576923076923 0.019230769230769232 0.028846153846153848
0 0.5757211538461539 0.10576923076923077 0.02403846153846154 0.028846153846153848
0 0.04447115384615385 0.08052884615384616 0.02403846153846154 0.03365384615384615