0 0.12259615384615384 0.22596153846153846 0.019230769230769232 0.036057692307692304
0 0.04567307692307692 0.24759615384615385 0.03365384615384615 0.057692307692307696
0 0.07932692307692307 0.2439903846153846 0.028846153846153848 0.04807692307692308
0 0.27163461538461536 0.2439903846153846 0.038461538461538464 0.052884615384615384
0 0.30528846153846156 0.24879807692307693 0.026442307692307692 0.036057692307692304
0 0.3389423076923077 0.24639423076923078 0.028846153846153848 0.05048076923076923
0 0.3918269230769231 0.24158653846153846 0.026442307692307692 0.04567307692307692
0 0.01201923076923077 0.28966346153846156 0.02403846153846154 0.055288461538461536
0 0.43509615384615385 0.24879807692307693 0.028846153846153848 0.04567307692307692
0 0.47716346153846156 0.24519230769230768 0.038461538461538464 0.057692307692307696
0 0.12379807692307693 0.28365384615384615 0.03125 0.040865384615384616
0 0.22956730769230768 0.27403846153846156 0.03125 0.04326923076923077
0 0.20432692307692307 0.28125 0.028846153846153848 0.057692307692307696
0 0.5420673076923077 0.24639423076923078 0.03125 0.05048076923076923
0 0.5168269230769231 0.2548076923076923 0.028846153846153848 0.04326923076923077
0 0.171875 0.2920673076923077 0.03365384615384615 0.055288461538461536
0 0.3004807692307692 0.2932692307692308 0.028846153846153848 0.040865384615384616
0 0.14783653846153846 0.3112980769230769 0.03365384615384615 0.04807692307692308
0 0.7992788461538461 0.26322115384615385 0.040865384615384616 0.08653846153846154
0 0.8377403846153846 0.2668269230769231 0.03365384615384615 0.06490384615384616
0 0.23076923076923078 0.33052884615384615 0.036057692307692304 0.0625
0 0.4891826923076923 0.30649038461538464 0.03365384615384615 0.055288461538461536
0 0.8762019230769231 0.2692307692307692 0.038461538461538464 0.08413461538461539
0 0.08413461538461539 0.35697115384615385 0.03125 0.04567307692307692
0 0.12620192307692307 0.35216346153846156 0.04326923076923077 0.06490384615384616
0 0.4326923076923077 0.32572115384615385 0.040865384615384616 0.07211538461538461
0 0.15144230769230768 0.3581730769230769 0.028846153846153848 0.052884615384615384
0 0.010817307692307692 0.3786057692307692 0.021634615384615384 0.07451923076923077
0 0.27163461538461536 0.34975961538461536 0.04567307692307692 0.06971153846153846
0 0.640625 0.3125 0.0673076923076923 0.0889423076923077
0 0.5637019230769231 0.3233173076923077 0.04326923076923077 0.07692307692307693
0 0.36658653846153844 0.3485576923076923 0.04807692307692308 0.038461538461538464
0 0.9387019230769231 0.2932692307692308 0.03125 0.0673076923076923
0 0.6923076923076923 0.32091346153846156 0.04567307692307692 0.06971153846153846
0 0.3233173076923077 0.3629807692307692 0.038461538461538464 0.07692307692307693
0 0.5396634615384616 0.34375 0.04807692307692308 0.09375
0 0.9639423076923077 0.3112980769230769 0.04567307692307692 0.08413461538461539
0 0.46274038461538464 0.36899038461538464 0.04567307692307692 0.07451923076923077
0 0.09495192307692307 0.4206730769230769 0.05048076923076923 0.055288461538461536
0 0.3449519230769231 0.3942307692307692 0.026442307692307692 0.055288461538461536
0 0.5108173076923077 0.38100961538461536 0.052884615384615384 0.10096153846153846
0 0.7632211538461539 0.36177884615384615 0.057692307692307696 0.11057692307692307
0 0.16947115384615385 0.42427884615384615 0.04326923076923077 0.0673076923076923
0 0.42908653846153844 0.41225961538461536 0.04567307692307692 0.07692307692307693
0 0.23918269230769232 0.43990384615384615 0.03125 0.07451923076923077
0 0.8533653846153846 0.3870192307692308 0.057692307692307696 0.07211538461538461
0 0.3798076923076923 0.44350961538461536 0.06009615384615385 0.07932692307692307
0 0.265625 0.4567307692307692 0.052884615384615384 0.07451923076923077
0 0.07692307692307693 0.47836538461538464 0.057692307692307696 0.0985576923076923
0 0.6298076923076923 0.43149038461538464 0.06009615384615385 0.10336538461538461
0 0.19831730769230768 0.49399038461538464 0.057692307692307696 0.0889423076923077
0 0.036057692307692304 0.5288461538461539 0.07211538461538461 0.10576923076923077
0 0.9423076923076923 0.45913461538461536 0.0625 0.12259615384615384
0 0.3112980769230769 0.5252403846153846 0.052884615384615384 0.052884615384615384
0 0.5444711538461539 0.5024038461538461 0.06009615384615385 0.10336538461538461
0 0.18269230769230768 0.5528846153846154 0.08653846153846154 0.08173076923076923
0 0.8894230769230769 0.49278846153846156 0.06009615384615385 0.09375
0 0.33052884615384615 0.5925480769230769 0.06490384615384616 0.08173076923076923
0 0.8461538461538461 0.5492788461538461 0.0673076923076923 0.11298076923076923
0 0.45072115384615385 0.6153846153846154 0.07932692307692307 0.12980769230769232
0 0.5540865384615384 0.7439903846153846 0.10096153846153846 0.15625