0 0.42265625 0.21171875 0.0765625 0.1328125
0 0.1265625 0.2578125 0.0359375 0.0640625
0 0.15703125 0.28828125 0.034375 0.05
0 0.1953125 0.2953125 0.0375 0.05
0 0.64453125 0.23203125 0.0578125 0.0890625
0 0.04140625 0.31875 0.0828125 0.128125
0 0.57578125 0.24375 0.06875 0.1078125
0 0.32265625 0.2890625 0.034375 0.05
0 0.67265625 0.24453125 0.0359375 0.0640625
0 0.9328125 0.21875 0.059375 0.0765625
0 0.46484375 0.28515625 0.05 0.065625
0 0.24765625 0.31796875 0.0703125 0.1125
0 0.834375 0.2375 0.0265625 0.03125
0 0.6609375 0.26640625 0.021875 0.0265625
0 0.29453125 0.3203125 0.034375 0.0546875
0 0.5265625 0.28828125 0.0296875 0.04375
0 0.70078125 0.265625 0.0265625 0.03125
0 0.85546875 0.2515625 0.0171875 0.025
0 0.87734375 0.26015625 0.021875 0.0265625
0 0.77734375 0.3109375 0.084375 0.1234375