0 0.28725961538461536 0.9807692307692307 0.04567307692307692 0.038461538461538464
0 0.9146634615384616 0.03125 0.040865384615384616 0.0625
0 0.17908653846153846 0.14302884615384615 0.038461538461538464 0.052884615384615384
0 0.49038461538461536 0.9735576923076923 0.07211538461538461 0.052884615384615384
0 0.40865384615384615 0.9831730769230769 0.0625 0.03365384615384615
0 0.22956730769230768 0.14182692307692307 0.026442307692307692 0.03365384615384615
0 0.703125 0.0673076923076923 0.038461538461538464 0.04807692307692308
0 0.5661057692307693 0.09134615384615384 0.04567307692307692 0.052884615384615384
0 0.4230769230769231 0.11658653846153846 0.036057692307692304 0.057692307692307696
0 0.14783653846153846 0.16105769230769232 0.03365384615384615 0.04807692307692308
0 0.45072115384615385 0.1346153846153846 0.04567307692307692 0.06490384615384616
0 0.2704326923076923 0.1622596153846154 0.036057692307692304 0.04567307692307692
0 0.6129807692307693 0.11177884615384616 0.040865384615384616 0.052884615384615384
0 0.23677884615384615 0.17427884615384615 0.040865384615384616 0.052884615384615384
0 0.8341346153846154 0.08413461538461539 0.05048076923076923 0.07451923076923077
0 0.33413461538461536 0.17067307692307693 0.04567307692307692 0.06490384615384616
0 0.3713942307692308 0.1658653846153846 0.036057692307692304 0.05048076923076923
0 0.7319711538461539 0.11177884615384616 0.036057692307692304 0.04567307692307692
0 0.6550480769230769 0.12379807692307693 0.04807692307692308 0.06490384615384616
0 0.2956730769230769 0.18389423076923078 0.03365384615384615 0.04326923076923077
0 0.1814903846153846 0.20192307692307693 0.03365384615384615 0.05048076923076923
0 0.025240384615384616 0.23197115384615385 0.04567307692307692 0.06009615384615385
0 0.3125 0.19831730769230768 0.040865384615384616 0.052884615384615384
0 0.9326923076923077 0.1045673076923077 0.03125 0.0625
0 0.90625 0.11057692307692307 0.04567307692307692 0.057692307692307696
0 0.7139423076923077 0.14423076923076922 0.04567307692307692 0.06009615384615385
0 0.28125 0.22355769230769232 0.04326923076923077 0.06009615384615385
0 0.5576923076923077 0.1814903846153846 0.040865384615384616 0.052884615384615384
0 0.08413461538461539 0.25841346153846156 0.04326923076923077 0.055288461538461536
0 0.17427884615384615 0.0673076923076923 0.036057692307692304 0.04567307692307692
0 0.38221153846153844 0.22956730769230768 0.038461538461538464 0.052884615384615384
0 0.4230769230769231 0.2247596153846154 0.040865384615384616 0.06009615384615385
0 0.53125 0.016826923076923076 0.04326923076923077 0.03365384615384615
0 0.037259615384615384 0.28725961538461536 0.055288461538461536 0.07451923076923077
0 0.12259615384615384 0.27524038461538464 0.04567307692307692 0.0673076923076923
0 0.4579326923076923 0.2247596153846154 0.05048076923076923 0.06490384615384616
0 0.6045673076923077 0.20072115384615385 0.04567307692307692 0.057692307692307696
0 0.009615384615384616 0.29927884615384615 0.019230769230769232 0.06490384615384616
0 0.11057692307692307 0.078125 0.03365384615384615 0.040865384615384616
0 0.5721153846153846 0.21875 0.040865384615384616 0.055288461538461536
0 0.5 0.23076923076923078 0.04567307692307692 0.06971153846153846
0 0.24639423076923078 0.057692307692307696 0.04326923076923077 0.052884615384615384
0 0.2644230769230769 0.27163461538461536 0.04567307692307692 0.0673076923076923
0 0.7932692307692307 0.21153846153846154 0.052884615384615384 0.07211538461538461
0 0.38221153846153844 0.2764423076923077 0.04807692307692308 0.06009615384615385
0 0.19471153846153846 0.31009615384615385 0.04326923076923077 0.055288461538461536
0 0.015625 0.3557692307692308 0.03125 0.07211538461538461
0 0.23076923076923078 0.32091346153846156 0.04567307692307692 0.06490384615384616
0 0.125 0.3389423076923077 0.040865384615384616 0.038461538461538464
0 0.42908653846153844 0.2932692307692308 0.05048076923076923 0.06490384615384616
0 0.5961538461538461 0.27403846153846156 0.05048076923076923 0.06490384615384616
0 0.12259615384615384 0.359375 0.040865384615384616 0.052884615384615384
0 0.8569711538461539 0.25 0.055288461538461536 0.06490384615384616
0 0.9326923076923077 0.24158653846153846 0.03365384615384615 0.04326923076923077
0 0.18028846153846154 0.3629807692307692 0.052884615384615384 0.06490384615384616
0 0.5180288461538461 0.3137019230769231 0.05048076923076923 0.06971153846153846
0 0.04447115384615385 0.4074519230769231 0.04567307692307692 0.0625
0 0.49278846153846156 0.3762019230769231 0.052884615384615384 0.06009615384615385
0 0.6706730769230769 0.359375 0.04807692307692308 0.06490384615384616
0 0.7415865384615384 0.35216346153846156 0.04807692307692308 0.06490384615384616
0 0.5829326923076923 0.38221153846153844 0.04807692307692308 0.0625
0 0.31850961538461536 0.4266826923076923 0.05048076923076923 0.06009615384615385
0 0.43149038461538464 0.41466346153846156 0.052884615384615384 0.06009615384615385
0 0.12860576923076922 0.4735576923076923 0.038461538461538464 0.038461538461538464
0 0.7091346153846154 0.3870192307692308 0.05048076923076923 0.0673076923076923
0 0.4651442307692308 0.44350961538461536 0.04326923076923077 0.057692307692307696
0 0.09495192307692307 0.5024038461538461 0.04326923076923077 0.055288461538461536
0 0.7944711538461539 0.39663461538461536 0.040865384615384616 0.06009615384615385
0 0.5300480769230769 0.4375 0.052884615384615384 0.06971153846153846
0 0.3786057692307692 0.4639423076923077 0.05048076923076923 0.06971153846153846
0 0.30528846153846156 0.07091346153846154 0.036057692307692304 0.05048076923076923
0 0.5877403846153846 0.45072115384615385 0.04567307692307692 0.055288461538461536
0 0.2860576923076923 0.5 0.05048076923076923 0.06490384615384616
0 0.33052884615384615 0.49399038461538464 0.04807692307692308 0.0673076923076923
0 0.24278846153846154 0.5144230769230769 0.04326923076923077 0.055288461538461536
0 0.1045673076923077 0.5384615384615384 0.03365384615384615 0.040865384615384616
0 0.9747596153846154 0.40384615384615385 0.038461538461538464 0.057692307692307696
0 0.015625 0.5612980769230769 0.03125 0.055288461538461536
0 0.5769230769230769 0.4735576923076923 0.03365384615384615 0.05048076923076923
0 0.6021634615384616 0.027644230769230768 0.04567307692307692 0.055288461538461536
0 0.17548076923076922 0.5612980769230769 0.04567307692307692 0.06490384615384616
0 0.12740384615384615 0.5745192307692307 0.036057692307692304 0.04567307692307692
0 0.7512019230769231 0.021634615384615384 0.055288461538461536 0.04326923076923077
0 0.09735576923076923 0.59375 0.036057692307692304 0.04326923076923077
0 0.484375 0.5360576923076923 0.05048076923076923 0.07451923076923077
0 0.7824519230769231 0.5 0.057692307692307696 0.07692307692307693
0 0.2091346153846154 0.5925480769230769 0.04567307692307692 0.055288461538461536
0 0.9158653846153846 0.48677884615384615 0.052884615384615384 0.0625
0 0.13341346153846154 0.6189903846153846 0.036057692307692304 0.038461538461538464
0 0.10817307692307693 0.6322115384615384 0.028846153846153848 0.040865384615384616
0 0.9807692307692307 0.49399038461538464 0.038461538461538464 0.055288461538461536
0 0.4651442307692308 0.057692307692307696 0.038461538461538464 0.05048076923076923
0 0.046875 0.6574519230769231 0.04567307692307692 0.06009615384615385
0 0.5540865384615384 0.5841346153846154 0.04807692307692308 0.06490384615384616
0 0.9543269230769231 0.5264423076923077 0.04567307692307692 0.055288461538461536
0 0.890625 0.5372596153846154 0.040865384615384616 0.052884615384615384
0 0.21153846153846154 0.6466346153846154 0.040865384615384616 0.052884615384615384
0 0.5901442307692307 0.5973557692307693 0.036057692307692304 0.05048076923076923
0 0.6105769230769231 0.5961538461538461 0.05048076923076923 0.06009615384615385
0 0.09735576923076923 0.6826923076923077 0.040865384615384616 0.05048076923076923
0 0.7848557692307693 0.5745192307692307 0.04807692307692308 0.07451923076923077
0 0.16346153846153846 0.6754807692307693 0.04807692307692308 0.06971153846153846
0 0.6646634615384616 0.6021634615384616 0.052884615384615384 0.07211538461538461
0 0.12139423076923077 0.6887019230769231 0.03365384615384615 0.052884615384615384
0 0.703125 0.5997596153846154 0.052884615384615384 0.07692307692307693
0 0.3112980769230769 0.6610576923076923 0.057692307692307696 0.07451923076923077
0 0.9831730769230769 0.5552884615384616 0.03365384615384615 0.07211538461538461
0 0.3293269230769231 0.08533653846153846 0.03365384615384615 0.04326923076923077
0 0.11538461538461539 0.1201923076923077 0.038461538461538464 0.05048076923076923
0 0.3485576923076923 0.6670673076923077 0.036057692307692304 0.0625
0 0.8677884615384616 0.5865384615384616 0.04807692307692308 0.0673076923076923
0 0.3701923076923077 0.6694711538461539 0.040865384615384616 0.06009615384615385
0 0.7295673076923077 0.6201923076923077 0.052884615384615384 0.06971153846153846
0 0.24519230769230768 0.6983173076923077 0.03365384615384615 0.04326923076923077
0 0.4375 0.6850961538461539 0.05048076923076923 0.07211538461538461
0 0.9447115384615384 0.6057692307692307 0.040865384615384616 0.052884615384615384
0 0.6153846153846154 0.6634615384615384 0.052884615384615384 0.06971153846153846
0 0.5540865384615384 0.6742788461538461 0.04807692307692308 0.0673076923076923
0 0.04447115384615385 0.13581730769230768 0.04326923076923077 0.0625
0 0.23557692307692307 0.7403846153846154 0.04807692307692308 0.05048076923076923
0 0.5204326923076923 0.6995192307692307 0.05048076923076923 0.07692307692307693
0 0.17548076923076922 0.7572115384615384 0.04567307692307692 0.057692307692307696
0 0.9591346153846154 0.6370192307692307 0.05048076923076923 0.06971153846153846
0 0.27403846153846156 0.7463942307692307 0.040865384615384616 0.057692307692307696
0 0.7728365384615384 0.6682692307692307 0.038461538461538464 0.057692307692307696
0 0.8990384615384616 0.6502403846153846 0.052884615384615384 0.07211538461538461
0 0.34134615384615385 0.7451923076923077 0.04567307692307692 0.06009615384615385
0 0.09014423076923077 0.7932692307692307 0.04567307692307692 0.06490384615384616
0 0.9939903846153846 0.6550480769230769 0.01201923076923077 0.07932692307692307
0 0.8197115384615384 0.6850961538461539 0.04567307692307692 0.06490384615384616
0 0.6887019230769231 0.7079326923076923 0.04567307692307692 0.07211538461538461
0 0.6502403846153846 0.7175480769230769 0.052884615384615384 0.06971153846153846
0 0.06009615384615385 0.8161057692307693 0.038461538461538464 0.06009615384615385
0 0.8605769230769231 0.6971153846153846 0.04567307692307692 0.057692307692307696
0 0.40384615384615385 0.7740384615384616 0.04567307692307692 0.055288461538461536
0 0.17908653846153846 0.8161057692307693 0.052884615384615384 0.0673076923076923
0 0.45913461538461536 0.7716346153846154 0.04567307692307692 0.05048076923076923
0 0.3125 0.8016826923076923 0.052884615384615384 0.07211538461538461
0 0.21514423076923078 0.8293269230769231 0.040865384615384616 0.052884615384615384
0 0.578125 0.7764423076923077 0.057692307692307696 0.07451923076923077
0 0.35336538461538464 0.8112980769230769 0.05048076923076923 0.057692307692307696
0 0.6358173076923077 0.7680288461538461 0.04567307692307692 0.06971153846153846
0 0.2704326923076923 0.8293269230769231 0.057692307692307696 0.07692307692307693
0 0.2536057692307692 0.11298076923076923 0.03365384615384615 0.05048076923076923
0 0.9314903846153846 0.7247596153846154 0.052884615384615384 0.07692307692307693
0 0.7836538461538461 0.7548076923076923 0.04326923076923077 0.052884615384615384
0 0.49399038461538464 0.8233173076923077 0.05048076923076923 0.057692307692307696
0 0.8485576923076923 0.7680288461538461 0.04807692307692308 0.06971153846153846
0 0.10096153846153846 0.890625 0.04326923076923077 0.05048076923076923
0 0.7103365384615384 0.8004807692307693 0.05048076923076923 0.06490384615384616
0 0.7848557692307693 0.7920673076923077 0.036057692307692304 0.05048076923076923
0 0.171875 0.8942307692307693 0.04567307692307692 0.0673076923076923
0 0.3545673076923077 0.8701923076923077 0.06009615384615385 0.07692307692307693
0 0.13221153846153846 0.9074519230769231 0.04326923076923077 0.055288461538461536
0 0.45552884615384615 0.8677884615384616 0.052884615384615384 0.06971153846153846
0 0.6346153846153846 0.8401442307692307 0.04567307692307692 0.055288461538461536
0 0.41346153846153844 0.09495192307692307 0.02403846153846154 0.03125
0 0.2247596153846154 0.9134615384615384 0.06490384615384616 0.08173076923076923
0 0.8149038461538461 0.8257211538461539 0.04326923076923077 0.06009615384615385
0 0.39783653846153844 0.8930288461538461 0.07451923076923077 0.0889423076923077
0 0.7403846153846154 0.8413461538461539 0.052884615384615384 0.0673076923076923
0 0.08653846153846154 0.9483173076923077 0.052884615384615384 0.06971153846153846
0 0.6995192307692307 0.8533653846153846 0.04567307692307692 0.06490384615384616
0 0.5168269230769231 0.8846153846153846 0.04807692307692308 0.0673076923076923
0 0.49399038461538464 0.08533653846153846 0.036057692307692304 0.05048076923076923
0 0.7800480769230769 0.8569711538461539 0.052884615384615384 0.07932692307692307
0 0.6105769230769231 0.8858173076923077 0.040865384615384616 0.0673076923076923
0 0.5949519230769231 0.8894230769230769 0.040865384615384616 0.0673076923076923
0 0.4639423076923077 0.09254807692307693 0.036057692307692304 0.05048076923076923
0 0.4807692307692308 0.9134615384615384 0.04326923076923077 0.057692307692307696
0 0.859375 0.8557692307692307 0.052884615384615384 0.07692307692307693
0 0.6358173076923077 0.8930288461538461 0.052884615384615384 0.07211538461538461
0 0.5625 0.9050480769230769 0.0625 0.08653846153846154
0 0.12379807692307693 0.9699519230769231 0.06490384615384616 0.06009615384615385
0 0.21875 0.1310096153846154 0.03365384615384615 0.04567307692307692
0 0.9603365384615384 0.8461538461538461 0.057692307692307696 0.07451923076923077
0 0.8100961538461539 0.8689903846153846 0.04807692307692308 0.06490384615384616
0 0.8954326923076923 0.8605769230769231 0.038461538461538464 0.057692307692307696
0 0.1622596153846154 0.96875 0.06009615384615385 0.0625
0 0.07451923076923077 0.15504807692307693 0.038461538461538464 0.05048076923076923
0 0.5144230769230769 0.08533653846153846 0.036057692307692304 0.05048076923076923
0 0.7524038461538461 0.9038461538461539 0.06009615384615385 0.07451923076923077
0 0.6875 0.9158653846153846 0.04567307692307692 0.06971153846153846