0 0.7271634615384616 0.15745192307692307 0.02403846153846154 0.028846153846153848
0 0.7067307692307693 0.15865384615384615 0.019230769230769232 0.02403846153846154
0 0.328125 0.1814903846153846 0.019230769230769232 0.019230769230769232
0 0.6105769230769231 0.16947115384615385 0.019230769230769232 0.02403846153846154
0 0.7487980769230769 0.1622596153846154 0.014423076923076924 0.02403846153846154
0 0.78125 0.15985576923076922 0.019230769230769232 0.019230769230769232
0 0.5528846153846154 0.171875 0.019230769230769232 0.02403846153846154
0 0.4362980769230769 0.18269230769230768 0.02403846153846154 0.038461538461538464
0 0.71875 0.16826923076923078 0.019230769230769232 0.02403846153846154
0 0.6706730769230769 0.17548076923076922 0.028846153846153848 0.038461538461538464
0 0.5012019230769231 0.18509615384615385 0.019230769230769232 0.028846153846153848
0 0.6935096153846154 0.17668269230769232 0.019230769230769232 0.028846153846153848
0 0.44350961538461536 0.18990384615384615 0.019230769230769232 0.02403846153846154
0 0.5877403846153846 0.18509615384615385 0.03125 0.04807692307692308
0 0.6502403846153846 0.1814903846153846 0.014423076923076924 0.019230769230769232
0 0.33413461538461536 0.19831730769230768 0.019230769230769232 0.019230769230769232
0 0.5396634615384616 0.18990384615384615 0.016826923076923076 0.028846153846153848
0 0.41466346153846156 0.19591346153846154 0.02403846153846154 0.02403846153846154
0 0.35697115384615385 0.20192307692307693 0.02403846153846154 0.04326923076923077
0 0.46875 0.20072115384615385 0.026442307692307692 0.04807692307692308
0 0.29447115384615385 0.21033653846153846 0.02403846153846154 0.02403846153846154
0 0.3713942307692308 0.20793269230769232 0.019230769230769232 0.02403846153846154
0 0.5216346153846154 0.20072115384615385 0.02403846153846154 0.04326923076923077
0 0.7596153846153846 0.1875 0.02403846153846154 0.02403846153846154
0 0.6165865384615384 0.19591346153846154 0.028846153846153848 0.04326923076923077
0 0.41225961538461536 0.20673076923076922 0.014423076923076924 0.019230769230769232
0 0.5 0.203125 0.028846153846153848 0.04326923076923077
0 0.7896634615384616 0.18990384615384615 0.03125 0.052884615384615384
0 0.4891826923076923 0.20793269230769232 0.02403846153846154 0.04326923076923077
0 0.19110576923076922 0.22596153846153846 0.038461538461538464 0.028846153846153848
0 0.7391826923076923 0.19951923076923078 0.02403846153846154 0.04326923076923077
0 0.3329326923076923 0.22355769230769232 0.02403846153846154 0.028846153846153848
0 0.5661057692307693 0.21153846153846154 0.036057692307692304 0.04807692307692308
0 0.10336538461538461 0.23798076923076922 0.038461538461538464 0.03365384615384615
0 0.04807692307692308 0.24278846153846154 0.02403846153846154 0.028846153846153848
0 0.27283653846153844 0.234375 0.02403846153846154 0.03365384615384615
0 0.44591346153846156 0.2247596153846154 0.02403846153846154 0.02403846153846154
0 0.2932692307692308 0.23557692307692307 0.02403846153846154 0.03365384615384615
0 0.5084134615384616 0.22355769230769232 0.028846153846153848 0.04326923076923077
0 0.23798076923076922 0.2403846153846154 0.028846153846153848 0.038461538461538464
0 0.96875 0.20432692307692307 0.036057692307692304 0.0673076923076923
0 0.16826923076923078 0.2439903846153846 0.028846153846153848 0.03365384615384615
0 0.41346153846153844 0.23317307692307693 0.02403846153846154 0.03365384615384615
0 0.1971153846153846 0.24519230769230768 0.028846153846153848 0.03365384615384615
0 0.7127403846153846 0.22235576923076922 0.05048076923076923 0.0673076923076923
0 0.21875 0.24879807692307693 0.02403846153846154 0.038461538461538464
0 0.25961538461538464 0.25 0.02403846153846154 0.038461538461538464
0 0.8305288461538461 0.22235576923076922 0.04567307692307692 0.0625
0 0.3918269230769231 0.24759615384615385 0.028846153846153848 0.038461538461538464
0 0.30408653846153844 0.2548076923076923 0.02403846153846154 0.038461538461538464
0 0.0889423076923077 0.2668269230769231 0.03125 0.052884615384615384
0 0.11538461538461539 0.27283653846153844 0.04567307692307692 0.0673076923076923
0 0.5973557692307693 0.24879807692307693 0.04567307692307692 0.057692307692307696
0 0.6262019230769231 0.24759615384615385 0.03365384615384615 0.04326923076923077
0 0.6646634615384616 0.24639423076923078 0.04567307692307692 0.07211538461538461
0 0.7620192307692307 0.24759615384615385 0.04567307692307692 0.0673076923076923
0 0.16826923076923078 0.28125 0.028846153846153848 0.04326923076923077
0 0.06610576923076923 0.29086538461538464 0.04567307692307692 0.052884615384615384
0 0.45072115384615385 0.2704326923076923 0.036057692307692304 0.052884615384615384
0 0.040865384615384616 0.2920673076923077 0.040865384615384616 0.0673076923076923
0 0.3701923076923077 0.2764423076923077 0.036057692307692304 0.052884615384615384
0 0.4110576923076923 0.2800480769230769 0.038461538461538464 0.04807692307692308
0 0.018028846153846152 0.3016826923076923 0.036057692307692304 0.07932692307692307
0 0.3317307692307692 0.28846153846153844 0.052884615384615384 0.07211538461538461
0 0.8978365384615384 0.2704326923076923 0.06490384615384616 0.08173076923076923
0 0.20192307692307693 0.3125 0.052884615384615384 0.0673076923076923
0 0.9519230769230769 0.2860576923076923 0.07932692307692307 0.10096153846153846
0 0.6262019230769231 0.33052884615384615 0.06490384615384616 0.08653846153846154
0 0.2512019230769231 0.39783653846153844 0.06009615384615385 0.09134615384615384
0 0.7463942307692307 0.3713942307692308 0.06971153846153846 0.10576923076923077
0 0.11538461538461539 0.4098557692307692 0.07451923076923077 0.10096153846153846
0 0.5444711538461539 0.43028846153846156 0.11057692307692307 0.14903846153846154
0 0.31490384615384615 0.4495192307692308 0.06490384615384616 0.10096153846153846
0 0.12980769230769232 0.5997596153846154 0.15144230769230768 0.19230769230769232
0 0.44591346153846156 0.6153846153846154 0.13221153846153846 0.16346153846153846