0 0.018028846153846152 0.5216346153846154 0.021634615384615384 0.028846153846153848
0 0.13942307692307693 0.5240384615384616 0.014423076923076924 0.019230769230769232
0 0.125 0.5252403846153846 0.014423076923076924 0.019230769230769232
0 0.1814903846153846 0.5240384615384616 0.016826923076923076 0.014423076923076924
0 0.109375 0.5276442307692307 0.019230769230769232 0.02403846153846154
0 0.052884615384615384 0.53125 0.014423076923076924 0.021634615384615384
0 0.29447115384615385 0.5228365384615384 0.01201923076923077 0.019230769230769232
0 0.22355769230769232 0.5276442307692307 0.016826923076923076 0.021634615384615384
0 0.16105769230769232 0.53125 0.014423076923076924 0.021634615384615384
0 0.5625 0.5180288461538461 0.01201923076923077 0.019230769230769232
0 0.19591346153846154 0.5336538461538461 0.01201923076923077 0.014423076923076924
0 0.13221153846153846 0.5372596153846154 0.016826923076923076 0.021634615384615384
0 0.46033653846153844 0.5252403846153846 0.014423076923076924 0.021634615384615384
0 0.5228365384615384 0.5252403846153846 0.014423076923076924 0.021634615384615384
0 0.5997596153846154 0.5228365384615384 0.01201923076923077 0.016826923076923076
0 0.4110576923076923 0.53125 0.014423076923076924 0.021634615384615384
0 0.2548076923076923 0.5360576923076923 0.014423076923076924 0.019230769230769232
0 0.3581730769230769 0.5336538461538461 0.014423076923076924 0.021634615384615384
0 0.5384615384615384 0.5276442307692307 0.01201923076923077 0.014423076923076924
0 0.4963942307692308 0.5300480769230769 0.01201923076923077 0.021634615384615384
0 0.5841346153846154 0.5276442307692307 0.016826923076923076 0.019230769230769232
0 0.6069711538461539 0.5264423076923077 0.01201923076923077 0.01201923076923077
0 0.48197115384615385 0.5324519230769231 0.019230769230769232 0.021634615384615384
0 0.21394230769230768 0.5420673076923077 0.019230769230769232 0.026442307692307692
0 0.3401442307692308 0.5384615384615384 0.016826923076923076 0.026442307692307692
0 0.42788461538461536 0.5372596153846154 0.014423076923076924 0.019230769230769232
0 0.07572115384615384 0.5504807692307693 0.016826923076923076 0.019230769230769232
0 0.24278846153846154 0.5480769230769231 0.016826923076923076 0.021634615384615384
0 0.3713942307692308 0.5444711538461539 0.01201923076923077 0.021634615384615384
0 0.41947115384615385 0.5420673076923077 0.016826923076923076 0.021634615384615384
0 0.2860576923076923 0.5480769230769231 0.016826923076923076 0.021634615384615384
0 0.39302884615384615 0.5444711538461539 0.01201923076923077 0.014423076923076924
0 0.04326923076923077 0.6237980769230769 0.02403846153846154 0.028846153846153848
0 0.9002403846153846 0.5973557692307693 0.016826923076923076 0.03125
0 0.671875 0.6069711538461539 0.014423076923076924 0.026442307692307692
0 0.6370192307692307 0.609375 0.021634615384615384 0.02403846153846154
0 0.8305288461538461 0.6033653846153846 0.01201923076923077 0.02403846153846154
0 0.6574519230769231 0.6105769230769231 0.019230769230769232 0.016826923076923076
0 0.5252403846153846 0.6153846153846154 0.019230769230769232 0.028846153846153848
0 0.2091346153846154 0.6298076923076923 0.019230769230769232 0.02403846153846154
0 0.26322115384615385 0.6286057692307693 0.021634615384615384 0.02403846153846154
0 0.6935096153846154 0.6129807692307693 0.014423076923076924 0.016826923076923076
0 0.7872596153846154 0.6117788461538461 0.016826923076923076 0.026442307692307692
0 0.9579326923076923 0.6057692307692307 0.014423076923076924 0.02403846153846154
0 0.24158653846153846 0.6310096153846154 0.021634615384615384 0.028846153846153848
0 0.7644230769230769 0.6129807692307693 0.02403846153846154 0.03125
0 0.5685096153846154 0.6201923076923077 0.014423076923076924 0.014423076923076924
0 0.6081730769230769 0.6201923076923077 0.014423076923076924 0.01201923076923077
0 0.4543269230769231 0.6262019230769231 0.016826923076923076 0.02403846153846154
0 0.9795673076923077 0.6081730769230769 0.014423076923076924 0.02403846153846154
0 0.27403846153846156 0.6334134615384616 0.016826923076923076 0.028846153846153848
0 0.5432692307692307 0.6237980769230769 0.019230769230769232 0.02403846153846154
0 0.11177884615384616 0.6394230769230769 0.02403846153846154 0.026442307692307692
0 0.4050480769230769 0.6298076923076923 0.021634615384615384 0.028846153846153848
0 0.0733173076923077 0.640625 0.02403846153846154 0.02403846153846154
0 0.18509615384615385 0.6382211538461539 0.019230769230769232 0.02403846153846154
0 0.16947115384615385 0.6394230769230769 0.02403846153846154 0.028846153846153848
0 0.390625 0.6322115384615384 0.019230769230769232 0.021634615384615384
0 0.8076923076923077 0.6189903846153846 0.02403846153846154 0.03365384615384615
0 0.9939903846153846 0.6129807692307693 0.01201923076923077 0.019230769230769232
0 0.42427884615384615 0.6322115384615384 0.014423076923076924 0.019230769230769232
0 0.4963942307692308 0.6298076923076923 0.019230769230769232 0.02403846153846154
0 0.4807692307692308 0.6346153846153846 0.016826923076923076 0.019230769230769232
0 0.3125 0.640625 0.019230769230769232 0.02403846153846154
0 0.7932692307692307 0.6237980769230769 0.016826923076923076 0.02403846153846154
0 0.5997596153846154 0.6310096153846154 0.014423076923076924 0.021634615384615384
0 0.15504807692307693 0.6478365384615384 0.02403846153846154 0.028846153846153848
0 0.7079326923076923 0.6298076923076923 0.02403846153846154 0.02403846153846154
0 0.859375 0.625 0.04326923076923077 0.0673076923076923
0 0.7331730769230769 0.6310096153846154 0.014423076923076924 0.02403846153846154
0 0.5649038461538461 0.6382211538461539 0.02403846153846154 0.028846153846153848
0 0.6105769230769231 0.6442307692307693 0.019230769230769232 0.026442307692307692
0 0.6658653846153846 0.6442307692307693 0.02403846153846154 0.028846153846153848
0 0.3449519230769231 0.6947115384615384 0.02403846153846154 0.026442307692307692