0 0.6706730769230769 0.11899038461538461 0.004807692307692308 0.007211538461538462
0 0.6418269230769231 0.1201923076923077 0.004807692307692308 0.004807692307692308
0 0.5612980769230769 0.1814903846153846 0.002403846153846154 0.004807692307692308
0 0.5552884615384616 0.18269230769230768 0.004807692307692308 0.004807692307692308
0 0.5709134615384616 0.18389423076923078 0.004807692307692308 0.004807692307692308
0 0.5685096153846154 0.18509615384615385 0.004807692307692308 0.004807692307692308
0 0.5649038461538461 0.18509615384615385 0.004807692307692308 0.007211538461538462
0 0.5432692307692307 0.18269230769230768 0.004807692307692308 0.002403846153846154
0 0.5444711538461539 0.18629807692307693 0.004807692307692308 0.004807692307692308
0 0.5396634615384616 0.18629807692307693 0.004807692307692308 0.002403846153846154
0 0.5552884615384616 0.18870192307692307 0.004807692307692308 0.004807692307692308
0 0.5480769230769231 0.18870192307692307 0.004807692307692308 0.004807692307692308
0 0.5576923076923077 0.19230769230769232 0.004807692307692308 0.004807692307692308
0 0.5300480769230769 0.18990384615384615 0.002403846153846154 0.004807692307692308
0 0.5637019230769231 0.1935096153846154 0.004807692307692308 0.004807692307692308
0 0.5697115384615384 0.19471153846153846 0.004807692307692308 0.004807692307692308
0 0.5793269230769231 0.19831730769230768 0.004807692307692308 0.004807692307692308
0 0.5516826923076923 0.19591346153846154 0.004807692307692308 0.004807692307692308
0 0.5324519230769231 0.19471153846153846 0.004807692307692308 0.004807692307692308
0 0.8149038461538461 0.22115384615384615 0.004807692307692308 0.009615384615384616
0 0.8197115384615384 0.22115384615384615 0.004807692307692308 0.009615384615384616
0 0.5492788461538461 0.19951923076923078 0.002403846153846154 0.004807692307692308
0 0.8064903846153846 0.22115384615384615 0.004807692307692308 0.007211538461538462
0 0.5697115384615384 0.20072115384615385 0.004807692307692308 0.004807692307692308
0 0.5649038461538461 0.203125 0.002403846153846154 0.004807692307692308
0 0.7908653846153846 0.22235576923076922 0.004807692307692308 0.009615384615384616
0 0.7800480769230769 0.22115384615384615 0.009615384615384616 0.009615384615384616
0 0.5600961538461539 0.20432692307692307 0.004807692307692308 0.004807692307692308
0 0.5384615384615384 0.203125 0.004807692307692308 0.007211538461538462
0 0.7512019230769231 0.22115384615384615 0.004807692307692308 0.004807692307692308
0 0.5805288461538461 0.20673076923076922 0.004807692307692308 0.004807692307692308
0 0.5264423076923077 0.20192307692307693 0.004807692307692308 0.004807692307692308
0 0.7704326923076923 0.22596153846153846 0.004807692307692308 0.009615384615384616
0 0.7427884615384616 0.2247596153846154 0.002403846153846154 0.004807692307692308
0 0.6009615384615384 0.21394230769230768 0.004807692307692308 0.007211538461538462
0 0.7572115384615384 0.22956730769230768 0.004807692307692308 0.004807692307692308
0 0.7451923076923077 0.2283653846153846 0.004807692307692308 0.004807692307692308
0 0.5961538461538461 0.21514423076923078 0.004807692307692308 0.004807692307692308
0 0.5709134615384616 0.2127403846153846 0.007211538461538462 0.004807692307692308
0 0.7199519230769231 0.22716346153846154 0.004807692307692308 0.007211538461538462
0 0.5504807692307693 0.2127403846153846 0.004807692307692308 0.004807692307692308
0 0.5600961538461539 0.21514423076923078 0.004807692307692308 0.007211538461538462
0 0.7956730769230769 0.23798076923076922 0.004807692307692308 0.007211538461538462
0 0.7728365384615384 0.23677884615384615 0.004807692307692308 0.009615384615384616
0 0.6394230769230769 0.2247596153846154 0.004807692307692308 0.004807692307692308
0 0.5300480769230769 0.21514423076923078 0.004807692307692308 0.007211538461538462
0 0.6826923076923077 0.22956730769230768 0.004807692307692308 0.004807692307692308
0 0.7487980769230769 0.23557692307692307 0.004807692307692308 0.004807692307692308
0 0.6622596153846154 0.22956730769230768 0.004807692307692308 0.004807692307692308
0 0.6478365384615384 0.2283653846153846 0.004807692307692308 0.004807692307692308
0 0.5817307692307693 0.22235576923076922 0.004807692307692308 0.007211538461538462
0 0.5528846153846154 0.21995192307692307 0.004807692307692308 0.007211538461538462
0 0.8125 0.2439903846153846 0.007211538461538462 0.007211538461538462
0 0.5216346153846154 0.21875 0.004807692307692308 0.007211538461538462
0 0.7560096153846154 0.23918269230769232 0.004807692307692308 0.004807692307692308
0 0.7235576923076923 0.23557692307692307 0.004807692307692308 0.009615384615384616
0 0.6742788461538461 0.23197115384615385 0.007211538461538462 0.004807692307692308
0 0.6081730769230769 0.22596153846153846 0.004807692307692308 0.007211538461538462
0 0.546875 0.22235576923076922 0.007211538461538462 0.009615384615384616
0 0.7644230769230769 0.2403846153846154 0.004807692307692308 0.007211538461538462
0 0.7283653846153846 0.23798076923076922 0.004807692307692308 0.007211538461538462
0 0.6322115384615384 0.23076923076923078 0.004807692307692308 0.007211538461538462
0 0.6923076923076923 0.23557692307692307 0.004807692307692308 0.004807692307692308
0 0.6670673076923077 0.23317307692307693 0.004807692307692308 0.007211538461538462
0 0.6394230769230769 0.23076923076923078 0.004807692307692308 0.007211538461538462
0 0.5709134615384616 0.2247596153846154 0.004807692307692308 0.007211538461538462
0 0.7175480769230769 0.23918269230769232 0.004807692307692308 0.004807692307692308
0 0.7115384615384616 0.23798076923076922 0.004807692307692308 0.007211538461538462
0 0.7079326923076923 0.23798076923076922 0.007211538461538462 0.007211538461538462
0 0.5877403846153846 0.2283653846153846 0.002403846153846154 0.004807692307692308
0 0.6887019230769231 0.23677884615384615 0.004807692307692308 0.007211538461538462
0 0.7524038461538461 0.2439903846153846 0.004807692307692308 0.004807692307692308
0 0.7848557692307693 0.24639423076923078 0.004807692307692308 0.004807692307692308
0 0.6478365384615384 0.234375 0.004807692307692308 0.004807692307692308
0 0.6153846153846154 0.23197115384615385 0.004807692307692308 0.007211538461538462
0 0.6526442307692307 0.234375 0.004807692307692308 0.009615384615384616
0 0.5637019230769231 0.2283653846153846 0.004807692307692308 0.007211538461538462
0 0.6730769230769231 0.23798076923076922 0.004807692307692308 0.004807692307692308
0 0.6418269230769231 0.234375 0.004807692307692308 0.004807692307692308
0 0.5276442307692307 0.2247596153846154 0.007211538461538462 0.009615384615384616
0 0.5084134615384616 0.22355769230769232 0.004807692307692308 0.007211538461538462
0 0.7752403846153846 0.24759615384615385 0.004807692307692308 0.007211538461538462
0 0.6971153846153846 0.24158653846153846 0.004807692307692308 0.009615384615384616
0 0.7788461538461539 0.24879807692307693 0.004807692307692308 0.007211538461538462
0 0.8497596153846154 0.25600961538461536 0.004807692307692308 0.009615384615384616
0 0.71875 0.24519230769230768 0.004807692307692308 0.004807692307692308
0 0.7896634615384616 0.25240384615384615 0.004807692307692308 0.004807692307692308
0 0.6935096153846154 0.2439903846153846 0.004807692307692308 0.004807692307692308
0 0.6586538461538461 0.24158653846153846 0.004807692307692308 0.007211538461538462
0 0.5949519230769231 0.23557692307692307 0.004807692307692308 0.007211538461538462
0 0.48677884615384615 0.22596153846153846 0.004807692307692308 0.007211538461538462
0 0.4807692307692308 0.22596153846153846 0.004807692307692308 0.007211538461538462
0 0.8076923076923077 0.2548076923076923 0.004807692307692308 0.009615384615384616
0 0.6538461538461539 0.2403846153846154 0.004807692307692308 0.007211538461538462
0 0.7079326923076923 0.24639423076923078 0.004807692307692308 0.007211538461538462
0 0.5372596153846154 0.23197115384615385 0.004807692307692308 0.004807692307692308
0 0.8545673076923077 0.25961538461538464 0.004807692307692308 0.01201923076923077
0 0.796875 0.2548076923076923 0.004807692307692308 0.009615384615384616
0 0.5757211538461539 0.23557692307692307 0.004807692307692308 0.009615384615384616
0 0.5817307692307693 0.23677884615384615 0.004807692307692308 0.007211538461538462
0 0.49759615384615385 0.22956730769230768 0.004807692307692308 0.007211538461538462
0 0.6394230769230769 0.24278846153846154 0.004807692307692308 0.007211538461538462
0 0.8677884615384616 0.26322115384615385 0.007211538461538462 0.01201923076923077
0 0.6045673076923077 0.24158653846153846 0.004807692307692308 0.01201923076923077
0 0.5132211538461539 0.23317307692307693 0.004807692307692308 0.009615384615384616
0 0.6778846153846154 0.24879807692307693 0.004807692307692308 0.004807692307692308
0 0.6538461538461539 0.24639423076923078 0.004807692307692308 0.007211538461538462
0 0.9579326923076923 0.27283653846153844 0.014423076923076924 0.014423076923076924
0 0.8810096153846154 0.26802884615384615 0.004807692307692308 0.009615384615384616
0 0.5540865384615384 0.23918269230769232 0.004807692307692308 0.007211538461538462
0 0.6682692307692307 0.24879807692307693 0.004807692307692308 0.007211538461538462
0 0.5877403846153846 0.2439903846153846 0.007211538461538462 0.009615384615384616
0 0.5 0.23677884615384615 0.004807692307692308 0.007211538461538462
0 0.5697115384615384 0.24278846153846154 0.007211538461538462 0.01201923076923077
0 0.546875 0.24158653846153846 0.004807692307692308 0.009615384615384616
0 0.53125 0.23918269230769232 0.004807692307692308 0.009615384615384616
0 0.6298076923076923 0.25 0.007211538461538462 0.009615384615384616
0 0.6442307692307693 0.25240384615384615 0.004807692307692308 0.007211538461538462
0 0.5949519230769231 0.24879807692307693 0.004807692307692308 0.009615384615384616
0 0.47716346153846156 0.23918269230769232 0.004807692307692308 0.007211538461538462
0 0.46634615384615385 0.23798076923076922 0.004807692307692308 0.007211538461538462
0 0.5228365384615384 0.24278846153846154 0.004807692307692308 0.009615384615384616
0 0.6346153846153846 0.2536057692307692 0.004807692307692308 0.007211538461538462
0 0.5084134615384616 0.24278846153846154 0.004807692307692308 0.007211538461538462
0 0.9447115384615384 0.28125 0.009615384615384616 0.009615384615384616
0 0.5408653846153846 0.24639423076923078 0.004807692307692308 0.009615384615384616
0 0.890625 0.2776442307692308 0.004807692307692308 0.009615384615384616
0 0.65625 0.25721153846153844 0.004807692307692308 0.007211538461538462
0 0.9278846153846154 0.2800480769230769 0.01201923076923077 0.01201923076923077
0 0.6201923076923077 0.2548076923076923 0.004807692307692308 0.009615384615384616
0 0.5336538461538461 0.24759615384615385 0.004807692307692308 0.009615384615384616
0 0.8846153846153846 0.27884615384615385 0.004807692307692308 0.009615384615384616
0 0.49038461538461536 0.24519230769230768 0.004807692307692308 0.009615384615384616
0 0.6658653846153846 0.25961538461538464 0.004807692307692308 0.004807692307692308
0 0.45552884615384615 0.24278846153846154 0.004807692307692308 0.004807692307692308
0 0.4266826923076923 0.2403846153846154 0.004807692307692308 0.007211538461538462
0 0.43149038461538464 0.24158653846153846 0.004807692307692308 0.007211538461538462
0 0.9074519230769231 0.2848557692307692 0.007211538461538462 0.009615384615384616
0 0.625 0.25961538461538464 0.007211538461538462 0.009615384615384616
0 0.5949519230769231 0.25721153846153844 0.007211538461538462 0.01201923076923077
0 0.44591346153846156 0.2439903846153846 0.007211538461538462 0.009615384615384616
0 0.4795673076923077 0.24879807692307693 0.007211538461538462 0.007211538461538462
0 0.5432692307692307 0.2536057692307692 0.004807692307692308 0.007211538461538462
0 0.9543269230769231 0.28966346153846156 0.004807692307692308 0.009615384615384616
0 0.5793269230769231 0.25841346153846156 0.007211538461538462 0.009615384615384616
0 0.4963942307692308 0.2512019230769231 0.004807692307692308 0.007211538461538462
0 0.46153846153846156 0.24759615384615385 0.004807692307692308 0.007211538461538462
0 0.4495192307692308 0.24759615384615385 0.004807692307692308 0.007211538461538462
0 0.5144230769230769 0.2536057692307692 0.007211538461538462 0.007211538461538462
0 0.984375 0.2956730769230769 0.009615384615384616 0.009615384615384616
0 0.6502403846153846 0.265625 0.007211538461538462 0.009615384615384616
0 0.5877403846153846 0.2608173076923077 0.004807692307692308 0.007211538461538462
0 0.6694711538461539 0.26802884615384615 0.004807692307692308 0.004807692307692308
0 0.5564903846153846 0.25961538461538464 0.007211538461538462 0.007211538461538462
0 0.9651442307692307 0.2956730769230769 0.009615384615384616 0.009615384615384616
0 0.9399038461538461 0.29447115384615385 0.009615384615384616 0.009615384615384616
0 0.9735576923076923 0.2980769230769231 0.004807692307692308 0.007211538461538462
0 0.6790865384615384 0.27163461538461536 0.004807692307692308 0.007211538461538462
0 0.484375 0.25600961538461536 0.004807692307692308 0.007211538461538462
0 0.6117788461538461 0.2668269230769231 0.009615384615384616 0.009615384615384616
0 0.5096153846153846 0.2608173076923077 0.004807692307692308 0.009615384615384616
0 0.47716346153846156 0.25961538461538464 0.004807692307692308 0.007211538461538462
0 0.48677884615384615 0.2620192307692308 0.004807692307692308 0.009615384615384616
0 0.4266826923076923 0.25841346153846156 0.004807692307692308 0.007211538461538462
0 0.5564903846153846 0.2704326923076923 0.009615384615384616 0.01201923076923077
0 0.9735576923076923 0.3088942307692308 0.007211538461538462 0.01201923076923077
0 0.8858173076923077 0.30288461538461536 0.009615384615384616 0.009615384615384616
0 0.5408653846153846 0.27283653846153844 0.009615384615384616 0.009615384615384616
0 0.4963942307692308 0.2692307692307692 0.007211538461538462 0.009615384615384616
0 0.625 0.28365384615384615 0.007211538461538462 0.009615384615384616
0 0.953125 0.3125 0.007211538461538462 0.016826923076923076
0 0.6322115384615384 0.2848557692307692 0.007211538461538462 0.009615384615384616
0 0.9591346153846154 0.3137019230769231 0.004807692307692308 0.007211538461538462
0 0.5048076923076923 0.27524038461538464 0.007211538461538462 0.009615384615384616
0 0.5997596153846154 0.2848557692307692 0.007211538461538462 0.01201923076923077
0 0.6742788461538461 0.2920673076923077 0.009615384615384616 0.01201923076923077
0 0.5528846153846154 0.28125 0.009615384615384616 0.014423076923076924
0 0.5420673076923077 0.2800480769230769 0.007211538461538462 0.009615384615384616
0 0.5108173076923077 0.27884615384615385 0.004807692307692308 0.009615384615384616
0 0.43028846153846156 0.27163461538461536 0.007211538461538462 0.007211538461538462
0 0.484375 0.2764423076923077 0.007211538461538462 0.009615384615384616
0 0.7103365384615384 0.2980769230769231 0.007211538461538462 0.009615384615384616
0 0.9915865384615384 0.3233173076923077 0.009615384615384616 0.014423076923076924
0 0.6862980769230769 0.2980769230769231 0.004807692307692308 0.009615384615384616
0 0.5817307692307693 0.28966346153846156 0.007211538461538462 0.009615384615384616
0 0.7980769230769231 0.3088942307692308 0.009615384615384616 0.007211538461538462
0 0.7019230769230769 0.3016826923076923 0.007211538461538462 0.009615384615384616
0 0.7572115384615384 0.30649038461538464 0.009615384615384616 0.01201923076923077
0 0.7463942307692307 0.30649038461538464 0.009615384615384616 0.01201923076923077
0 0.9026442307692307 0.3245192307692308 0.01201923076923077 0.01201923076923077
0 0.5685096153846154 0.29447115384615385 0.007211538461538462 0.007211538461538462
0 0.8293269230769231 0.31850961538461536 0.009615384615384616 0.01201923076923077
0 0.7632211538461539 0.3137019230769231 0.007211538461538462 0.009615384615384616
0 0.8954326923076923 0.3245192307692308 0.009615384615384616 0.014423076923076924
0 0.5961538461538461 0.29927884615384615 0.007211538461538462 0.01201923076923077
0 0.9314903846153846 0.33052884615384615 0.007211538461538462 0.01201923076923077
0 0.5625 0.2980769230769231 0.007211538461538462 0.01201923076923077
0 0.9194711538461539 0.33052884615384615 0.007211538461538462 0.01201923076923077
0 0.6766826923076923 0.3088942307692308 0.007211538461538462 0.007211538461538462
0 0.8569711538461539 0.3245192307692308 0.01201923076923077 0.01201923076923077
0 0.5336538461538461 0.2980769230769231 0.007211538461538462 0.01201923076923077
0 0.3870192307692308 0.2860576923076923 0.009615384615384616 0.014423076923076924
0 0.6141826923076923 0.30649038461538464 0.004807692307692308 0.01201923076923077
0 0.8185096153846154 0.32572115384615385 0.009615384615384616 0.014423076923076924
0 0.484375 0.2956730769230769 0.009615384615384616 0.01201923076923077
0 0.6298076923076923 0.3088942307692308 0.007211538461538462 0.01201923076923077
0 0.23076923076923078 0.27524038461538464 0.01201923076923077 0.01201923076923077
0 0.9122596153846154 0.33413461538461536 0.009615384615384616 0.009615384615384616
0 0.7247596153846154 0.31850961538461536 0.007211538461538462 0.009615384615384616
0 0.515625 0.29927884615384615 0.009615384615384616 0.009615384615384616
0 0.7043269230769231 0.31850961538461536 0.007211538461538462 0.009615384615384616
0 0.41586538461538464 0.2932692307692308 0.007211538461538462 0.01201923076923077
0 0.7091346153846154 0.32091346153846156 0.007211538461538462 0.01201923076923077
0 0.5829326923076923 0.3088942307692308 0.009615384615384616 0.01201923076923077
0 0.6814903846153846 0.31850961538461536 0.009615384615384616 0.01201923076923077
0 0.375 0.2920673076923077 0.009615384615384616 0.01201923076923077
0 0.5372596153846154 0.3088942307692308 0.007211538461538462 0.01201923076923077
0 0.8665865384615384 0.33774038461538464 0.01201923076923077 0.014423076923076924
0 0.9302884615384616 0.34375 0.009615384615384616 0.01201923076923077
0 0.6177884615384616 0.3161057692307692 0.009615384615384616 0.009615384615384616
0 0.6574519230769231 0.32091346153846156 0.009615384615384616 0.01201923076923077
0 0.45072115384615385 0.30408653846153844 0.009615384615384616 0.014423076923076924
0 0.5865384615384616 0.31850961538461536 0.007211538461538462 0.007211538461538462
0 0.9050480769230769 0.3485576923076923 0.01201923076923077 0.01201923076923077
0 0.9579326923076923 0.35336538461538464 0.007211538461538462 0.014423076923076924
0 0.6418269230769231 0.32572115384615385 0.009615384615384616 0.01201923076923077
0 0.5216346153846154 0.3161057692307692 0.007211538461538462 0.014423076923076924
0 0.7403846153846154 0.33653846153846156 0.009615384615384616 0.016826923076923076
0 0.42908653846153844 0.3088942307692308 0.009615384615384616 0.019230769230769232
0 0.40384615384615385 0.3076923076923077 0.009615384615384616 0.01201923076923077
0 0.5108173076923077 0.31850961538461536 0.009615384615384616 0.014423076923076924
0 0.38822115384615385 0.3076923076923077 0.007211538461538462 0.01201923076923077
0 0.39663461538461536 0.3088942307692308 0.007211538461538462 0.009615384615384616
0 0.6646634615384616 0.3317307692307692 0.007211538461538462 0.01201923076923077
0 0.5877403846153846 0.32572115384615385 0.007211538461538462 0.01201923076923077
0 0.4735576923076923 0.3161057692307692 0.007211538461538462 0.01201923076923077
0 0.3389423076923077 0.30649038461538464 0.009615384615384616 0.014423076923076924
0 0.7572115384615384 0.3425480769230769 0.009615384615384616 0.014423076923076924
0 0.6670673076923077 0.33653846153846156 0.007211538461538462 0.009615384615384616
0 0.49759615384615385 0.32091346153846156 0.01201923076923077 0.014423076923076924
0 0.6189903846153846 0.33413461538461536 0.009615384615384616 0.01201923076923077
0 0.5637019230769231 0.3293269230769231 0.01201923076923077 0.016826923076923076
0 0.7920673076923077 0.35096153846153844 0.009615384615384616 0.01201923076923077
0 0.6490384615384616 0.3389423076923077 0.007211538461538462 0.01201923076923077
0 0.20552884615384615 0.3004807692307692 0.014423076923076924 0.019230769230769232
0 0.7079326923076923 0.3449519230769231 0.01201923076923077 0.014423076923076924
0 0.4110576923076923 0.31850961538461536 0.007211538461538462 0.01201923076923077
0 0.3786057692307692 0.3161057692307692 0.009615384615384616 0.016826923076923076
0 0.7427884615384616 0.3485576923076923 0.009615384615384616 0.01201923076923077
0 0.6057692307692307 0.33653846153846156 0.007211538461538462 0.01201923076923077
0 0.6754807692307693 0.3449519230769231 0.007211538461538462 0.014423076923076924
0 0.5108173076923077 0.33052884615384615 0.009615384615384616 0.01201923076923077
0 0.4579326923076923 0.32572115384615385 0.007211538461538462 0.01201923076923077
0 0.5733173076923077 0.33774038461538464 0.004807692307692308 0.01201923076923077
0 0.4879807692307692 0.33052884615384615 0.007211538461538462 0.01201923076923077
0 0.578125 0.3389423076923077 0.009615384615384616 0.01201923076923077
0 0.5348557692307693 0.33653846153846156 0.007211538461538462 0.01201923076923077
0 0.11899038461538461 0.3004807692307692 0.009615384615384616 0.009615384615384616
0 0.9975961538461539 0.37740384615384615 0.004807692307692308 0.019230769230769232
0 0.9915865384615384 0.37740384615384615 0.016826923076923076 0.016826923076923076
0 0.46274038461538464 0.3329326923076923 0.009615384615384616 0.014423076923076924
0 0.390625 0.3269230769230769 0.01201923076923077 0.016826923076923076
0 0.34615384615384615 0.32211538461538464 0.009615384615384616 0.014423076923076924
0 0.6959134615384616 0.3545673076923077 0.009615384615384616 0.01201923076923077
0 0.4230769230769231 0.33052884615384615 0.007211538461538462 0.009615384615384616
0 0.33533653846153844 0.3233173076923077 0.01201923076923077 0.01201923076923077
0 0.8894230769230769 0.37259615384615385 0.007211538461538462 0.014423076923076924
0 0.40024038461538464 0.3293269230769231 0.007211538461538462 0.01201923076923077
0 0.3125 0.32211538461538464 0.007211538461538462 0.009615384615384616
0 0.8112980769230769 0.36538461538461536 0.01201923076923077 0.014423076923076924
0 0.6165865384615384 0.3485576923076923 0.009615384615384616 0.016826923076923076
0 0.9278846153846154 0.3762019230769231 0.016826923076923076 0.021634615384615384
0 0.44350961538461536 0.33413461538461536 0.009615384615384616 0.016826923076923076
0 0.3557692307692308 0.3269230769230769 0.009615384615384616 0.016826923076923076
0 0.9771634615384616 0.38341346153846156 0.01201923076923077 0.021634615384615384
0 0.4879807692307692 0.34134615384615385 0.009615384615384616 0.01201923076923077
0 0.4543269230769231 0.3389423076923077 0.01201923076923077 0.019230769230769232
0 0.7572115384615384 0.36658653846153844 0.004807692307692308 0.01201923076923077
0 0.37740384615384615 0.33533653846153844 0.009615384615384616 0.014423076923076924
0 0.36538461538461536 0.33413461538461536 0.01201923076923077 0.014423076923076924
0 0.421875 0.3401442307692308 0.009615384615384616 0.016826923076923076
0 0.5769230769230769 0.35336538461538464 0.007211538461538462 0.014423076923076924
0 0.42788461538461536 0.3425480769230769 0.009615384615384616 0.01201923076923077
0 0.11778846153846154 0.3161057692307692 0.01201923076923077 0.014423076923076924
0 0.7043269230769231 0.36658653846153844 0.009615384615384616 0.014423076923076924
0 0.3125 0.3329326923076923 0.009615384615384616 0.01201923076923077
0 0.7848557692307693 0.375 0.01201923076923077 0.014423076923076924
0 0.9266826923076923 0.38822115384615385 0.01201923076923077 0.021634615384615384
0 0.7680288461538461 0.3737980769230769 0.009615384615384616 0.014423076923076924
0 0.6911057692307693 0.36658653846153844 0.009615384615384616 0.014423076923076924
0 0.5276442307692307 0.35336538461538464 0.009615384615384616 0.014423076923076924
0 0.9663461538461539 0.3918269230769231 0.009615384615384616 0.01201923076923077
0 0.5120192307692307 0.35216346153846156 0.009615384615384616 0.014423076923076924
0 0.8701923076923077 0.38341346153846156 0.01201923076923077 0.014423076923076924
0 0.9543269230769231 0.39302884615384615 0.014423076923076924 0.021634615384615384
0 0.6658653846153846 0.36778846153846156 0.009615384615384616 0.01201923076923077
0 0.7367788461538461 0.375 0.01201923076923077 0.014423076923076924
0 0.4050480769230769 0.34615384615384615 0.01201923076923077 0.019230769230769232
0 0.021634615384615384 0.3137019230769231 0.014423076923076924 0.016826923076923076
0 0.9927884615384616 0.39783653846153844 0.014423076923076924 0.014423076923076924
0 0.47716346153846156 0.3545673076923077 0.01201923076923077 0.01201923076923077
0 0.6201923076923077 0.36778846153846156 0.014423076923076924 0.014423076923076924
0 0.33774038461538464 0.34375 0.014423076923076924 0.014423076923076924
0 0.6694711538461539 0.37259615384615385 0.01201923076923077 0.016826923076923076
0 0.5901442307692307 0.36658653846153844 0.01201923076923077 0.01201923076923077
0 0.9350961538461539 0.39663461538461536 0.01201923076923077 0.014423076923076924
0 0.4098557692307692 0.35216346153846156 0.009615384615384616 0.014423076923076924
0 0.18028846153846154 0.3329326923076923 0.014423076923076924 0.019230769230769232
0 0.890625 0.3954326923076923 0.016826923076923076 0.016826923076923076
0 0.8185096153846154 0.3894230769230769 0.014423076923076924 0.014423076923076924
0 0.5432692307692307 0.36538461538461536 0.01201923076923077 0.016826923076923076
0 0.4411057692307692 0.3557692307692308 0.01201923076923077 0.014423076923076924
0 0.3894230769230769 0.35216346153846156 0.01201923076923077 0.016826923076923076
0 0.35336538461538464 0.3485576923076923 0.009615384615384616 0.01201923076923077
0 0.6947115384615384 0.3798076923076923 0.01201923076923077 0.019230769230769232
0 0.9026442307692307 0.39903846153846156 0.009615384615384616 0.01201923076923077
0 0.7560096153846154 0.3858173076923077 0.014423076923076924 0.014423076923076924
0 0.2860576923076923 0.3449519230769231 0.016826923076923076 0.021634615384615384
0 0.46274038461538464 0.36177884615384615 0.01201923076923077 0.014423076923076924
0 0.8413461538461539 0.3942307692307692 0.016826923076923076 0.016826923076923076
0 0.8569711538461539 0.39783653846153844 0.01201923076923077 0.016826923076923076
0 0.4182692307692308 0.359375 0.007211538461538462 0.014423076923076924
0 0.22115384615384615 0.34134615384615385 0.016826923076923076 0.016826923076923076
0 0.5036057692307693 0.36778846153846156 0.01201923076923077 0.016826923076923076
0 0.38100961538461536 0.35697115384615385 0.009615384615384616 0.016826923076923076
0 0.1935096153846154 0.34134615384615385 0.01201923076923077 0.016826923076923076
0 0.42788461538461536 0.36177884615384615 0.01201923076923077 0.019230769230769232
0 0.7920673076923077 0.3954326923076923 0.009615384615384616 0.014423076923076924
0 0.6430288461538461 0.38221153846153844 0.009615384615384616 0.01201923076923077
0 0.015625 0.328125 0.007211538461538462 0.019230769230769232
0 0.33052884615384615 0.3557692307692308 0.009615384615384616 0.016826923076923076
0 0.8689903846153846 0.4026442307692308 0.016826923076923076 0.016826923076923076
0 0.47115384615384615 0.3701923076923077 0.009615384615384616 0.014423076923076924
0 0.734375 0.3942307692307692 0.01201923076923077 0.016826923076923076
0 0.6189903846153846 0.38341346153846156 0.01201923076923077 0.016826923076923076
0 0.7704326923076923 0.39663461538461536 0.01201923076923077 0.01201923076923077
0 0.5480769230769231 0.37740384615384615 0.01201923076923077 0.016826923076923076
0 0.9110576923076923 0.4110576923076923 0.01201923076923077 0.014423076923076924
0 0.8161057692307693 0.4026442307692308 0.007211538461538462 0.014423076923076924
0 0.3713942307692308 0.3629807692307692 0.01201923076923077 0.019230769230769232
0 0.4951923076923077 0.3737980769230769 0.01201923076923077 0.014423076923076924
0 0.5901442307692307 0.38341346153846156 0.01201923076923077 0.014423076923076924
0 0.9014423076923077 0.41346153846153844 0.016826923076923076 0.016826923076923076
0 0.3545673076923077 0.36658653846153844 0.01201923076923077 0.016826923076923076
0 0.9326923076923077 0.4182692307692308 0.01201923076923077 0.019230769230769232
0 0.7223557692307693 0.4026442307692308 0.014423076923076924 0.014423076923076924
0 0.5024038461538461 0.38341346153846156 0.007211538461538462 0.01201923076923077
0 0.4519230769230769 0.3786057692307692 0.014423076923076924 0.016826923076923076
0 0.40024038461538464 0.3737980769230769 0.014423076923076924 0.016826923076923076
0 0.8545673076923077 0.41466346153846156 0.01201923076923077 0.014423076923076924
0 0.7776442307692307 0.40865384615384615 0.007211538461538462 0.01201923076923077
0 0.9459134615384616 0.4230769230769231 0.009615384615384616 0.014423076923076924
0 0.671875 0.40024038461538464 0.016826923076923076 0.016826923076923076
0 0.9903846153846154 0.42788461538461536 0.01201923076923077 0.014423076923076924
0 0.2620192307692308 0.36658653846153844 0.01201923076923077 0.01201923076923077
0 0.6634615384615384 0.40384615384615385 0.01201923076923077 0.016826923076923076
0 0.3786057692307692 0.3786057692307692 0.014423076923076924 0.014423076923076924
0 0.5600961538461539 0.3942307692307692 0.014423076923076924 0.019230769230769232
0 0.515625 0.3918269230769231 0.016826923076923076 0.016826923076923076
0 0.9603365384615384 0.43028846153846156 0.019230769230769232 0.016826923076923076
0 0.7980769230769231 0.41586538461538464 0.007211538461538462 0.01201923076923077
0 0.828125 0.4206730769230769 0.01201923076923077 0.01201923076923077
0 0.7908653846153846 0.4170673076923077 0.01201923076923077 0.016826923076923076
0 0.7716346153846154 0.41586538461538464 0.01201923076923077 0.01201923076923077
0 0.640625 0.40625 0.014423076923076924 0.019230769230769232
0 0.46153846153846156 0.390625 0.01201923076923077 0.019230769230769232
0 0.8641826923076923 0.4266826923076923 0.01201923076923077 0.021634615384615384
0 0.3004807692307692 0.37740384615384615 0.014423076923076924 0.019230769230769232
0 0.06370192307692307 0.359375 0.014423076923076924 0.016826923076923076
0 0.9963942307692307 0.4423076923076923 0.007211538461538462 0.019230769230769232
0 0.7319711538461539 0.4206730769230769 0.014423076923076924 0.019230769230769232
0 0.5877403846153846 0.4074519230769231 0.01201923076923077 0.021634615384615384
0 0.25721153846153844 0.3786057692307692 0.014423076923076924 0.021634615384615384
0 0.6850961538461539 0.4182692307692308 0.01201923076923077 0.021634615384615384
0 0.3701923076923077 0.390625 0.01201923076923077 0.014423076923076924
0 0.3401442307692308 0.38822115384615385 0.014423076923076924 0.014423076923076924
0 0.9086538461538461 0.4375 0.016826923076923076 0.021634615384615384
0 0.4050480769230769 0.3942307692307692 0.01201923076923077 0.016826923076923076
0 0.7163461538461539 0.421875 0.01201923076923077 0.016826923076923076
0 0.890625 0.4411057692307692 0.016826923076923076 0.019230769230769232
0 0.9290865384615384 0.44471153846153844 0.01201923076923077 0.019230769230769232
0 0.8293269230769231 0.4375 0.016826923076923076 0.021634615384615384
0 0.5096153846153846 0.40865384615384615 0.01201923076923077 0.019230769230769232
0 0.5012019230769231 0.40865384615384615 0.009615384615384616 0.014423076923076924
0 0.38100961538461536 0.39903846153846156 0.01201923076923077 0.019230769230769232
0 0.6610576923076923 0.42427884615384615 0.009615384615384616 0.01201923076923077
0 0.6466346153846154 0.4230769230769231 0.014423076923076924 0.019230769230769232
0 0.9675480769230769 0.453125 0.01201923076923077 0.019230769230769232
0 0.5733173076923077 0.41947115384615385 0.014423076923076924 0.014423076923076924
0 0.84375 0.44591346153846156 0.009615384615384616 0.016826923076923076
0 0.36778846153846156 0.40384615384615385 0.01201923076923077 0.019230769230769232
0 0.7752403846153846 0.43990384615384615 0.016826923076923076 0.016826923076923076
0 0.7079326923076923 0.4338942307692308 0.014423076923076924 0.02403846153846154
0 0.3125 0.40024038461538464 0.016826923076923076 0.02403846153846154
0 0.8389423076923077 0.44591346153846156 0.009615384615384616 0.014423076923076924
0 0.8185096153846154 0.44591346153846156 0.016826923076923076 0.021634615384615384
0 0.33774038461538464 0.40384615384615385 0.014423076923076924 0.02403846153846154
0 0.265625 0.39903846153846156 0.01201923076923077 0.019230769230769232
0 0.625 0.4326923076923077 0.01201923076923077 0.016826923076923076
0 0.02403846153846154 0.38100961538461536 0.014423076923076924 0.019230769230769232
0 0.17067307692307693 0.3954326923076923 0.016826923076923076 0.021634615384615384
0 0.09495192307692307 0.3894230769230769 0.016826923076923076 0.02403846153846154
0 0.7427884615384616 0.44591346153846156 0.014423076923076924 0.016826923076923076
0 0.65625 0.4387019230769231 0.014423076923076924 0.019230769230769232
0 0.6009615384615384 0.4338942307692308 0.016826923076923076 0.016826923076923076
0 0.23317307692307693 0.40384615384615385 0.01201923076923077 0.016826923076923076
0 0.3557692307692308 0.41466346153846156 0.014423076923076924 0.021634615384615384
0 0.3173076923076923 0.41346153846153844 0.01201923076923077 0.02403846153846154
0 0.5012019230769231 0.43149038461538464 0.014423076923076924 0.02403846153846154
0 0.2932692307692308 0.41346153846153844 0.014423076923076924 0.02403846153846154
0 0.26802884615384615 0.4110576923076923 0.009615384615384616 0.019230769230769232
0 0.2247596153846154 0.40865384615384615 0.01201923076923077 0.019230769230769232
0 0.43028846153846156 0.4266826923076923 0.01201923076923077 0.021634615384615384
0 0.9951923076923077 0.47596153846153844 0.009615384615384616 0.014423076923076924
0 0.18990384615384615 0.40625 0.016826923076923076 0.016826923076923076
0 0.49278846153846156 0.4326923076923077 0.01201923076923077 0.028846153846153848
0 0.14543269230769232 0.40384615384615385 0.014423076923076924 0.021634615384615384
0 0.2548076923076923 0.41586538461538464 0.014423076923076924 0.02403846153846154
0 0.7331730769230769 0.45913461538461536 0.01201923076923077 0.019230769230769232
0 0.8653846153846154 0.47115384615384615 0.016826923076923076 0.02403846153846154
0 0.4182692307692308 0.4326923076923077 0.016826923076923076 0.02403846153846154
0 0.7776442307692307 0.4639423076923077 0.016826923076923076 0.021634615384615384
0 0.0673076923076923 0.4050480769230769 0.019230769230769232 0.026442307692307692
0 0.021634615384615384 0.4014423076923077 0.014423076923076924 0.021634615384615384
0 0.4050480769230769 0.4387019230769231 0.016826923076923076 0.016826923076923076
0 0.671875 0.46153846153846156 0.016826923076923076 0.02403846153846154
0 0.3401442307692308 0.4338942307692308 0.016826923076923076 0.02403846153846154
0 0.5552884615384616 0.4543269230769231 0.014423076923076924 0.021634615384615384
0 0.2692307692307692 0.42908653846153844 0.014423076923076924 0.021634615384615384
0 0.18990384615384615 0.4230769230769231 0.016826923076923076 0.021634615384615384
0 0.9567307692307693 0.49158653846153844 0.019230769230769232 0.021634615384615384
0 0.0985576923076923 0.4182692307692308 0.016826923076923076 0.019230769230769232
0 0.8064903846153846 0.4795673076923077 0.019230769230769232 0.026442307692307692
0 0.359375 0.4423076923076923 0.014423076923076924 0.02403846153846154
0 0.8930288461538461 0.4879807692307692 0.016826923076923076 0.019230769230769232
0 0.2920673076923077 0.4362980769230769 0.019230769230769232 0.02403846153846154
0 0.10817307692307693 0.4206730769230769 0.016826923076923076 0.019230769230769232
0 0.20192307692307693 0.42908653846153844 0.016826923076923076 0.026442307692307692
0 0.5144230769230769 0.45913461538461536 0.014423076923076924 0.028846153846153848
0 0.4387019230769231 0.4519230769230769 0.016826923076923076 0.02403846153846154
0 0.8305288461538461 0.4879807692307692 0.016826923076923076 0.021634615384615384
0 0.6213942307692307 0.4699519230769231 0.016826923076923076 0.019230769230769232
0 0.15985576923076922 0.42908653846153844 0.016826923076923076 0.019230769230769232
0 0.14423076923076922 0.42788461538461536 0.016826923076923076 0.021634615384615384
0 0.71875 0.47836538461538464 0.016826923076923076 0.026442307692307692
0 0.31971153846153844 0.44471153846153844 0.016826923076923076 0.026442307692307692
0 0.8725961538461539 0.49399038461538464 0.014423076923076924 0.019230769230769232
0 0.7668269230769231 0.484375 0.016826923076923076 0.021634615384615384
0 0.4074519230769231 0.4567307692307692 0.016826923076923076 0.02403846153846154
0 0.36658653846153844 0.4543269230769231 0.014423076923076924 0.02403846153846154
0 0.27524038461538464 0.4483173076923077 0.014423076923076924 0.021634615384615384
0 0.17548076923076922 0.4387019230769231 0.019230769230769232 0.021634615384615384
0 0.5853365384615384 0.47475961538461536 0.016826923076923076 0.021634615384615384
0 0.5733173076923077 0.4735576923076923 0.014423076923076924 0.021634615384615384
0 0.8858173076923077 0.5024038461538461 0.016826923076923076 0.02403846153846154
0 0.21033653846153846 0.44350961538461536 0.016826923076923076 0.026442307692307692
0 0.5264423076923077 0.4723557692307692 0.019230769230769232 0.026442307692307692
0 0.06850961538461539 0.43990384615384615 0.019230769230769232 0.026442307692307692
0 0.9387019230769231 0.5168269230769231 0.019230769230769232 0.026442307692307692
0 0.8365384615384616 0.5084134615384616 0.016826923076923076 0.019230769230769232
0 0.2860576923076923 0.46153846153846156 0.014423076923076924 0.014423076923076924
0 0.23557692307692307 0.46033653846153844 0.016826923076923076 0.02403846153846154
0 0.11298076923076923 0.4519230769230769 0.019230769230769232 0.026442307692307692
0 0.6574519230769231 0.5 0.019230769230769232 0.028846153846153848
0 0.38461538461538464 0.47836538461538464 0.016826923076923076 0.028846153846153848
0 0.7512019230769231 0.5132211538461539 0.016826923076923076 0.02403846153846154
0 0.01201923076923077 0.4483173076923077 0.016826923076923076 0.028846153846153848
0 0.46033653846153844 0.49278846153846156 0.016826923076923076 0.026442307692307692
0 0.2860576923076923 0.47716346153846156 0.016826923076923076 0.028846153846153848
0 0.18269230769230768 0.47115384615384615 0.016826923076923076 0.03365384615384615
0 0.5901442307692307 0.5108173076923077 0.019230769230769232 0.03125
0 0.6418269230769231 0.5192307692307693 0.016826923076923076 0.021634615384615384
0 0.08774038461538461 0.4723557692307692 0.014423076923076924 0.026442307692307692
0 0.5180288461538461 0.5096153846153846 0.016826923076923076 0.016826923076923076
0 0.5673076923076923 0.515625 0.014423076923076924 0.026442307692307692
0 0.47596153846153844 0.5096153846153846 0.016826923076923076 0.021634615384615384
0 0.7992788461538461 0.5396634615384616 0.019230769230769232 0.02403846153846154
0 0.14302884615384615 0.484375 0.019230769230769232 0.021634615384615384
0 0.4206730769230769 0.5108173076923077 0.019230769230769232 0.026442307692307692
0 0.6274038461538461 0.5300480769230769 0.016826923076923076 0.026442307692307692
0 0.06610576923076923 0.48197115384615385 0.02403846153846154 0.03365384615384615
0 0.3701923076923077 0.5096153846153846 0.016826923076923076 0.02403846153846154
0 0.7367788461538461 0.5456730769230769 0.016826923076923076 0.026442307692307692
0 0.6081730769230769 0.5348557692307693 0.016826923076923076 0.026442307692307692
0 0.5420673076923077 0.5288461538461539 0.02403846153846154 0.028846153846153848
0 0.38100961538461536 0.5144230769230769 0.016826923076923076 0.026442307692307692
0 0.18990384615384615 0.5 0.021634615384615384 0.03125
0 0.7091346153846154 0.546875 0.02403846153846154 0.028846153846153848
0 0.5132211538461539 0.5300480769230769 0.016826923076923076 0.026442307692307692
0 0.6899038461538461 0.546875 0.019230769230769232 0.028846153846153848
0 0.6634615384615384 0.5444711538461539 0.016826923076923076 0.02403846153846154
0 0.14182692307692307 0.5048076923076923 0.021634615384615384 0.028846153846153848
0 0.3485576923076923 0.5276442307692307 0.016826923076923076 0.021634615384615384
0 0.3233173076923077 0.5252403846153846 0.016826923076923076 0.021634615384615384
0 0.20793269230769232 0.5168269230769231 0.019230769230769232 0.02403846153846154
0 0.8365384615384616 0.5721153846153846 0.02403846153846154 0.03125
0 0.2764423076923077 0.5276442307692307 0.021634615384615384 0.03125
0 0.46274038461538464 0.5444711538461539 0.016826923076923076 0.028846153846153848
0 0.4026442307692308 0.5432692307692307 0.019230769230769232 0.028846153846153848
0 0.026442307692307692 0.5192307692307693 0.02403846153846154 0.03365384615384615
0 0.12980769230769232 0.5336538461538461 0.021634615384615384 0.03125
0 0.3125 0.5504807692307693 0.02403846153846154 0.036057692307692304
0 0.7776442307692307 0.5901442307692307 0.016826923076923076 0.026442307692307692
0 0.5528846153846154 0.5757211538461539 0.021634615384615384 0.036057692307692304
0 0.5769230769230769 0.5829326923076923 0.019230769230769232 0.03365384615384615
0 0.6646634615384616 0.5925480769230769 0.021634615384615384 0.03125
0 0.6213942307692307 0.5889423076923077 0.016826923076923076 0.028846153846153848
0 0.8762019230769231 0.6165865384615384 0.021634615384615384 0.036057692307692304
0 0.07451923076923077 0.5588942307692307 0.021634615384615384 0.028846153846153848
0 0.04447115384615385 0.5661057692307693 0.026442307692307692 0.03125
0 0.20552884615384615 0.5817307692307693 0.02403846153846154 0.03365384615384615
0 0.16947115384615385 0.5805288461538461 0.026442307692307692 0.036057692307692304
0 0.40625 0.6105769230769231 0.02403846153846154 0.036057692307692304
0 0.7055288461538461 0.6670673076923077 0.026442307692307692 0.038461538461538464
0 0.6502403846153846 0.6682692307692307 0.02403846153846154 0.036057692307692304
0 0.296875 0.640625 0.028846153846153848 0.038461538461538464
0 0.042067307692307696 0.6358173076923077 0.026442307692307692 0.036057692307692304
0 0.5 0.6790865384615384 0.03125 0.038461538461538464
0 0.3918269230769231 0.7223557692307693 0.026442307692307692 0.038461538461538464
0 0.9603365384615384 0.7728365384615384 0.036057692307692304 0.052884615384615384
0 0.7259615384615384 0.7848557692307693 0.03365384615384615 0.04807692307692308
0 0.6478365384615384 0.7800480769230769 0.026442307692307692 0.038461538461538464
0 0.53125 0.7692307692307693 0.026442307692307692 0.040865384615384616
0 0.9230769230769231 0.11538461538461539 0.004807692307692308 0.007211538461538462
0 0.9314903846153846 0.11778846153846154 0.007211538461538462 0.009615384615384616
0 0.9026442307692307 0.1201923076923077 0.007211538461538462 0.014423076923076924
0 0.8725961538461539 0.11778846153846154 0.004807692307692308 0.007211538461538462
0 0.8485576923076923 0.11538461538461539 0.004807692307692308 0.019230769230769232
0 0.8617788461538461 0.11899038461538461 0.004807692307692308 0.007211538461538462
0 0.8317307692307693 0.9326923076923077 0.002403846153846154 0.002403846153846154
0 0.8040865384615384 0.12259615384615384 0.007211538461538462 0.009615384615384616
0 0.8269230769230769 0.12620192307692307 0.004807692307692308 0.007211538461538462