0 0.18870192307692307 0.18028846153846154 0.04326923076923077 0.10336538461538461
0 0.42427884615384615 0.17908653846153846 0.04807692307692308 0.11538461538461539
0 0.23076923076923078 0.02283653846153846 0.016826923076923076 0.036057692307692304
0 0.39302884615384615 0.19230769230769232 0.038461538461538464 0.0889423076923077
0 0.7043269230769231 0.018028846153846152 0.038461538461538464 0.036057692307692304
0 0.8473557692307693 0.19591346153846154 0.04807692307692308 0.0985576923076923
0 0.15504807692307693 0.2091346153846154 0.04807692307692308 0.09375
0 0.9170673076923077 0.22235576923076922 0.038461538461538464 0.09375
0 0.015625 0.23557692307692307 0.03125 0.11057692307692307
0 0.24759615384615385 0.25 0.04807692307692308 0.10336538461538461
0 0.8052884615384616 0.021634615384615384 0.03365384615384615 0.04326923076923077
0 0.2692307692307692 0.028846153846153848 0.038461538461538464 0.05048076923076923
0 0.3004807692307692 0.2512019230769231 0.052884615384615384 0.125
0 0.5733173076923077 0.24879807692307693 0.04326923076923077 0.11538461538461539
0 0.6189903846153846 0.2704326923076923 0.052884615384615384 0.11538461538461539
0 0.11177884615384616 0.2920673076923077 0.07211538461538461 0.1201923076923077
0 0.8509615384615384 0.28365384615384615 0.04807692307692308 0.11538461538461539
0 0.6862980769230769 0.28846153846153844 0.04326923076923077 0.0985576923076923
0 0.7692307692307693 0.2932692307692308 0.057692307692307696 0.11057692307692307
0 0.38341346153846156 0.3125 0.04807692307692308 0.1346153846153846
0 0.44350961538461536 0.3161057692307692 0.0625 0.09375
0 0.9591346153846154 0.30649038461538464 0.04326923076923077 0.05048076923076923
0 0.5336538461538461 0.32091346153846156 0.04326923076923077 0.0985576923076923
0 0.8088942307692307 0.3161057692307692 0.04807692307692308 0.0985576923076923
0 0.34375 0.3245192307692308 0.04326923076923077 0.1201923076923077
0 0.8533653846153846 0.028846153846153848 0.038461538461538464 0.057692307692307696
0 0.1778846153846154 0.34375 0.04326923076923077 0.0889423076923077
0 0.47716346153846156 0.33774038461538464 0.038461538461538464 0.08413461538461539
0 0.40024038461538464 0.34134615384615385 0.028846153846153848 0.06971153846153846
0 0.9675480769230769 0.33413461538461536 0.03365384615384615 0.06009615384615385
0 0.057692307692307696 0.3701923076923077 0.052884615384615384 0.11538461538461539
0 0.7199519230769231 0.3641826923076923 0.052884615384615384 0.07451923076923077
0 0.24759615384615385 0.38221153846153844 0.0673076923076923 0.16346153846153846
0 0.5204326923076923 0.3870192307692308 0.04326923076923077 0.10336538461538461
0 0.8449519230769231 0.38341346153846156 0.052884615384615384 0.07932692307692307
0 0.9170673076923077 0.38341346153846156 0.0625 0.0889423076923077
0 0.21754807692307693 0.3954326923076923 0.057692307692307696 0.0889423076923077
0 0.49158653846153844 0.039663461538461536 0.052884615384615384 0.07451923076923077
0 0.13942307692307693 0.40865384615384615 0.07211538461538461 0.13942307692307693
0 0.7740384615384616 0.4098557692307692 0.04326923076923077 0.05048076923076923
0 0.609375 0.41947115384615385 0.0625 0.11057692307692307
0 0.5661057692307693 0.421875 0.04326923076923077 0.10336538461538461
0 0.42427884615384615 0.42908653846153844 0.04326923076923077 0.11538461538461539
0 0.9567307692307693 0.41947115384615385 0.052884615384615384 0.0985576923076923
0 0.6490384615384616 0.04447115384615385 0.04326923076923077 0.0889423076923077
0 0.018028846153846152 0.4579326923076923 0.036057692307692304 0.14182692307692307
0 0.9867788461538461 0.44350961538461536 0.02403846153846154 0.11057692307692307
0 0.7487980769230769 0.45072115384615385 0.052884615384615384 0.0889423076923077
0 0.19951923076923078 0.051682692307692304 0.04326923076923077 0.0889423076923077
0 0.3401442307692308 0.4675480769230769 0.057692307692307696 0.0889423076923077
0 0.03245192307692308 0.4807692307692308 0.028846153846153848 0.06009615384615385
0 0.46274038461538464 0.47836538461538464 0.07211538461538461 0.12980769230769232
0 0.7127403846153846 0.4891826923076923 0.052884615384615384 0.1201923076923077
0 0.8004807692307693 0.4951923076923077 0.038461538461538464 0.0889423076923077
0 0.20793269230769232 0.5072115384615384 0.052884615384615384 0.125
0 0.515625 0.5024038461538461 0.052884615384615384 0.14903846153846154
0 0.7728365384615384 0.5 0.07211538461538461 0.08413461538461539
0 0.8305288461538461 0.5012019230769231 0.04326923076923077 0.1201923076923077
0 0.890625 0.5084134615384616 0.0625 0.1201923076923077
0 0.6598557692307693 0.5276442307692307 0.057692307692307696 0.11538461538461539
0 0.16346153846153846 0.5564903846153846 0.0625 0.13942307692307693
0 0.11177884615384616 0.5697115384615384 0.04807692307692308 0.12980769230769232
0 0.056490384615384616 0.5721153846153846 0.057692307692307696 0.14903846153846154
0 0.7007211538461539 0.5709134615384616 0.04326923076923077 0.09375
0 0.9699519230769231 0.04807692307692308 0.04567307692307692 0.09375
0 0.265625 0.5805288461538461 0.0625 0.1346153846153846
0 0.34375 0.5829326923076923 0.052884615384615384 0.125
0 0.5817307692307693 0.5889423076923077 0.057692307692307696 0.11057692307692307
0 0.7776442307692307 0.6322115384615384 0.0673076923076923 0.1346153846153846
0 0.014423076923076924 0.6490384615384616 0.02403846153846154 0.0985576923076923
0 0.41466346153846156 0.6586538461538461 0.0673076923076923 0.13942307692307693
0 0.5432692307692307 0.671875 0.052884615384615384 0.1201923076923077
0 0.39783653846153844 0.06850961538461539 0.028846153846153848 0.07932692307692307
0 0.9086538461538461 0.6706730769230769 0.0673076923076923 0.1346153846153846
0 0.01201923076923077 0.07572115384615384 0.02403846153846154 0.09375
0 0.7307692307692307 0.06610576923076923 0.028846153846153848 0.06971153846153846
0 0.7007211538461539 0.07091346153846154 0.04326923076923077 0.08413461538461539
0 0.5949519230769231 0.0733173076923077 0.057692307692307696 0.11538461538461539
0 0.26802884615384615 0.09134615384615384 0.03365384615384615 0.07451923076923077
0 0.30528846153846156 0.09375 0.052884615384615384 0.11057692307692307
0 0.7908653846153846 0.08533653846153846 0.052884615384615384 0.10817307692307693
0 0.15745192307692307 0.09615384615384616 0.04326923076923077 0.07932692307692307
0 0.0733173076923077 0.10216346153846154 0.052884615384615384 0.10817307692307693
0 0.9002403846153846 0.10576923076923077 0.04807692307692308 0.10336538461538461
0 0.46033653846153844 0.1141826923076923 0.04807692307692308 0.10817307692307693
0 0.3701923076923077 0.1201923076923077 0.04807692307692308 0.10336538461538461
0 0.10336538461538461 0.13221153846153846 0.04807692307692308 0.09375
0 0.2091346153846154 0.13221153846153846 0.052884615384615384 0.09375
0 0.040865384615384616 0.140625 0.038461538461538464 0.09375
0 0.7512019230769231 0.12980769230769232 0.04807692307692308 0.10336538461538461
0 0.8641826923076923 0.13701923076923078 0.052884615384615384 0.10336538461538461
0 0.2536057692307692 0.15745192307692307 0.057692307692307696 0.09375
0 0.6442307692307693 0.15985576923076922 0.052884615384615384 0.0889423076923077