0 0.13701923076923078 0.028846153846153848 0.038461538461538464 0.057692307692307696
0 0.3557692307692308 0.31009615384615385 0.02403846153846154 0.06009615384615385
0 0.140625 0.30649038461538464 0.02403846153846154 0.06490384615384616
0 0.08653846153846154 0.31971153846153844 0.02403846153846154 0.06490384615384616
0 0.40625 0.32572115384615385 0.02403846153846154 0.06490384615384616
0 0.734375 0.3317307692307692 0.019230769230769232 0.04807692307692308
0 0.5600961538461539 0.3317307692307692 0.019230769230769232 0.05048076923076923
0 0.5228365384615384 0.33052884615384615 0.019230769230769232 0.05048076923076923
0 0.4651442307692308 0.3317307692307692 0.028846153846153848 0.055288461538461536
0 0.9302884615384616 0.3449519230769231 0.02403846153846154 0.07451923076923077
0 0.6153846153846154 0.3425480769230769 0.03365384615384615 0.07932692307692307
0 0.25961538461538464 0.33533653846153844 0.02403846153846154 0.06490384615384616
0 0.40865384615384615 0.03365384615384615 0.019230769230769232 0.05048076923076923
0 0.5096153846153846 0.3425480769230769 0.019230769230769232 0.05048076923076923
0 0.7920673076923077 0.34975961538461536 0.028846153846153848 0.06490384615384616
0 0.23197115384615385 0.36538461538461536 0.028846153846153848 0.06971153846153846
0 0.29447115384615385 0.36899038461538464 0.03365384615384615 0.07932692307692307
0 0.84375 0.04567307692307692 0.028846153846153848 0.07932692307692307
0 0.9939903846153846 0.046875 0.01201923076923077 0.07932692307692307
0 0.37259615384615385 0.375 0.028846153846153848 0.07451923076923077
0 0.43028846153846156 0.3786057692307692 0.02403846153846154 0.06490384615384616
0 0.12740384615384615 0.3737980769230769 0.028846153846153848 0.07451923076923077
0 0.9002403846153846 0.3870192307692308 0.02403846153846154 0.07451923076923077
0 0.6971153846153846 0.38822115384615385 0.028846153846153848 0.07932692307692307
0 0.7475961538461539 0.3942307692307692 0.03365384615384615 0.06490384615384616
0 0.8677884615384616 0.39663461538461536 0.014423076923076924 0.05048076923076923
0 0.9783653846153846 0.4014423076923077 0.019230769230769232 0.055288461538461536
0 0.8016826923076923 0.4050480769230769 0.02403846153846154 0.055288461538461536
0 0.9362980769230769 0.04927884615384615 0.02403846153846154 0.055288461538461536
0 0.890625 0.04927884615384615 0.019230769230769232 0.055288461538461536
0 0.09134615384615384 0.40024038461538464 0.02403846153846154 0.06971153846153846
0 0.5012019230769231 0.421875 0.02403846153846154 0.06490384615384616
0 0.5480769230769231 0.42908653846153844 0.019230769230769232 0.05048076923076923
0 0.4206730769230769 0.4266826923076923 0.02403846153846154 0.06490384615384616
0 0.1658653846153846 0.421875 0.028846153846153848 0.07932692307692307
0 0.8581730769230769 0.4411057692307692 0.019230769230769232 0.055288461538461536
0 0.9435096153846154 0.44471153846153844 0.02403846153846154 0.06009615384615385
0 0.2439903846153846 0.43509615384615385 0.02403846153846154 0.06490384615384616
0 0.010817307692307692 0.4362980769230769 0.019230769230769232 0.07451923076923077
0 0.6538461538461539 0.4495192307692308 0.028846153846153848 0.07451923076923077
0 0.5841346153846154 0.4483173076923077 0.02403846153846154 0.06009615384615385
0 0.8064903846153846 0.4543269230769231 0.02403846153846154 0.06009615384615385
0 0.3293269230769231 0.44711538461538464 0.028846153846153848 0.07932692307692307
0 0.7487980769230769 0.4579326923076923 0.019230769230769232 0.055288461538461536
0 0.0733173076923077 0.4579326923076923 0.03365384615384615 0.09375
0 0.8425480769230769 0.47115384615384615 0.019230769230769232 0.06490384615384616
0 0.5985576923076923 0.04927884615384615 0.02403846153846154 0.06009615384615385
0 0.5420673076923077 0.47596153846153844 0.02403846153846154 0.06009615384615385
0 0.4495192307692308 0.49158653846153844 0.028846153846153848 0.07451923076923077
0 0.4050480769230769 0.4963942307692308 0.019230769230769232 0.07932692307692307
0 0.6911057692307693 0.054086538461538464 0.02403846153846154 0.055288461538461536
0 0.3004807692307692 0.49399038461538464 0.02403846153846154 0.055288461538461536
0 0.2620192307692308 0.4963942307692308 0.03365384615384615 0.07451923076923077
0 0.6947115384615384 0.5084134615384616 0.02403846153846154 0.06971153846153846
0 0.9819711538461539 0.515625 0.019230769230769232 0.055288461538461536
0 0.7752403846153846 0.5144230769230769 0.028846153846153848 0.06009615384615385
0 0.03245192307692308 0.5168269230769231 0.019230769230769232 0.06971153846153846
0 0.5072115384615384 0.052884615384615384 0.028846153846153848 0.05048076923076923
0 0.45913461538461536 0.051682692307692304 0.019230769230769232 0.05048076923076923
0 0.6298076923076923 0.5324519230769231 0.02403846153846154 0.06490384615384616
0 0.140625 0.5240384615384616 0.03365384615384615 0.09375
0 0.5685096153846154 0.5360576923076923 0.02403846153846154 0.06009615384615385
0 0.9266826923076923 0.5552884615384616 0.02403846153846154 0.06490384615384616
0 0.5913461538461539 0.5516826923076923 0.02403846153846154 0.06490384615384616
0 0.3293269230769231 0.5528846153846154 0.028846153846153848 0.07451923076923077
0 0.546875 0.056490384615384616 0.03365384615384615 0.055288461538461536
0 0.7067307692307693 0.5709134615384616 0.028846153846153848 0.06490384615384616
0 0.4519230769230769 0.5661057692307693 0.019230769230769232 0.07451923076923077
0 0.9711538461538461 0.578125 0.028846153846153848 0.06490384615384616
0 0.8185096153846154 0.5757211538461539 0.019230769230769232 0.055288461538461536
0 0.6514423076923077 0.5721153846153846 0.02403846153846154 0.07451923076923077
0 0.38822115384615385 0.5721153846153846 0.028846153846153848 0.07451923076923077
0 0.7644230769230769 0.5793269230769231 0.019230769230769232 0.055288461538461536
0 0.9086538461538461 0.5841346153846154 0.028846153846153848 0.06971153846153846
0 0.8713942307692307 0.5865384615384616 0.019230769230769232 0.06009615384615385
0 0.056490384615384616 0.5757211538461539 0.028846153846153848 0.07932692307692307
0 0.2932692307692308 0.5841346153846154 0.02403846153846154 0.06490384615384616
0 0.5060096153846154 0.5949519230769231 0.02403846153846154 0.07451923076923077
0 0.15264423076923078 0.6141826923076923 0.019230769230769232 0.06971153846153846
0 0.1045673076923077 0.6129807692307693 0.02403846153846154 0.07451923076923077
0 0.8449519230769231 0.6358173076923077 0.028846153846153848 0.04807692307692308
0 0.6274038461538461 0.6394230769230769 0.02403846153846154 0.07451923076923077
0 0.21754807692307693 0.6322115384615384 0.03365384615384615 0.07451923076923077
0 0.7427884615384616 0.6418269230769231 0.02403846153846154 0.06490384615384616
0 0.32211538461538464 0.6334134615384616 0.028846153846153848 0.07932692307692307
0 0.6995192307692307 0.6430288461538461 0.02403846153846154 0.05048076923076923
0 0.5420673076923077 0.6418269230769231 0.02403846153846154 0.07451923076923077
0 0.8978365384615384 0.6574519230769231 0.03365384615384615 0.07932692307692307
0 0.671875 0.06971153846153846 0.02403846153846154 0.05048076923076923
0 0.4795673076923077 0.6550480769230769 0.019230769230769232 0.06971153846153846
0 0.9495192307692307 0.6682692307692307 0.028846153846153848 0.07932692307692307
0 0.2800480769230769 0.6658653846153846 0.019230769230769232 0.04807692307692308
0 0.8064903846153846 0.6778846153846154 0.03365384615384615 0.07451923076923077
0 0.4519230769230769 0.6766826923076923 0.019230769230769232 0.07451923076923077
0 0.5144230769230769 0.6875 0.019230769230769232 0.06490384615384616
0 0.1310096153846154 0.6862980769230769 0.028846153846153848 0.07932692307692307
0 0.8485576923076923 0.703125 0.019230769230769232 0.06009615384615385
0 0.6790865384615384 0.7007211538461539 0.028846153846153848 0.06490384615384616
0 0.7235576923076923 0.7067307692307693 0.028846153846153848 0.07451923076923077
0 0.5637019230769231 0.7115384615384616 0.028846153846153848 0.07451923076923077
0 0.3713942307692308 0.7103365384615384 0.028846153846153848 0.06490384615384616
0 0.9362980769230769 0.7199519230769231 0.028846153846153848 0.08413461538461539
0 0.40625 0.7139423076923077 0.028846153846153848 0.07451923076923077
0 0.2644230769230769 0.7163461538461539 0.02403846153846154 0.07451923076923077
0 0.8918269230769231 0.7415865384615384 0.028846153846153848 0.06490384615384616
0 0.06009615384615385 0.06971153846153846 0.028846153846153848 0.06490384615384616
0 0.9723557692307693 0.7608173076923077 0.019230769230769232 0.07451923076923077
0 0.8521634615384616 0.765625 0.028846153846153848 0.08413461538461539
0 0.23317307692307693 0.7572115384615384 0.028846153846153848 0.06490384615384616
0 0.3004807692307692 0.7644230769230769 0.028846153846153848 0.07451923076923077
0 0.5877403846153846 0.7764423076923077 0.02403846153846154 0.06971153846153846
0 0.3798076923076923 0.7728365384615384 0.028846153846153848 0.06490384615384616
0 0.3401442307692308 0.7752403846153846 0.028846153846153848 0.07932692307692307
0 0.2824519230769231 0.07451923076923077 0.028846153846153848 0.06490384615384616
0 0.6177884615384616 0.7848557692307693 0.02403846153846154 0.07932692307692307
0 0.5048076923076923 0.7872596153846154 0.02403846153846154 0.07451923076923077
0 0.9050480769230769 0.8016826923076923 0.02403846153846154 0.06490384615384616
0 0.7788461538461539 0.8353365384615384 0.03365384615384615 0.07451923076923077
0 0.3762019230769231 0.8329326923076923 0.02403846153846154 0.06490384615384616
0 0.43028846153846156 0.08173076923076923 0.02403846153846154 0.05048076923076923
0 0.4074519230769231 0.08413461538461539 0.028846153846153848 0.07451923076923077
0 0.4338942307692308 0.8461538461538461 0.019230769230769232 0.06971153846153846
0 0.1971153846153846 0.8497596153846154 0.028846153846153848 0.07451923076923077
0 0.22716346153846154 0.0829326923076923 0.019230769230769232 0.07451923076923077
0 0.03365384615384615 0.8665865384615384 0.028846153846153848 0.0889423076923077
0 0.7223557692307693 0.8810096153846154 0.02403846153846154 0.07451923076923077
0 0.35336538461538464 0.8774038461538461 0.02403846153846154 0.06009615384615385
0 0.4483173076923077 0.8810096153846154 0.019230769230769232 0.05048076923076923
0 0.9807692307692307 0.8930288461538461 0.02403846153846154 0.07451923076923077
0 0.8209134615384616 0.8954326923076923 0.028846153846153848 0.07451923076923077
0 0.5324519230769231 0.8990384615384616 0.03365384615384615 0.06971153846153846
0 0.24759615384615385 0.8954326923076923 0.028846153846153848 0.07932692307692307
0 0.46274038461538464 0.9026442307692307 0.02403846153846154 0.07932692307692307
0 0.9795673076923077 0.10096153846153846 0.028846153846153848 0.06009615384615385
0 0.6658653846153846 0.9074519230769231 0.02403846153846154 0.06490384615384616
0 0.9158653846153846 0.9194711538461539 0.028846153846153848 0.07451923076923077
0 0.8834134615384616 0.9242788461538461 0.028846153846153848 0.06490384615384616
0 0.7584134615384616 0.9350961538461539 0.019230769230769232 0.07451923076923077
0 0.390625 0.9302884615384616 0.028846153846153848 0.06009615384615385
0 0.06971153846153846 0.008413461538461538 0.019230769230769232 0.016826923076923076
0 0.48677884615384615 0.09254807692307693 0.02403846153846154 0.055288461538461536
0 0.6225961538461539 0.09735576923076923 0.02403846153846154 0.055288461538461536
0 0.5877403846153846 0.9362980769230769 0.028846153846153848 0.08413461538461539
0 0.9627403846153846 0.9459134615384616 0.028846153846153848 0.05048076923076923
0 0.625 0.9447115384615384 0.028846153846153848 0.055288461538461536
0 0.5564903846153846 0.9543269230769231 0.03365384615384615 0.06490384615384616
0 0.34375 0.9579326923076923 0.02403846153846154 0.06490384615384616
0 0.7379807692307693 0.9663461538461539 0.038461538461538464 0.0673076923076923
0 0.7944711538461539 0.10216346153846154 0.019230769230769232 0.05048076923076923
0 0.375 0.09735576923076923 0.028846153846153848 0.07932692307692307
0 0.12860576923076922 0.9663461538461539 0.038461538461538464 0.05048076923076923
0 0.7932692307692307 0.9795673076923077 0.03365384615384615 0.040865384615384616
0 0.9399038461538461 0.9855769230769231 0.02403846153846154 0.028846153846153848
0 0.07692307692307693 0.9771634615384616 0.03365384615384615 0.028846153846153848
0 0.3894230769230769 0.9855769230769231 0.019230769230769232 0.019230769230769232
0 0.4362980769230769 0.9867788461538461 0.019230769230769232 0.019230769230769232
0 0.5420673076923077 0.10336538461538461 0.02403846153846154 0.05048076923076923
0 0.8870192307692307 0.1141826923076923 0.02403846153846154 0.06490384615384616
0 0.5949519230769231 0.1141826923076923 0.019230769230769232 0.04807692307692308
0 0.9411057692307693 0.12740384615384615 0.019230769230769232 0.06009615384615385
0 0.8533653846153846 0.1310096153846154 0.02403846153846154 0.06490384615384616
0 0.09375 0.1201923076923077 0.02403846153846154 0.06971153846153846
0 0.04807692307692308 0.12139423076923077 0.019230769230769232 0.06490384615384616
0 0.3112980769230769 0.12860576923076922 0.028846153846153848 0.06971153846153846
0 0.15384615384615385 0.1346153846153846 0.019230769230769232 0.055288461538461536
0 0.2608173076923077 0.13822115384615385 0.02403846153846154 0.06490384615384616
0 0.8209134615384616 0.15625 0.019230769230769232 0.06490384615384616
0 0.9555288461538461 0.15865384615384615 0.019230769230769232 0.06009615384615385
0 0.5685096153846154 0.15625 0.03365384615384615 0.08413461538461539
0 0.6634615384615384 0.15745192307692307 0.02403846153846154 0.07451923076923077
0 0.5240384615384616 0.15504807692307693 0.019230769230769232 0.06490384615384616
0 0.45913461538461536 0.15384615384615385 0.02403846153846154 0.055288461538461536
0 0.7704326923076923 0.17427884615384615 0.028846153846153848 0.07451923076923077
0 0.18389423076923078 0.18629807692307693 0.02403846153846154 0.07451923076923077
0 0.038461538461538464 0.18389423076923078 0.019230769230769232 0.06971153846153846
0 0.12980769230769232 0.19110576923076922 0.028846153846153848 0.07451923076923077
0 0.2920673076923077 0.19831730769230768 0.02403846153846154 0.07451923076923077
0 0.33774038461538464 0.19951923076923078 0.019230769230769232 0.055288461538461536
0 0.23197115384615385 0.1971153846153846 0.02403846153846154 0.055288461538461536
0 0.7067307692307693 0.21394230769230768 0.028846153846153848 0.055288461538461536
0 0.8076923076923077 0.21754807692307693 0.02403846153846154 0.06009615384615385
0 0.35697115384615385 0.21033653846153846 0.02403846153846154 0.055288461538461536
0 0.8894230769230769 0.22956730769230768 0.02403846153846154 0.07451923076923077
0 0.5420673076923077 0.23317307692307693 0.02403846153846154 0.04807692307692308
0 0.49038461538461536 0.234375 0.02403846153846154 0.08413461538461539
0 0.7367788461538461 0.23918269230769232 0.019230769230769232 0.05048076923076923
0 0.9399038461538461 0.24519230769230768 0.02403846153846154 0.055288461538461536
0 0.6766826923076923 0.2536057692307692 0.03365384615384615 0.055288461538461536
0 0.06009615384615385 0.24278846153846154 0.028846153846153848 0.07451923076923077
0 0.6995192307692307 0.25841346153846156 0.019230769230769232 0.06490384615384616
0 0.78125 0.27283653846153844 0.028846153846153848 0.06009615384615385
0 0.16346153846153846 0.2620192307692308 0.02403846153846154 0.07451923076923077
0 0.6382211538461539 0.27283653846153844 0.028846153846153848 0.06490384615384616
0 0.5456730769230769 0.27403846153846156 0.02403846153846154 0.055288461538461536
0 0.3233173076923077 0.2692307692307692 0.03365384615384615 0.06971153846153846
0 0.21634615384615385 0.2704326923076923 0.028846153846153848 0.06009615384615385
0 0.018028846153846152 0.27163461538461536 0.02403846153846154 0.09375
0 0.19471153846153846 0.026442307692307692 0.028846153846153848 0.052884615384615384
0 0.8341346153846154 0.28846153846153844 0.019230769230769232 0.06009615384615385
0 0.3786057692307692 0.2800480769230769 0.03365384615384615 0.07451923076923077
0 0.27163461538461536 0.27884615384615385 0.02403846153846154 0.05048076923076923
0 0.7415865384615384 0.2956730769230769 0.019230769230769232 0.05048076923076923
0 0.5841346153846154 0.2956730769230769 0.02403846153846154 0.06490384615384616
0 0.9759615384615384 0.30649038461538464 0.02403846153846154 0.06009615384615385
0 0.6754807692307693 0.30408653846153844 0.02403846153846154 0.06009615384615385
0 0.953125 0.3137019230769231 0.02403846153846154 0.06009615384615385
0 0.71875 0.3112980769230769 0.02403846153846154 0.06490384615384616