0 0.625 0.0265625 0.0234375 0.0265625
0 0.825 0.065625 0.0234375 0.0265625
0 0.7546875 0.1484375 0.0296875 0.040625
0 0.421875 0.08828125 0.0296875 0.0359375
0 0.51015625 0.1078125 0.028125 0.028125
0 0.49609375 0.0078125 0.0328125 0.015625
0 0.95703125 0.20234375 0.040625 0.0515625
0 0.34921875 0.08671875 0.03125 0.0453125
0 0.11484375 0.040625 0.04375 0.04375
0 0.32421875 0.08359375 0.0296875 0.040625
0 0.5765625 0.1421875 0.028125 0.028125
0 0.44921875 0.11796875 0.0359375 0.0453125
0 0.3625 0.103125 0.0234375 0.0265625
0 0.90703125 0.21171875 0.025 0.034375
0 0.78828125 0.0609375 0.0375 0.034375
0 0.9859375 0.1015625 0.028125 0.0375
0 0.846875 0.075 0.034375 0.0375
0 0.21640625 0.0796875 0.0390625 0.0421875
0 0.63671875 0.1609375 0.034375 0.0421875
0 0.871875 0.21171875 0.0359375 0.0453125
0 0.52265625 0.14375 0.0296875 0.040625
0 0.83125 0.20625 0.0390625 0.046875
0 0.98515625 0.23828125 0.0296875 0.0453125
0 0.88046875 0.08125 0.0375 0.0375
0 0.38515625 0.121875 0.034375 0.0421875
0 0.6703125 0.18203125 0.0328125 0.028125
0 0.1859375 0.08984375 0.034375 0.0375
0 0.09453125 0.07421875 0.034375 0.025
0 0.56796875 0.17578125 0.028125 0.028125
0 0.7609375 0.215625 0.0390625 0.046875
0 0.16015625 0.10390625 0.0390625 0.046875
0 0.3546875 0.14375 0.034375 0.0375
0 0.3 0.13359375 0.0390625 0.046875
0 0.2328125 0.125 0.0359375 0.0453125
0 0.58125 0.19296875 0.0296875 0.040625
0 0.68671875 0.21796875 0.0390625 0.046875
0 0.91640625 0.2625 0.046875 0.0609375
0 0.0875 0.1109375 0.034375 0.0375
0 0.45390625 0.18203125 0.04375 0.046875
0 0.59140625 0.2109375 0.0234375 0.03125
0 0.4859375 0.0125 0.028125 0.025
0 0.8234375 0.26875 0.034375 0.0421875
0 0.34453125 0.184375 0.0359375 0.0453125
0 0.60234375 0.2390625 0.0359375 0.0453125
0 0.46328125 0.0140625 0.0296875 0.028125
0 0.1609375 0.1578125 0.0359375 0.0453125
0 0.84609375 0.29609375 0.0296875 0.040625
0 0.63046875 0.25390625 0.034375 0.0421875
0 0.65 0.2625 0.0296875 0.0359375
0 0.28359375 0.19140625 0.0359375 0.0453125
0 0.73828125 0.2796875 0.0359375 0.0453125
0 0.3609375 0.20859375 0.0375 0.0375
0 0.996875 0.11484375 0.00625 0.0359375
0 0.9046875 0.321875 0.034375 0.0375
0 0.5078125 0.24453125 0.0359375 0.05
0 0.4609375 0.2375 0.0296875 0.0359375
0 0.82421875 0.3109375 0.0390625 0.046875
0 0.0890625 0.17265625 0.0296875 0.0359375
0 0.43671875 0.24296875 0.025 0.034375
0 0.559375 0.26640625 0.040625 0.05625
0 0.40234375 0.2359375 0.03125 0.0453125
0 0.21796875 0.20234375 0.040625 0.0515625
0 0.53125 0.265625 0.0375 0.0546875
0 0.9640625 0.3546875 0.040625 0.0515625
0 0.659375 0.29765625 0.0375 0.034375
0 0.1125 0.1984375 0.0453125 0.05625
0 0.34453125 0.24375 0.0390625 0.046875
0 0.2375 0.225 0.0328125 0.0328125
0 0.80078125 0.33671875 0.0328125 0.0328125
0 0.98984375 0.37421875 0.0203125 0.0328125
0 0.16796875 0.21796875 0.034375 0.0421875
0 0.4375 0.27734375 0.028125 0.0328125
0 0.7234375 0.33359375 0.0359375 0.0453125
0 0.484375 0.2890625 0.0359375 0.05
0 0.60234375 0.3125 0.0375 0.0546875
0 0.76796875 0.346875 0.0359375 0.05
0 0.53515625 0.028125 0.0296875 0.040625
0 0.071875 0.21640625 0.0328125 0.0328125
0 0.46796875 0.3 0.03125 0.0453125
0 0.53125 0.3125 0.0359375 0.05
0 0.684375 0.3421875 0.0390625 0.0421875
0 0.821875 0.371875 0.034375 0.0375
0 0.2171875 0.25625 0.034375 0.0421875
0 0.65078125 0.34296875 0.0390625 0.046875
0 0.33359375 0.2859375 0.03125 0.0453125
0 0.80859375 0.38359375 0.0265625 0.04375
0 0.88671875 0.40078125 0.034375 0.0421875
0 0.27109375 0.28125 0.040625 0.0515625
0 0.79140625 0.384375 0.0359375 0.0453125
0 0.74140625 0.07265625 0.0375 0.0375
0 0.3859375 0.3109375 0.0296875 0.040625
0 0.92421875 0.41796875 0.0421875 0.0390625
0 0.3078125 0.30234375 0.040625 0.0515625
0 0.23671875 0.2890625 0.040625 0.0515625
0 0.59375 0.35859375 0.0359375 0.0453125
0 0.9875 0.43671875 0.025 0.0515625
0 0.0546875 0.25703125 0.040625 0.0515625
0 0.8671875 0.415625 0.0375 0.0375
0 0.3546875 0.315625 0.040625 0.0515625
0 0.1765625 0.2859375 0.03125 0.0234375
0 0.13203125 0.28203125 0.0390625 0.0421875
0 0.690625 0.390625 0.0375 0.0546875
0 0.83203125 0.41796875 0.0390625 0.046875
0 0.0953125 0.27734375 0.0328125 0.028125
0 0.484375 0.353125 0.0328125 0.0546875
0 0.64609375 0.39140625 0.04375 0.046875
0 0.42578125 0.35078125 0.0453125 0.05625
0 0.50859375 0.36953125 0.034375 0.0375
0 0.57265625 0.38203125 0.0359375 0.05
0 0.94765625 0.46484375 0.0390625 0.046875
0 0.184375 0.31640625 0.0328125 0.0328125
0 0.86328125 0.4484375 0.034375 0.0421875
0 0.915625 0.46328125 0.0359375 0.05
0 0.41015625 0.3671875 0.0390625 0.046875
0 0.93515625 0.11484375 0.0359375 0.05
0 0.88828125 0.4671875 0.0359375 0.0453125
0 0.13515625 0.32578125 0.040625 0.0515625
0 0.81875 0.09453125 0.025 0.0390625
0 0.80859375 0.475 0.0390625 0.046875
0 0.72265625 0.4578125 0.0453125 0.05625
0 0.5875 0.05 0.0296875 0.040625
0 0.50546875 0.42109375 0.0328125 0.0328125
0 0.634375 0.06171875 0.0328125 0.0328125
0 0.27421875 0.3875 0.040625 0.05625
0 0.64921875 0.4625 0.05 0.0578125
0 0.0890625 0.35859375 0.0421875 0.0390625
0 0.21640625 0.38359375 0.046875 0.0609375
0 0.9734375 0.5359375 0.0421875 0.0609375
0 0.303125 0.4078125 0.0375 0.0546875
0 0.0328125 0.3578125 0.0375 0.059375
0 0.55703125 0.459375 0.0375 0.059375
0 0.37421875 0.01640625 0.0296875 0.0328125
0 0.92890625 0.5390625 0.028125 0.053125
0 0.509375 0.46171875 0.05 0.053125
0 0.40703125 0.01953125 0.0296875 0.0390625
0 0.59296875 0.4828125 0.0453125 0.05625
0 0.0734375 0.38828125 0.0421875 0.0390625
0 0.39375 0.453125 0.05 0.053125
0 0.8296875 0.53984375 0.046875 0.0609375
0 0.9546875 0.56484375 0.03125 0.05
0 0.9875 0.57578125 0.015625 0.0546875
0 0.7015625 0.5296875 0.0359375 0.05
0 0.09296875 0.41328125 0.04375 0.04375
0 0.7515625 0.55390625 0.0328125 0.0546875
0 0.4765625 0.0375 0.034375 0.0375
0 0.428125 0.49296875 0.05 0.053125
0 0.30234375 0.47109375 0.0359375 0.0453125
0 0.346875 0.484375 0.028125 0.0328125
0 0.02265625 0.421875 0.034375 0.0421875
0 0.25859375 0.4671875 0.0453125 0.05625
0 0.50859375 0.51796875 0.0453125 0.05625
0 0.01171875 0.4265625 0.021875 0.0484375
0 0.134375 0.453125 0.0390625 0.0421875
0 0.68828125 0.5625 0.0421875 0.0609375
0 0.3140625 0.01328125 0.034375 0.0265625
0 0.76484375 0.5828125 0.0390625 0.0640625
0 0.17578125 0.46796875 0.04375 0.046875
0 0.7875 0.10078125 0.0296875 0.0359375
0 0.08203125 0.45625 0.04375 0.046875
0 0.54765625 0.55625 0.0390625 0.0421875
0 0.653125 0.0765625 0.025 0.034375
0 0.81484375 0.615625 0.0453125 0.05625
0 0.3328125 0.52421875 0.040625 0.05625
0 0.78203125 0.6140625 0.040625 0.05625
0 0.196875 0.509375 0.0453125 0.05625
0 0.58671875 0.58515625 0.040625 0.05625
0 0.090625 0.49140625 0.05 0.0359375
0 0.3671875 0.5546875 0.0390625 0.046875
0 0.13671875 0.5125 0.0421875 0.0609375
0 0.87734375 0.65859375 0.046875 0.065625
0 0.95859375 0.6765625 0.0359375 0.0734375
0 0.72890625 0.63203125 0.0453125 0.05625
0 0.91875 0.6734375 0.0484375 0.0703125
0 0.55703125 0.60625 0.046875 0.065625
0 0.47734375 0.5921875 0.046875 0.065625
0 0.25390625 0.55546875 0.0421875 0.0390625
0 0.68125 0.6484375 0.0390625 0.0421875
0 0.08984375 0.5453125 0.046875 0.0609375
0 0.7203125 0.675 0.040625 0.05625
0 0.20390625 0.57734375 0.034375 0.0375
0 0.86484375 0.71015625 0.046875 0.065625
0 0.16015625 0.57578125 0.0375 0.034375
0 0.59140625 0.66171875 0.046875 0.0609375
0 0.26953125 0.60390625 0.0359375 0.0453125
0 0.23671875 0.6046875 0.046875 0.065625
0 0.00703125 0.559375 0.0140625 0.046875
0 0.7234375 0.10234375 0.034375 0.0375
0 0.91484375 0.7453125 0.046875 0.065625
0 0.33359375 0.63984375 0.046875 0.065625
0 0.48671875 0.67890625 0.0515625 0.0671875
0 0.7703125 0.734375 0.0390625 0.046875
0 0.74140625 0.7375 0.0359375 0.05
0 0.82578125 0.75390625 0.0390625 0.046875
0 0.6203125 0.71484375 0.0359375 0.0453125
0 0.56484375 0.7109375 0.0453125 0.0515625
0 0.6640625 0.73515625 0.0421875 0.065625
0 0.1078125 0.6265625 0.046875 0.065625
0 0.16640625 0.640625 0.0578125 0.071875
0 0.25390625 0.671875 0.0484375 0.0703125
0 0.04140625 0.64140625 0.0546875 0.0765625
0 0.92421875 0.815625 0.04375 0.046875
0 0.125 0.6671875 0.040625 0.0515625
0 0.2984375 0.7015625 0.0375 0.0546875
0 0.79765625 0.7984375 0.0546875 0.08125
0 0.8984375 0.81796875 0.0375 0.0375
0 0.2328125 0.01640625 0.034375 0.0328125
0 0.59453125 0.76796875 0.05 0.0796875
0 0.31796875 0.71953125 0.0390625 0.046875
0 0.84765625 0.82265625 0.040625 0.0515625
0 0.5109375 0.759375 0.0453125 0.075
0 0.83046875 0.1328125 0.0390625 0.046875
0 0.35 0.7375 0.046875 0.0609375
0 0.41171875 0.76171875 0.053125 0.071875
0 0.6328125 0.09453125 0.0328125 0.028125
0 0.13828125 0.7109375 0.0328125 0.0328125
0 0.88984375 0.86171875 0.05 0.0796875
0 0.69765625 0.83046875 0.0328125 0.059375
0 0.921875 0.8765625 0.040625 0.0734375
0 0.05546875 0.71015625 0.0421875 0.0609375
0 0.7796875 0.128125 0.0296875 0.040625
0 0.4515625 0.79921875 0.0515625 0.0671875
0 0.23671875 0.76015625 0.0421875 0.065625
0 0.528125 0.81640625 0.046875 0.065625
0 0.12265625 0.740625 0.0453125 0.0515625
0 0.190625 0.7578125 0.0453125 0.0515625
0 0.1421875 0.7515625 0.025 0.0390625
0 0.384375 0.05078125 0.0359375 0.0453125
0 0.71015625 0.8640625 0.0515625 0.0890625
0 0.08046875 0.74375 0.040625 0.05625
0 0.83203125 0.8921875 0.0484375 0.0703125
0 0.01875 0.73515625 0.0375 0.0515625
0 0.30546875 0.7953125 0.0453125 0.05625
0 0.54609375 0.084375 0.0390625 0.0421875
0 0.62578125 0.859375 0.0484375 0.0703125
0 0.79453125 0.89921875 0.046875 0.065625
0 0.346875 0.8125 0.0453125 0.05625
0 0.4890625 0.846875 0.0453125 0.0515625
0 0.40546875 0.83984375 0.046875 0.04375
0 0.31171875 0.8265625 0.0359375 0.0453125
0 0.26796875 0.8203125 0.0421875 0.0609375
0 0.68046875 0.03515625 0.03125 0.0234375
0 0.67734375 0.909375 0.0453125 0.05625
0 0.87109375 0.946875 0.05625 0.0671875
0 0.075 0.79453125 0.04375 0.046875
0 0.55859375 0.890625 0.028125 0.0328125
0 0.18515625 0.82109375 0.0359375 0.0453125
0 0.25078125 0.8359375 0.0453125 0.05625
0 0.4734375 0.87890625 0.0453125 0.0515625
0 0.51171875 0.89140625 0.040625 0.0515625
0 0.409375 0.87890625 0.0375 0.0375
0 0.69140625 0.1203125 0.0359375 0.0453125
0 0.584375 0.91484375 0.04375 0.04375
0 0.0859375 0.8234375 0.03125 0.0234375
0 0.73125 0.134375 0.0359375 0.05
0 0.30390625 0.0515625 0.034375 0.0421875
0 0.79765625 0.1546875 0.0375 0.0546875