0 0.15865384615384615 0.10576923076923077 0.01201923076923077 0.020432692307692308
0 0.07451923076923077 0.10576923076923077 0.026442307692307692 0.04927884615384615
0 0.3161057692307692 0.10576923076923077 0.014423076923076924 0.010817307692307692
0 0.21153846153846154 0.10697115384615384 0.015625 0.02403846153846154
0 0.4230769230769231 0.10697115384615384 0.004807692307692308 0.007211538461538462
0 0.2704326923076923 0.10817307692307693 0.006009615384615385 0.008413461538461538
0 0.17548076923076922 0.109375 0.015625 0.02283653846153846
0 0.27884615384615385 0.109375 0.006009615384615385 0.010817307692307692
0 0.28966346153846156 0.109375 0.010817307692307692 0.010817307692307692
0 0.22596153846153846 0.11057692307692307 0.01201923076923077 0.01201923076923077
0 0.36778846153846156 0.11057692307692307 0.01201923076923077 0.013221153846153846
0 0.30408653846153844 0.11298076923076923 0.009615384615384616 0.015625
0 0.4050480769230769 0.1141826923076923 0.010817307692307692 0.01201923076923077
0 0.44711538461538464 0.1141826923076923 0.007211538461538462 0.009615384615384616
0 0.24519230769230768 0.01201923076923077 0.01201923076923077 0.007211538461538462
0 0.3389423076923077 0.11538461538461539 0.013221153846153846 0.019230769230769232
0 0.3942307692307692 0.11538461538461539 0.008413461538461538 0.010817307692307692
0 0.4326923076923077 0.11658653846153846 0.008413461538461538 0.007211538461538462
0 0.4567307692307692 0.11778846153846154 0.007211538461538462 0.006009615384615385
0 0.4651442307692308 0.1201923076923077 0.007211538461538462 0.009615384615384616
0 0.38100961538461536 0.12139423076923077 0.009615384615384616 0.009615384615384616
0 0.052884615384615384 0.12379807692307693 0.02403846153846154 0.040865384615384616
0 0.11057692307692307 0.125 0.02403846153846154 0.03365384615384615
0 0.2932692307692308 0.125 0.007211538461538462 0.009615384615384616
0 0.47475961538461536 0.125 0.008413461538461538 0.009615384615384616
0 0.28365384615384615 0.12620192307692307 0.014423076923076924 0.015625
0 0.32091346153846156 0.12620192307692307 0.014423076923076924 0.016826923076923076
0 0.4206730769230769 0.12620192307692307 0.009615384615384616 0.016826923076923076
0 0.15504807692307693 0.12980769230769232 0.025240384615384616 0.03245192307692308
0 0.19951923076923078 0.12980769230769232 0.018028846153846152 0.02283653846153846
0 0.3786057692307692 0.1310096153846154 0.004807692307692308 0.008413461538461538
0 0.22716346153846154 0.13221153846153846 0.021634615384615384 0.03125
0 0.3545673076923077 0.13221153846153846 0.014423076923076924 0.019230769230769232
0 0.36778846153846156 0.13341346153846154 0.013221153846153846 0.014423076923076924
0 0.2536057692307692 0.1346153846153846 0.018028846153846152 0.030048076923076924
0 0.46153846153846156 0.1346153846153846 0.007211538461538462 0.007211538461538462
0 0.4519230769230769 0.1346153846153846 0.004807692307692308 0.008413461538461538
0 0.5 0.1346153846153846 0.010817307692307692 0.006009615384615385
0 0.49158653846153844 0.13581730769230768 0.003605769230769231 0.007211538461538462
0 0.06129807692307692 0.014423076923076924 0.010817307692307692 0.015625
0 0.296875 0.13822115384615385 0.01201923076923077 0.018028846153846152
0 0.53125 0.13822115384615385 0.006009615384615385 0.009615384615384616
0 0.1935096153846154 0.13942307692307693 0.015625 0.020432692307692308
0 0.3894230769230769 0.13942307692307693 0.004807692307692308 0.004807692307692308
0 0.27283653846153844 0.140625 0.02283653846153846 0.014423076923076924
0 0.4411057692307692 0.14182692307692307 0.008413461538461538 0.008413461538461538
0 0.4795673076923077 0.14543269230769232 0.008413461538461538 0.009615384615384616
0 0.125 0.015625 0.007211538461538462 0.007211538461538462
0 0.1814903846153846 0.015625 0.009615384615384616 0.009615384615384616
0 0.42908653846153844 0.1466346153846154 0.01201923076923077 0.010817307692307692
0 0.5120192307692307 0.1466346153846154 0.004807692307692308 0.006009615384615385
0 0.3798076923076923 0.14783653846153846 0.007211538461538462 0.008413461538461538
0 0.5012019230769231 0.14903846153846154 0.006009615384615385 0.010817307692307692
0 0.4110576923076923 0.14903846153846154 0.007211538461538462 0.01201923076923077
0 0.3245192307692308 0.1502403846153846 0.021634615384615384 0.020432692307692308
0 0.4699519230769231 0.1502403846153846 0.010817307692307692 0.010817307692307692
0 0.5216346153846154 0.1502403846153846 0.006009615384615385 0.006009615384615385
0 0.020432692307692308 0.14903846153846154 0.040865384615384616 0.0625
0 0.14302884615384615 0.1502403846153846 0.027644230769230768 0.042067307692307696
0 0.49038461538461536 0.15144230769230768 0.004807692307692308 0.009615384615384616
0 0.3701923076923077 0.15144230769230768 0.01201923076923077 0.01201923076923077
0 0.5432692307692307 0.15504807692307693 0.008413461538461538 0.010817307692307692
0 0.5552884615384616 0.15504807692307693 0.003605769230769231 0.007211538461538462
0 0.20793269230769232 0.015625 0.004807692307692308 0.003605769230769231
0 0.03365384615384615 0.015625 0.007211538461538462 0.01201923076923077
0 0.06490384615384616 0.15745192307692307 0.030048076923076924 0.03125
0 0.5336538461538461 0.15985576923076922 0.006009615384615385 0.007211538461538462
0 0.38822115384615385 0.15985576923076922 0.015625 0.01201923076923077
0 0.4795673076923077 0.15985576923076922 0.01201923076923077 0.01201923076923077
0 0.4230769230769231 0.16105769230769232 0.009615384615384616 0.015625
0 0.29927884615384615 0.16105769230769232 0.015625 0.02283653846153846
0 0.35216346153846156 0.1622596153846154 0.02403846153846154 0.020432692307692308
0 0.44350961538461536 0.1622596153846154 0.006009615384615385 0.008413461538461538
0 0.45552884615384615 0.1622596153846154 0.01201923076923077 0.006009615384615385
0 0.1814903846153846 0.1658653846153846 0.03125 0.039663461538461536
0 0.5444711538461539 0.1658653846153846 0.006009615384615385 0.006009615384615385
0 0.5132211538461539 0.16706730769230768 0.007211538461538462 0.01201923076923077
0 0.5709134615384616 0.16706730769230768 0.01201923076923077 0.01201923076923077
0 0.009615384615384616 0.016826923076923076 0.015625 0.019230769230769232
0 0.4951923076923077 0.16947115384615385 0.007211538461538462 0.010817307692307692
0 0.37259615384615385 0.17067307692307693 0.016826923076923076 0.018028846153846152
0 0.5360576923076923 0.17067307692307693 0.008413461538461538 0.008413461538461538
0 0.5552884615384616 0.171875 0.004807692307692308 0.004807692307692308
0 0.27884615384615385 0.17307692307692307 0.03365384615384615 0.04326923076923077
0 0.4675480769230769 0.17427884615384615 0.009615384615384616 0.006009615384615385
0 0.34975961538461536 0.17427884615384615 0.021634615384615384 0.021634615384615384
0 0.5096153846153846 0.17427884615384615 0.009615384615384616 0.01201923076923077
0 0.4170673076923077 0.17668269230769232 0.018028846153846152 0.026442307692307692
0 0.5240384615384616 0.17908653846153846 0.008413461538461538 0.007211538461538462
0 0.5961538461538461 0.17908653846153846 0.008413461538461538 0.010817307692307692
0 0.5012019230769231 0.17908653846153846 0.007211538461538462 0.003605769230769231
0 0.4411057692307692 0.18028846153846154 0.018028846153846152 0.021634615384615384
0 0.5480769230769231 0.1814903846153846 0.007211538461538462 0.009615384615384616
0 0.3245192307692308 0.18269230769230768 0.02283653846153846 0.027644230769230768
0 0.4855769230769231 0.18269230769230768 0.008413461538461538 0.008413461538461538
0 0.39663461538461536 0.18389423076923078 0.020432692307692308 0.02283653846153846
0 0.5721153846153846 0.18389423076923078 0.009615384615384616 0.010817307692307692
0 0.46634615384615385 0.18629807692307693 0.009615384615384616 0.007211538461538462
0 0.6021634615384616 0.1875 0.003605769230769231 0.007211538461538462
0 0.1045673076923077 0.019230769230769232 0.009615384615384616 0.01201923076923077
0 0.3786057692307692 0.18870192307692307 0.014423076923076924 0.014423076923076924
0 0.5841346153846154 0.18990384615384615 0.006009615384615385 0.01201923076923077
0 0.5420673076923077 0.19110576923076922 0.009615384615384616 0.010817307692307692
0 0.5300480769230769 0.19471153846153846 0.008413461538461538 0.010817307692307692
0 0.5649038461538461 0.1971153846153846 0.009615384615384616 0.014423076923076924
0 0.6069711538461539 0.19831730769230768 0.009615384615384616 0.008413461538461538
0 0.421875 0.19831730769230768 0.01201923076923077 0.015625
0 0.6286057692307693 0.19831730769230768 0.01201923076923077 0.009615384615384616
0 0.16826923076923078 0.020432692307692308 0.010817307692307692 0.01201923076923077
0 0.22235576923076922 0.020432692307692308 0.008413461538461538 0.008413461538461538
0 0.22956730769230768 0.020432692307692308 0.006009615384615385 0.008413461538461538
0 0.1466346153846154 0.020432692307692308 0.007211538461538462 0.01201923076923077
0 0.2692307692307692 0.020432692307692308 0.004807692307692308 0.004807692307692308
0 0.5192307692307693 0.19951923076923078 0.014423076923076924 0.013221153846153846
0 0.4831730769230769 0.20072115384615385 0.018028846153846152 0.013221153846153846
0 0.5757211538461539 0.20072115384615385 0.007211538461538462 0.009615384615384616
0 0.5528846153846154 0.203125 0.014423076923076924 0.014423076923076924
0 0.5 0.203125 0.015625 0.018028846153846152
0 0.6490384615384616 0.203125 0.007211538461538462 0.013221153846153846
0 0.453125 0.20432692307692307 0.020432692307692308 0.027644230769230768
0 0.5997596153846154 0.20432692307692307 0.004807692307692308 0.008413461538461538
0 0.6586538461538461 0.20552884615384615 0.007211538461538462 0.010817307692307692
0 0.38100961538461536 0.20673076923076922 0.01201923076923077 0.01201923076923077
0 0.59375 0.20673076923076922 0.004807692307692308 0.01201923076923077
0 0.3545673076923077 0.2091346153846154 0.028846153846153848 0.04326923076923077
0 0.16947115384615385 0.002403846153846154 0.007211538461538462 0.003605769230769231
0 0.2608173076923077 0.021634615384615384 0.007211538461538462 0.01201923076923077
0 0.30649038461538464 0.21153846153846154 0.026442307692307692 0.020432692307692308
0 0.6165865384615384 0.21153846153846154 0.006009615384615385 0.010817307692307692
0 0.140625 0.2127403846153846 0.03125 0.0673076923076923
0 0.22355769230769232 0.2127403846153846 0.03125 0.057692307692307696
0 0.10096153846153846 0.21394230769230768 0.04807692307692308 0.08533653846153846
0 0.6334134615384616 0.21394230769230768 0.014423076923076924 0.014423076923076924
0 0.609375 0.21514423076923078 0.009615384615384616 0.014423076923076924
0 0.5420673076923077 0.21634615384615385 0.014423076923076924 0.016826923076923076
0 0.17307692307692307 0.21875 0.03485576923076923 0.06850961538461539
0 0.6610576923076923 0.21875 0.010817307692307692 0.01201923076923077
0 0.5997596153846154 0.21875 0.007211538461538462 0.01201923076923077
0 0.051682692307692304 0.021634615384615384 0.018028846153846152 0.020432692307692308
0 0.5817307692307693 0.21995192307692307 0.009615384615384616 0.009615384615384616
0 0.27524038461538464 0.2247596153846154 0.03125 0.04807692307692308
0 0.6490384615384616 0.22596153846153846 0.010817307692307692 0.010817307692307692
0 0.5949519230769231 0.22716346153846154 0.008413461538461538 0.01201923076923077
0 0.37740384615384615 0.22716346153846154 0.021634615384615384 0.03245192307692308
0 0.6129807692307693 0.2283653846153846 0.009615384615384616 0.010817307692307692
0 0.6586538461538461 0.22956730769230768 0.006009615384615385 0.01201923076923077
0 0.47115384615384615 0.22956730769230768 0.015625 0.03485576923076923
0 0.08052884615384616 0.02403846153846154 0.009615384615384616 0.009615384615384616
0 0.5817307692307693 0.23076923076923078 0.008413461538461538 0.010817307692307692
0 0.43990384615384615 0.23076923076923078 0.025240384615384616 0.036057692307692304
0 0.4098557692307692 0.23197115384615385 0.03365384615384615 0.037259615384615384
0 0.6262019230769231 0.23317307692307693 0.01201923076923077 0.016826923076923076
0 0.453125 0.23557692307692307 0.016826923076923076 0.040865384615384616
0 0.49759615384615385 0.23557692307692307 0.026442307692307692 0.051682692307692304
0 0.5300480769230769 0.23798076923076922 0.028846153846153848 0.03365384615384615
0 0.3581730769230769 0.24158653846153846 0.03365384615384615 0.03485576923076923
0 0.6502403846153846 0.24158653846153846 0.007211538461538462 0.01201923076923077
0 0.7127403846153846 0.2439903846153846 0.01201923076923077 0.020432692307692308
0 0.5961538461538461 0.24759615384615385 0.014423076923076924 0.020432692307692308
0 0.6694711538461539 0.25 0.009615384615384616 0.016826923076923076
0 0.13942307692307693 0.025240384615384616 0.009615384615384616 0.014423076923076924
0 0.1935096153846154 0.025240384615384616 0.009615384615384616 0.009615384615384616
0 0.3088942307692308 0.2536057692307692 0.05889423076923077 0.052884615384615384
0 0.6153846153846154 0.2536057692307692 0.014423076923076924 0.020432692307692308
0 0.2439903846153846 0.25600961538461536 0.028846153846153848 0.040865384615384616
0 0.7295673076923077 0.25961538461538464 0.013221153846153846 0.019230769230769232
0 0.6526442307692307 0.2620192307692308 0.01201923076923077 0.014423076923076924
0 0.6875 0.265625 0.014423076923076924 0.027644230769230768
0 0.75 0.2668269230769231 0.009615384615384616 0.02283653846153846
0 0.07211538461538461 0.26802884615384615 0.051682692307692304 0.052884615384615384
0 0.7608173076923077 0.26802884615384615 0.007211538461538462 0.010817307692307692
0 0.7067307692307693 0.26802884615384615 0.016826923076923076 0.030048076923076924
0 0.6274038461538461 0.2692307692307692 0.020432692307692308 0.015625
0 0.12259615384615384 0.027644230769230768 0.009615384615384616 0.015625
0 0.5396634615384616 0.27283653846153844 0.02403846153846154 0.036057692307692304
0 0.6454326923076923 0.27403846153846156 0.01201923076923077 0.014423076923076924
0 0.7776442307692307 0.27884615384615385 0.010817307692307692 0.016826923076923076
0 0.43028846153846156 0.28125 0.028846153846153848 0.03245192307692308
0 0.7908653846153846 0.28125 0.013221153846153846 0.01201923076923077
0 0.6730769230769231 0.28125 0.020432692307692308 0.028846153846153848
0 0.12860576923076922 0.028846153846153848 0.006009615384615385 0.008413461538461538
0 0.234375 0.028846153846153848 0.006009615384615385 0.008413461538461538
0 0.2548076923076923 0.028846153846153848 0.010817307692307692 0.009615384615384616
0 0.7271634615384616 0.2848557692307692 0.013221153846153846 0.021634615384615384
0 0.4014423076923077 0.2848557692307692 0.03125 0.055288461538461536
0 0.6382211538461539 0.29086538461538464 0.018028846153846152 0.019230769230769232
0 0.5865384615384616 0.2932692307692308 0.010817307692307692 0.030048076923076924
0 0.21033653846153846 0.028846153846153848 0.007211538461538462 0.006009615384615385
0 0.75 0.2932692307692308 0.01201923076923077 0.019230769230769232
0 0.02283653846153846 0.29927884615384615 0.042067307692307696 0.16466346153846154
0 0.6081730769230769 0.29927884615384615 0.027644230769230768 0.03125
0 0.4735576923076923 0.3016826923076923 0.03125 0.04567307692307692
0 0.04326923076923077 0.030048076923076924 0.013221153846153846 0.016826923076923076
0 0.08774038461538461 0.03125 0.01201923076923077 0.013221153846153846
0 0.7115384615384616 0.30408653846153844 0.02283653846153846 0.02403846153846154
0 0.7259615384615384 0.30528846153846156 0.014423076923076924 0.020432692307692308
0 0.6538461538461539 0.30528846153846156 0.014423076923076924 0.02403846153846154
0 0.8545673076923077 0.3088942307692308 0.01201923076923077 0.020432692307692308
0 0.7776442307692307 0.31009615384615385 0.016826923076923076 0.016826923076923076
0 0.8076923076923077 0.31009615384615385 0.014423076923076924 0.02283653846153846
0 0.13701923076923078 0.003605769230769231 0.009615384615384616 0.006009615384615385
0 0.09254807692307693 0.003605769230769231 0.01201923076923077 0.007211538461538462
0 0.18509615384615385 0.003605769230769231 0.008413461538461538 0.007211538461538462
0 0.8353365384615384 0.3137019230769231 0.015625 0.019230769230769232
0 0.7019230769230769 0.31490384615384615 0.016826923076923076 0.028846153846153848
0 0.7403846153846154 0.3161057692307692 0.018028846153846152 0.021634615384615384
0 0.24278846153846154 0.31850961538461536 0.04567307692307692 0.09014423076923077
0 0.6346153846153846 0.32091346153846156 0.02283653846153846 0.037259615384615384
0 0.7608173076923077 0.32091346153846156 0.01201923076923077 0.019230769230769232
0 0.6790865384615384 0.32091346153846156 0.02403846153846154 0.028846153846153848
0 0.5504807692307693 0.3233173076923077 0.02403846153846154 0.05048076923076923
0 0.9146634615384616 0.3269230769230769 0.009615384615384616 0.015625
0 0.5120192307692307 0.328125 0.054086538461538464 0.054086538461538464
0 0.8269230769230769 0.3293269230769231 0.020432692307692308 0.021634615384615384
0 0.7800480769230769 0.33052884615384615 0.013221153846153846 0.014423076923076924
0 0.8004807692307693 0.3329326923076923 0.016826923076923076 0.018028846153846152
0 0.10216346153846154 0.03365384615384615 0.009615384615384616 0.015625
0 0.18389423076923078 0.03365384615384615 0.009615384615384616 0.01201923076923077
0 0.24639423076923078 0.03365384615384615 0.009615384615384616 0.015625
0 0.2644230769230769 0.03365384615384615 0.009615384615384616 0.004807692307692308
0 0.3701923076923077 0.33774038461538464 0.052884615384615384 0.10096153846153846
0 0.9002403846153846 0.3389423076923077 0.015625 0.014423076923076924
0 0.71875 0.3401442307692308 0.025240384615384616 0.038461538461538464
0 0.9290865384615384 0.34134615384615385 0.01201923076923077 0.014423076923076924
0 0.8497596153846154 0.3425480769230769 0.015625 0.025240384615384616
0 0.9435096153846154 0.3449519230769231 0.014423076923076924 0.016826923076923076
0 0.8016826923076923 0.3473557692307692 0.018028846153846152 0.020432692307692308
0 0.8353365384615384 0.35336538461538464 0.018028846153846152 0.025240384615384616
0 0.6658653846153846 0.3545673076923077 0.03125 0.04567307692307692
0 0.9699519230769231 0.3557692307692308 0.010817307692307692 0.015625
0 0.9507211538461539 0.3581730769230769 0.009615384615384616 0.016826923076923076
0 0.9242788461538461 0.36177884615384615 0.016826923076923076 0.014423076923076924
0 0.9927884615384616 0.3629807692307692 0.01201923076923077 0.018028846153846152
0 0.8762019230769231 0.3641826923076923 0.014423076923076924 0.015625
0 0.9086538461538461 0.36538461538461536 0.01201923076923077 0.02403846153846154
0 0.0733173076923077 0.36538461538461536 0.06129807692307692 0.09975961538461539
0 0.1141826923076923 0.036057692307692304 0.004807692307692308 0.010817307692307692
0 0.028846153846153848 0.036057692307692304 0.016826923076923076 0.020432692307692308
0 0.45913461538461536 0.36899038461538464 0.054086538461538464 0.09014423076923077
0 0.9423076923076923 0.3701923076923077 0.013221153846153846 0.02283653846153846
0 0.6033653846153846 0.3737980769230769 0.03485576923076923 0.04567307692307692
0 0.8990384615384616 0.3737980769230769 0.020432692307692308 0.03245192307692308
0 0.7091346153846154 0.375 0.030048076923076924 0.056490384615384616
0 0.15985576923076922 0.037259615384615384 0.009615384615384616 0.010817307692307692
0 0.6358173076923077 0.38221153846153844 0.03125 0.038461538461538464
0 0.8269230769230769 0.38341346153846156 0.016826923076923076 0.027644230769230768
0 0.8798076923076923 0.38341346153846156 0.020432692307692308 0.027644230769230768
0 0.8064903846153846 0.3858173076923077 0.02403846153846154 0.042067307692307696
0 0.7680288461538461 0.3870192307692308 0.04447115384615385 0.06850961538461539
0 0.16826923076923078 0.038461538461538464 0.007211538461538462 0.01201923076923077
0 0.9903846153846154 0.390625 0.010817307692307692 0.020432692307692308
0 0.9711538461538461 0.3918269230769231 0.018028846153846152 0.026442307692307692
0 0.9459134615384616 0.3942307692307692 0.014423076923076924 0.014423076923076924
0 0.9230769230769231 0.3942307692307692 0.018028846153846152 0.028846153846153848
0 0.008413461538461538 0.039663461538461536 0.009615384615384616 0.010817307692307692
0 0.23317307692307693 0.040865384615384616 0.008413461538461538 0.007211538461538462
0 0.27884615384615385 0.040865384615384616 0.006009615384615385 0.01201923076923077
0 0.20432692307692307 0.040865384615384616 0.007211538461538462 0.009615384615384616
0 0.15384615384615385 0.003605769230769231 0.009615384615384616 0.007211538461538462
0 0.04326923076923077 0.003605769230769231 0.009615384615384616 0.006009615384615385
0 0.06370192307692307 0.003605769230769231 0.007211538461538462 0.007211538461538462
0 0.0625 0.042067307692307696 0.018028846153846152 0.013221153846153846
0 0.9435096153846154 0.4206730769230769 0.026442307692307692 0.030048076923076924
0 0.7427884615384616 0.4230769230769231 0.03245192307692308 0.04927884615384615
0 0.9903846153846154 0.42788461538461536 0.019230769230769232 0.03245192307692308
0 0.09134615384615384 0.04326923076923077 0.008413461538461538 0.008413461538461538
0 0.22115384615384615 0.04326923076923077 0.006009615384615385 0.01201923076923077
0 0.8617788461538461 0.4326923076923077 0.028846153846153848 0.06129807692307692
0 0.8040865384615384 0.43509615384615385 0.020432692307692308 0.04927884615384615
0 0.8894230769230769 0.43990384615384615 0.02283653846153846 0.056490384615384616
0 0.9266826923076923 0.43990384615384615 0.02283653846153846 0.03125
0 0.5216346153846154 0.44350961538461536 0.0733173076923077 0.109375
0 0.12259615384615384 0.04447115384615385 0.014423076923076924 0.01201923076923077
0 0.25240384615384615 0.04567307692307692 0.008413461538461538 0.009615384615384616
0 0.9122596153846154 0.4519230769230769 0.02283653846153846 0.046875
0 0.9483173076923077 0.4519230769230769 0.020432692307692308 0.04447115384615385
0 0.7151442307692307 0.46153846153846156 0.05048076923076923 0.06971153846153846
0 0.6442307692307693 0.46634615384615385 0.05048076923076923 0.08533653846153846
0 0.9819711538461539 0.4699519230769231 0.03245192307692308 0.0625
0 0.19591346153846154 0.046875 0.008413461538461538 0.01201923076923077
0 0.14543269230769232 0.04807692307692308 0.010817307692307692 0.013221153846153846
0 0.3112980769230769 0.04927884615384615 0.007211538461538462 0.009615384615384616
0 0.8786057692307693 0.5 0.040865384615384616 0.06129807692307692
0 0.3317307692307692 0.5108173076923077 0.06971153846153846 0.13822115384615385
0 0.04567307692307692 0.051682692307692304 0.010817307692307692 0.009615384615384616
0 0.21754807692307693 0.006009615384615385 0.007211538461538462 0.007211538461538462
0 0.003605769230769231 0.055288461538461536 0.007211538461538462 0.020432692307692308
0 0.18990384615384615 0.056490384615384616 0.007211538461538462 0.015625
0 0.3449519230769231 0.056490384615384616 0.006009615384615385 0.007211538461538462
0 0.20192307692307693 0.056490384615384616 0.006009615384615385 0.01201923076923077
0 0.2848557692307692 0.056490384615384616 0.007211538461538462 0.007211538461538462
0 0.14182692307692307 0.5745192307692307 0.08052884615384616 0.11778846153846154
0 0.010817307692307692 0.057692307692307696 0.009615384615384616 0.019230769230769232
0 0.23317307692307693 0.057692307692307696 0.006009615384615385 0.01201923076923077
0 0.26802884615384615 0.057692307692307696 0.008413461538461538 0.009615384615384616
0 0.07572115384615384 0.057692307692307696 0.014423076923076924 0.026442307692307692
0 0.2776442307692308 0.05889423076923077 0.007211538461538462 0.013221153846153846
0 0.24879807692307693 0.06009615384615385 0.009615384615384616 0.008413461538461538
0 0.16105769230769232 0.06009615384615385 0.006009615384615385 0.01201923076923077
0 0.30408653846153844 0.06129807692307692 0.009615384615384616 0.01201923076923077
0 0.17427884615384615 0.0625 0.007211538461538462 0.009615384615384616
0 0.08533653846153846 0.0625 0.013221153846153846 0.020432692307692308
0 0.03485576923076923 0.6322115384615384 0.06971153846153846 0.125
0 0.296875 0.06370192307692307 0.006009615384615385 0.01201923076923077
0 0.3329326923076923 0.06370192307692307 0.007211538461538462 0.01201923076923077
0 0.3894230769230769 0.06490384615384616 0.002403846153846154 0.002403846153846154
0 0.1201923076923077 0.06490384615384616 0.010817307692307692 0.018028846153846152
0 0.2091346153846154 0.06490384615384616 0.01201923076923077 0.013221153846153846
0 0.28365384615384615 0.06610576923076923 0.009615384615384616 0.01201923076923077
0 0.2548076923076923 0.06610576923076923 0.004807692307692308 0.007211538461538462
0 0.10336538461538461 0.0673076923076923 0.015625 0.02283653846153846
0 0.22235576923076922 0.0673076923076923 0.009615384615384616 0.010817307692307692
0 0.06129807692307692 0.0673076923076923 0.015625 0.020432692307692308
0 0.028846153846153848 0.06850961538461539 0.026442307692307692 0.039663461538461536
0 0.3473557692307692 0.06850961538461539 0.007211538461538462 0.008413461538461538
0 0.18389423076923078 0.07211538461538461 0.007211538461538462 0.008413461538461538
0 0.234375 0.07211538461538461 0.007211538461538462 0.003605769230769231
0 0.3245192307692308 0.07211538461538461 0.008413461538461538 0.008413461538461538
0 0.3581730769230769 0.07211538461538461 0.006009615384615385 0.008413461538461538
0 0.19951923076923078 0.008413461538461538 0.007211538461538462 0.013221153846153846
0 0.0889423076923077 0.0733173076923077 0.015625 0.014423076923076924
0 0.19831730769230768 0.07572115384615384 0.01201923076923077 0.01201923076923077
0 0.3125 0.07692307692307693 0.008413461538461538 0.016826923076923076
0 0.3737980769230769 0.07692307692307693 0.007211538461538462 0.008413461538461538
0 0.2692307692307692 0.078125 0.009615384615384616 0.007211538461538462
0 0.28365384615384615 0.078125 0.007211538461538462 0.008413461538461538
0 0.38341346153846156 0.07932692307692307 0.003605769230769231 0.004807692307692308
0 0.04927884615384615 0.08052884615384616 0.01201923076923077 0.02403846153846154
0 0.24759615384615385 0.08173076923076923 0.013221153846153846 0.013221153846153846
0 0.14423076923076922 0.0829326923076923 0.02403846153846154 0.038461538461538464
0 0.08052884615384616 0.008413461538461538 0.007211538461538462 0.008413461538461538
0 0.21514423076923078 0.08413461538461539 0.010817307692307692 0.01201923076923077
0 0.3389423076923077 0.08413461538461539 0.006009615384615385 0.008413461538461538
0 0.34615384615384615 0.08413461538461539 0.004807692307692308 0.007211538461538462
0 0.17668269230769232 0.08533653846153846 0.018028846153846152 0.020432692307692308
0 0.3269230769230769 0.08533653846153846 0.009615384615384616 0.01201923076923077
0 0.3581730769230769 0.08774038461538461 0.006009615384615385 0.009615384615384616
0 0.23197115384615385 0.0889423076923077 0.009615384615384616 0.009615384615384616
0 0.11778846153846154 0.09014423076923077 0.016826923076923076 0.02283653846153846
0 0.39302884615384615 0.09254807692307693 0.007211538461538462 0.006009615384615385
0 0.3701923076923077 0.09375 0.004807692307692308 0.003605769230769231
0 0.1971153846153846 0.09375 0.007211538461538462 0.01201923076923077
0 0.3389423076923077 0.09375 0.006009615384615385 0.007211538461538462
0 0.38461538461538464 0.09375 0.007211538461538462 0.007211538461538462
0 0.42788461538461536 0.09375 0.004807692307692308 0.004807692307692308
0 0.23076923076923078 0.009615384615384616 0.009615384615384616 0.008413461538461538
0 0.2824519230769231 0.09375 0.004807692307692308 0.010817307692307692
0 0.40865384615384615 0.09495192307692307 0.007211538461538462 0.008413461538461538
0 0.2956730769230769 0.09735576923076923 0.006009615384615385 0.01201923076923077
0 0.27163461538461536 0.0985576923076923 0.006009615384615385 0.008413461538461538
0 0.24519230769230768 0.0985576923076923 0.007211538461538462 0.013221153846153846
0 0.2608173076923077 0.10096153846153846 0.014423076923076924 0.019230769230769232
0 0.09615384615384616 0.10216346153846154 0.020432692307692308 0.02283653846153846
0 0.1935096153846154 0.1045673076923077 0.007211538461538462 0.01201923076923077
0 0.35336538461538464 0.1045673076923077 0.01201923076923077 0.013221153846153846
0 0.38100961538461536 0.1045673076923077 0.006009615384615385 0.004807692307692308