0 0.3233173076923077 0.5120192307692307 0.01201923076923077 0.019230769230769232
0 0.38221153846153844 0.5252403846153846 0.019230769230769232 0.02403846153846154
0 0.2824519230769231 0.515625 0.016826923076923076 0.02403846153846154
0 0.2956730769230769 0.5192307692307693 0.007211538461538462 0.019230769230769232
0 0.3125 0.5204326923076923 0.01201923076923077 0.019230769230769232
0 0.3076923076923077 0.5252403846153846 0.01201923076923077 0.019230769230769232
0 0.42427884615384615 0.5336538461538461 0.016826923076923076 0.03365384615384615
0 0.359375 0.5300480769230769 0.016826923076923076 0.019230769230769232
0 0.3389423076923077 0.5324519230769231 0.01201923076923077 0.019230769230769232
0 0.3233173076923077 0.5396634615384616 0.016826923076923076 0.019230769230769232
0 0.25600961538461536 0.5360576923076923 0.01201923076923077 0.02403846153846154
0 0.47475961538461536 0.5600961538461539 0.016826923076923076 0.03365384615384615
0 0.41225961538461536 0.5552884615384616 0.01201923076923077 0.014423076923076924
0 0.44591346153846156 0.5600961538461539 0.016826923076923076 0.019230769230769232
0 0.2932692307692308 0.5492788461538461 0.007211538461538462 0.02403846153846154
0 0.2704326923076923 0.546875 0.016826923076923076 0.02403846153846154
0 0.41947115384615385 0.5600961538461539 0.01201923076923077 0.02403846153846154
0 0.3401442307692308 0.5540865384615384 0.016826923076923076 0.02403846153846154
0 0.28725961538461536 0.5516826923076923 0.01201923076923077 0.028846153846153848
0 0.4639423076923077 0.5673076923076923 0.016826923076923076 0.028846153846153848
0 0.4891826923076923 0.5685096153846154 0.01201923076923077 0.019230769230769232
0 0.3004807692307692 0.5528846153846154 0.019230769230769232 0.028846153846153848
0 0.4387019230769231 0.5673076923076923 0.01201923076923077 0.02403846153846154
0 0.22956730769230768 0.5516826923076923 0.019230769230769232 0.019230769230769232
0 0.40384615384615385 0.5685096153846154 0.016826923076923076 0.02403846153846154
0 0.3485576923076923 0.5673076923076923 0.016826923076923076 0.016826923076923076
0 0.3245192307692308 0.5649038461538461 0.016826923076923076 0.02403846153846154
0 0.5576923076923077 0.5901442307692307 0.021634615384615384 0.04326923076923077
0 0.25240384615384615 0.5661057692307693 0.019230769230769232 0.028846153846153848
0 0.5901442307692307 0.59375 0.021634615384615384 0.03365384615384615
0 0.4206730769230769 0.5829326923076923 0.016826923076923076 0.02403846153846154
0 0.5168269230769231 0.5925480769230769 0.016826923076923076 0.02403846153846154
0 0.4411057692307692 0.5877403846153846 0.019230769230769232 0.028846153846153848
0 0.5072115384615384 0.5961538461538461 0.016826923076923076 0.02403846153846154
0 0.2776442307692308 0.5757211538461539 0.016826923076923076 0.02403846153846154
0 0.49399038461538464 0.5949519230769231 0.016826923076923076 0.03365384615384615
0 0.640625 0.6105769230769231 0.016826923076923076 0.028846153846153848
0 0.22716346153846154 0.5733173076923077 0.016826923076923076 0.028846153846153848
0 0.21394230769230768 0.578125 0.021634615384615384 0.038461538461538464
0 0.3918269230769231 0.5901442307692307 0.016826923076923076 0.03365384615384615
0 0.3786057692307692 0.59375 0.016826923076923076 0.02403846153846154
0 0.34134615384615385 0.5913461538461539 0.016826923076923076 0.03365384615384615
0 0.4206730769230769 0.6045673076923077 0.019230769230769232 0.028846153846153848
0 0.4050480769230769 0.6021634615384616 0.016826923076923076 0.019230769230769232
0 0.7091346153846154 0.6346153846153846 0.016826923076923076 0.038461538461538464
0 0.328125 0.6033653846153846 0.021634615384615384 0.03365384615384615
0 0.5673076923076923 0.6237980769230769 0.021634615384615384 0.03365384615384615
0 0.25 0.6009615384615384 0.021634615384615384 0.03365384615384615
0 0.26802884615384615 0.6045673076923077 0.019230769230769232 0.028846153846153848
0 0.5096153846153846 0.6286057692307693 0.016826923076923076 0.03365384615384615
0 0.36899038461538464 0.6165865384615384 0.021634615384615384 0.03365384615384615
0 0.5360576923076923 0.6310096153846154 0.021634615384615384 0.03365384615384615
0 0.5228365384615384 0.6322115384615384 0.016826923076923076 0.038461538461538464
0 0.46634615384615385 0.625 0.03125 0.052884615384615384
0 0.35216346153846156 0.6201923076923077 0.019230769230769232 0.04326923076923077
0 0.18870192307692307 0.6081730769230769 0.021634615384615384 0.04807692307692308
0 0.3870192307692308 0.625 0.019230769230769232 0.028846153846153848
0 0.4951923076923077 0.6346153846153846 0.016826923076923076 0.028846153846153848
0 0.28725961538461536 0.6165865384615384 0.016826923076923076 0.019230769230769232
0 0.4254807692307692 0.6334134615384616 0.02403846153846154 0.028846153846153848
0 0.8173076923076923 0.671875 0.026442307692307692 0.04807692307692308
0 0.8581730769230769 0.6778846153846154 0.026442307692307692 0.04326923076923077
0 0.609375 0.6598557692307693 0.028846153846153848 0.0625
0 0.29086538461538464 0.6346153846153846 0.02403846153846154 0.028846153846153848
0 0.625 0.6670673076923077 0.021634615384615384 0.04326923076923077
0 0.4362980769230769 0.6550480769230769 0.021634615384615384 0.04326923076923077
0 0.5661057692307693 0.6682692307692307 0.026442307692307692 0.038461538461538464
0 0.20432692307692307 0.6346153846153846 0.021634615384615384 0.04326923076923077
0 0.3449519230769231 0.6538461538461539 0.026442307692307692 0.038461538461538464
0 0.2932692307692308 0.6526442307692307 0.026442307692307692 0.03365384615384615
0 0.2644230769230769 0.6466346153846154 0.021634615384615384 0.04807692307692308
0 0.65625 0.6862980769230769 0.021634615384615384 0.04807692307692308
0 0.3161057692307692 0.6574519230769231 0.026442307692307692 0.04326923076923077
0 0.375 0.6610576923076923 0.03125 0.04807692307692308
0 0.47716346153846156 0.6742788461538461 0.026442307692307692 0.038461538461538464
0 0.5444711538461539 0.6802884615384616 0.040865384615384616 0.057692307692307696
0 0.16826923076923078 0.6490384615384616 0.026442307692307692 0.04326923076923077
0 0.78125 0.7079326923076923 0.036057692307692304 0.052884615384615384
0 0.18509615384615385 0.6586538461538461 0.021634615384615384 0.038461538461538464
0 0.14423076923076922 0.6670673076923077 0.026442307692307692 0.04326923076923077
0 0.5733173076923077 0.7019230769230769 0.026442307692307692 0.038461538461538464
0 0.2980769230769231 0.6802884615384616 0.021634615384615384 0.04326923076923077
0 0.23317307692307693 0.6766826923076923 0.019230769230769232 0.028846153846153848
0 0.4423076923076923 0.6971153846153846 0.026442307692307692 0.04326923076923077
0 0.6322115384615384 0.7151442307692307 0.026442307692307692 0.057692307692307696
0 0.3894230769230769 0.6971153846153846 0.03125 0.052884615384615384
0 0.49399038461538464 0.7055288461538461 0.026442307692307692 0.04326923076923077
0 0.30408653846153844 0.6935096153846154 0.036057692307692304 0.04567307692307692
0 0.6887019230769231 0.7319711538461539 0.021634615384615384 0.04326923076923077
0 0.7127403846153846 0.734375 0.021634615384615384 0.03365384615384615
0 0.8040865384615384 0.7548076923076923 0.03125 0.057692307692307696
0 0.2536057692307692 0.7151442307692307 0.03125 0.04807692307692308
0 0.23317307692307693 0.7115384615384616 0.026442307692307692 0.04326923076923077
0 0.4651442307692308 0.7319711538461539 0.03125 0.052884615384615384
0 0.18269230769230768 0.7115384615384616 0.026442307692307692 0.052884615384615384
0 0.08533653846153846 0.7055288461538461 0.036057692307692304 0.057692307692307696
0 0.21394230769230768 0.7235576923076923 0.036057692307692304 0.04567307692307692
0 0.02403846153846154 0.7067307692307693 0.04807692307692308 0.09134615384615384
0 0.30649038461538464 0.7415865384615384 0.03125 0.04326923076923077
0 0.4362980769230769 0.7680288461538461 0.026442307692307692 0.057692307692307696
0 0.5853365384615384 0.7884615384615384 0.03125 0.052884615384615384
0 0.6514423076923077 0.8040865384615384 0.038461538461538464 0.0625
0 0.7800480769230769 0.828125 0.036057692307692304 0.052884615384615384
0 0.25600961538461536 0.7872596153846154 0.03365384615384615 0.0625
0 0.10216346153846154 0.7716346153846154 0.038461538461538464 0.07692307692307693
0 0.3954326923076923 0.796875 0.040865384615384616 0.057692307692307696
0 0.9591346153846154 0.8485576923076923 0.028846153846153848 0.07211538461538461
0 0.3293269230769231 0.8112980769230769 0.04326923076923077 0.0673076923076923
0 0.16947115384615385 0.7992788461538461 0.04567307692307692 0.052884615384615384
0 0.8040865384615384 0.8653846153846154 0.038461538461538464 0.0673076923076923
0 0.8509615384615384 0.8725961538461539 0.04807692307692308 0.07211538461538461
0 0.375 0.8353365384615384 0.057692307692307696 0.08173076923076923
0 0.7331730769230769 0.8713942307692307 0.02403846153846154 0.0625
0 0.6165865384615384 0.8665865384615384 0.04326923076923077 0.08173076923076923
0 0.7680288461538461 0.8858173076923077 0.052884615384615384 0.07932692307692307
0 0.5096153846153846 0.8725961538461539 0.040865384615384616 0.057692307692307696
0 0.8713942307692307 0.90625 0.057692307692307696 0.09134615384615384
0 0.6033653846153846 0.9134615384615384 0.04326923076923077 0.0673076923076923
0 0.15504807692307693 0.8786057692307693 0.03365384615384615 0.0673076923076923
0 0.4795673076923077 0.9146634615384616 0.038461538461538464 0.0625
0 0.5600961538461539 0.9483173076923077 0.0673076923076923 0.10336538461538461
0 0.4387019230769231 0.9795673076923077 0.05048076923076923 0.038461538461538464