0 0.5132211538461539 0.24519230769230768 0.0625 0.052884615384615384
0 0.34375 0.42427884615384615 0.014423076923076924 0.009615384615384616
0 0.051682692307692304 0.4110576923076923 0.02403846153846154 0.019230769230769232
0 0.078125 0.4206730769230769 0.028846153846153848 0.019230769230769232
0 0.15144230769230768 0.42908653846153844 0.019230769230769232 0.014423076923076924
0 0.7596153846153846 0.46634615384615385 0.02403846153846154 0.019230769230769232
0 0.3473557692307692 0.44711538461538464 0.028846153846153848 0.02403846153846154
0 0.8341346153846154 0.47596153846153844 0.02403846153846154 0.014423076923076924
0 0.7824519230769231 0.4723557692307692 0.019230769230769232 0.014423076923076924
0 0.1778846153846154 0.4411057692307692 0.02403846153846154 0.019230769230769232
0 0.03485576923076923 0.4338942307692308 0.028846153846153848 0.016826923076923076
0 0.9338942307692307 0.4831730769230769 0.04326923076923077 0.02403846153846154
0 0.24759615384615385 0.4495192307692308 0.03365384615384615 0.019230769230769232
0 0.3173076923076923 0.453125 0.03365384615384615 0.019230769230769232
0 0.5024038461538461 0.4651442307692308 0.028846153846153848 0.019230769230769232
0 0.6442307692307693 0.4723557692307692 0.014423076923076924 0.019230769230769232
0 0.7512019230769231 0.47836538461538464 0.019230769230769232 0.014423076923076924
0 0.6682692307692307 0.4735576923076923 0.03365384615384615 0.02403846153846154
0 0.05048076923076923 0.44350961538461536 0.03365384615384615 0.019230769230769232
0 0.8064903846153846 0.4855769230769231 0.02403846153846154 0.019230769230769232
0 0.2247596153846154 0.45552884615384615 0.03365384615384615 0.02403846153846154
0 0.41586538461538464 0.4675480769230769 0.03365384615384615 0.02403846153846154
0 0.28365384615384615 0.46153846153846156 0.02403846153846154 0.014423076923076924
0 0.7283653846153846 0.48677884615384615 0.028846153846153848 0.02403846153846154
0 0.84375 0.49278846153846156 0.02403846153846154 0.02403846153846154
0 0.47836538461538464 0.47596153846153844 0.03365384615384615 0.02403846153846154
0 0.6117788461538461 0.4831730769230769 0.028846153846153848 0.02403846153846154
0 0.7668269230769231 0.49158653846153844 0.03365384615384615 0.02403846153846154
0 0.5817307692307693 0.48197115384615385 0.028846153846153848 0.019230769230769232
0 0.49399038461538464 0.4795673076923077 0.02403846153846154 0.02403846153846154
0 0.11658653846153846 0.45913461538461536 0.028846153846153848 0.019230769230769232
0 0.5637019230769231 0.4831730769230769 0.019230769230769232 0.02403846153846154
0 0.9350961538461539 0.5048076923076923 0.03365384615384615 0.02403846153846154
0 0.9855769230769231 0.5072115384615384 0.02403846153846154 0.02403846153846154
0 0.14423076923076922 0.4651442307692308 0.04326923076923077 0.028846153846153848
0 0.5192307692307693 0.4855769230769231 0.03365384615384615 0.02403846153846154
0 0.021634615384615384 0.4579326923076923 0.04326923076923077 0.036057692307692304
0 0.33653846153846156 0.47596153846153844 0.03365384615384615 0.028846153846153848
0 0.6826923076923077 0.49399038461538464 0.028846153846153848 0.02403846153846154
0 0.10817307692307693 0.4639423076923077 0.03365384615384615 0.019230769230769232
0 0.04807692307692308 0.46153846153846156 0.019230769230769232 0.019230769230769232
0 0.9723557692307693 0.5108173076923077 0.038461538461538464 0.028846153846153848
0 0.4182692307692308 0.4831730769230769 0.02403846153846154 0.019230769230769232
0 0.23557692307692307 0.4735576923076923 0.028846153846153848 0.028846153846153848
0 0.2692307692307692 0.47596153846153844 0.03365384615384615 0.02403846153846154
0 0.30649038461538464 0.47836538461538464 0.038461538461538464 0.02403846153846154
0 0.7127403846153846 0.5012019230769231 0.028846153846153848 0.01201923076923077
0 0.22355769230769232 0.47836538461538464 0.03365384615384615 0.028846153846153848
0 0.7355769230769231 0.5048076923076923 0.028846153846153848 0.02403846153846154
0 0.6430288461538461 0.5 0.028846153846153848 0.02403846153846154
0 0.39302884615384615 0.4891826923076923 0.04326923076923077 0.028846153846153848
0 0.8798076923076923 0.515625 0.038461538461538464 0.02403846153846154
0 0.20072115384615385 0.4795673076923077 0.038461538461538464 0.02403846153846154
0 0.8305288461538461 0.5120192307692307 0.03365384615384615 0.02403846153846154
0 0.5973557692307693 0.5 0.028846153846153848 0.02403846153846154
0 0.765625 0.5144230769230769 0.03365384615384615 0.019230769230769232
0 0.7175480769230769 0.515625 0.03365384615384615 0.028846153846153848
0 0.921875 0.5264423076923077 0.019230769230769232 0.02403846153846154
0 0.9362980769230769 0.5300480769230769 0.028846153846153848 0.019230769230769232
0 0.9014423076923077 0.53125 0.02403846153846154 0.02403846153846154
0 0.6237980769230769 0.5204326923076923 0.03365384615384615 0.028846153846153848
0 0.7932692307692307 0.5360576923076923 0.038461538461538464 0.028846153846153848
0 0.16466346153846154 0.5264423076923077 0.08173076923076923 0.055288461538461536
0 0.5228365384615384 0.5456730769230769 0.0673076923076923 0.052884615384615384
0 0.6971153846153846 0.5576923076923077 0.057692307692307696 0.052884615384615384
0 0.9807692307692307 0.5805288461538461 0.02403846153846154 0.028846153846153848
0 0.3004807692307692 0.5961538461538461 0.028846153846153848 0.02403846153846154
0 0.19471153846153846 0.59375 0.028846153846153848 0.02403846153846154
0 0.9615384615384616 0.6334134615384616 0.04326923076923077 0.019230769230769232
0 0.8786057692307693 0.6334134615384616 0.038461538461538464 0.03365384615384615
0 0.06129807692307692 0.5925480769230769 0.04807692307692308 0.036057692307692304
0 0.27403846153846156 0.6033653846153846 0.038461538461538464 0.028846153846153848
0 0.7932692307692307 0.6382211538461539 0.04326923076923077 0.03365384615384615
0 0.23918269230769232 0.6117788461538461 0.04326923076923077 0.028846153846153848
0 0.6478365384615384 0.6334134615384616 0.038461538461538464 0.028846153846153848
0 0.5853365384615384 0.6322115384615384 0.04807692307692308 0.036057692307692304
0 0.021634615384615384 0.6021634615384616 0.04326923076923077 0.026442307692307692
0 0.9603365384615384 0.6538461538461539 0.03365384615384615 0.019230769230769232
0 0.31971153846153844 0.6225961538461539 0.038461538461538464 0.028846153846153848
0 0.4074519230769231 0.6298076923076923 0.038461538461538464 0.028846153846153848
0 0.9639423076923077 0.671875 0.038461538461538464 0.02403846153846154
0 0.20793269230769232 0.6394230769230769 0.038461538461538464 0.038461538461538464
0 0.052884615384615384 0.6322115384615384 0.04807692307692308 0.03125
0 0.8413461538461539 0.6730769230769231 0.04807692307692308 0.03125
0 0.3545673076923077 0.6526442307692307 0.038461538461538464 0.028846153846153848
0 0.7668269230769231 0.6766826923076923 0.03365384615384615 0.028846153846153848
0 0.009615384615384616 0.6442307692307693 0.019230769230769232 0.03365384615384615
0 0.8978365384615384 0.6911057692307693 0.038461538461538464 0.028846153846153848
0 0.296875 0.6610576923076923 0.052884615384615384 0.03125
0 0.4362980769230769 0.6694711538461539 0.052884615384615384 0.036057692307692304
0 0.9459134615384616 0.7043269230769231 0.038461538461538464 0.028846153846153848
0 0.6153846153846154 0.6911057692307693 0.02403846153846154 0.03365384615384615
0 0.7620192307692307 0.7067307692307693 0.04807692307692308 0.036057692307692304