0 0.5997596153846154 0.34975961538461536 0.15264423076923078 0.21754807692307693
0 0.2247596153846154 0.38221153846153844 0.15745192307692307 0.17548076923076922
0 0.7800480769230769 0.5 0.15745192307692307 0.25961538461538464
0 0.0673076923076923 0.052884615384615384 0.11057692307692307 0.10576923076923077
0 0.9170673076923077 0.055288461538461536 0.0829326923076923 0.11057692307692307
0 0.3798076923076923 0.5853365384615384 0.20793269230769232 0.25961538461538464
0 0.7271634615384616 0.06009615384615385 0.09254807692307693 0.1201923076923077
0 0.32211538461538464 0.06971153846153846 0.13942307692307693 0.13942307692307693
0 0.41225961538461536 0.8305288461538461 0.2403846153846154 0.25
0 0.8653846153846154 0.9170673076923077 0.22235576923076922 0.15745192307692307
0 0.5901442307692307 0.11057692307692307 0.13942307692307693 0.203125
0 0.7151442307692307 0.20552884615384615 0.10216346153846154 0.17548076923076922
0 0.2127403846153846 0.20793269230769232 0.17548076923076922 0.09735576923076923