0 0.30546875 0.10859375 0.0875 0.134375
0 0.76171875 0.12265625 0.059375 0.05625
0 0.56484375 0.1296875 0.084375 0.06875
0 0.84453125 0.1390625 0.075 0.10625
0 0.37734375 0.14140625 0.084375 0.065625
0 0.93984375 0.17578125 0.059375 0.078125
0 0.3890625 0.1828125 0.06875 0.05625
0 0.88203125 0.01875 0.046875 0.0375
0 0.034375 0.20390625 0.06875 0.1203125
0 0.45859375 0.2109375 0.09375 0.096875
0 0.69453125 0.215625 0.075 0.14375
0 0.5859375 0.24296875 0.078125 0.1109375
0 0.25703125 0.24765625 0.09375 0.1296875
0 0.1828125 0.028125 0.09375 0.05625
0 0.028125 0.028125 0.05625 0.05625
0 0.76640625 0.28203125 0.096875 0.125
0 0.365625 0.284375 0.0875 0.075
0 0.17109375 0.3265625 0.09375 0.1203125
0 0.86328125 0.3359375 0.09375 0.1203125
0 0.96953125 0.3515625 0.059375 0.125
0 0.528125 0.3515625 0.078125 0.1296875
0 0.2734375 0.38671875 0.096875 0.1203125
0 0.41640625 0.39140625 0.096875 0.1296875
0 0.0625 0.41171875 0.1015625 0.1484375
0 0.9140625 0.51640625 0.096875 0.14375
0 0.715625 0.528125 0.1203125 0.1625
0 0.80546875 0.05546875 0.06875 0.0875
0 0.45390625 0.56015625 0.09375 0.1390625
0 0.22890625 0.56015625 0.1015625 0.153125
0 0.39609375 0.06015625 0.075 0.096875
0 0.91875 0.06015625 0.078125 0.0875
0 0.98125 0.0671875 0.028125 0.125
0 0.1296875 0.07890625 0.096875 0.125
0 0.48828125 0.08359375 0.0875 0.10625
0 0.6640625 0.09296875 0.078125 0.078125