0 0.953125 0.10216346153846154 0.037259615384615384 0.05048076923076923
0 0.6502403846153846 0.11538461538461539 0.027644230769230768 0.046875
0 0.7079326923076923 0.1201923076923077 0.03245192307692308 0.05048076923076923
0 0.4519230769230769 0.12259615384615384 0.042067307692307696 0.06009615384615385
0 0.7379807692307693 0.12259615384615384 0.027644230769230768 0.05048076923076923
0 0.3449519230769231 0.125 0.046875 0.06009615384615385
0 0.5697115384615384 0.125 0.042067307692307696 0.05048076923076923
0 0.8028846153846154 0.12980769230769232 0.046875 0.05048076923076923
0 0.484375 0.13942307692307693 0.042067307692307696 0.046875
0 0.9230769230769231 0.14543269230769232 0.042067307692307696 0.05048076923076923
0 0.09254807692307693 0.14783653846153846 0.03245192307692308 0.05048076923076923
0 0.8930288461538461 0.014423076923076924 0.027644230769230768 0.027644230769230768
0 0.5408653846153846 0.015625 0.038461538461538464 0.03125
0 0.9855769230769231 0.15264423076923078 0.027644230769230768 0.055288461538461536
0 0.9675480769230769 0.15745192307692307 0.042067307692307696 0.06490384615384616
0 0.6574519230769231 0.16466346153846154 0.046875 0.06490384615384616
0 0.8064903846153846 0.018028846153846152 0.03125 0.036057692307692304
0 0.5769230769230769 0.17307692307692307 0.046875 0.06009615384615385
0 0.015625 0.018028846153846152 0.03125 0.036057692307692304
0 0.06850961538461539 0.018028846153846152 0.036057692307692304 0.036057692307692304
0 0.3076923076923077 0.18028846153846154 0.042067307692307696 0.06490384615384616
0 0.18990384615384615 0.18028846153846154 0.05048076923076923 0.07451923076923077
0 0.37740384615384615 0.18269230769230768 0.046875 0.06490384615384616
0 0.4699519230769231 0.18990384615384615 0.037259615384615384 0.06490384615384616
0 0.12139423076923077 0.020432692307692308 0.026442307692307692 0.040865384615384616
0 0.33653846153846156 0.020432692307692308 0.03365384615384615 0.040865384615384616
0 0.7067307692307693 0.020432692307692308 0.03365384615384615 0.040865384615384616
0 0.020432692307692308 0.21033653846153846 0.037259615384615384 0.05048076923076923
0 0.08052884615384616 0.21033653846153846 0.042067307692307696 0.055288461538461536
0 0.04807692307692308 0.21514423076923078 0.037259615384615384 0.05048076923076923
0 0.4423076923076923 0.22235576923076922 0.027644230769230768 0.042067307692307696
0 0.6262019230769231 0.02283653846153846 0.036057692307692304 0.04567307692307692
0 0.7848557692307693 0.23557692307692307 0.06009615384615385 0.06971153846153846
0 0.8894230769230769 0.25721153846153844 0.05048076923076923 0.06490384615384616
0 0.19471153846153846 0.265625 0.046875 0.06971153846153846
0 0.8653846153846154 0.027644230769230768 0.02283653846153846 0.027644230769230768
0 0.5204326923076923 0.027644230769230768 0.027644230769230768 0.042067307692307696
0 0.6971153846153846 0.2848557692307692 0.05048076923076923 0.06490384615384616
0 0.11538461538461539 0.33533653846153844 0.055288461538461536 0.06009615384615385
0 0.027644230769230768 0.3425480769230769 0.046875 0.06490384615384616
0 0.4795673076923077 0.039663461538461536 0.027644230769230768 0.05048076923076923
0 0.9471153846153846 0.042067307692307696 0.027644230769230768 0.037259615384615384
0 0.546875 0.4519230769230769 0.06490384615384616 0.08774038461538461
0 0.8774038461538461 0.4723557692307692 0.06009615384615385 0.08774038461538461
0 0.11057692307692307 0.5324519230769231 0.06009615384615385 0.0829326923076923
0 0.018028846153846152 0.53125 0.036057692307692304 0.08653846153846154
0 0.8425480769230769 0.052884615384615384 0.027644230769230768 0.046875
0 0.9795673076923077 0.052884615384615384 0.027644230769230768 0.042067307692307696
0 0.24278846153846154 0.052884615384615384 0.037259615384615384 0.05048076923076923
0 0.6947115384615384 0.055288461538461536 0.03245192307692308 0.046875
0 0.6598557692307693 0.06009615384615385 0.042067307692307696 0.055288461538461536
0 0.8774038461538461 0.0625 0.03245192307692308 0.046875
0 0.13942307692307693 0.0625 0.042067307692307696 0.06490384615384616
0 0.4375 0.6322115384615384 0.06971153846153846 0.09735576923076923
0 0.057692307692307696 0.6899038461538461 0.0829326923076923 0.11057692307692307
0 0.2980769230769231 0.6995192307692307 0.07451923076923077 0.09735576923076923
0 0.9471153846153846 0.7103365384615384 0.0829326923076923 0.10697115384615384
0 0.5096153846153846 0.07211538461538461 0.037259615384615384 0.05048076923076923
0 0.25 0.7319711538461539 0.05048076923076923 0.09735576923076923
0 0.6694711538461539 0.734375 0.06009615384615385 0.06971153846153846
0 0.3449519230769231 0.08052884615384616 0.046875 0.06009615384615385
0 0.49038461538461536 0.8894230769230769 0.09735576923076923 0.06009615384615385
0 0.8125 0.8930288461538461 0.06490384615384616 0.042067307692307696
0 0.7427884615384616 0.8978365384615384 0.06971153846153846 0.027644230769230768
0 0.421875 0.09254807692307693 0.05048076923076923 0.06490384615384616