0 0.32572115384615385 0.4795673076923077 0.004807692307692308 0.004807692307692308
0 0.40024038461538464 0.49038461538461536 0.007211538461538462 0.009615384615384616
0 0.31971153846153844 0.4831730769230769 0.004807692307692308 0.007211538461538462
0 0.4675480769230769 0.5012019230769231 0.004807692307692308 0.004807692307692308
0 0.39663461538461536 0.4951923076923077 0.004807692307692308 0.007211538461538462
0 0.4050480769230769 0.49759615384615385 0.004807692307692308 0.009615384615384616
0 0.4375 0.5024038461538461 0.007211538461538462 0.007211538461538462
0 0.4519230769230769 0.5036057692307693 0.007211538461538462 0.007211538461538462
0 0.3401442307692308 0.49278846153846156 0.004807692307692308 0.004807692307692308
0 0.42788461538461536 0.5024038461538461 0.004807692307692308 0.007211538461538462
0 0.28846153846153844 0.4879807692307692 0.004807692307692308 0.007211538461538462
0 0.4579326923076923 0.5060096153846154 0.007211538461538462 0.007211538461538462
0 0.06490384615384616 0.4651442307692308 0.007211538461538462 0.007211538461538462
0 0.3016826923076923 0.49158653846153844 0.004807692307692308 0.007211538461538462
0 0.3076923076923077 0.49278846153846156 0.004807692307692308 0.007211538461538462
0 0.31490384615384615 0.49399038461538464 0.004807692307692308 0.007211538461538462
0 0.27524038461538464 0.4891826923076923 0.004807692307692308 0.007211538461538462
0 0.33052884615384615 0.4963942307692308 0.004807692307692308 0.004807692307692308
0 0.3581730769230769 0.5 0.004807692307692308 0.007211538461538462
0 0.2776442307692308 0.49278846153846156 0.004807692307692308 0.009615384615384616
0 0.4831730769230769 0.5144230769230769 0.007211538461538462 0.007211538461538462
0 0.19230769230769232 0.4855769230769231 0.007211538461538462 0.01201923076923077
0 0.265625 0.49399038461538464 0.007211538461538462 0.01201923076923077
0 0.2920673076923077 0.4963942307692308 0.004807692307692308 0.007211538461538462
0 0.9206730769230769 0.5625 0.009615384615384616 0.009615384615384616
0 0.36658653846153844 0.5048076923076923 0.007211538461538462 0.007211538461538462
0 0.4579326923076923 0.515625 0.004807692307692308 0.009615384615384616
0 0.4675480769230769 0.5180288461538461 0.009615384615384616 0.01201923076923077
0 0.9314903846153846 0.5685096153846154 0.007211538461538462 0.007211538461538462
0 0.40625 0.5132211538461539 0.004807692307692308 0.004807692307692308
0 0.43509615384615385 0.5192307692307693 0.007211538461538462 0.009615384615384616
0 0.4879807692307692 0.5252403846153846 0.007211538461538462 0.009615384615384616
0 0.9411057692307693 0.5733173076923077 0.01201923076923077 0.01201923076923077
0 0.30649038461538464 0.5060096153846154 0.004807692307692308 0.009615384615384616
0 0.41586538461538464 0.5192307692307693 0.007211538461538462 0.007211538461538462
0 0.4495192307692308 0.5228365384615384 0.004807692307692308 0.007211538461538462
0 0.22235576923076922 0.5 0.007211538461538462 0.01201923076923077
0 0.44350961538461536 0.5228365384615384 0.007211538461538462 0.009615384615384616
0 0.39663461538461536 0.5192307692307693 0.007211538461538462 0.007211538461538462
0 0.4026442307692308 0.5204326923076923 0.007211538461538462 0.007211538461538462
0 0.49399038461538464 0.5300480769230769 0.007211538461538462 0.009615384615384616
0 0.3473557692307692 0.515625 0.004807692307692308 0.007211538461538462
0 0.3762019230769231 0.5180288461538461 0.007211538461538462 0.004807692307692308
0 0.35697115384615385 0.5168269230769231 0.004807692307692308 0.007211538461538462
0 0.5 0.53125 0.007211538461538462 0.01201923076923077
0 0.42427884615384615 0.5228365384615384 0.007211538461538462 0.009615384615384616
0 0.9122596153846154 0.5757211538461539 0.007211538461538462 0.014423076923076924
0 0.2644230769230769 0.5084134615384616 0.007211538461538462 0.009615384615384616
0 0.4098557692307692 0.5240384615384616 0.007211538461538462 0.009615384615384616
0 0.28846153846153844 0.5132211538461539 0.007211538461538462 0.01201923076923077
0 0.2980769230769231 0.5132211538461539 0.007211538461538462 0.009615384615384616
0 0.3125 0.5180288461538461 0.007211538461538462 0.009615384615384616
0 0.3641826923076923 0.5228365384615384 0.007211538461538462 0.009615384615384616
0 0.9483173076923077 0.5853365384615384 0.01201923076923077 0.01201923076923077
0 0.578125 0.546875 0.01201923076923077 0.014423076923076924
0 0.46033653846153844 0.5348557692307693 0.004807692307692308 0.009615384615384616
0 0.30288461538461536 0.5204326923076923 0.009615384615384616 0.007211538461538462
0 0.6021634615384616 0.5528846153846154 0.01201923076923077 0.01201923076923077
0 0.9675480769230769 0.59375 0.014423076923076924 0.016826923076923076
0 0.5360576923076923 0.5504807692307693 0.009615384615384616 0.009615384615384616
0 0.5600961538461539 0.5528846153846154 0.009615384615384616 0.014423076923076924
0 0.7560096153846154 0.5757211538461539 0.01201923076923077 0.014423076923076924
0 0.5108173076923077 0.5492788461538461 0.009615384615384616 0.01201923076923077
0 0.296875 0.5276442307692307 0.007211538461538462 0.01201923076923077
0 0.27884615384615385 0.5276442307692307 0.007211538461538462 0.01201923076923077
0 0.1201923076923077 0.5120192307692307 0.01201923076923077 0.014423076923076924
0 0.25721153846153844 0.5276442307692307 0.009615384615384616 0.014423076923076924
0 0.546875 0.5576923076923077 0.009615384615384616 0.01201923076923077
0 0.6069711538461539 0.5649038461538461 0.009615384615384616 0.009615384615384616
0 0.6550480769230769 0.5697115384615384 0.007211538461538462 0.009615384615384616
0 0.8173076923076923 0.5877403846153846 0.01201923076923077 0.014423076923076924
0 0.578125 0.5625 0.009615384615384616 0.014423076923076924
0 0.6634615384615384 0.5733173076923077 0.007211538461538462 0.007211538461538462
0 0.8581730769230769 0.5949519230769231 0.01201923076923077 0.014423076923076924
0 0.10576923076923077 0.515625 0.009615384615384616 0.009615384615384616
0 0.1971153846153846 0.5264423076923077 0.014423076923076924 0.016826923076923076
0 0.3269230769230769 0.5432692307692307 0.009615384615384616 0.014423076923076924
0 0.28846153846153844 0.5408653846153846 0.007211538461538462 0.01201923076923077
0 0.7848557692307693 0.5925480769230769 0.009615384615384616 0.009615384615384616
0 0.3076923076923077 0.5444711538461539 0.009615384615384616 0.01201923076923077
0 0.6887019230769231 0.5841346153846154 0.004807692307692308 0.01201923076923077
0 0.7944711538461539 0.5973557692307693 0.009615384615384616 0.016826923076923076
0 0.08173076923076923 0.5228365384615384 0.009615384615384616 0.014423076923076924
0 0.6153846153846154 0.5793269230769231 0.007211538461538462 0.009615384615384616
0 0.5420673076923077 0.5733173076923077 0.01201923076923077 0.014423076923076924
0 0.22716346153846154 0.5408653846153846 0.01201923076923077 0.014423076923076924
0 0.59375 0.5805288461538461 0.009615384615384616 0.009615384615384616
0 0.2091346153846154 0.5408653846153846 0.009615384615384616 0.014423076923076924
0 0.36658653846153844 0.5625 0.016826923076923076 0.019230769230769232
0 0.390625 0.5649038461538461 0.014423076923076924 0.019230769230769232
0 0.5913461538461539 0.5865384615384616 0.009615384615384616 0.01201923076923077
0 0.4423076923076923 0.5733173076923077 0.014423076923076924 0.014423076923076924
0 0.6730769230769231 0.5985576923076923 0.01201923076923077 0.014423076923076924
0 0.46875 0.578125 0.014423076923076924 0.014423076923076924
0 0.057692307692307696 0.5396634615384616 0.01201923076923077 0.014423076923076924
0 0.6959134615384616 0.6057692307692307 0.009615384615384616 0.01201923076923077
0 0.7824519230769231 0.6165865384615384 0.01201923076923077 0.014423076923076924
0 0.21634615384615385 0.5625 0.01201923076923077 0.01201923076923077
0 0.01201923076923077 0.5444711538461539 0.014423076923076924 0.016826923076923076
0 0.6442307692307693 0.6105769230769231 0.01201923076923077 0.01201923076923077
0 0.6117788461538461 0.6129807692307693 0.01201923076923077 0.01201923076923077
0 0.859375 0.6418269230769231 0.016826923076923076 0.014423076923076924
0 0.4723557692307692 0.6009615384615384 0.009615384615384616 0.014423076923076924
0 0.8245192307692307 0.6394230769230769 0.014423076923076924 0.016826923076923076
0 0.7836538461538461 0.640625 0.01201923076923077 0.014423076923076924
0 0.7283653846153846 0.6358173076923077 0.014423076923076924 0.016826923076923076
0 0.5817307692307693 0.6225961538461539 0.014423076923076924 0.016826923076923076
0 0.7584134615384616 0.6442307692307693 0.014423076923076924 0.016826923076923076
0 0.0625 0.5733173076923077 0.014423076923076924 0.016826923076923076
0 0.9795673076923077 0.6754807692307693 0.01201923076923077 0.02403846153846154
0 0.1658653846153846 0.5949519230769231 0.014423076923076924 0.016826923076923076
0 0.6850961538461539 0.6538461538461539 0.014423076923076924 0.016826923076923076
0 0.6213942307692307 0.6502403846153846 0.016826923076923076 0.019230769230769232
0 0.9507211538461539 0.6862980769230769 0.016826923076923076 0.02403846153846154
0 0.8653846153846154 0.6790865384615384 0.014423076923076924 0.021634615384615384
0 0.3161057692307692 0.6334134615384616 0.014423076923076924 0.019230769230769232
0 0.13581730769230768 0.6225961538461539 0.01201923076923077 0.016826923076923076
0 0.8004807692307693 0.6995192307692307 0.016826923076923076 0.02403846153846154
0 0.5661057692307693 0.6899038461538461 0.014423076923076924 0.02403846153846154
0 0.6814903846153846 0.7067307692307693 0.016826923076923076 0.021634615384615384
0 0.1935096153846154 0.6622596153846154 0.01201923076923077 0.01201923076923077
0 0.7680288461538461 0.7259615384615384 0.014423076923076924 0.016826923076923076
0 0.6670673076923077 0.7163461538461539 0.016826923076923076 0.02403846153846154
0 0.7596153846153846 0.734375 0.014423076923076924 0.02403846153846154
0 0.15625 0.671875 0.016826923076923076 0.02403846153846154
0 0.36177884615384615 0.6959134615384616 0.014423076923076924 0.021634615384615384
0 0.4050480769230769 0.7055288461538461 0.016826923076923076 0.02403846153846154
0 0.7536057692307693 0.7512019230769231 0.016826923076923076 0.026442307692307692
0 0.3293269230769231 0.7271634615384616 0.019230769230769232 0.026442307692307692
0 0.8485576923076923 0.7884615384615384 0.021634615384615384 0.03125
0 0.859375 0.7932692307692307 0.016826923076923076 0.02403846153846154
0 0.13822115384615385 0.7572115384615384 0.02403846153846154 0.03125
0 0.007211538461538462 0.7560096153846154 0.014423076923076924 0.026442307692307692
0 0.8485576923076923 0.8533653846153846 0.021634615384615384 0.03125
0 0.8725961538461539 0.8617788461538461 0.019230769230769232 0.028846153846153848
0 0.7944711538461539 0.8641826923076923 0.026442307692307692 0.03125
0 0.2704326923076923 0.8209134615384616 0.019230769230769232 0.02403846153846154
0 0.3076923076923077 0.8401442307692307 0.02403846153846154 0.028846153846153848
0 0.8653846153846154 0.9026442307692307 0.028846153846153848 0.036057692307692304
0 0.019230769230769232 0.8112980769230769 0.038461538461538464 0.06971153846153846