0 0.61328125 0.7921875 0.09375 0.1578125
0 0.0578125 0.76796875 0.1109375 0.11875
0 0.39765625 0.84765625 0.0984375 0.0859375
0 0.76953125 0.95 0.1234375 0.1
0 0.43125 0.9375 0.134375 0.125
0 0.1046875 0.8984375 0.2015625 0.11875
0 0.56171875 0.10859375 0.0859375 0.0984375
0 0.9765625 0.18125 0.046875 0.11875
0 0.353125 0.11484375 0.05 0.096875
0 0.39765625 0.13046875 0.065625 0.1125
0 0.26875 0.1171875 0.0859375 0.103125
0 0.86484375 0.2140625 0.0640625 0.103125
0 0.75078125 0.1984375 0.0734375 0.078125
0 0.44765625 0.17734375 0.0703125 0.1125
0 0.62578125 0.2046875 0.08125 0.096875
0 0.97265625 0.3375 0.0546875 0.115625
0 0.284375 0.23828125 0.071875 0.090625
0 0.7171875 0.3171875 0.090625 0.134375
0 0.515625 0.2890625 0.084375 0.084375
0 0.50703125 0.03359375 0.0515625 0.0671875
0 0.3953125 0.36640625 0.08125 0.1015625
0 0.909375 0.0921875 0.0765625 0.0859375
0 0.83515625 0.4421875 0.08125 0.1328125
0 0.48203125 0.40859375 0.090625 0.134375
0 0.25078125 0.4109375 0.065625 0.1125
0 0.296875 0.4640625 0.08125 0.1328125
0 0.909375 0.5625 0.1078125 0.190625
0 0.55859375 0.5640625 0.0921875 0.1390625
0 0.08671875 0.5 0.128125 0.1171875
0 0.51953125 0.06328125 0.0359375 0.090625
0 0.04609375 0.634375 0.0921875 0.096875
0 0.73203125 0.09765625 0.0609375 0.0859375
0 0.24296875 0.66484375 0.1 0.1359375