0 0.6442307692307693 0.025240384615384616 0.038461538461538464 0.05048076923076923
0 0.046875 0.27524038461538464 0.03125 0.08413461538461539
0 0.018028846153846152 0.27524038461538464 0.036057692307692304 0.0985576923076923
0 0.28365384615384615 0.2668269230769231 0.03125 0.08413461538461539
0 0.5564903846153846 0.25961538461538464 0.04807692307692308 0.0673076923076923
0 0.5360576923076923 0.26322115384615385 0.026442307692307692 0.08413461538461539
0 0.44471153846153844 0.265625 0.03365384615384615 0.06009615384615385
0 0.2091346153846154 0.2800480769230769 0.036057692307692304 0.08413461538461539
0 0.6141826923076923 0.2692307692307692 0.038461538461538464 0.0673076923076923
0 0.8822115384615384 0.2644230769230769 0.040865384615384616 0.0889423076923077
0 0.5108173076923077 0.2920673076923077 0.040865384615384616 0.09375
0 0.3329326923076923 0.3004807692307692 0.036057692307692304 0.08413461538461539
0 0.006009615384615385 0.3137019230769231 0.01201923076923077 0.07451923076923077
0 0.08413461538461539 0.04447115384615385 0.03365384615384615 0.06009615384615385
0 0.046875 0.04807692307692308 0.038461538461538464 0.0673076923076923
0 0.17548076923076922 0.3137019230769231 0.04567307692307692 0.08413461538461539
0 0.6899038461538461 0.2956730769230769 0.036057692307692304 0.08413461538461539
0 0.2692307692307692 0.3233173076923077 0.03125 0.06971153846153846
0 0.7548076923076923 0.30528846153846156 0.04567307692307692 0.10336538461538461
0 0.0985576923076923 0.3293269230769231 0.03365384615384615 0.055288461538461536
0 0.6634615384615384 0.3161057692307692 0.040865384615384616 0.09375
0 0.1346153846153846 0.33774038461538464 0.036057692307692304 0.09375
0 0.8533653846153846 0.025240384615384616 0.028846153846153848 0.05048076923076923
0 0.9399038461538461 0.02403846153846154 0.028846153846153848 0.04807692307692308
0 0.5709134615384616 0.3245192307692308 0.036057692307692304 0.10336538461538461
0 0.6334134615384616 0.33052884615384615 0.036057692307692304 0.11057692307692307
0 0.8112980769230769 0.3293269230769231 0.036057692307692304 0.0985576923076923
0 0.4375 0.3473557692307692 0.036057692307692304 0.0985576923076923
0 0.22716346153846154 0.359375 0.040865384615384616 0.0985576923076923
0 0.6045673076923077 0.34615384615384615 0.036057692307692304 0.10817307692307693
0 0.46875 0.036057692307692304 0.02403846153846154 0.06490384615384616
0 0.1971153846153846 0.04807692307692308 0.036057692307692304 0.06971153846153846
0 0.5649038461538461 0.03485576923076923 0.028846153846153848 0.06009615384615385
0 0.015625 0.3701923076923077 0.03125 0.10096153846153846
0 0.8329326923076923 0.3425480769230769 0.03125 0.07932692307692307
0 0.0673076923076923 0.3713942307692308 0.03125 0.10336538461538461
0 0.4050480769230769 0.3629807692307692 0.036057692307692304 0.07451923076923077
0 0.3581730769230769 0.36778846153846156 0.04567307692307692 0.07211538461538461
0 0.5252403846153846 0.36177884615384615 0.040865384615384616 0.09375
0 0.9122596153846154 0.35096153846153844 0.040865384615384616 0.09375
0 0.002403846153846154 0.056490384615384616 0.004807692307692308 0.07932692307692307
0 0.32091346153846156 0.38341346153846156 0.036057692307692304 0.07932692307692307
0 0.7295673076923077 0.3737980769230769 0.040865384615384616 0.09375
0 0.9723557692307693 0.36538461538461536 0.040865384615384616 0.11298076923076923
0 0.16947115384615385 0.39663461538461536 0.036057692307692304 0.06971153846153846
0 0.48677884615384615 0.38461538461538464 0.036057692307692304 0.09375
0 0.28846153846153844 0.3918269230769231 0.03125 0.0889423076923077
0 0.109375 0.40024038461538464 0.04567307692307692 0.0889423076923077
0 0.19951923076923078 0.4110576923076923 0.036057692307692304 0.09375
0 0.8954326923076923 0.4110576923076923 0.04567307692307692 0.09375
0 0.15504807692307693 0.43990384615384615 0.036057692307692304 0.0985576923076923
0 0.09254807692307693 0.4495192307692308 0.036057692307692304 0.0889423076923077
0 0.6021634615384616 0.44350961538461536 0.04567307692307692 0.10817307692307693
0 0.8064903846153846 0.44471153846153844 0.040865384615384616 0.09375
0 0.5685096153846154 0.4579326923076923 0.040865384615384616 0.0889423076923077
0 0.0733173076923077 0.47716346153846156 0.036057692307692304 0.09375
0 0.7692307692307693 0.45552884615384615 0.040865384615384616 0.0889423076923077
0 0.7560096153846154 0.042067307692307696 0.036057692307692304 0.08413461538461539
0 0.6682692307692307 0.4795673076923077 0.036057692307692304 0.08413461538461539
0 0.43509615384615385 0.49278846153846156 0.036057692307692304 0.0889423076923077
0 0.4723557692307692 0.49399038461538464 0.03365384615384615 0.05048076923076923
0 0.7451923076923077 0.48677884615384615 0.040865384615384616 0.0985576923076923
0 0.1971153846153846 0.5060096153846154 0.040865384615384616 0.10817307692307693
0 0.5180288461538461 0.4963942307692308 0.05048076923076923 0.08413461538461539
0 0.6670673076923077 0.04447115384615385 0.028846153846153848 0.06490384615384616
0 0.3004807692307692 0.5072115384615384 0.02403846153846154 0.055288461538461536
0 0.36538461538461536 0.5192307692307693 0.02403846153846154 0.06009615384615385
0 0.9230769230769231 0.5060096153846154 0.04567307692307692 0.0985576923076923
0 0.5456730769230769 0.5192307692307693 0.028846153846153848 0.06009615384615385
0 0.8858173076923077 0.5144230769230769 0.036057692307692304 0.0889423076923077
0 0.7235576923076923 0.5228365384615384 0.040865384615384616 0.0985576923076923
0 0.4182692307692308 0.5372596153846154 0.036057692307692304 0.06971153846153846
0 0.051682692307692304 0.5504807692307693 0.036057692307692304 0.0889423076923077
0 0.2692307692307692 0.5480769230769231 0.036057692307692304 0.10336538461538461
0 0.6634615384615384 0.5336538461538461 0.040865384615384616 0.07692307692307693
0 0.08533653846153846 0.5588942307692307 0.040865384615384616 0.10336538461538461
0 0.8137019230769231 0.5336538461538461 0.02403846153846154 0.06490384615384616
0 0.9675480769230769 0.042067307692307696 0.03125 0.08413461538461539
0 0.5865384615384616 0.5492788461538461 0.040865384615384616 0.09375
0 0.3076923076923077 0.5625 0.02403846153846154 0.06490384615384616
0 0.45552884615384615 0.5564903846153846 0.03365384615384615 0.06490384615384616
0 0.171875 0.5697115384615384 0.04567307692307692 0.0889423076923077
0 0.7079326923076923 0.5528846153846154 0.040865384615384616 0.0889423076923077
0 0.5276442307692307 0.5661057692307693 0.038461538461538464 0.0673076923076923
0 0.12259615384615384 0.5805288461538461 0.040865384615384616 0.10817307692307693
0 0.49038461538461536 0.5697115384615384 0.04567307692307692 0.08413461538461539
0 0.33052884615384615 0.5829326923076923 0.02403846153846154 0.06490384615384616
0 0.8617788461538461 0.5661057692307693 0.036057692307692304 0.09375
0 0.3954326923076923 0.5841346153846154 0.03365384615384615 0.06490384615384616
0 0.9603365384615384 0.5673076923076923 0.036057692307692304 0.0889423076923077
0 0.7860576923076923 0.5829326923076923 0.04567307692307692 0.10817307692307693
0 0.9867788461538461 0.5745192307692307 0.026442307692307692 0.1201923076923077
0 0.028846153846153848 0.6117788461538461 0.03125 0.10817307692307693
0 0.7091346153846154 0.052884615384615384 0.036057692307692304 0.07451923076923077
0 0.36899038461538464 0.6069711538461539 0.040865384615384616 0.0889423076923077
0 0.4495192307692308 0.625 0.03125 0.09375
0 0.4266826923076923 0.0673076923076923 0.026442307692307692 0.07451923076923077
0 0.2692307692307692 0.6358173076923077 0.036057692307692304 0.08413461538461539
0 0.7427884615384616 0.6213942307692307 0.036057692307692304 0.0985576923076923
0 0.9242788461538461 0.6177884615384616 0.04567307692307692 0.10817307692307693
0 0.671875 0.6334134615384616 0.03125 0.10817307692307693
0 0.5300480769230769 0.6394230769230769 0.040865384615384616 0.10817307692307693
0 0.5721153846153846 0.6382211538461539 0.040865384615384616 0.10336538461538461
0 0.5865384615384616 0.06129807692307692 0.028846153846153848 0.06009615384615385
0 0.25 0.6586538461538461 0.040865384615384616 0.0985576923076923
0 0.203125 0.6610576923076923 0.03125 0.08413461538461539
0 0.33774038461538464 0.65625 0.036057692307692304 0.10336538461538461
0 0.6526442307692307 0.6502403846153846 0.036057692307692304 0.10817307692307693
0 0.8353365384615384 0.6454326923076923 0.04567307692307692 0.10817307692307693
0 0.4855769230769231 0.6634615384615384 0.040865384615384616 0.0985576923076923
0 0.6983173076923077 0.6574519230769231 0.03125 0.10336538461538461
0 0.42788461538461536 0.6694711538461539 0.036057692307692304 0.10336538461538461
0 0.9242788461538461 0.051682692307692304 0.040865384615384616 0.0985576923076923
0 0.2980769230769231 0.6899038461538461 0.036057692307692304 0.0985576923076923
0 0.3942307692307692 0.7055288461538461 0.04567307692307692 0.10817307692307693
0 0.1502403846153846 0.7151442307692307 0.04567307692307692 0.0985576923076923
0 0.021634615384615384 0.7223557692307693 0.03125 0.10817307692307693
0 0.4375 0.7151442307692307 0.03125 0.0889423076923077
0 0.19230769230769232 0.7283653846153846 0.04567307692307692 0.11298076923076923
0 0.23557692307692307 0.7319711538461539 0.04567307692307692 0.10817307692307693
0 0.2860576923076923 0.7319711538461539 0.04567307692307692 0.10817307692307693
0 0.5480769230769231 0.06971153846153846 0.03125 0.09375
0 0.3557692307692308 0.07932692307692307 0.026442307692307692 0.06971153846153846
0 0.9086538461538461 0.7175480769230769 0.05048076923076923 0.12740384615384615
0 0.06850961538461539 0.7560096153846154 0.05048076923076923 0.07692307692307693
0 0.8413461538461539 0.0625 0.04567307692307692 0.08413461538461539
0 0.33653846153846156 0.7584134615384616 0.040865384615384616 0.0985576923076923
0 0.9867788461538461 0.7379807692307693 0.026442307692307692 0.1201923076923077
0 0.03485576923076923 0.7764423076923077 0.040865384615384616 0.0889423076923077
0 0.7295673076923077 0.7644230769230769 0.04567307692307692 0.10817307692307693
0 0.7896634615384616 0.7776442307692307 0.040865384615384616 0.11298076923076923
0 0.31009615384615385 0.08653846153846154 0.036057692307692304 0.09375
0 0.11538461538461539 0.8161057692307693 0.04567307692307692 0.10817307692307693
0 0.13822115384615385 0.828125 0.036057692307692304 0.0985576923076923
0 0.17307692307692307 0.8293269230769231 0.04567307692307692 0.10817307692307693
0 0.5 0.0829326923076923 0.03125 0.07932692307692307
0 0.026442307692307692 0.8521634615384616 0.03125 0.11538461538461539
0 0.0673076923076923 0.8533653846153846 0.040865384615384616 0.11298076923076923
0 0.6899038461538461 0.8485576923076923 0.04567307692307692 0.10817307692307693
0 0.8617788461538461 0.8509615384615384 0.03125 0.09375
0 0.3858173076923077 0.8701923076923077 0.040865384615384616 0.11778846153846154
0 0.26802884615384615 0.8786057692307693 0.036057692307692304 0.10817307692307693
0 0.640625 0.8774038461538461 0.040865384615384616 0.09375
0 0.4855769230769231 0.8942307692307693 0.040865384615384616 0.11298076923076923
0 0.5216346153846154 0.9002403846153846 0.040865384615384616 0.10817307692307693
0 0.22956730769230768 0.9122596153846154 0.036057692307692304 0.0985576923076923
0 0.3317307692307692 0.9134615384615384 0.040865384615384616 0.0889423076923077
0 0.7644230769230769 0.8990384615384616 0.04567307692307692 0.09375
0 0.8293269230769231 0.9170673076923077 0.04567307692307692 0.10817307692307693
0 0.5661057692307693 0.9447115384615384 0.03125 0.07932692307692307
0 0.9759615384615384 0.9350961538461539 0.04567307692307692 0.09375
0 0.90625 0.9459134615384616 0.04567307692307692 0.07692307692307693
0 0.6081730769230769 0.9591346153846154 0.03365384615384615 0.06490384615384616
0 0.6826923076923077 0.9591346153846154 0.04326923076923077 0.0673076923076923
0 0.7644230769230769 0.9663461538461539 0.04326923076923077 0.04326923076923077
0 0.10216346153846154 0.12620192307692307 0.040865384615384616 0.09375
0 0.7836538461538461 0.11298076923076923 0.03365384615384615 0.05048076923076923
0 0.013221153846153846 0.14543269230769232 0.026442307692307692 0.10336538461538461
0 0.052884615384615384 0.15504807692307693 0.03125 0.09375
0 0.6766826923076923 0.13341346153846154 0.04567307692307692 0.09375
0 0.23317307692307693 0.14903846153846154 0.04567307692307692 0.0985576923076923
0 0.5877403846153846 0.13701923076923078 0.040865384615384616 0.09375
0 0.390625 0.1466346153846154 0.036057692307692304 0.07451923076923077
0 0.18509615384615385 0.15865384615384615 0.040865384615384616 0.10817307692307693
0 0.2800480769230769 0.15745192307692307 0.040865384615384616 0.0985576923076923
0 0.13822115384615385 0.16466346153846154 0.04567307692307692 0.10817307692307693
0 0.3425480769230769 0.15745192307692307 0.036057692307692304 0.10336538461538461
0 0.4651442307692308 0.16346153846153846 0.036057692307692304 0.09375
0 0.6454326923076923 0.16466346153846154 0.040865384615384616 0.10817307692307693
0 0.125 0.03125 0.03125 0.036057692307692304
0 0.7067307692307693 0.17548076923076922 0.04567307692307692 0.10817307692307693
0 0.8269230769230769 0.17307692307692307 0.04567307692307692 0.10817307692307693
0 0.2644230769230769 0.1935096153846154 0.036057692307692304 0.08413461538461539
0 0.5216346153846154 0.18870192307692307 0.040865384615384616 0.10336538461538461
0 0.5673076923076923 0.18990384615384615 0.03125 0.07451923076923077
0 0.4423076923076923 0.2127403846153846 0.028846153846153848 0.055288461538461536
0 0.7908653846153846 0.20192307692307693 0.036057692307692304 0.0985576923076923
0 0.4855769230769231 0.21514423076923078 0.03125 0.06971153846153846
0 0.9555288461538461 0.20673076923076922 0.040865384615384616 0.11778846153846154
0 0.24759615384615385 0.03365384615384615 0.028846153846153848 0.05048076923076923
0 0.2403846153846154 0.2439903846153846 0.036057692307692304 0.07932692307692307
0 0.09375 0.25 0.04567307692307692 0.09375
0 0.3870192307692308 0.24639423076923078 0.040865384615384616 0.0889423076923077
0 0.15865384615384615 0.25721153846153844 0.04567307692307692 0.08413461538461539