0 0.85078125 0.11328125 0.0609375 0.1
0 0.02421875 0.1609375 0.0484375 0.11875
0 0.2578125 0.15859375 0.075 0.109375
0 0.4265625 0.1625 0.075 0.1
0 0.5640625 0.16953125 0.0703125 0.1140625
0 0.96875 0.2109375 0.0296875 0.13125
0 0.11875 0.2625 0.065625 0.11875
0 0.74609375 0.234375 0.0703125 0.1140625
0 0.5046875 0.028125 0.053125 0.05625
0 0.49375 0.28671875 0.075 0.1046875
0 0.3421875 0.3296875 0.05625 0.0953125
0 0.6546875 0.3640625 0.0703125 0.1234375
0 0.01328125 0.4671875 0.0265625 0.065625
0 0.1734375 0.4640625 0.084375 0.115625
0 0.8609375 0.44453125 0.075 0.11875
0 0.37265625 0.55546875 0.0796875 0.1140625
0 0.1328125 0.65625 0.0890625 0.125
0 0.48984375 0.6625 0.0859375 0.1296875
0 0.72265625 0.67109375 0.0703125 0.1234375
0 0.6859375 0.059375 0.059375 0.090625
0 0.96953125 0.7140625 0.0609375 0.128125
0 0.3484375 0.8328125 0.1078125 0.134375
0 0.60078125 0.865625 0.096875 0.0890625
0 0.815625 0.86171875 0.0765625 0.059375
0 0.96171875 0.07421875 0.0375 0.103125