0 0.08533653846153846 0.7199519230769231 0.08774038461538461 0.06009615384615385
0 0.9699519230769231 0.07451923076923077 0.06009615384615385 0.046875
0 0.6502403846153846 0.7379807692307693 0.07451923076923077 0.05048076923076923
0 0.8954326923076923 0.7475961538461539 0.078125 0.046875
0 0.9771634615384616 0.7620192307692307 0.037259615384615384 0.05048076923076923
0 0.32211538461538464 0.7644230769230769 0.09254807692307693 0.046875
0 0.8521634615384616 0.08052884615384616 0.06009615384615385 0.05048076923076923
0 0.44471153846153844 0.0829326923076923 0.05048076923076923 0.037259615384615384
0 0.055288461538461536 0.08533653846153846 0.06490384615384616 0.046875
0 0.23798076923076922 0.8449519230769231 0.06009615384615385 0.03245192307692308
0 0.039663461538461536 0.8605769230769231 0.078125 0.06009615384615385
0 0.8774038461538461 0.8725961538461539 0.0829326923076923 0.055288461538461536
0 0.9603365384615384 0.8846153846153846 0.078125 0.06490384615384616
0 0.6778846153846154 0.8846153846153846 0.06971153846153846 0.046875
0 0.24278846153846154 0.8894230769230769 0.09735576923076923 0.055288461538461536
0 0.21514423076923078 0.09014423076923077 0.078125 0.046875
0 0.6502403846153846 0.9074519230769231 0.07451923076923077 0.055288461538461536
0 0.765625 0.9122596153846154 0.06490384615384616 0.042067307692307696
0 0.6105769230769231 0.09254807692307693 0.06971153846153846 0.042067307692307696
0 0.4723557692307692 0.9170673076923077 0.07451923076923077 0.037259615384615384
0 0.31971153846153844 0.09254807692307693 0.055288461538461536 0.046875
0 0.9350961538461539 0.09495192307692307 0.06971153846153846 0.046875
0 0.41225961538461536 0.1045673076923077 0.06971153846153846 0.05048076923076923
0 0.36538461538461536 0.11057692307692307 0.06009615384615385 0.042067307692307696
0 0.6370192307692307 0.11778846153846154 0.07451923076923077 0.037259615384615384
0 0.5480769230769231 0.1346153846153846 0.078125 0.05048076923076923
0 0.29447115384615385 0.140625 0.06971153846153846 0.042067307692307696
0 0.4026442307692308 0.014423076923076924 0.046875 0.027644230769230768
0 0.21995192307692307 0.015625 0.06009615384615385 0.03125
0 0.018028846153846152 0.15625 0.036057692307692304 0.02403846153846154
0 0.03485576923076923 0.1778846153846154 0.05048076923076923 0.03245192307692308
0 0.8701923076923077 0.1778846153846154 0.06490384615384616 0.03245192307692308
0 0.17548076923076922 0.18028846153846154 0.06009615384615385 0.037259615384615384
0 0.9098557692307693 0.018028846153846152 0.06971153846153846 0.036057692307692304
0 0.3329326923076923 0.18028846153846154 0.05048076923076923 0.037259615384615384
0 0.2824519230769231 0.18269230769230768 0.06490384615384616 0.046875
0 0.5 0.1875 0.06490384615384616 0.042067307692307696
0 0.0829326923076923 0.18990384615384615 0.0829326923076923 0.042067307692307696
0 0.6129807692307693 0.020432692307692308 0.06009615384615385 0.037259615384615384
0 0.6370192307692307 0.19471153846153846 0.06009615384615385 0.042067307692307696
0 0.453125 0.20192307692307693 0.07451923076923077 0.046875
0 0.75 0.20192307692307693 0.06490384615384616 0.027644230769230768
0 0.7019230769230769 0.203125 0.05048076923076923 0.042067307692307696
0 0.9471153846153846 0.20552884615384615 0.06971153846153846 0.05048076923076923
0 0.22235576923076922 0.20793269230769232 0.055288461538461536 0.042067307692307696
0 0.03245192307692308 0.2127403846153846 0.06490384615384616 0.046875
0 0.8930288461538461 0.21754807692307693 0.078125 0.042067307692307696
0 0.36538461538461536 0.2247596153846154 0.07451923076923077 0.05048076923076923
0 0.7427884615384616 0.23798076923076922 0.06971153846153846 0.046875
0 0.11298076923076923 0.2403846153846154 0.055288461538461536 0.042067307692307696
0 0.46033653846153844 0.24278846153846154 0.06490384615384616 0.05048076923076923
0 0.5769230769230769 0.25 0.055288461538461536 0.03245192307692308
0 0.29447115384615385 0.2704326923076923 0.09254807692307693 0.05048076923076923
0 0.9519230769230769 0.27283653846153844 0.06490384615384616 0.046875
0 0.4026442307692308 0.27524038461538464 0.07451923076923077 0.046875
0 0.8930288461538461 0.2776442307692308 0.06490384615384616 0.046875
0 0.5420673076923077 0.2800480769230769 0.06490384615384616 0.046875
0 0.16706730769230768 0.030048076923076924 0.05048076923076923 0.042067307692307696
0 0.7920673076923077 0.2980769230769231 0.06490384615384616 0.042067307692307696
0 0.03245192307692308 0.3004807692307692 0.06490384615384616 0.05048076923076923
0 0.703125 0.30288461538461536 0.06490384615384616 0.037259615384615384
0 0.5769230769230769 0.30288461538461536 0.06971153846153846 0.046875
0 0.8449519230769231 0.30528846153846156 0.06971153846153846 0.037259615384615384
0 0.5396634615384616 0.030048076923076924 0.06009615384615385 0.042067307692307696
0 0.23798076923076922 0.3173076923076923 0.07451923076923077 0.042067307692307696
0 0.1201923076923077 0.32211538461538464 0.06009615384615385 0.037259615384615384
0 0.5096153846153846 0.328125 0.06971153846153846 0.046875
0 0.6502403846153846 0.3329326923076923 0.06971153846153846 0.042067307692307696
0 0.7199519230769231 0.33533653846153844 0.07451923076923077 0.037259615384615384
0 0.1502403846153846 0.33774038461538464 0.078125 0.03245192307692308
0 0.3473557692307692 0.34975961538461536 0.06009615384615385 0.042067307692307696
0 0.8569711538461539 0.35216346153846156 0.08774038461538461 0.055288461538461536
0 0.5576923076923077 0.35697115384615385 0.06490384615384616 0.042067307692307696
0 0.2980769230769231 0.36538461538461536 0.07451923076923077 0.05048076923076923
0 0.6129807692307693 0.36538461538461536 0.078125 0.046875
0 0.6802884615384616 0.36538461538461536 0.06009615384615385 0.042067307692307696
0 0.24278846153846154 0.36778846153846156 0.06009615384615385 0.03245192307692308
0 0.02283653846153846 0.36899038461538464 0.04567307692307692 0.040865384615384616
0 0.14543269230769232 0.37259615384615385 0.055288461538461536 0.037259615384615384
0 0.7295673076923077 0.3798076923076923 0.0829326923076923 0.05048076923076923
0 0.3870192307692308 0.38221153846153844 0.06971153846153846 0.037259615384615384
0 0.4651442307692308 0.3894230769230769 0.07451923076923077 0.055288461538461536
0 0.078125 0.390625 0.09735576923076923 0.05048076923076923
0 0.25961538461538464 0.039663461538461536 0.06971153846153846 0.042067307692307696
0 0.24519230769230768 0.39783653846153844 0.06009615384615385 0.046875
0 0.5300480769230769 0.40024038461538464 0.06971153846153846 0.05048076923076923
0 0.18269230769230768 0.4050480769230769 0.078125 0.046875
0 0.6502403846153846 0.4098557692307692 0.07451923076923077 0.042067307692307696
0 0.39783653846153844 0.4254807692307692 0.06971153846153846 0.037259615384615384
0 0.3076923076923077 0.42788461538461536 0.0829326923076923 0.05048076923076923
0 0.4519230769230769 0.046875 0.06490384615384616 0.046875
0 0.7103365384615384 0.45552884615384615 0.0829326923076923 0.055288461538461536
0 0.8870192307692307 0.45552884615384615 0.06009615384615385 0.03245192307692308
0 0.23798076923076922 0.46033653846153844 0.078125 0.06009615384615385
0 0.04807692307692308 0.47475961538461536 0.08774038461538461 0.05048076923076923
0 0.5096153846153846 0.47716346153846156 0.08774038461538461 0.055288461538461536
0 0.6105769230769231 0.484375 0.078125 0.046875
0 0.8846153846153846 0.484375 0.042067307692307696 0.02283653846153846
0 0.9603365384615384 0.484375 0.06490384615384616 0.042067307692307696
0 0.9026442307692307 0.5120192307692307 0.078125 0.046875
0 0.5600961538461539 0.5396634615384616 0.07451923076923077 0.055288461538461536
0 0.31971153846153844 0.5504807692307693 0.0829326923076923 0.037259615384615384
0 0.1622596153846154 0.5649038461538461 0.07451923076923077 0.046875
0 0.33533653846153844 0.057692307692307696 0.06490384615384616 0.037259615384615384
0 0.9026442307692307 0.5745192307692307 0.078125 0.055288461538461536
0 0.11778846153846154 0.5805288461538461 0.08774038461538461 0.046875
0 0.6923076923076923 0.5853365384615384 0.078125 0.042067307692307696
0 0.2548076923076923 0.5901442307692307 0.0829326923076923 0.05048076923076923
0 0.020432692307692308 0.5901442307692307 0.040865384615384616 0.05048076923076923
0 0.31490384615384615 0.5949519230769231 0.078125 0.046875
0 0.828125 0.6021634615384616 0.07451923076923077 0.042067307692307696
0 0.3798076923076923 0.6045673076923077 0.046875 0.027644230769230768
0 0.04447115384615385 0.6045673076923077 0.0829326923076923 0.05048076923076923
0 0.953125 0.6153846153846154 0.08774038461538461 0.06009615384615385
0 0.027644230769230768 0.0625 0.055288461538461536 0.042067307692307696
0 0.44711538461538464 0.6201923076923077 0.06490384615384616 0.046875
0 0.18269230769230768 0.6274038461538461 0.06971153846153846 0.05048076923076923
0 0.7319711538461539 0.6394230769230769 0.06971153846153846 0.055288461538461536
0 0.39783653846153844 0.6394230769230769 0.07451923076923077 0.05048076923076923
0 0.5300480769230769 0.640625 0.06490384615384616 0.042067307692307696
0 0.7776442307692307 0.6430288461538461 0.05048076923076923 0.046875
0 0.08774038461538461 0.6502403846153846 0.06971153846153846 0.05048076923076923
0 0.140625 0.0673076923076923 0.05048076923076923 0.03245192307692308
0 0.5925480769230769 0.6730769230769231 0.07451923076923077 0.042067307692307696
0 0.49759615384615385 0.6730769230769231 0.078125 0.05048076923076923
0 0.8605769230769231 0.6826923076923077 0.06490384615384616 0.046875
0 0.3545673076923077 0.6850961538461539 0.06009615384615385 0.042067307692307696
0 0.4170673076923077 0.6995192307692307 0.0829326923076923 0.055288461538461536
0 0.3245192307692308 0.7019230769230769 0.06971153846153846 0.046875
0 0.5805288461538461 0.7151442307692307 0.06971153846153846 0.05048076923076923