0 0.44453125 0.0140625 0.0203125 0.025
0 0.92265625 0.0734375 0.021875 0.0375
0 0.40546875 0.109375 0.025 0.0328125
0 0.6359375 0.09609375 0.025 0.0328125
0 0.71796875 0.1015625 0.0265625 0.0421875
0 0.8015625 0.003125 0.025 0.00625
0 0.4484375 0.1296875 0.021875 0.0421875
0 0.6125 0.11875 0.025 0.0328125
0 0.4765625 0.13046875 0.0296875 0.0296875
0 0.56484375 0.12890625 0.034375 0.0390625
0 0.86015625 0.1109375 0.0265625 0.0421875
0 0.925 0.10625 0.021875 0.0375
0 0.67578125 0.0078125 0.0203125 0.015625
0 0.3734375 0.14453125 0.0203125 0.0328125
0 0.17734375 0.1609375 0.0265625 0.0421875
0 0.41953125 0.1484375 0.0203125 0.025
0 0.14921875 0.16953125 0.0265625 0.0421875
0 0.6484375 0.01015625 0.025 0.0203125
0 0.80546875 0.12421875 0.03125 0.0390625
0 0.0578125 0.18046875 0.03125 0.0390625
0 0.2078125 0.1703125 0.0265625 0.0421875
0 0.34921875 0.16640625 0.0203125 0.0328125
0 0.9171875 0.13203125 0.0203125 0.0328125
0 0.703125 0.1515625 0.034375 0.0390625
0 0.39453125 0.02265625 0.025 0.0328125
0 0.48359375 0.16640625 0.0296875 0.034375
0 0.08671875 0.196875 0.0203125 0.0328125
0 0.75234375 0.15234375 0.025 0.0328125
0 0.40078125 0.18203125 0.025 0.0328125
0 0.421875 0.1828125 0.0203125 0.0328125
0 0.54453125 0.17421875 0.0265625 0.0375
0 0.25390625 0.196875 0.0203125 0.0328125
0 0.61171875 0.17421875 0.03125 0.0390625
0 0.3046875 0.19765625 0.03125 0.04375
0 0.46484375 0.19375 0.03125 0.0390625
0 0.05625 0.225 0.03125 0.0390625
0 0.4953125 0.19609375 0.0296875 0.034375
0 0.0140625 0.2328125 0.028125 0.04375
0 0.13125 0.2359375 0.0265625 0.0375
0 0.33203125 0.22421875 0.03125 0.04375
0 0.6484375 0.20859375 0.040625 0.0578125
0 0.53359375 0.21875 0.03125 0.0484375
0 0.009375 0.2578125 0.01875 0.046875
0 0.2890625 0.23828125 0.0265625 0.0421875
0 0.584375 0.22265625 0.03125 0.053125
0 0.2734375 0.2484375 0.0265625 0.0421875
0 0.73125 0.22109375 0.0203125 0.0328125
0 0.8953125 0.21484375 0.0265625 0.0375
0 0.47265625 0.24453125 0.025 0.0296875
0 0.875 0.22109375 0.03125 0.0484375
0 0.43671875 0.25859375 0.0203125 0.0296875
0 0.47890625 0.26015625 0.0203125 0.0296875
0 0.1953125 0.2875 0.0203125 0.0328125
0 0.40546875 0.275 0.025 0.0296875
0 0.165625 0.29609375 0.025 0.0328125
0 0.51640625 0.2765625 0.03125 0.0390625
0 0.23046875 0.2984375 0.0265625 0.0375
0 0.34375 0.2921875 0.034375 0.04375
0 0.83515625 0.2578125 0.0265625 0.0375
0 0.46875 0.28359375 0.025 0.0328125
0 0.89609375 0.25859375 0.03125 0.0484375
0 0.62890625 0.28203125 0.03125 0.0390625
0 0.6203125 0.02109375 0.025 0.0328125
0 0.134375 0.0546875 0.015625 0.025
0 0.70703125 0.28125 0.0265625 0.0375
0 0.0078125 0.3296875 0.015625 0.046875
0 0.0953125 0.3265625 0.0265625 0.046875
0 0.746875 0.28046875 0.0296875 0.025
0 0.484375 0.30859375 0.0265625 0.046875
0 0.14140625 0.33984375 0.034375 0.0390625
0 0.4296875 0.3265625 0.0296875 0.034375
0 0.278125 0.34609375 0.025 0.0296875
0 0.07734375 0.36015625 0.0359375 0.053125
0 0.1484375 0.3578125 0.034375 0.0390625
0 0.98046875 0.30390625 0.0078125 0.05625
0 0.7453125 0.32109375 0.03125 0.0390625
0 0.54453125 0.3375 0.0296875 0.034375
0 0.64375 0.3328125 0.03125 0.04375
0 0.4703125 0.3484375 0.03125 0.04375
0 0.84921875 0.321875 0.03125 0.04375
0 0.178125 0.37109375 0.025 0.0328125
0 0.22421875 0.37734375 0.0359375 0.0484375
0 0.7234375 0.34765625 0.03125 0.053125
0 0.39765625 0.37265625 0.025 0.0328125
0 0.89296875 0.3421875 0.03125 0.0484375
0 0.4265625 0.375 0.0265625 0.0375
0 0.1453125 0.39453125 0.03125 0.04375
0 0.0546875 0.403125 0.034375 0.04375
0 0.28046875 0.38984375 0.025 0.0328125
0 0.19375 0.3984375 0.0265625 0.0375
0 0.6421875 0.36953125 0.03125 0.0390625
0 0.78046875 0.3671875 0.03125 0.0484375
0 0.59609375 0.3796875 0.03125 0.04375
0 0.55 0.38515625 0.034375 0.04375
0 0.33359375 0.41015625 0.0265625 0.0375
0 0.6984375 0.38671875 0.0390625 0.04375
0 0.74765625 0.3859375 0.03125 0.0484375
0 0.4625 0.40546875 0.0265625 0.0421875
0 0.6484375 0.39609375 0.0296875 0.034375
0 0.81015625 0.38984375 0.025 0.0296875
0 0.034375 0.44609375 0.0359375 0.0484375
0 0.8921875 0.39609375 0.03125 0.0390625
0 0.57578125 0.4203125 0.03125 0.0484375
0 0.25703125 0.44296875 0.03125 0.053125
0 0.14453125 0.45546875 0.03125 0.0484375
0 0.3296875 0.446875 0.0265625 0.0375
0 0.6109375 0.434375 0.0359375 0.0484375
0 0.6625 0.4328125 0.04375 0.0484375
0 0.93515625 0.41640625 0.040625 0.0484375
0 0.72265625 0.43125 0.0296875 0.025
0 0.18671875 0.47109375 0.034375 0.04375
0 0.8171875 0.4265625 0.0265625 0.0421875
0 0.9859375 0.41953125 0.021875 0.046875
0 0.75859375 0.44296875 0.034375 0.04375
0 0.0171875 0.49453125 0.03125 0.04375
0 0.4265625 0.475 0.03125 0.0390625
0 0.596875 0.4671875 0.0296875 0.0296875
0 0.07109375 0.50390625 0.03125 0.04375
0 0.103125 0.50390625 0.0296875 0.034375
0 0.2125 0.49921875 0.03125 0.04375
0 0.2609375 0.4953125 0.040625 0.0484375
0 0.36015625 0.48828125 0.0359375 0.053125
0 0.55859375 0.475 0.0390625 0.03125
0 0.7265625 0.46328125 0.03125 0.0390625
0 0.0734375 0.07734375 0.0296875 0.034375
0 0.6625 0.46953125 0.0296875 0.0296875
0 0.825 0.4609375 0.0203125 0.015625
0 0.7046875 0.47421875 0.034375 0.04375
0 0.84609375 0.4734375 0.03125 0.0390625
0 0.3265625 0.509375 0.0359375 0.0484375
0 0.29921875 0.51875 0.0265625 0.0421875
0 0.19140625 0.52890625 0.034375 0.04375
0 0.7890625 0.48671875 0.0296875 0.034375
0 0.61875 0.503125 0.0359375 0.053125
0 0.16171875 0.0734375 0.0203125 0.025
0 0.6296875 0.040625 0.03125 0.0390625
0 0.24453125 0.534375 0.03125 0.04375
0 0.1015625 0.546875 0.03125 0.0484375
0 0.06953125 0.5515625 0.03125 0.04375
0 0.70078125 0.51171875 0.0265625 0.0421875
0 0.49296875 0.52890625 0.0359375 0.053125
0 0.7515625 0.5109375 0.03125 0.0484375
0 0.01015625 0.56484375 0.0171875 0.0515625
0 0.8328125 0.50859375 0.03125 0.04375
0 0.5765625 0.5265625 0.040625 0.053125
0 0.67578125 0.52421875 0.040625 0.0625
0 0.33671875 0.55078125 0.0359375 0.0484375
0 0.41953125 0.546875 0.0265625 0.0421875
0 0.87734375 0.5171875 0.0265625 0.0515625
0 0.7765625 0.53125 0.040625 0.0578125
0 0.2703125 0.0703125 0.025 0.0296875
0 0.053125 0.584375 0.034375 0.04375
0 0.23125 0.57421875 0.034375 0.04375
0 0.2640625 0.57421875 0.0359375 0.0484375
0 0.17109375 0.58125 0.03125 0.0390625
0 0.4390625 0.5625 0.034375 0.0296875
0 0.95078125 0.5359375 0.0453125 0.0671875
0 0.13515625 0.5953125 0.0359375 0.053125
0 0.3453125 0.6015625 0.03125 0.0484375
0 0.97734375 0.56015625 0.040625 0.0671875
0 0.4578125 0.59609375 0.04375 0.0484375
0 0.86640625 0.5671875 0.0359375 0.053125
0 0.39140625 0.60078125 0.040625 0.053125
0 0.7328125 0.5828125 0.0328125 0.0625
0 0.89765625 0.5765625 0.0359375 0.0578125
0 0.3375 0.0703125 0.021875 0.0375
0 0.81953125 0.58671875 0.0359375 0.0578125
0 0.4109375 0.6171875 0.025 0.0328125
0 0.17734375 0.6359375 0.0453125 0.0671875
0 0.115625 0.64296875 0.0359375 0.0484375
0 0.3328125 0.63203125 0.03125 0.0390625
0 0.04375 0.6546875 0.0296875 0.0203125
0 0.675 0.61328125 0.040625 0.0578125
0 0.7703125 0.60859375 0.040625 0.0625
0 0.07734375 0.66171875 0.03125 0.0578125
0 0.10546875 0.6671875 0.0359375 0.0578125
0 0.44765625 0.64765625 0.05 0.0625
0 0.02109375 0.6796875 0.021875 0.0421875
0 0.5828125 0.6515625 0.0453125 0.053125
0 0.15625 0.6953125 0.0359375 0.0484375
0 0.3296875 0.68359375 0.046875 0.071875
0 0.53046875 0.66953125 0.03125 0.04375
0 0.05 0.70546875 0.040625 0.053125
0 0.234375 0.6921875 0.0359375 0.053125
0 0.50859375 0.065625 0.0203125 0.0328125
0 0.71015625 0.05390625 0.021875 0.0375
0 0.5859375 0.703125 0.0390625 0.034375
0 0.1890625 0.73125 0.0453125 0.053125
0 0.56328125 0.70703125 0.03125 0.04375
0 0.540625 0.70859375 0.0390625 0.04375
0 0.77265625 0.0515625 0.034375 0.0390625
0 0.478125 0.71796875 0.034375 0.0390625
0 0.3625 0.73203125 0.040625 0.0484375
0 0.23515625 0.75234375 0.03125 0.04375
0 0.97890625 0.71015625 0.040625 0.0578125
0 0.5265625 0.74140625 0.0453125 0.0625
0 0.284375 0.7609375 0.0515625 0.071875
0 0.89140625 0.72109375 0.0390625 0.04375
0 0.3484375 0.784375 0.040625 0.053125
0 0.13359375 0.80234375 0.0359375 0.053125
0 0.18203125 0.8046875 0.0390625 0.0390625
0 0.5984375 0.778125 0.040625 0.0625
0 0.93515625 0.75703125 0.0421875 0.0765625
0 0.48984375 0.79296875 0.0328125 0.0671875
0 0.878125 0.765625 0.0734375 0.065625
0 0.90625 0.76875 0.0359375 0.0578125
0 0.5671875 0.79453125 0.0546875 0.06875
0 0.4515625 0.8046875 0.05 0.0671875
0 0.31328125 0.81953125 0.040625 0.0625
0 0.69453125 0.7953125 0.05625 0.0828125
0 0.275 0.82890625 0.0453125 0.053125
0 0.07421875 0.85 0.0390625 0.0390625
0 0.75078125 0.803125 0.05 0.0578125
0 0.97265625 0.78984375 0.0453125 0.0671875
0 0.16015625 0.85078125 0.0359375 0.0671875
0 0.10859375 0.11015625 0.0203125 0.0328125
0 0.85390625 0.80703125 0.084375 0.09375
0 0.1734375 0.10546875 0.0296875 0.034375
0 0.309375 0.09609375 0.0265625 0.0375
0 0.6296875 0.834375 0.046875 0.0859375
0 0.36015625 0.8578125 0.04375 0.04375
0 0.246875 0.86796875 0.0515625 0.0765625
0 0.18046875 0.875 0.0421875 0.071875
0 0.6640625 0.84765625 0.046875 0.090625
0 0.74296875 0.85390625 0.05 0.0578125
0 0.084375 0.9 0.06875 0.0640625
0 0.4109375 0.8796875 0.0515625 0.0765625
0 0.52578125 0.871875 0.065625 0.078125
0 0.89609375 0.85078125 0.06875 0.059375
0 0.29765625 0.8921875 0.05 0.0625
0 0.2078125 0.90078125 0.05625 0.0734375
0 0.3515625 0.89375 0.053125 0.05
0 0.60078125 0.88046875 0.0546875 0.059375
0 0.83671875 0.86875 0.0484375 0.0484375
0 0.96640625 0.86015625 0.04375 0.034375
0 0.03984375 0.12578125 0.0296875 0.034375
0 0.8625 0.07265625 0.03125 0.0390625
0 0.23203125 0.11953125 0.025 0.0296875