0 0.5889423076923077 0.1310096153846154 0.08653846153846154 0.10096153846153846
0 0.9350961538461539 0.1875 0.0889423076923077 0.125
0 0.11057692307692307 0.10697115384615384 0.0625 0.0985576923076923
0 0.2824519230769231 0.004807692307692308 0.055288461538461536 0.009615384615384616
0 0.3629807692307692 0.21394230769230768 0.07692307692307693 0.10576923076923077
0 0.859375 0.3161057692307692 0.09134615384615384 0.1346153846153846
0 0.07692307692307693 0.23918269230769232 0.09134615384615384 0.10817307692307693
0 0.2536057692307692 0.2920673076923077 0.08653846153846154 0.10576923076923077
0 0.6574519230769231 0.36778846153846156 0.10336538461538461 0.13221153846153846
0 0.10576923076923077 0.015625 0.0673076923076923 0.03125
0 0.7055288461538461 0.5012019230769231 0.0985576923076923 0.12980769230769232
0 0.7836538461538461 0.0829326923076923 0.07692307692307693 0.10096153846153846
0 0.41225961538461536 0.49278846153846156 0.07692307692307693 0.10096153846153846
0 0.2536057692307692 0.4723557692307692 0.08653846153846154 0.10576923076923077
0 0.8016826923076923 0.6177884615384616 0.09375 0.1201923076923077
0 0.5324519230769231 0.6790865384615384 0.09375 0.12980769230769232
0 0.4423076923076923 0.08052884615384616 0.07451923076923077 0.07692307692307693
0 0.3016826923076923 0.06129807692307692 0.08173076923076923 0.10576923076923077