0 0.0375 0.071875 0.021875 0.0265625
0 0.2328125 0.04453125 0.0265625 0.0265625
0 0.09453125 0.0640625 0.03125 0.0265625
0 0.33203125 0.0328125 0.03125 0.03125
0 0.5234375 0.11796875 0.025 0.04375
0 0.8015625 0.08359375 0.0234375 0.034375
0 0.6 0.11171875 0.028125 0.0390625
0 0.4125 0.140625 0.0234375 0.034375
0 0.8515625 0.07890625 0.028125 0.034375
0 0.36171875 0.14765625 0.0328125 0.0359375
0 0.9375 0.06953125 0.01875 0.034375
0 0.21796875 0.1703125 0.028125 0.034375
0 0.70625 0.10390625 0.028125 0.0390625
0 0.6515625 0.11171875 0.028125 0.0390625
0 0.31171875 0.16171875 0.0296875 0.04375
0 0.9015625 0.07890625 0.0328125 0.040625
0 0.17421875 0.18125 0.0234375 0.034375
0 0.1265625 0.190625 0.028125 0.034375
0 0.0765625 0.2 0.028125 0.034375
0 0.02890625 0.20859375 0.028125 0.034375
0 0.46015625 0.1484375 0.028125 0.034375
0 0.55625 0.134375 0.0296875 0.04375
0 0.7484375 0.1078125 0.0265625 0.03125
0 0.26484375 0.17578125 0.0234375 0.034375
0 0.50859375 0.1484375 0.028125 0.0390625
0 0.94375 0.11484375 0.009375 0.0375
0 0.70546875 0.14609375 0.028125 0.0390625
0 0.64765625 0.15390625 0.0296875 0.04375
0 0.79921875 0.13515625 0.028125 0.0390625
0 0.36640625 0.1984375 0.0296875 0.04375
0 0.315625 0.20546875 0.028125 0.0390625
0 0.85078125 0.13046875 0.0328125 0.040625
0 0.75625 0.14375 0.0328125 0.0359375
0 0.9015625 0.128125 0.028125 0.0390625
0 0.56171875 0.17578125 0.028125 0.0390625
0 0.26171875 0.2203125 0.0265625 0.03125
0 0.40859375 0.19921875 0.028125 0.0390625
0 0.2140625 0.2296875 0.028125 0.034375
0 0.4984375 0.19375 0.0234375 0.034375
0 0.11640625 0.24765625 0.0328125 0.0359375
0 0.60546875 0.1859375 0.028125 0.034375
0 0.17578125 0.25390625 0.028125 0.034375
0 0.38828125 0.034375 0.0234375 0.034375
0 0.209375 0.26015625 0.0328125 0.040625
0 0.31015625 0.25078125 0.025 0.04375
0 0.021875 0.29140625 0.0328125 0.040625
0 0.8015625 0.18125 0.028125 0.0390625
0 0.4046875 0.2375 0.0296875 0.04375
0 0.0609375 0.28828125 0.028125 0.0390625
0 0.9484375 0.165625 0.0234375 0.0390625
0 0.89375 0.17578125 0.0375 0.040625
0 0.26328125 0.2640625 0.0296875 0.04375
0 0.65078125 0.209375 0.0234375 0.034375
0 0.1578125 0.27890625 0.0296875 0.04375
0 0.4765625 0.234375 0.0296875 0.04375
0 0.5546875 0.2234375 0.0296875 0.04375
0 0.1078125 0.28828125 0.028125 0.034375
0 0.3609375 0.25546875 0.028125 0.0390625
0 0.846875 0.18671875 0.028125 0.034375
0 0.6953125 0.2109375 0.028125 0.034375
0 0.75078125 0.221875 0.0296875 0.04375
0 0.3 0.28984375 0.028125 0.0390625
0 0.80078125 0.22421875 0.0234375 0.0390625
0 0.20234375 0.3109375 0.034375 0.0453125
0 0.94453125 0.20625 0.021875 0.0296875
0 0.15625 0.3171875 0.034375 0.0453125
0 0.3421875 0.29140625 0.0296875 0.04375
0 0.69453125 0.24140625 0.0234375 0.034375
0 0.4546875 0.27734375 0.0296875 0.04375
0 0.646875 0.25078125 0.034375 0.0453125
0 0.05859375 0.3359375 0.0328125 0.040625
0 0.50078125 0.2734375 0.0328125 0.0359375
0 0.3953125 0.28828125 0.0375 0.040625
0 0.253125 0.30859375 0.028125 0.0390625
0 0.84765625 0.22734375 0.03125 0.03125
0 0.0109375 0.34453125 0.021875 0.0359375
0 0.8796875 0.225 0.028125 0.0390625
0 0.59140625 0.271875 0.0265625 0.03125
0 0.55078125 0.2796875 0.0234375 0.034375
0 0.69296875 0.2765625 0.034375 0.0453125
0 0.925 0.2484375 0.01875 0.0390625
0 0.5421875 0.30234375 0.028125 0.0390625
0 0.74765625 0.278125 0.0328125 0.040625
0 0.14921875 0.36484375 0.0234375 0.0390625
0 0.84609375 0.26875 0.03125 0.03125
0 0.48671875 0.31953125 0.03125 0.03125
0 0.59375 0.3046875 0.0234375 0.034375
0 0.63984375 0.2984375 0.034375 0.05
0 0.0515625 0.3828125 0.0296875 0.0484375
0 0.24609375 0.35546875 0.0296875 0.04375
0 0.20234375 0.36171875 0.028125 0.034375
0 0.44375 0.33046875 0.028125 0.0390625
0 0.1015625 0.378125 0.01875 0.0390625
0 0.35390625 0.34296875 0.028125 0.0390625
0 0.2875 0.3546875 0.028125 0.0390625
0 0.3953125 0.33984375 0.0296875 0.04375
0 0.796875 0.2828125 0.0234375 0.0390625
0 0.00625 0.40859375 0.0125 0.0390625
0 0.7890625 0.3140625 0.028125 0.0390625
0 0.63125 0.33671875 0.028125 0.0390625
0 0.6890625 0.33046875 0.028125 0.0390625
0 0.93203125 0.29609375 0.028125 0.034375
0 0.19375 0.4 0.028125 0.034375
0 0.2828125 0.3875 0.0234375 0.0390625
0 0.04765625 0.4234375 0.028125 0.0390625
0 0.84765625 0.31328125 0.0328125 0.040625
0 0.3390625 0.38671875 0.028125 0.034375
0 0.89375 0.30859375 0.0234375 0.034375
0 0.58203125 0.35546875 0.0234375 0.0390625
0 0.49765625 0.3671875 0.025 0.04375
0 0.38984375 0.384375 0.028125 0.034375
0 0.73671875 0.3359375 0.034375 0.0453125
0 0.44375 0.3796875 0.0296875 0.0484375
0 0.096875 0.428125 0.028125 0.0390625
0 0.54453125 0.3671875 0.025 0.04375
0 0.00703125 0.446875 0.0140625 0.04375
0 0.13046875 0.428125 0.0265625 0.0265625
0 0.2421875 0.4125 0.028125 0.0390625
0 0.13125 0.08671875 0.034375 0.0453125
0 0.8359375 0.35 0.0375 0.040625
0 0.93359375 0.34140625 0.0234375 0.0390625
0 0.3375 0.425 0.0296875 0.04375
0 0.48203125 0.4046875 0.0296875 0.04375
0 0.28203125 0.4328125 0.0234375 0.034375
0 0.88828125 0.35 0.0328125 0.040625
0 0.028125 0.47265625 0.028125 0.034375
0 0.68671875 0.3796875 0.0328125 0.040625
0 0.7828125 0.36875 0.0296875 0.04375
0 0.5796875 0.39765625 0.0234375 0.034375
0 0.634375 0.38984375 0.0328125 0.040625
0 0.0796875 0.4671875 0.034375 0.05
0 0.134375 0.46015625 0.028125 0.0390625
0 0.428125 0.42109375 0.0296875 0.04375
0 0.53125 0.40625 0.0234375 0.0390625
0 0.7359375 0.38046875 0.028125 0.034375
0 0.18359375 0.46015625 0.028125 0.034375
0 0.240625 0.45234375 0.028125 0.0390625
0 0.421875 0.04765625 0.0234375 0.034375
0 0.3765625 0.43515625 0.028125 0.034375
0 0.79765625 0.0078125 0.0328125 0.015625
0 0.22734375 0.07734375 0.0234375 0.034375
0 0.28515625 0.06953125 0.0234375 0.034375
0 0.98125 0.38359375 0.0109375 0.0421875
0 0.73359375 0.415625 0.0296875 0.04375
0 0.79296875 0.4078125 0.034375 0.05
0 0.6359375 0.43203125 0.028125 0.034375
0 0.534375 0.44609375 0.034375 0.0453125
0 0.68125 0.42578125 0.034375 0.0453125
0 0.22734375 0.4890625 0.0296875 0.04375
0 0.83671875 0.40625 0.034375 0.0453125
0 0.0265625 0.52265625 0.0296875 0.04375
0 0.1203125 0.51171875 0.028125 0.0390625
0 0.57734375 0.44765625 0.0296875 0.04375
0 0.478125 0.4609375 0.028125 0.0390625
0 0.753125 0.0125 0.028125 0.025
0 0.4671875 0.04609375 0.0296875 0.0484375
0 0.56953125 0.03203125 0.0328125 0.040625
0 0.428125 0.4703125 0.0296875 0.0484375
0 0.28359375 0.49296875 0.028125 0.034375
0 0.378125 0.4796875 0.0296875 0.04375
0 0.18125 0.51015625 0.0328125 0.0359375
0 0.33515625 0.48828125 0.028125 0.034375
0 0.08046875 0.5421875 0.0234375 0.034375
0 0.90078125 0.4296875 0.034375 0.05
0 0.70703125 0.015625 0.0234375 0.03125
0 0.9625 0.42578125 0.0328125 0.040625
0 0.7515625 0.4625 0.0296875 0.0484375
0 0.7015625 0.471875 0.028125 0.0390625
0 0.24296875 0.5359375 0.0296875 0.04375
0 0.09296875 0.559375 0.0296875 0.0484375
0 0.3125 0.52890625 0.028125 0.0390625
0 0.04375 0.56640625 0.028125 0.0390625
0 0.61640625 0.0296875 0.028125 0.0390625
0 0.60625 0.48984375 0.028125 0.0390625
0 0.6546875 0.4828125 0.0234375 0.0390625
0 0.85390625 0.45703125 0.034375 0.05
0 0.453125 0.5140625 0.034375 0.05
0 0.80859375 0.46875 0.028125 0.0390625
0 0.19453125 0.5546875 0.021875 0.0296875
0 0.32734375 0.0703125 0.028125 0.0390625
0 0.3734375 0.0640625 0.028125 0.034375
0 0.14453125 0.56640625 0.034375 0.05
0 0.51796875 0.04609375 0.034375 0.0453125
0 0.86640625 0.009375 0.0296875 0.01875
0 0.5546875 0.52734375 0.0234375 0.0390625
0 0.509375 0.5359375 0.028125 0.034375
0 0.73203125 0.50703125 0.025 0.04375
0 0.87890625 0.4859375 0.0328125 0.040625
0 0.9875 0.47578125 0.025 0.04375
0 0.21015625 0.5828125 0.028125 0.034375
0 0.2625 0.575 0.028125 0.034375
0 0.1109375 0.59609375 0.0328125 0.0359375
0 0.62734375 0.5265625 0.0234375 0.034375
0 0.67578125 0.51953125 0.028125 0.0390625
0 0.9234375 0.4890625 0.028125 0.034375
0 0.05703125 0.6109375 0.0296875 0.04375
0 0.31875 0.5765625 0.028125 0.034375
0 0.371875 0.56953125 0.028125 0.0390625
0 0.76640625 0.5140625 0.0328125 0.040625
0 0.42890625 0.56328125 0.034375 0.0453125
0 0.04609375 0.1171875 0.0234375 0.034375
0 0.24296875 0.6203125 0.0296875 0.04375
0 0.17890625 0.63203125 0.0234375 0.034375
0 0.95 0.5234375 0.034375 0.0453125
0 0.0765625 0.11328125 0.0265625 0.0265625
0 0.54375 0.5828125 0.0296875 0.04375
0 0.27890625 0.6203125 0.028125 0.034375
0 0.3359375 0.6125 0.028125 0.0390625
0 0.75078125 0.55390625 0.0328125 0.0359375
0 0.13671875 0.64296875 0.028125 0.0390625
0 0.44609375 0.59921875 0.0375 0.0453125
0 0.85390625 0.54140625 0.0296875 0.04375
0 0.8015625 0.54921875 0.034375 0.0453125
0 0.69609375 0.5640625 0.025 0.04375
0 0.49921875 0.59375 0.034375 0.05
0 0.3828125 0.6140625 0.0296875 0.0484375
0 0.653125 0.5765625 0.0328125 0.040625
0 0.0328125 0.66796875 0.0328125 0.0359375
0 0.07890625 0.66171875 0.028125 0.034375
0 0.59453125 0.5890625 0.0328125 0.040625
0 0.91171875 0.54921875 0.0328125 0.040625
0 0.9765625 0.56171875 0.034375 0.0453125
0 0.28203125 0.0328125 0.025 0.0171875
0 0.5640625 0.621875 0.0328125 0.040625
0 0.30078125 0.65859375 0.028125 0.0390625
0 0.8234375 0.58828125 0.034375 0.0453125
0 0.2 0.67578125 0.0328125 0.0359375
0 0.465625 0.63828125 0.0296875 0.04375
0 0.66796875 0.61171875 0.0234375 0.034375
0 0.3609375 0.6578125 0.0328125 0.040625
0 0.51171875 0.63671875 0.0328125 0.0359375
0 0.090625 0.69765625 0.028125 0.0390625
0 0.8765625 0.5875 0.0328125 0.0359375
0 0.0453125 0.7046875 0.0328125 0.0359375
0 0.61796875 0.6265625 0.028125 0.0390625
0 0.7625 0.60625 0.0328125 0.040625
0 0.41484375 0.65703125 0.028125 0.0390625
0 0.92578125 0.58515625 0.028125 0.034375
0 0.1421875 0.7 0.0234375 0.0390625
0 0.71640625 0.62421875 0.0234375 0.0390625
0 0.24609375 0.69453125 0.0234375 0.0390625
0 0.73125 0.6453125 0.0328125 0.040625
0 0.53125 0.6734375 0.0296875 0.04375
0 0.121875 0.7328125 0.0296875 0.04375
0 0.275 0.71171875 0.028125 0.034375
0 0.80078125 0.63984375 0.028125 0.034375
0 0.58671875 0.6703125 0.0234375 0.034375
0 0.9921875 0.61171875 0.015625 0.0484375
0 0.17265625 0.728125 0.028125 0.0390625
0 0.65625 0.6625 0.028125 0.0390625
0 0.225 0.7234375 0.0234375 0.0390625
0 0.0578125 0.746875 0.0265625 0.03125
0 0.37890625 0.70390625 0.021875 0.0296875
0 0.48046875 0.68984375 0.0296875 0.04375
0 0.32890625 0.71328125 0.0296875 0.0484375
0 0.9390625 0.6296875 0.0328125 0.0359375
0 0.17890625 0.11015625 0.0265625 0.03125
0 0.44140625 0.70234375 0.028125 0.0390625
0 0.8125 0.6828125 0.028125 0.034375
0 0.07734375 0.7859375 0.0296875 0.04375
0 0.1296875 0.778125 0.028125 0.0390625
0 0.403125 0.73984375 0.0296875 0.04375
0 0.2453125 0.76484375 0.0296875 0.04375
0 0.7625 0.6921875 0.0328125 0.040625
0 0.65078125 0.71015625 0.0234375 0.034375
0 0.3390625 0.75390625 0.0234375 0.0390625
0 0.921875 0.671875 0.028125 0.0390625
0 0.19296875 0.77890625 0.034375 0.0453125
0 0.57578125 0.725 0.0234375 0.034375
0 0.865625 0.6890625 0.0375 0.0453125
0 0.28828125 0.7703125 0.028125 0.034375
0 0.71171875 0.7109375 0.028125 0.034375
0 0.2140625 0.11015625 0.028125 0.034375
0 0.97734375 0.68515625 0.0234375 0.034375
0 0.81953125 0.72890625 0.034375 0.0453125
0 0.7578125 0.7375 0.028125 0.0390625
0 0.59296875 0.7609375 0.028125 0.034375
0 0.128125 0.828125 0.028125 0.034375
0 0.43984375 0.784375 0.0296875 0.04375
0 0.29296875 0.8078125 0.028125 0.0390625
0 0.49296875 0.7796875 0.0296875 0.04375
0 0.1765625 0.82421875 0.0234375 0.0390625
0 0.08046875 0.8421875 0.034375 0.0453125
0 0.70625 0.75390625 0.0328125 0.040625
0 0.2390625 0.82109375 0.034375 0.05
0 0.65859375 0.7625 0.034375 0.0453125
0 0.96640625 0.72421875 0.0234375 0.034375
0 0.54453125 0.78359375 0.028125 0.034375
0 0.9125 0.74296875 0.028125 0.034375
0 0.2265625 0.8515625 0.034375 0.0453125
0 0.6390625 0.79609375 0.0265625 0.03125
0 0.87578125 0.7625 0.028125 0.034375
0 0.69921875 0.78984375 0.021875 0.0296875
0 0.89375 0.021875 0.0234375 0.034375
0 0.315625 0.103125 0.028125 0.0390625
0 0.33046875 0.84140625 0.0296875 0.04375
0 0.53984375 0.81484375 0.0234375 0.0390625
0 0.38671875 0.83828125 0.028125 0.034375
0 0.12265625 0.87578125 0.0296875 0.04375
0 0.06328125 0.884375 0.034375 0.0453125
0 0.80625 0.78203125 0.0328125 0.0359375
0 0.43984375 0.8359375 0.028125 0.0390625
0 0.275 0.8640625 0.025 0.04375
0 0.1734375 0.88515625 0.0296875 0.04375
0 0.75546875 0.803125 0.0328125 0.0359375
0 0.1546875 0.90390625 0.028125 0.034375
0 0.49140625 0.85625 0.028125 0.0390625
0 0.69609375 0.82734375 0.0328125 0.0359375
0 0.796875 0.815625 0.0265625 0.03125
0 0.325 0.88203125 0.028125 0.034375
0 0.70625 0.053125 0.028125 0.034375
0 0.8546875 0.8125 0.028125 0.0390625
0 0.5734375 0.85390625 0.0296875 0.04375
0 0.3671875 0.8875 0.0234375 0.034375
0 0.96328125 0.80625 0.028125 0.034375
0 0.73984375 0.840625 0.034375 0.0453125
0 0.64140625 0.85390625 0.028125 0.0390625
0 0.91171875 0.82109375 0.028125 0.034375
0 0.2265625 0.9171875 0.028125 0.034375
0 0.26796875 0.9109375 0.0234375 0.034375
0 0.759375 0.04765625 0.028125 0.0390625
0 0.79921875 0.8484375 0.0328125 0.0359375
0 0.3515625 0.91171875 0.0359375 0.0328125
0 0.43203125 0.9 0.0359375 0.0359375
0 0.309375 0.921875 0.0359375 0.0359375
0 0.63984375 0.87578125 0.034375 0.028125
0 0.6875 0.86875 0.03125 0.03125
0 0.19296875 0.940625 0.0359375 0.0328125
0 0.5828125 0.88828125 0.0296875 0.021875
0 0.8578125 0.85 0.034375 0.0234375
0 0.9171875 0.84140625 0.0296875 0.021875
0 0.25 0.93515625 0.0296875 0.021875
0 0.15859375 0.95 0.0265625 0.021875
0 0.4890625 0.90390625 0.021875 0.021875
0 0.53671875 0.896875 0.0203125 0.0171875
0 0.421875 0.09765625 0.028125 0.0390625
0 0.47109375 0.090625 0.0296875 0.04375
0 0.08359375 0.14765625 0.034375 0.0453125
0 0.18671875 0.0484375 0.021875 0.021875
0 0.02890625 0.15703125 0.0328125 0.0359375
0 0.36796875 0.109375 0.028125 0.034375
0 0.56484375 0.08125 0.028125 0.034375
0 0.61328125 0.07734375 0.0296875 0.04375
0 0.27421875 0.125 0.0265625 0.03125
0 0.66640625 0.07421875 0.0328125 0.040625