0 0.54140625 0.1078125 0.0515625 0.0859375
0 0.65234375 0.11796875 0.0609375 0.0828125
0 0.89453125 0.13515625 0.0578125 0.096875
0 0.3328125 0.10078125 0.05 0.0625
0 0.80703125 0.03203125 0.0375 0.0265625
0 0.3859375 0.109375 0.0671875 0.096875
0 0.078125 0.08984375 0.084375 0.0796875
0 0.9234375 0.15625 0.0609375 0.0828125
0 0.42421875 0.1328125 0.046875 0.0765625
0 0.9921875 0.175 0.015625 0.08125
0 0.77265625 0.1796875 0.0828125 0.1203125
0 0.16328125 0.1375 0.0609375 0.0734375
0 0.70546875 0.17734375 0.065625 0.0875
0 0.13984375 0.00625 0.0578125 0.0125
0 0.61484375 0.1875 0.071875 0.115625
0 0.29375 0.16796875 0.08125 0.0984375
0 0.071875 0.15234375 0.0546875 0.0640625
0 0.50625 0.20390625 0.08125 0.10625
0 0.03984375 0.18046875 0.040625 0.0484375
0 0.2078125 0.19453125 0.0703125 0.0828125
0 0.57265625 0.22265625 0.0328125 0.0625
0 0.22421875 0.0140625 0.0578125 0.028125
0 0.875 0.0484375 0.040625 0.0484375
0 0.12421875 0.19921875 0.065625 0.0734375
0 0.31015625 0.21953125 0.0421875 0.090625
0 0.915625 0.26875 0.06875 0.0640625
0 0.978125 0.28984375 0.04375 0.0921875
0 0.0875 0.2296875 0.0359375 0.053125
0 0.37109375 0.25234375 0.0765625 0.096875
0 0.34296875 0.02265625 0.0640625 0.0453125
0 0.2578125 0.24453125 0.071875 0.0421875
0 0.690625 0.290625 0.071875 0.096875
0 0.7015625 0.04140625 0.06875 0.059375
0 0.046875 0.25234375 0.0671875 0.1015625
0 0.1859375 0.2734375 0.0640625 0.059375
0 0.98046875 0.0625 0.0390625 0.053125
0 0.225 0.28359375 0.08125 0.0515625
0 0.76015625 0.3328125 0.06875 0.06875
0 0.5265625 0.32109375 0.071875 0.115625
0 0.9234375 0.06015625 0.05 0.053125
0 0.20234375 0.01484375 0.0390625 0.0296875
0 0.890625 0.3578125 0.078125 0.1296875
0 0.59453125 0.34921875 0.0703125 0.0921875
0 0.95859375 0.375 0.0828125 0.084375
0 0.4984375 0.03359375 0.06875 0.0671875
0 0.43984375 0.03125 0.05 0.0625
0 0.0796875 0.34296875 0.0921875 0.140625
0 0.06953125 0.02421875 0.0703125 0.0484375
0 0.47421875 0.3796875 0.0828125 0.1203125
0 0.66328125 0.39765625 0.0953125 0.103125
0 0.41953125 0.3828125 0.053125 0.109375
0 0.1859375 0.3765625 0.0890625 0.0796875
0 0.57265625 0.0453125 0.053125 0.0859375
0 0.27578125 0.39375 0.090625 0.103125
0 0.78671875 0.44765625 0.0875 0.1203125
0 0.47109375 0.45390625 0.0390625 0.0390625
0 0.175 0.4359375 0.04375 0.0484375
0 0.9484375 0.48984375 0.071875 0.115625
0 0.7359375 0.47734375 0.0625 0.109375
0 0.621875 0.05390625 0.046875 0.071875
0 0.6828125 0.50078125 0.0859375 0.1015625
0 0.62421875 0.5109375 0.0453125 0.0625
0 0.52109375 0.50625 0.0921875 0.1359375
0 0.44375 0.50546875 0.0640625 0.06875
0 0.096875 0.4859375 0.0796875 0.0890625
0 0.7890625 0.5390625 0.1140625 0.053125
0 0.92734375 0.56015625 0.0828125 0.075
0 0.3765625 0.53515625 0.0859375 0.10625
0 0.025 0.53984375 0.05 0.1046875
0 0.95625 0.6078125 0.0796875 0.06875
0 0.25703125 0.559375 0.0859375 0.0984375
0 0.13125 0.5625 0.0875 0.1203125
0 0.60859375 0.6328125 0.096875 0.140625
0 0.809375 0.65625 0.103125 0.1453125
0 0.78203125 0.08359375 0.0453125 0.0578125
0 0.31875 0.63828125 0.0671875 0.1015625
0 0.9515625 0.68515625 0.071875 0.115625
0 0.41875 0.6703125 0.1015625 0.0859375
0 0.02265625 0.64140625 0.0453125 0.1421875
0 0.9828125 0.10234375 0.034375 0.0453125
0 0.8578125 0.09609375 0.05625 0.0828125
0 0.246875 0.70234375 0.103125 0.1078125
0 0.1140625 0.7140625 0.09375 0.084375
0 0.45703125 0.74765625 0.1296875 0.0734375
0 0.72109375 0.090625 0.05 0.0625
0 0.3234375 0.06328125 0.0484375 0.04375
0 0.00703125 0.775 0.0140625 0.053125
0 0.33046875 0.8015625 0.10625 0.15
0 0.61875 0.8265625 0.1171875 0.1046875
0 0.92265625 0.8640625 0.10625 0.1453125
0 0.15234375 0.05859375 0.05625 0.0921875
0 0.06796875 0.80859375 0.096875 0.13125
0 0.2171875 0.82421875 0.1234375 0.11875
0 0.46171875 0.85 0.1234375 0.1140625
0 0.02109375 0.83125 0.0421875 0.075
0 0.634375 0.89453125 0.090625 0.0515625
0 0.20703125 0.078125 0.0609375 0.0921875
0 0.48671875 0.1 0.0515625 0.0765625