0 0.5046875 0.15546875 0.0484375 0.071875
0 0.35 0.18046875 0.0578125 0.071875
0 0.25546875 0.19375 0.0484375 0.071875
0 0.696875 0.22421875 0.04375 0.065625
0 0.85859375 0.22109375 0.053125 0.071875
0 0.44921875 0.2375 0.034375 0.0515625
0 0.57421875 0.2328125 0.04375 0.046875
0 0.40546875 0.25078125 0.04375 0.0796875
0 0.225 0.26875 0.04375 0.05625
0 0.3546875 0.26640625 0.053125 0.08125
0 0.496875 0.27578125 0.053125 0.0671875
0 0.31171875 0.28828125 0.0484375 0.0765625
0 0.60078125 0.2828125 0.0484375 0.071875
0 0.6484375 0.28828125 0.0578125 0.08125
0 0.5671875 0.30078125 0.04375 0.065625
0 0.7453125 0.29921875 0.053125 0.0765625
0 0.86171875 0.31171875 0.0484375 0.0890625
0 0.07578125 0.34140625 0.053125 0.08125
0 0.44609375 0.3375 0.0578125 0.071875
0 0.246875 0.3515625 0.0484375 0.071875
0 0.8234375 0.3375 0.04375 0.0609375
0 0.16640625 0.3703125 0.053125 0.071875
0 0.40234375 0.36875 0.0671875 0.08125
0 0.48203125 0.38515625 0.053125 0.08125
0 0.6703125 0.4078125 0.04375 0.0796875
0 0.2984375 0.4375 0.053125 0.0671875
0 0.75 0.43125 0.053125 0.0859375
0 0.61640625 0.44296875 0.053125 0.090625
0 0.83046875 0.48125 0.053125 0.0859375
0 0.1921875 0.51328125 0.0625 0.0859375
0 0.44765625 0.52265625 0.0640625 0.0984375
0 0.41875 0.64453125 0.0671875 0.0765625