0 0.5048076923076923 0.10697115384615384 0.038461538461538464 0.05048076923076923
0 0.9002403846153846 0.11658653846153846 0.04326923076923077 0.05048076923076923
0 0.37740384615384615 0.10817307692307693 0.038461538461538464 0.04807692307692308
0 0.3076923076923077 0.11177884615384616 0.03365384615384615 0.05048076923076923
0 0.021634615384615384 0.1141826923076923 0.028846153846153848 0.04807692307692308
0 0.7788461538461539 0.12980769230769232 0.04326923076923077 0.05048076923076923
0 0.5685096153846154 0.13581730769230768 0.03365384615384615 0.03365384615384615
0 0.8329326923076923 0.140625 0.038461538461538464 0.05048076923076923
0 0.9387019230769231 0.1502403846153846 0.04326923076923077 0.055288461538461536
0 0.08052884615384616 0.13581730769230768 0.03365384615384615 0.05048076923076923
0 0.47596153846153844 0.1502403846153846 0.03365384615384615 0.06009615384615385
0 0.6935096153846154 0.1658653846153846 0.038461538461538464 0.055288461538461536
0 0.7956730769230769 0.16706730769230768 0.03365384615384615 0.04807692307692308
0 0.6213942307692307 0.16706730769230768 0.038461538461538464 0.055288461538461536
0 0.5588942307692307 0.1658653846153846 0.03365384615384615 0.04326923076923077
0 0.38822115384615385 0.16466346153846154 0.028846153846153848 0.04326923076923077
0 0.45552884615384615 0.014423076923076924 0.040865384615384616 0.028846153846153848
0 0.3389423076923077 0.16466346153846154 0.03365384615384615 0.055288461538461536
0 0.06370192307692307 0.1658653846153846 0.038461538461538464 0.04807692307692308
0 0.078125 0.014423076923076924 0.036057692307692304 0.028846153846153848
0 0.12379807692307693 0.016826923076923076 0.040865384615384616 0.03365384615384615
0 0.109375 0.1875 0.03365384615384615 0.038461538461538464
0 0.9242788461538461 0.20192307692307693 0.03365384615384615 0.05048076923076923
0 0.2980769230769231 0.018028846153846152 0.02403846153846154 0.036057692307692304
0 0.7668269230769231 0.20432692307692307 0.038461538461538464 0.04807692307692308
0 0.49038461538461536 0.20192307692307693 0.038461538461538464 0.055288461538461536
0 0.6778846153846154 0.2091346153846154 0.038461538461538464 0.04326923076923077
0 0.046875 0.19951923076923078 0.019230769230769232 0.03365384615384615
0 0.5600961538461539 0.21634615384615385 0.038461538461538464 0.04807692307692308
0 0.18028846153846154 0.21394230769230768 0.038461538461538464 0.06009615384615385
0 0.6298076923076923 0.2247596153846154 0.038461538461538464 0.05048076923076923
0 0.9675480769230769 0.2439903846153846 0.038461538461538464 0.05048076923076923
0 0.1141826923076923 0.23317307692307693 0.03365384615384615 0.04807692307692308
0 0.04447115384615385 0.23677884615384615 0.038461538461538464 0.06009615384615385
0 0.02283653846153846 0.23918269230769232 0.028846153846153848 0.05048076923076923
0 0.8100961538461539 0.25240384615384615 0.04326923076923077 0.04807692307692308
0 0.9074519230769231 0.25721153846153844 0.038461538461538464 0.05048076923076923
0 0.5769230769230769 0.2536057692307692 0.028846153846153848 0.04807692307692308
0 0.7211538461538461 0.265625 0.03365384615384615 0.04807692307692308
0 0.6310096153846154 0.27283653846153844 0.03365384615384615 0.05048076923076923
0 0.46153846153846156 0.27884615384615385 0.052884615384615384 0.06971153846153846
0 0.3389423076923077 0.2800480769230769 0.028846153846153848 0.04807692307692308
0 0.265625 0.28846153846153844 0.038461538461538464 0.055288461538461536
0 0.14423076923076922 0.28846153846153844 0.028846153846153848 0.05048076923076923
0 0.8689903846153846 0.30288461538461536 0.04326923076923077 0.05048076923076923
0 0.9879807692307693 0.30649038461538464 0.02403846153846154 0.05048076923076923
0 0.19831730769230768 0.2932692307692308 0.038461538461538464 0.055288461538461536
0 0.7932692307692307 0.30528846153846156 0.038461538461538464 0.05048076923076923
0 0.71875 0.3112980769230769 0.038461538461538464 0.04807692307692308
0 0.4110576923076923 0.31850961538461536 0.028846153846153848 0.05048076923076923
0 0.5240384615384616 0.32211538461538464 0.038461538461538464 0.04326923076923077
0 0.5913461538461539 0.3233173076923077 0.04326923076923077 0.06009615384615385
0 0.6442307692307693 0.3269230769230769 0.04326923076923077 0.04807692307692308
0 0.09735576923076923 0.32572115384615385 0.03365384615384615 0.05048076923076923
0 0.4651442307692308 0.3317307692307692 0.038461538461538464 0.05048076923076923
0 0.19831730769230768 0.027644230769230768 0.038461538461538464 0.055288461538461536
0 0.5276442307692307 0.33774038461538464 0.03365384615384615 0.05048076923076923
0 0.22716346153846154 0.33774038461538464 0.038461538461538464 0.06009615384615385
0 0.9771634615384616 0.35096153846153844 0.038461538461538464 0.055288461538461536
0 0.7728365384615384 0.34975961538461536 0.038461538461538464 0.055288461538461536
0 0.28725961538461536 0.34134615384615385 0.03365384615384615 0.06009615384615385
0 0.025240384615384616 0.33653846153846156 0.04326923076923077 0.06490384615384616
0 0.35216346153846156 0.3449519230769231 0.03365384615384615 0.055288461538461536
0 0.6802884615384616 0.3557692307692308 0.038461538461538464 0.05048076923076923
0 0.16947115384615385 0.34615384615384615 0.03365384615384615 0.04807692307692308
0 0.8569711538461539 0.3605769230769231 0.03365384615384615 0.05048076923076923
0 0.6021634615384616 0.36899038461538464 0.038461538461538464 0.05048076923076923
0 0.3293269230769231 0.36778846153846156 0.028846153846153848 0.04807692307692308
0 0.3894230769230769 0.36778846153846156 0.038461538461538464 0.04807692307692308
0 0.4651442307692308 0.3713942307692308 0.04326923076923077 0.06490384615384616
0 0.6574519230769231 0.3870192307692308 0.038461538461538464 0.055288461538461536
0 0.8245192307692307 0.39663461538461536 0.04326923076923077 0.06971153846153846
0 0.9002403846153846 0.39783653846153844 0.038461538461538464 0.06490384615384616
0 0.5168269230769231 0.3954326923076923 0.038461538461538464 0.055288461538461536
0 0.7259615384615384 0.40865384615384615 0.038461538461538464 0.055288461538461536
0 0.5757211538461539 0.41586538461538464 0.038461538461538464 0.05048076923076923
0 0.35336538461538464 0.41947115384615385 0.04326923076923077 0.06009615384615385
0 0.41586538461538464 0.421875 0.04326923076923077 0.06490384615384616
0 0.038461538461538464 0.421875 0.038461538461538464 0.055288461538461536
0 0.1466346153846154 0.4266826923076923 0.03365384615384615 0.04807692307692308
0 0.2860576923076923 0.43149038461538464 0.03365384615384615 0.055288461538461536
0 0.22596153846153846 0.43990384615384615 0.038461538461538464 0.04807692307692308
0 0.9411057692307693 0.4543269230769231 0.04326923076923077 0.055288461538461536
0 0.7560096153846154 0.46033653846153844 0.04326923076923077 0.05048076923076923
0 0.8533653846153846 0.4639423076923077 0.04326923076923077 0.05048076923076923
0 0.6514423076923077 0.46033653846153844 0.038461538461538464 0.06009615384615385
0 0.14302884615384615 0.46875 0.038461538461538464 0.055288461538461536
0 0.20552884615384615 0.47475961538461536 0.03365384615384615 0.03365384615384615
0 0.31009615384615385 0.47836538461538464 0.038461538461538464 0.05048076923076923
0 0.4579326923076923 0.484375 0.05048076923076923 0.055288461538461536
0 0.0625 0.47836538461538464 0.03365384615384615 0.04807692307692308
0 0.38461538461538464 0.4855769230769231 0.04326923076923077 0.05048076923076923
0 0.5985576923076923 0.051682692307692304 0.03365384615384615 0.05048076923076923
0 0.8401442307692307 0.5204326923076923 0.038461538461538464 0.04807692307692308
0 0.7427884615384616 0.5204326923076923 0.038461538461538464 0.04807692307692308
0 0.49038461538461536 0.515625 0.038461538461538464 0.055288461538461536
0 0.4170673076923077 0.5168269230769231 0.038461538461538464 0.055288461538461536
0 0.5745192307692307 0.5192307692307693 0.038461538461538464 0.055288461538461536
0 0.9819711538461539 0.53125 0.028846153846153848 0.06490384615384616
0 0.640625 0.5276442307692307 0.05048076923076923 0.06490384615384616
0 0.203125 0.5228365384615384 0.03365384615384615 0.04326923076923077
0 0.09975961538461539 0.5276442307692307 0.038461538461538464 0.05048076923076923
0 0.9615384615384616 0.5661057692307693 0.038461538461538464 0.06490384615384616
0 0.2692307692307692 0.5637019230769231 0.03365384615384615 0.04326923076923077
0 0.859375 0.578125 0.04326923076923077 0.07451923076923077
0 0.34375 0.5721153846153846 0.04326923076923077 0.06009615384615385
0 0.016826923076923076 0.5661057692307693 0.03365384615384615 0.05048076923076923
0 0.6622596153846154 0.06009615384615385 0.038461538461538464 0.055288461538461536
0 0.43149038461538464 0.5769230769230769 0.028846153846153848 0.04326923076923077
0 0.5108173076923077 0.578125 0.04326923076923077 0.06009615384615385
0 0.6117788461538461 0.5853365384615384 0.038461538461538464 0.05048076923076923
0 0.6682692307692307 0.5853365384615384 0.038461538461538464 0.04326923076923077
0 0.7608173076923077 0.5901442307692307 0.04807692307692308 0.06009615384615385
0 0.16826923076923078 0.5865384615384616 0.038461538461538464 0.06009615384615385
0 0.09375 0.5973557692307693 0.03365384615384615 0.05048076923076923
0 0.453125 0.6382211538461539 0.04326923076923077 0.06490384615384616
0 0.35697115384615385 0.6370192307692307 0.052884615384615384 0.06971153846153846
0 0.2704326923076923 0.6370192307692307 0.04807692307692308 0.07451923076923077
0 0.8100961538461539 0.6514423076923077 0.04807692307692308 0.04326923076923077
0 0.578125 0.6466346153846154 0.04326923076923077 0.06490384615384616
0 0.75 0.6526442307692307 0.04326923076923077 0.06490384615384616
0 0.5300480769230769 0.06490384615384616 0.038461538461538464 0.06009615384615385
0 0.013221153846153846 0.640625 0.026442307692307692 0.055288461538461536
0 0.078125 0.6502403846153846 0.03365384615384615 0.04807692307692308
0 0.1502403846153846 0.6538461538461539 0.03365384615384615 0.055288461538461536
0 0.3894230769230769 0.06490384615384616 0.03365384615384615 0.055288461538461536
0 0.5060096153846154 0.6778846153846154 0.038461538461538464 0.06009615384615385
0 0.9014423076923077 0.6923076923076923 0.038461538461538464 0.055288461538461536
0 0.23918269230769232 0.6850961538461539 0.038461538461538464 0.055288461538461536
0 0.6911057692307693 0.6959134615384616 0.038461538461538464 0.06490384615384616
0 0.28966346153846156 0.06610576923076923 0.03365384615384615 0.04807692307692308
0 0.18629807692307693 0.6862980769230769 0.038461538461538464 0.055288461538461536
0 0.984375 0.703125 0.02403846153846154 0.06490384615384616
0 0.5985576923076923 0.6983173076923077 0.038461538461538464 0.055288461538461536
0 0.15865384615384615 0.6935096153846154 0.028846153846153848 0.04807692307692308
0 0.4110576923076923 0.7019230769230769 0.04326923076923077 0.05048076923076923
0 0.84375 0.7091346153846154 0.04807692307692308 0.06009615384615385
0 0.7992788461538461 0.7079326923076923 0.04326923076923077 0.06009615384615385
0 0.0889423076923077 0.6983173076923077 0.03365384615384615 0.06490384615384616
0 0.3233173076923077 0.7067307692307693 0.05048076923076923 0.06009615384615385
0 0.046875 0.7019230769230769 0.038461538461538464 0.06009615384615385
0 0.3293269230769231 0.7151442307692307 0.04326923076923077 0.06490384615384616
0 0.23076923076923078 0.7175480769230769 0.038461538461538464 0.04807692307692308
0 0.39663461538461536 0.7235576923076923 0.04326923076923077 0.06490384615384616
0 0.9158653846153846 0.7391826923076923 0.038461538461538464 0.06490384615384616
0 0.9146634615384616 0.08173076923076923 0.038461538461538464 0.03365384615384615
0 0.671875 0.7391826923076923 0.05048076923076923 0.06009615384615385
0 0.5564903846153846 0.7391826923076923 0.038461538461538464 0.055288461538461536
0 0.7223557692307693 0.7512019230769231 0.04807692307692308 0.06009615384615385
0 0.5228365384615384 0.75 0.038461538461538464 0.06490384615384616
0 0.11057692307692307 0.7451923076923077 0.028846153846153848 0.055288461538461536
0 0.4326923076923077 0.7536057692307693 0.038461538461538464 0.06009615384615385
0 0.4807692307692308 0.7548076923076923 0.04807692307692308 0.06971153846153846
0 0.013221153846153846 0.7512019230769231 0.026442307692307692 0.06009615384615385
0 0.6298076923076923 0.7776442307692307 0.038461538461538464 0.06971153846153846
0 0.8701923076923077 0.08413461538461539 0.038461538461538464 0.05048076923076923
0 0.15504807692307693 0.07451923076923077 0.03365384615384615 0.05048076923076923
0 0.7848557692307693 0.08533653846153846 0.038461538461538464 0.03365384615384615
0 0.7151442307692307 0.08653846153846154 0.03365384615384615 0.04807692307692308
0 0.4567307692307692 0.08413461538461539 0.038461538461538464 0.05048076923076923
0 0.22716346153846154 0.09495192307692307 0.028846153846153848 0.055288461538461536