0 0.5853365384615384 0.09975961538461539 0.027644230769230768 0.06490384615384616
0 0.9423076923076923 0.10216346153846154 0.042067307692307696 0.06009615384615385
0 0.5120192307692307 0.10216346153846154 0.03245192307692308 0.06009615384615385
0 0.6826923076923077 0.1045673076923077 0.042067307692307696 0.06490384615384616
0 0.8629807692307693 0.1045673076923077 0.027644230769230768 0.06009615384615385
0 0.7572115384615384 0.109375 0.046875 0.06009615384615385
0 0.19951923076923078 0.11298076923076923 0.042067307692307696 0.06009615384615385
0 0.27283653846153844 0.11538461538461539 0.027644230769230768 0.06009615384615385
0 0.020432692307692308 0.11658653846153846 0.040865384615384616 0.06971153846153846
0 0.09975961538461539 0.1346153846153846 0.042067307692307696 0.06009615384615385
0 0.7055288461538461 0.20552884615384615 0.042067307692307696 0.06971153846153846
0 0.7776442307692307 0.21033653846153846 0.037259615384615384 0.06971153846153846
0 0.16706730769230768 0.21514423076923078 0.042067307692307696 0.06490384615384616
0 0.9795673076923077 0.21514423076923078 0.037259615384615384 0.078125
0 0.4951923076923077 0.21995192307692307 0.042067307692307696 0.046875
0 0.5949519230769231 0.21995192307692307 0.042067307692307696 0.06490384615384616
0 0.8870192307692307 0.22716346153846154 0.05048076923076923 0.06971153846153846
0 0.24278846153846154 0.25 0.037259615384615384 0.07451923076923077
0 0.7451923076923077 0.025240384615384616 0.03245192307692308 0.05048076923076923
0 0.984375 0.030048076923076924 0.02283653846153846 0.06009615384615385
0 0.5877403846153846 0.027644230769230768 0.027644230769230768 0.055288461538461536
0 0.9074519230769231 0.030048076923076924 0.042067307692307696 0.06009615384615385
0 0.5072115384615384 0.030048076923076924 0.037259615384615384 0.06009615384615385
0 0.29447115384615385 0.03245192307692308 0.027644230769230768 0.046875
0 0.7079326923076923 0.3173076923076923 0.042067307692307696 0.06971153846153846
0 0.04807692307692308 0.3173076923076923 0.042067307692307696 0.06490384615384616
0 0.13221153846153846 0.31971153846153844 0.042067307692307696 0.06490384615384616
0 0.8100961538461539 0.31971153846153844 0.037259615384615384 0.06009615384615385
0 0.9278846153846154 0.3245192307692308 0.042067307692307696 0.06490384615384616
0 0.5973557692307693 0.3329326923076923 0.055288461538461536 0.06971153846153846
0 0.49759615384615385 0.3401442307692308 0.037259615384615384 0.06490384615384616
0 0.9675480769230769 0.3449519230769231 0.042067307692307696 0.06971153846153846
0 0.21995192307692307 0.042067307692307696 0.037259615384615384 0.055288461538461536
0 0.13701923076923078 0.04447115384615385 0.027644230769230768 0.06009615384615385
0 0.7379807692307693 0.4651442307692308 0.042067307692307696 0.07451923076923077
0 0.859375 0.47475961538461536 0.037259615384615384 0.07451923076923077
0 0.9555288461538461 0.4795673076923077 0.055288461538461536 0.0829326923076923
0 0.6274038461538461 0.5 0.042067307692307696 0.07451923076923077
0 0.49038461538461536 0.5024038461538461 0.046875 0.08774038461538461
0 0.0625 0.5276442307692307 0.042067307692307696 0.0829326923076923
0 0.17307692307692307 0.5276442307692307 0.042067307692307696 0.06490384615384616
0 0.31490384615384615 0.5480769230769231 0.05048076923076923 0.0829326923076923
0 0.8870192307692307 0.6550480769230769 0.05048076923076923 0.07451923076923077
0 0.020432692307692308 0.6658653846153846 0.040865384615384616 0.08653846153846154
0 0.7896634615384616 0.671875 0.046875 0.0829326923076923
0 0.6069711538461539 0.6730769230769231 0.046875 0.0829326923076923
0 0.48197115384615385 0.6754807692307693 0.046875 0.06971153846153846
0 0.12740384615384615 0.6923076923076923 0.055288461538461536 0.0829326923076923