0 0.8004807692307693 0.027644230769230768 0.02403846153846154 0.02403846153846154
0 0.640625 0.1045673076923077 0.04326923076923077 0.038461538461538464
0 0.6875 0.10697115384615384 0.038461538461538464 0.038461538461538464
0 0.7800480769230769 0.026442307692307692 0.028846153846153848 0.02403846153846154
0 0.8401442307692307 0.12139423076923077 0.028846153846153848 0.04326923076923077
0 0.6550480769230769 0.11658653846153846 0.03125 0.04807692307692308
0 0.6622596153846154 0.020432692307692308 0.02403846153846154 0.02403846153846154
0 0.3485576923076923 0.1045673076923077 0.04326923076923077 0.04807692307692308
0 0.7716346153846154 0.12860576923076922 0.02403846153846154 0.038461538461538464
0 0.921875 0.13701923076923078 0.028846153846153848 0.038461538461538464
0 0.7944711538461539 0.13221153846153846 0.028846153846153848 0.04326923076923077
0 0.9819711538461539 0.14783653846153846 0.028846153846153848 0.038461538461538464
0 0.7439903846153846 0.1346153846153846 0.014423076923076924 0.014423076923076924
0 0.7067307692307693 0.13822115384615385 0.03365384615384615 0.028846153846153848
0 0.042067307692307696 0.1045673076923077 0.04567307692307692 0.0673076923076923
0 0.9435096153846154 0.15745192307692307 0.03365384615384615 0.03365384615384615
0 0.29447115384615385 0.12379807692307693 0.04326923076923077 0.04326923076923077
0 0.8341346153846154 0.15144230769230768 0.038461538461538464 0.04326923076923077
0 0.9831730769230769 0.15865384615384615 0.03365384615384615 0.028846153846153848
0 0.609375 0.14423076923076922 0.038461538461538464 0.04807692307692308
0 0.5168269230769231 0.140625 0.028846153846153848 0.038461538461538464
0 0.08173076923076923 0.1201923076923077 0.038461538461538464 0.04807692307692308
0 0.3894230769230769 0.13701923076923078 0.03125 0.04807692307692308
0 0.3713942307692308 0.13822115384615385 0.038461538461538464 0.04326923076923077
0 0.6274038461538461 0.15384615384615385 0.028846153846153848 0.038461538461538464
0 0.7331730769230769 0.1622596153846154 0.02403846153846154 0.04326923076923077
0 0.5528846153846154 0.15504807692307693 0.04567307692307692 0.057692307692307696
0 0.7860576923076923 0.16706730769230768 0.038461538461538464 0.04807692307692308
0 0.40865384615384615 0.1502403846153846 0.04807692307692308 0.04807692307692308
0 0.6730769230769231 0.1658653846153846 0.03365384615384615 0.04326923076923077
0 0.43990384615384615 0.15384615384615385 0.028846153846153848 0.04326923076923077
0 0.9879807692307693 0.18269230769230768 0.02403846153846154 0.04326923076923077
0 0.7103365384615384 0.17067307692307693 0.040865384615384616 0.052884615384615384
0 0.5 0.16466346153846154 0.038461538461538464 0.04326923076923077
0 0.12740384615384615 0.1466346153846154 0.038461538461538464 0.038461538461538464
0 0.9639423076923077 0.1935096153846154 0.038461538461538464 0.04326923076923077
0 0.796875 0.18870192307692307 0.05048076923076923 0.057692307692307696
0 0.22596153846153846 0.15865384615384615 0.036057692307692304 0.04807692307692308
0 0.8822115384615384 0.19230769230769232 0.04807692307692308 0.04807692307692308
0 0.30649038461538464 0.16466346153846154 0.040865384615384616 0.057692307692307696
0 0.5817307692307693 0.18629807692307693 0.040865384615384616 0.052884615384615384
0 0.4675480769230769 0.19471153846153846 0.05048076923076923 0.057692307692307696
0 0.34375 0.016826923076923076 0.038461538461538464 0.03365384615384615
0 0.6610576923076923 0.20552884615384615 0.04326923076923077 0.04326923076923077
0 0.9350961538461539 0.2247596153846154 0.036057692307692304 0.04807692307692308
0 0.5480769230769231 0.20432692307692307 0.03125 0.052884615384615384
0 0.8653846153846154 0.22115384615384615 0.038461538461538464 0.04807692307692308
0 0.8990384615384616 0.22596153846153846 0.05048076923076923 0.0673076923076923
0 0.1310096153846154 0.18629807692307693 0.04567307692307692 0.057692307692307696
0 0.9831730769230769 0.23557692307692307 0.03365384615384615 0.04326923076923077
0 0.8112980769230769 0.23076923076923078 0.04326923076923077 0.04807692307692308
0 0.7223557692307693 0.23317307692307693 0.03125 0.04807692307692308
0 0.5300480769230769 0.02403846153846154 0.02403846153846154 0.038461538461538464
0 0.8353365384615384 0.24639423076923078 0.04567307692307692 0.057692307692307696
0 0.5817307692307693 0.23317307692307693 0.040865384615384616 0.057692307692307696
0 0.3641826923076923 0.22716346153846154 0.040865384615384616 0.052884615384615384
0 0.7451923076923077 0.24639423076923078 0.036057692307692304 0.057692307692307696
0 0.039663461538461536 0.21153846153846154 0.036057692307692304 0.052884615384615384
0 0.6802884615384616 0.25 0.036057692307692304 0.052884615384615384
0 0.09615384615384616 0.2283653846153846 0.052884615384615384 0.0625
0 0.8774038461538461 0.27163461538461536 0.04326923076923077 0.04807692307692308
0 0.9903846153846154 0.2764423076923077 0.019230769230769232 0.04326923076923077
0 0.5144230769230769 0.25961538461538464 0.04807692307692308 0.04326923076923077
0 0.15384615384615385 0.2439903846153846 0.05048076923076923 0.052884615384615384
0 0.96875 0.29447115384615385 0.038461538461538464 0.04326923076923077
0 0.6610576923076923 0.036057692307692304 0.028846153846153848 0.038461538461538464
0 0.4182692307692308 0.02283653846153846 0.038461538461538464 0.04567307692307692
0 0.22235576923076922 0.27283653846153844 0.038461538461538464 0.04807692307692308
0 0.7103365384615384 0.3004807692307692 0.040865384615384616 0.052884615384615384
0 0.5084134615384616 0.28966346153846156 0.052884615384615384 0.057692307692307696
0 0.8509615384615384 0.3076923076923077 0.052884615384615384 0.052884615384615384
0 0.9903846153846154 0.31971153846153844 0.019230769230769232 0.04326923076923077
0 0.6213942307692307 0.3004807692307692 0.05048076923076923 0.0625
0 0.3713942307692308 0.29086538461538464 0.04567307692307692 0.0625
0 0.3389423076923077 0.2920673076923077 0.040865384615384616 0.0625
0 0.7716346153846154 0.3173076923076923 0.04567307692307692 0.052884615384615384
0 0.027644230769230768 0.3016826923076923 0.03125 0.07211538461538461
0 0.5288461538461539 0.33413461538461536 0.057692307692307696 0.052884615384615384
0 0.9783653846153846 0.3605769230769231 0.04326923076923077 0.04807692307692308
0 0.8677884615384616 0.36658653846153844 0.052884615384615384 0.0673076923076923
0 0.29447115384615385 0.027644230769230768 0.040865384615384616 0.055288461538461536
0 0.19230769230769232 0.34615384615384615 0.04567307692307692 0.0625
0 0.04807692307692308 0.018028846153846152 0.038461538461538464 0.036057692307692304
0 0.3245192307692308 0.3581730769230769 0.04567307692307692 0.052884615384615384
0 0.7163461538461539 0.38341346153846156 0.05048076923076923 0.0625
0 0.8966346153846154 0.057692307692307696 0.03365384615384615 0.04326923076923077
0 0.4579326923076923 0.375 0.052884615384615384 0.07211538461538461
0 0.7920673076923077 0.054086538461538464 0.028846153846153848 0.038461538461538464
0 0.9759615384615384 0.41346153846153844 0.04807692307692308 0.0673076923076923
0 0.038461538461538464 0.36899038461538464 0.05048076923076923 0.0673076923076923
0 0.5829326923076923 0.39663461538461536 0.04567307692307692 0.052884615384615384
0 0.6117788461538461 0.04447115384615385 0.028846153846153848 0.04326923076923077
0 0.6598557692307693 0.4182692307692308 0.05048076923076923 0.0625
0 0.7716346153846154 0.055288461538461536 0.028846153846153848 0.028846153846153848
0 0.7932692307692307 0.4375 0.057692307692307696 0.0625
0 0.9038461538461539 0.4519230769230769 0.05048076923076923 0.0625
0 0.6742788461538461 0.052884615384615384 0.036057692307692304 0.04807692307692308
0 0.8185096153846154 0.47716346153846156 0.057692307692307696 0.052884615384615384
0 0.953125 0.5096153846153846 0.052884615384615384 0.0625
0 0.2091346153846154 0.03245192307692308 0.038461538461538464 0.04807692307692308
0 0.7307692307692307 0.06009615384615385 0.02403846153846154 0.03365384615384615
0 0.5889423076923077 0.051682692307692304 0.03365384615384615 0.038461538461538464
0 0.8245192307692307 0.5192307692307693 0.052884615384615384 0.05048076923076923
0 0.9206730769230769 0.07211538461538461 0.02403846153846154 0.038461538461538464
0 0.1502403846153846 0.4891826923076923 0.055288461538461536 0.07692307692307693
0 0.35216346153846156 0.5024038461538461 0.052884615384615384 0.0673076923076923
0 0.5264423076923077 0.5132211538461539 0.04567307692307692 0.0673076923076923
0 0.703125 0.06009615384615385 0.02403846153846154 0.038461538461538464
0 0.5144230769230769 0.05048076923076923 0.03125 0.04807692307692308
0 0.7115384615384616 0.5336538461538461 0.06490384615384616 0.07692307692307693
0 0.8028846153846154 0.5528846153846154 0.057692307692307696 0.0673076923076923
0 0.9591346153846154 0.5745192307692307 0.04567307692307692 0.052884615384615384
0 0.49038461538461536 0.054086538461538464 0.03365384615384615 0.04326923076923077
0 0.5384615384615384 0.05889423076923077 0.036057692307692304 0.052884615384615384
0 0.8557692307692307 0.078125 0.04567307692307692 0.052884615384615384
0 0.16346153846153846 0.042067307692307696 0.040865384615384616 0.052884615384615384
0 0.16826923076923078 0.5925480769230769 0.05048076923076923 0.0673076923076923
0 0.06129807692307692 0.6021634615384616 0.0625 0.07211538461538461
0 0.7728365384615384 0.6394230769230769 0.0625 0.0673076923076923
0 0.6574519230769231 0.6334134615384616 0.06971153846153846 0.08173076923076923
0 0.5084134615384616 0.6286057692307693 0.04567307692307692 0.0673076923076923
0 0.3269230769230769 0.6538461538461539 0.052884615384615384 0.057692307692307696
0 0.7572115384615384 0.0829326923076923 0.028846153846153848 0.028846153846153848
0 0.5180288461538461 0.6911057692307693 0.0625 0.0673076923076923
0 0.859375 0.7139423076923077 0.052884615384615384 0.0673076923076923
0 0.9362980769230769 0.7175480769230769 0.0625 0.0625
0 0.6923076923076923 0.07932692307692307 0.04326923076923077 0.038461538461538464
0 0.7271634615384616 0.018028846153846152 0.03365384615384615 0.016826923076923076
0 0.013221153846153846 0.7307692307692307 0.026442307692307692 0.07692307692307693
0 0.9375 0.7848557692307693 0.057692307692307696 0.07211538461538461
0 0.7584134615384616 0.7872596153846154 0.0673076923076923 0.07211538461538461
0 0.9387019230769231 0.10096153846153846 0.02403846153846154 0.038461538461538464
0 0.7788461538461539 0.09254807692307693 0.02403846153846154 0.038461538461538464
0 0.2932692307692308 0.7788461538461539 0.06009615384615385 0.08173076923076923
0 0.5336538461538461 0.8197115384615384 0.052884615384615384 0.0673076923076923
0 0.5985576923076923 0.08774038461538461 0.028846153846153848 0.04326923076923077
0 0.4362980769230769 0.07932692307692307 0.04567307692307692 0.057692307692307696
0 0.6514423076923077 0.8485576923076923 0.07932692307692307 0.07932692307692307
0 0.640625 0.016826923076923076 0.02403846153846154 0.019230769230769232
0 0.09495192307692307 0.06370192307692307 0.038461538461538464 0.04807692307692308
0 0.8834134615384616 0.109375 0.028846153846153848 0.04326923076923077
0 0.7415865384615384 0.10216346153846154 0.02403846153846154 0.03365384615384615