0 0.7848557692307693 0.5757211538461539 0.009615384615384616 0.014423076923076924
0 0.7752403846153846 0.5745192307692307 0.004807692307692308 0.004807692307692308
0 0.7980769230769231 0.5805288461538461 0.004807692307692308 0.004807692307692308
0 0.578125 0.5733173076923077 0.016826923076923076 0.019230769230769232
0 0.5576923076923077 0.5709134615384616 0.009615384615384616 0.009615384615384616
0 0.5372596153846154 0.5721153846153846 0.009615384615384616 0.009615384615384616
0 0.5673076923076923 0.5769230769230769 0.009615384615384616 0.014423076923076924
0 0.8293269230769231 0.5949519230769231 0.019230769230769232 0.028846153846153848
0 0.7920673076923077 0.5925480769230769 0.016826923076923076 0.019230769230769232
0 0.4795673076923077 0.5709134615384616 0.014423076923076924 0.014423076923076924
0 0.4651442307692308 0.5697115384615384 0.004807692307692308 0.004807692307692308
0 0.5324519230769231 0.5769230769230769 0.009615384615384616 0.009615384615384616
0 0.5204326923076923 0.5757211538461539 0.009615384615384616 0.009615384615384616
0 0.7644230769230769 0.5961538461538461 0.016826923076923076 0.019230769230769232
0 0.8161057692307693 0.5997596153846154 0.01201923076923077 0.019230769230769232
0 0.7367788461538461 0.59375 0.019230769230769232 0.019230769230769232
0 0.59375 0.5841346153846154 0.014423076923076924 0.009615384615384616
0 0.6370192307692307 0.5865384615384616 0.016826923076923076 0.019230769230769232
0 0.7115384615384616 0.5925480769230769 0.016826923076923076 0.019230769230769232
0 0.5564903846153846 0.5817307692307693 0.009615384615384616 0.014423076923076924
0 0.46153846153846156 0.578125 0.009615384615384616 0.014423076923076924
0 0.4050480769230769 0.5745192307692307 0.014423076923076924 0.014423076923076924
0 0.6213942307692307 0.5913461538461539 0.009615384615384616 0.004807692307692308
0 0.32211538461538464 0.5709134615384616 0.009615384615384616 0.014423076923076924
0 0.4987980769230769 0.5829326923076923 0.016826923076923076 0.019230769230769232
0 0.4795673076923077 0.5817307692307693 0.016826923076923076 0.019230769230769232
0 0.29927884615384615 0.5745192307692307 0.016826923076923076 0.019230769230769232
0 0.35697115384615385 0.578125 0.019230769230769232 0.019230769230769232
0 0.44350961538461536 0.5865384615384616 0.016826923076923076 0.019230769230769232
0 0.5697115384615384 0.5973557692307693 0.019230769230769232 0.028846153846153848
0 0.30649038461538464 0.5793269230769231 0.016826923076923076 0.019230769230769232
0 0.7824519230769231 0.6129807692307693 0.052884615384615384 0.04567307692307692
0 0.7475961538461539 0.6105769230769231 0.016826923076923076 0.019230769230769232
0 0.6225961538461539 0.6009615384615384 0.014423076923076924 0.014423076923076924
0 0.23918269230769232 0.5769230769230769 0.016826923076923076 0.028846153846153848
0 0.4567307692307692 0.5925480769230769 0.016826923076923076 0.019230769230769232
0 0.3762019230769231 0.5889423076923077 0.016826923076923076 0.02403846153846154
0 0.578125 0.6033653846153846 0.014423076923076924 0.014423076923076924
0 0.39903846153846156 0.5901442307692307 0.009615384615384616 0.014423076923076924
0 0.3389423076923077 0.5865384615384616 0.016826923076923076 0.019230769230769232
0 0.27163461538461536 0.5817307692307693 0.019230769230769232 0.028846153846153848
0 0.359375 0.5877403846153846 0.019230769230769232 0.016826923076923076
0 0.41466346153846156 0.59375 0.019230769230769232 0.02403846153846154
0 0.2536057692307692 0.5829326923076923 0.016826923076923076 0.019230769230769232
0 0.6334134615384616 0.6117788461538461 0.014423076923076924 0.014423076923076924
0 0.3233173076923077 0.5901442307692307 0.016826923076923076 0.019230769230769232
0 0.2247596153846154 0.5877403846153846 0.01201923076923077 0.019230769230769232
0 0.6634615384615384 0.6213942307692307 0.016826923076923076 0.02403846153846154
0 0.29086538461538464 0.5961538461538461 0.019230769230769232 0.019230769230769232
0 0.21514423076923078 0.59375 0.016826923076923076 0.019230769230769232
0 0.6189903846153846 0.6213942307692307 0.02403846153846154 0.02403846153846154
0 0.3581730769230769 0.6057692307692307 0.02403846153846154 0.028846153846153848
0 0.18269230769230768 0.5961538461538461 0.03365384615384615 0.028846153846153848
0 0.6766826923076923 0.6310096153846154 0.03125 0.038461538461538464
0 0.6346153846153846 0.6322115384615384 0.02403846153846154 0.03365384615384615
0 0.5384615384615384 0.625 0.02403846153846154 0.028846153846153848
0 0.39663461538461536 0.6177884615384616 0.02403846153846154 0.03365384615384615
0 0.7079326923076923 0.6394230769230769 0.038461538461538464 0.036057692307692304
0 0.4951923076923077 0.6298076923076923 0.03125 0.04326923076923077
0 0.8786057692307693 0.6610576923076923 0.04567307692307692 0.0625
0 0.8245192307692307 0.6598557692307693 0.04567307692307692 0.052884615384615384
0 0.5997596153846154 0.6466346153846154 0.026442307692307692 0.04326923076923077
0 0.10096153846153846 0.6153846153846154 0.04567307692307692 0.052884615384615384
0 0.6117788461538461 0.6514423076923077 0.026442307692307692 0.04326923076923077
0 0.26802884615384615 0.6298076923076923 0.028846153846153848 0.03365384615384615
0 0.36538461538461536 0.6358173076923077 0.03125 0.04807692307692308
0 0.18990384615384615 0.6286057692307693 0.04567307692307692 0.0673076923076923
0 0.33653846153846156 0.6442307692307693 0.040865384615384616 0.052884615384615384
0 0.765625 0.6766826923076923 0.07211538461538461 0.09615384615384616
0 0.028846153846153848 0.6274038461538461 0.057692307692307696 0.11057692307692307
0 0.13221153846153846 0.6394230769230769 0.040865384615384616 0.052884615384615384
0 0.703125 0.6790865384615384 0.036057692307692304 0.04807692307692308
0 0.4411057692307692 0.6634615384615384 0.03125 0.04326923076923077
0 0.8605769230769231 0.6923076923076923 0.03125 0.04326923076923077
0 0.2848557692307692 0.6586538461538461 0.036057692307692304 0.04807692307692308
0 0.4879807692307692 0.6754807692307693 0.05048076923076923 0.04567307692307692
0 0.5420673076923077 0.6862980769230769 0.05048076923076923 0.07211538461538461
0 0.6274038461538461 0.6971153846153846 0.040865384615384616 0.05048076923076923
0 0.8894230769230769 0.7307692307692307 0.036057692307692304 0.057692307692307696
0 0.24879807692307693 0.6887019230769231 0.05048076923076923 0.0625
0 0.07091346153846154 0.6899038461538461 0.09134615384615384 0.1201923076923077
0 0.4879807692307692 0.7355769230769231 0.04567307692307692 0.0625
0 0.5793269230769231 0.7884615384615384 0.07692307692307693 0.10576923076923077
0 0.6730769230769231 0.8461538461538461 0.11057692307692307 0.12740384615384615