0 0.7115384615384616 0.1814903846153846 0.05048076923076923 0.038461538461538464
0 0.9867788461538461 0.1935096153846154 0.026442307692307692 0.040865384615384616
0 0.8545673076923077 0.22115384615384615 0.06971153846153846 0.04807692307692308
0 0.1778846153846154 0.2283653846153846 0.03365384615384615 0.019230769230769232
0 0.021634615384615384 0.2283653846153846 0.03365384615384615 0.03125
0 0.6394230769230769 0.24278846153846154 0.04807692307692308 0.038461538461538464
0 0.4795673076923077 0.24278846153846154 0.06009615384615385 0.04326923076923077
0 0.24278846153846154 0.24759615384615385 0.038461538461538464 0.028846153846153848
0 0.2920673076923077 0.2512019230769231 0.06009615384615385 0.03365384615384615
0 0.19831730769230768 0.2608173076923077 0.04807692307692308 0.038461538461538464
0 0.3786057692307692 0.28725961538461536 0.05048076923076923 0.038461538461538464
0 0.45913461538461536 0.28846153846153844 0.05048076923076923 0.038461538461538464
0 0.5336538461538461 0.296875 0.038461538461538464 0.03365384615384615
0 0.8810096153846154 0.30408653846153844 0.038461538461538464 0.028846153846153848
0 0.5564903846153846 0.3016826923076923 0.04807692307692308 0.038461538461538464
0 0.59375 0.30649038461538464 0.06009615384615385 0.038461538461538464
0 0.8461538461538461 0.3137019230769231 0.06490384615384616 0.03365384615384615
0 0.6730769230769231 0.31971153846153844 0.055288461538461536 0.038461538461538464
0 0.7463942307692307 0.3269230769230769 0.04326923076923077 0.028846153846153848
0 0.15865384615384615 0.31850961538461536 0.04326923076923077 0.028846153846153848
0 0.21754807692307693 0.328125 0.04807692307692308 0.028846153846153848
0 0.47716346153846156 0.33533653846153844 0.05048076923076923 0.019230769230769232
0 0.5997596153846154 0.3389423076923077 0.04326923076923077 0.028846153846153848
0 0.3269230769230769 0.3389423076923077 0.05048076923076923 0.03365384615384615
0 0.7295673076923077 0.3485576923076923 0.04807692307692308 0.03365384615384615
0 0.5348557692307693 0.3473557692307692 0.038461538461538464 0.02403846153846154
0 0.125 0.34134615384615385 0.06490384615384616 0.04326923076923077
0 0.2704326923076923 0.35096153846153844 0.06490384615384616 0.04326923076923077
0 0.8293269230769231 0.3629807692307692 0.06009615384615385 0.028846153846153848
0 0.6754807692307693 0.36658653846153844 0.055288461538461536 0.038461538461538464
0 0.4026442307692308 0.3641826923076923 0.05048076923076923 0.04326923076923077
0 0.4651442307692308 0.3641826923076923 0.06971153846153846 0.02403846153846154
0 0.15745192307692307 0.36177884615384615 0.04807692307692308 0.038461538461538464
0 0.5673076923076923 0.3786057692307692 0.06009615384615385 0.038461538461538464
0 0.8725961538461539 0.38341346153846156 0.03365384615384615 0.02403846153846154
0 0.10697115384615384 0.37259615384615385 0.06490384615384616 0.038461538461538464
0 0.5204326923076923 0.38221153846153844 0.04807692307692308 0.03365384615384615
0 0.9675480769230769 0.39783653846153844 0.028846153846153848 0.014423076923076924
0 0.3173076923076923 0.3870192307692308 0.055288461538461536 0.038461538461538464
0 0.7475961538461539 0.3954326923076923 0.055288461538461536 0.03365384615384615
0 0.48197115384615385 0.39302884615384615 0.05048076923076923 0.04326923076923077
0 0.9266826923076923 0.4026442307692308 0.04326923076923077 0.02403846153846154
0 0.828125 0.40384615384615385 0.05048076923076923 0.02403846153846154
0 0.9014423076923077 0.41466346153846156 0.05048076923076923 0.02403846153846154
0 0.26322115384615385 0.40625 0.06009615384615385 0.04326923076923077
0 0.5889423076923077 0.41586538461538464 0.055288461538461536 0.03365384615384615
0 0.6586538461538461 0.41947115384615385 0.07932692307692307 0.04807692307692308
0 0.4014423076923077 0.41586538461538464 0.06490384615384616 0.04807692307692308
0 0.8605769230769231 0.4230769230769231 0.055288461538461536 0.028846153846153848
0 0.7584134615384616 0.42427884615384615 0.05048076923076923 0.028846153846153848
0 0.10096153846153846 0.41466346153846156 0.06009615384615385 0.04807692307692308
0 0.9663461538461539 0.43149038461538464 0.06009615384615385 0.04326923076923077
0 0.515625 0.43028846153846156 0.055288461538461536 0.038461538461538464
0 0.8064903846153846 0.4375 0.06971153846153846 0.052884615384615384
0 0.703125 0.45072115384615385 0.07451923076923077 0.038461538461538464
0 0.9086538461538461 0.46274038461538464 0.06009615384615385 0.04807692307692308
0 0.7596153846153846 0.47475961538461536 0.06009615384615385 0.03365384615384615
0 0.5901442307692307 0.4807692307692308 0.09375 0.0625
0 0.8173076923076923 0.49399038461538464 0.0889423076923077 0.04326923076923077
0 0.28966346153846156 0.49399038461538464 0.0985576923076923 0.052884615384615384
0 0.7019230769230769 0.5060096153846154 0.07451923076923077 0.052884615384615384
0 0.953125 0.5180288461538461 0.07451923076923077 0.052884615384615384
0 0.43028846153846156 0.5144230769230769 0.11538461538461539 0.07211538461538461
0 0.8545673076923077 0.5288461538461539 0.07932692307692307 0.04326923076923077
0 0.30649038461538464 0.5408653846153846 0.0889423076923077 0.04326923076923077
0 0.03125 0.5396634615384616 0.0625 0.06490384615384616
0 0.12139423076923077 0.5540865384615384 0.06971153846153846 0.04326923076923077
0 0.18870192307692307 0.5540865384615384 0.09375 0.0673076923076923
0 0.7163461538461539 0.5685096153846154 0.10336538461538461 0.07211538461538461
0 0.8317307692307693 0.5709134615384616 0.08413461538461539 0.052884615384615384
0 0.28846153846153844 0.5817307692307693 0.09375 0.04807692307692308
0 0.8677884615384616 0.6286057692307693 0.09375 0.04326923076923077
0 0.27283653846153844 0.6286057692307693 0.0985576923076923 0.0673076923076923
0 0.8713942307692307 0.6911057692307693 0.12259615384615384 0.07692307692307693
0 0.6935096153846154 0.6887019230769231 0.12740384615384615 0.07692307692307693
0 0.22596153846153846 0.7271634615384616 0.12259615384615384 0.0985576923076923
0 0.9471153846153846 0.8100961538461539 0.0985576923076923 0.11057692307692307
0 0.6346153846153846 0.8173076923076923 0.15865384615384615 0.10576923076923077