0 0.6586538461538461 0.3293269230769231 0.021634615384615384 0.02403846153846154
0 0.28125 0.30649038461538464 0.026442307692307692 0.055288461538461536
0 0.4050480769230769 0.31850961538461536 0.021634615384615384 0.036057692307692304
0 0.06610576923076923 0.296875 0.026442307692307692 0.04326923076923077
0 0.8100961538461539 0.35216346153846156 0.016826923076923076 0.03125
0 0.3449519230769231 0.3293269230769231 0.02403846153846154 0.040865384615384616
0 0.5865384615384616 0.35096153846153844 0.03125 0.05048076923076923
0 0.6850961538461539 0.35697115384615385 0.026442307692307692 0.055288461538461536
0 0.8341346153846154 0.3737980769230769 0.038461538461538464 0.055288461538461536
0 0.7908653846153846 0.37259615384615385 0.036057692307692304 0.03365384615384615
0 0.49759615384615385 0.3557692307692308 0.028846153846153848 0.052884615384615384
0 0.7415865384615384 0.3786057692307692 0.03125 0.04567307692307692
0 0.7139423076923077 0.390625 0.02403846153846154 0.04326923076923077
0 0.40024038461538464 0.3798076923076923 0.03365384615384615 0.052884615384615384
0 0.7884615384615384 0.41466346153846156 0.038461538461538464 0.052884615384615384
0 0.026442307692307692 0.36899038461538464 0.028846153846153848 0.052884615384615384
0 0.5853365384615384 0.41346153846153844 0.04807692307692308 0.08173076923076923
0 0.9567307692307693 0.4423076923076923 0.03365384615384615 0.0673076923076923
0 0.7295673076923077 0.4362980769230769 0.038461538461538464 0.0625
0 0.5144230769230769 0.43028846153846156 0.04567307692307692 0.04807692307692308
0 0.22355769230769232 0.41466346153846156 0.04326923076923077 0.07932692307692307
0 0.8329326923076923 0.45913461538461536 0.04326923076923077 0.06971153846153846
0 0.6754807692307693 0.453125 0.038461538461538464 0.06009615384615385
0 0.9290865384615384 0.47716346153846156 0.04326923076923077 0.08413461538461539
0 0.4074519230769231 0.45552884615384615 0.04807692307692308 0.06971153846153846
0 0.5072115384615384 0.4855769230769231 0.05048076923076923 0.07932692307692307
0 0.0829326923076923 0.49158653846153844 0.04567307692307692 0.04807692307692308
0 0.9831730769230769 0.5552884615384616 0.03365384615384615 0.12980769230769232
0 0.8641826923076923 0.5516826923076923 0.052884615384615384 0.07932692307692307
0 0.27884615384615385 0.5300480769230769 0.04567307692307692 0.07932692307692307
0 0.6814903846153846 0.5612980769230769 0.04326923076923077 0.07692307692307693
0 0.4543269230769231 0.5492788461538461 0.03125 0.06490384615384616
0 0.7884615384615384 0.5745192307692307 0.052884615384615384 0.09615384615384616
0 0.6153846153846154 0.5637019230769231 0.05048076923076923 0.09134615384615384
0 0.12620192307692307 0.5492788461538461 0.036057692307692304 0.0673076923076923
0 0.1658653846153846 0.5552884615384616 0.05048076923076923 0.11778846153846154
0 0.48197115384615385 0.5985576923076923 0.057692307692307696 0.09134615384615384
0 0.5841346153846154 0.6105769230769231 0.038461538461538464 0.04326923076923077
0 0.02283653846153846 0.6069711538461539 0.040865384615384616 0.08173076923076923
0 0.08413461538461539 0.6201923076923077 0.06490384615384616 0.06971153846153846
0 0.3954326923076923 0.65625 0.07211538461538461 0.125
0 0.16826923076923078 0.6658653846153846 0.05048076923076923 0.052884615384615384
0 0.5516826923076923 0.7572115384615384 0.07211538461538461 0.125
0 0.2644230769230769 0.7415865384615384 0.06009615384615385 0.13221153846153846
0 0.7379807692307693 0.7872596153846154 0.06971153846153846 0.1466346153846154
0 0.054086538461538464 0.8689903846153846 0.10817307692307693 0.15625
0 0.8834134615384616 0.9326923076923077 0.09375 0.1346153846153846
0 0.3317307692307692 0.17668269230769232 0.01201923076923077 0.028846153846153848
0 0.35216346153846156 0.18629807692307693 0.019230769230769232 0.026442307692307692
0 0.4951923076923077 0.20552884615384615 0.014423076923076924 0.026442307692307692
0 0.4182692307692308 0.203125 0.016826923076923076 0.026442307692307692
0 0.7163461538461539 0.22355769230769232 0.019230769230769232 0.021634615384615384
0 0.6971153846153846 0.22956730769230768 0.02403846153846154 0.040865384615384616
0 0.5504807692307693 0.22355769230769232 0.016826923076923076 0.028846153846153848
0 0.4495192307692308 0.22235576923076922 0.014423076923076924 0.03125
0 0.5132211538461539 0.22596153846153846 0.016826923076923076 0.026442307692307692
0 0.4651442307692308 0.22355769230769232 0.014423076923076924 0.021634615384615384
0 0.3762019230769231 0.21875 0.016826923076923076 0.026442307692307692
0 0.328125 0.21875 0.01201923076923077 0.026442307692307692
0 0.6706730769230769 0.24278846153846154 0.016826923076923076 0.026442307692307692
0 0.31490384615384615 0.21995192307692307 0.009615384615384616 0.021634615384615384
0 0.6574519230769231 0.24519230769230768 0.014423076923076924 0.03125
0 0.5 0.23798076923076922 0.014423076923076924 0.021634615384615384
0 0.4254807692307692 0.24158653846153846 0.014423076923076924 0.019230769230769232
0 0.0985576923076923 0.234375 0.026442307692307692 0.04567307692307692
0 0.48677884615384615 0.265625 0.014423076923076924 0.03125
0 0.6658653846153846 0.2776442307692308 0.019230769230769232 0.019230769230769232
0 0.5564903846153846 0.27524038461538464 0.014423076923076924 0.036057692307692304
0 0.6009615384615384 0.2776442307692308 0.014423076923076924 0.028846153846153848
0 0.8028846153846154 0.29447115384615385 0.026442307692307692 0.036057692307692304
0 0.8509615384615384 0.2980769230769231 0.03125 0.055288461538461536
0 0.328125 0.265625 0.009615384615384616 0.021634615384615384
0 0.3798076923076923 0.2692307692307692 0.019230769230769232 0.036057692307692304
0 0.6177884615384616 0.2860576923076923 0.014423076923076924 0.026442307692307692
0 0.5084134615384616 0.28125 0.016826923076923076 0.036057692307692304
0 0.5420673076923077 0.2848557692307692 0.014423076923076924 0.03125
0 0.5276442307692307 0.28725961538461536 0.01201923076923077 0.03125
0 0.5733173076923077 0.2920673076923077 0.021634615384615384 0.040865384615384616
0 0.65625 0.3016826923076923 0.014423076923076924 0.021634615384615384
0 0.40384615384615385 0.2860576923076923 0.019230769230769232 0.02403846153846154
0 0.45913461538461536 0.28966346153846156 0.019230769230769232 0.028846153846153848
0 0.7151442307692307 0.3076923076923077 0.026442307692307692 0.036057692307692304
0 0.765625 0.3137019230769231 0.03125 0.03365384615384615
0 0.6201923076923077 0.31009615384615385 0.016826923076923076 0.026442307692307692