0 0.7367788461538461 0.15985576923076922 0.0625 0.08413461538461539
0 0.5997596153846154 0.17427884615384615 0.08173076923076923 0.0985576923076923
0 0.1201923076923077 0.11899038461538461 0.07211538461538461 0.09134615384615384
0 0.3737980769230769 0.16105769230769232 0.07211538461538461 0.08653846153846154
0 0.23918269230769232 0.16826923076923078 0.07211538461538461 0.09615384615384616
0 0.4543269230769231 0.020432692307692308 0.0625 0.040865384615384616
0 0.7512019230769231 0.2920673076923077 0.08653846153846154 0.11538461538461539
0 0.9699519230769231 0.3329326923076923 0.06009615384615385 0.10336538461538461
0 0.44471153846153844 0.2536057692307692 0.07211538461538461 0.09134615384615384
0 0.5384615384615384 0.27403846153846156 0.07211538461538461 0.08653846153846154
0 0.1814903846153846 0.28725961538461536 0.06971153846153846 0.07932692307692307
0 0.28846153846153844 0.3557692307692308 0.07211538461538461 0.09615384615384616
0 0.4206730769230769 0.38100961538461536 0.07211538461538461 0.09615384615384616
0 0.03365384615384615 0.3233173076923077 0.03365384615384615 0.07692307692307693
0 0.7932692307692307 0.4675480769230769 0.07692307692307693 0.09615384615384616
0 0.6814903846153846 0.453125 0.08653846153846154 0.11538461538461539
0 0.15144230769230768 0.015625 0.0673076923076923 0.03125
0 0.5288461538461539 0.45072115384615385 0.08413461538461539 0.11298076923076923
0 0.3125 0.027644230769230768 0.07692307692307693 0.055288461538461536
0 0.07451923076923077 0.4699519230769231 0.08653846153846154 0.09375
0 0.8209134615384616 0.5889423076923077 0.0985576923076923 0.11778846153846154
0 0.22956730769230768 0.5060096153846154 0.07211538461538461 0.09134615384615384
0 0.22115384615384615 0.6153846153846154 0.0985576923076923 0.11778846153846154
0 0.02283653846153846 0.5853365384615384 0.04567307692307692 0.13701923076923078
0 0.5324519230769231 0.6766826923076923 0.08653846153846154 0.11538461538461539
0 0.44711538461538464 0.6911057692307693 0.0985576923076923 0.12259615384615384
0 0.6826923076923077 0.7331730769230769 0.0985576923076923 0.12259615384615384
0 0.8605769230769231 0.7704326923076923 0.08413461538461539 0.10817307692307693
0 0.9182692307692307 0.14423076923076922 0.07692307692307693 0.09134615384615384