0 0.8016826923076923 0.40384615384615385 0.019230769230769232 0.009615384615384616
0 0.8341346153846154 0.4050480769230769 0.009615384615384616 0.009615384615384616
0 0.6947115384615384 0.41466346153846156 0.014423076923076924 0.009615384615384616
0 0.3076923076923077 0.42908653846153844 0.009615384615384616 0.004807692307692308
0 0.2848557692307692 0.42908653846153844 0.009615384615384616 0.004807692307692308
0 0.7776442307692307 0.41225961538461536 0.004807692307692308 0.004807692307692308
0 0.5973557692307693 0.41947115384615385 0.009615384615384616 0.009615384615384616
0 0.8100961538461539 0.41225961538461536 0.014423076923076924 0.009615384615384616
0 0.36538461538461536 0.42788461538461536 0.009615384615384616 0.004807692307692308
0 0.2980769230769231 0.43028846153846156 0.014423076923076924 0.009615384615384616
0 0.44711538461538464 0.42788461538461536 0.014423076923076924 0.009615384615384616
0 0.6430288461538461 0.4230769230769231 0.009615384615384616 0.004807692307692308
0 0.41947115384615385 0.43028846153846156 0.009615384615384616 0.009615384615384616
0 0.40024038461538464 0.43149038461538464 0.014423076923076924 0.004807692307692308
0 0.6201923076923077 0.4254807692307692 0.014423076923076924 0.009615384615384616
0 0.38221153846153844 0.4338942307692308 0.014423076923076924 0.009615384615384616
0 0.6526442307692307 0.4254807692307692 0.004807692307692308 0.004807692307692308
0 0.7127403846153846 0.4254807692307692 0.009615384615384616 0.009615384615384616
0 0.515625 0.4326923076923077 0.014423076923076924 0.009615384615384616
0 0.7980769230769231 0.42427884615384615 0.014423076923076924 0.009615384615384616
0 0.9447115384615384 0.41947115384615385 0.014423076923076924 0.014423076923076924
0 0.7451923076923077 0.4266826923076923 0.014423076923076924 0.009615384615384616
0 0.32211538461538464 0.4411057692307692 0.009615384615384616 0.004807692307692308
0 0.265625 0.44350961538461536 0.009615384615384616 0.009615384615384616
0 0.7728365384615384 0.42788461538461536 0.014423076923076924 0.009615384615384616
0 0.5372596153846154 0.4362980769230769 0.014423076923076924 0.009615384615384616
0 0.4206730769230769 0.43990384615384615 0.014423076923076924 0.009615384615384616
0 0.6875 0.4338942307692308 0.009615384615384616 0.009615384615384616
0 0.9627403846153846 0.42427884615384615 0.019230769230769232 0.009615384615384616
0 0.7295673076923077 0.4338942307692308 0.014423076923076924 0.009615384615384616
0 0.890625 0.42908653846153844 0.014423076923076924 0.009615384615384616
0 0.8149038461538461 0.43149038461538464 0.019230769230769232 0.009615384615384616
0 0.7680288461538461 0.43509615384615385 0.014423076923076924 0.009615384615384616
0 0.27163461538461536 0.453125 0.014423076923076924 0.009615384615384616
0 0.6201923076923077 0.43990384615384615 0.014423076923076924 0.009615384615384616
0 0.2980769230769231 0.4519230769230769 0.009615384615384616 0.004807692307692308
0 0.2512019230769231 0.45552884615384615 0.014423076923076924 0.009615384615384616
0 0.8473557692307693 0.43509615384615385 0.019230769230769232 0.009615384615384616
0 0.5576923076923077 0.44471153846153844 0.019230769230769232 0.019230769230769232
0 0.8052884615384616 0.4387019230769231 0.019230769230769232 0.014423076923076924
0 0.6021634615384616 0.44591346153846156 0.014423076923076924 0.009615384615384616
0 0.6237980769230769 0.44711538461538464 0.014423076923076924 0.009615384615384616
0 0.3557692307692308 0.4567307692307692 0.019230769230769232 0.014423076923076924
0 0.8774038461538461 0.43990384615384615 0.02403846153846154 0.009615384615384616
0 0.41586538461538464 0.45552884615384615 0.019230769230769232 0.014423076923076924
0 0.38822115384615385 0.4567307692307692 0.014423076923076924 0.009615384615384616
0 0.7584134615384616 0.44350961538461536 0.019230769230769232 0.014423076923076924
0 0.9927884615384616 0.4362980769230769 0.009615384615384616 0.009615384615384616
0 0.47836538461538464 0.4543269230769231 0.014423076923076924 0.009615384615384616
0 0.036057692307692304 0.46875 0.019230769230769232 0.014423076923076924
0 0.9074519230769231 0.4387019230769231 0.019230769230769232 0.009615384615384616
0 0.6658653846153846 0.4495192307692308 0.019230769230769232 0.014423076923076924
0 0.2956730769230769 0.46274038461538464 0.019230769230769232 0.014423076923076924
0 0.2644230769230769 0.4639423076923077 0.009615384615384616 0.004807692307692308
0 0.9254807692307693 0.4411057692307692 0.014423076923076924 0.004807692307692308
0 0.5216346153846154 0.4567307692307692 0.014423076923076924 0.009615384615384616
0 0.6141826923076923 0.4543269230769231 0.014423076923076924 0.009615384615384616
0 0.5709134615384616 0.4579326923076923 0.019230769230769232 0.014423076923076924
0 0.5144230769230769 0.46033653846153844 0.014423076923076924 0.009615384615384616
0 0.6334134615384616 0.4579326923076923 0.014423076923076924 0.009615384615384616
0 0.7211538461538461 0.45552884615384615 0.019230769230769232 0.014423076923076924
0 0.4519230769230769 0.4639423076923077 0.019230769230769232 0.014423076923076924
0 0.8966346153846154 0.4483173076923077 0.019230769230769232 0.009615384615384616
0 0.4831730769230769 0.4651442307692308 0.019230769230769232 0.014423076923076924
0 0.6009615384615384 0.4639423076923077 0.014423076923076924 0.014423076923076924
0 0.10336538461538461 0.4807692307692308 0.019230769230769232 0.009615384615384616
0 0.6887019230769231 0.46153846153846156 0.019230769230769232 0.014423076923076924
0 0.3641826923076923 0.47475961538461536 0.019230769230769232 0.014423076923076924
0 0.27884615384615385 0.4795673076923077 0.019230769230769232 0.014423076923076924
0 0.018028846153846152 0.49158653846153844 0.019230769230769232 0.014423076923076924
0 0.15865384615384615 0.48677884615384615 0.028846153846153848 0.014423076923076924
0 0.7115384615384616 0.4723557692307692 0.019230769230769232 0.014423076923076924
0 0.3004807692307692 0.48677884615384615 0.02403846153846154 0.014423076923076924
0 0.8617788461538461 0.46634615384615385 0.02403846153846154 0.009615384615384616
0 0.2247596153846154 0.4891826923076923 0.019230769230769232 0.019230769230769232
0 0.18990384615384615 0.49038461538461536 0.019230769230769232 0.014423076923076924
0 0.5108173076923077 0.4795673076923077 0.02403846153846154 0.019230769230769232
0 0.09495192307692307 0.49399038461538464 0.014423076923076924 0.014423076923076924
0 0.046875 0.4951923076923077 0.019230769230769232 0.014423076923076924
0 0.7632211538461539 0.4723557692307692 0.02403846153846154 0.014423076923076924
0 0.24278846153846154 0.49038461538461536 0.019230769230769232 0.014423076923076924
0 0.06490384615384616 0.5 0.02403846153846154 0.019230769230769232
0 0.5552884615384616 0.48197115384615385 0.02403846153846154 0.019230769230769232
0 0.453125 0.4855769230769231 0.02403846153846154 0.014423076923076924
0 0.3473557692307692 0.49038461538461536 0.02403846153846154 0.014423076923076924
0 0.17307692307692307 0.4963942307692308 0.014423076923076924 0.014423076923076924
0 0.6021634615384616 0.48197115384615385 0.02403846153846154 0.014423076923076924
0 0.02283653846153846 0.5048076923076923 0.02403846153846154 0.014423076923076924
0 0.4951923076923077 0.4879807692307692 0.02403846153846154 0.014423076923076924
0 0.1346153846153846 0.5012019230769231 0.019230769230769232 0.019230769230769232
0 0.8557692307692307 0.47596153846153844 0.02403846153846154 0.014423076923076924
0 0.8004807692307693 0.4795673076923077 0.02403846153846154 0.014423076923076924
0 0.4050480769230769 0.49399038461538464 0.02403846153846154 0.019230769230769232
0 0.09735576923076923 0.5072115384615384 0.019230769230769232 0.019230769230769232
0 0.2800480769230769 0.5024038461538461 0.019230769230769232 0.014423076923076924
0 0.47475961538461536 0.4963942307692308 0.028846153846153848 0.019230769230769232
0 0.6670673076923077 0.49399038461538464 0.02403846153846154 0.019230769230769232
0 0.5576923076923077 0.49759615384615385 0.02403846153846154 0.019230769230769232
0 0.21033653846153846 0.5096153846153846 0.02403846153846154 0.014423076923076924
0 0.013221153846153846 0.5264423076923077 0.02403846153846154 0.02403846153846154
0 0.5180288461538461 0.5084134615384616 0.02403846153846154 0.009615384615384616
0 0.9122596153846154 0.49759615384615385 0.028846153846153848 0.014423076923076924
0 0.7079326923076923 0.5072115384615384 0.028846153846153848 0.019230769230769232
0 0.36899038461538464 0.5228365384615384 0.02403846153846154 0.019230769230769232
0 0.051682692307692304 0.5408653846153846 0.02403846153846154 0.019230769230769232
0 0.09134615384615384 0.5444711538461539 0.03365384615384615 0.02403846153846154
0 0.9735576923076923 0.515625 0.038461538461538464 0.019230769230769232
0 0.9086538461538461 0.5204326923076923 0.038461538461538464 0.019230769230769232
0 0.5961538461538461 0.5336538461538461 0.02403846153846154 0.014423076923076924
0 0.19591346153846154 0.5528846153846154 0.03365384615384615 0.019230769230769232
0 0.24158653846153846 0.5540865384615384 0.038461538461538464 0.02403846153846154
0 0.6983173076923077 0.5396634615384616 0.04326923076923077 0.019230769230769232
0 0.4963942307692308 0.5480769230769231 0.04326923076923077 0.02403846153846154
0 0.014423076923076924 0.5649038461538461 0.02403846153846154 0.019230769230769232
0 0.7367788461538461 0.546875 0.038461538461538464 0.019230769230769232
0 0.4699519230769231 0.5564903846153846 0.028846153846153848 0.019230769230769232
0 0.9459134615384616 0.5420673076923077 0.04326923076923077 0.019230769230769232
0 0.5600961538461539 0.5552884615384616 0.028846153846153848 0.02403846153846154
0 0.9819711538461539 0.5408653846153846 0.036057692307692304 0.028846153846153848
0 0.9074519230769231 0.5480769230769231 0.04326923076923077 0.02403846153846154
0 0.3401442307692308 0.5733173076923077 0.04326923076923077 0.028846153846153848
0 0.23197115384615385 0.5793269230769231 0.028846153846153848 0.019230769230769232
0 0.7319711538461539 0.5637019230769231 0.02403846153846154 0.019230769230769232
0 0.41466346153846156 0.578125 0.04326923076923077 0.038461538461538464
0 0.6802884615384616 0.5685096153846154 0.038461538461538464 0.02403846153846154
0 0.36778846153846156 0.5829326923076923 0.038461538461538464 0.028846153846153848
0 0.19951923076923078 0.5913461538461539 0.055288461538461536 0.03365384615384615
0 0.11057692307692307 0.5961538461538461 0.05048076923076923 0.03365384615384615
0 0.7788461538461539 0.5973557692307693 0.0625 0.038461538461538464
0 0.3762019230769231 0.6141826923076923 0.057692307692307696 0.038461538461538464
0 0.6358173076923077 0.6129807692307693 0.055288461538461536 0.03365384615384615