0 0.23515625 0.21328125 0.00625 0.00625
0 0.2390625 0.21640625 0.00625 0.009375
0 0.259375 0.22265625 0.009375 0.00625
0 0.3 0.23046875 0.0078125 0.0140625
0 0.25 0.22265625 0.0078125 0.0140625
0 0.22890625 0.21875 0.00625 0.009375
0 0.24296875 0.221875 0.0109375 0.0109375
0 0.48984375 0.271875 0.0125 0.0203125
0 0.21875 0.221875 0.00625 0.00625
0 0.2875 0.23515625 0.00625 0.00625
0 0.10078125 0.1984375 0.00625 0.00625
0 0.43984375 0.26640625 0.0078125 0.0140625
0 0.15703125 0.21171875 0.0125 0.015625
0 0.26796875 0.23515625 0.00625 0.009375
0 0.14296875 0.2109375 0.00625 0.009375
0 0.209375 0.2234375 0.009375 0.00625
0 0.334375 0.2484375 0.00625 0.00625
0 0.38203125 0.26015625 0.0109375 0.0109375
0 0.165625 0.21796875 0.00625 0.009375
0 0.35234375 0.25390625 0.00625 0.00625
0 0.19765625 0.2265625 0.00625 0.00625
0 0.49765625 0.284375 0.0078125 0.0140625
0 0.23359375 0.23359375 0.00625 0.00625
0 0.30390625 0.246875 0.00625 0.009375
0 0.31796875 0.25 0.00625 0.009375
0 0.08515625 0.2046875 0.00625 0.00625
0 0.06015625 0.20234375 0.00625 0.00625
0 0.17421875 0.22421875 0.0125 0.0203125
0 0.3671875 0.26171875 0.00625 0.009375
0 0.13828125 0.2171875 0.0125 0.015625
0 0.14375 0.21796875 0.00625 0.009375
0 0.2625 0.24375 0.00625 0.009375
0 0.11640625 0.215625 0.0125 0.015625
0 0.21875 0.23515625 0.00625 0.00625
0 0.34296875 0.26171875 0.00625 0.009375
0 0.15234375 0.225 0.0125 0.015625
0 0.07734375 0.2125 0.0078125 0.0140625
0 0.39296875 0.2734375 0.0109375 0.0109375
0 0.40625 0.2765625 0.0109375 0.0109375
0 0.32890625 0.26171875 0.0109375 0.0109375
0 0.3546875 0.26640625 0.0109375 0.0109375
0 0.37734375 0.27109375 0.0109375 0.0109375
0 0.2109375 0.240625 0.00625 0.009375
0 0.1765625 0.234375 0.00625 0.009375
0 0.3203125 0.26171875 0.00625 0.009375
0 0.32421875 0.2625 0.00625 0.009375
0 0.4671875 0.290625 0.00625 0.009375
0 0.096875 0.21875 0.0078125 0.0140625
0 0.28046875 0.25703125 0.0078125 0.0140625
0 0.4171875 0.28359375 0.0109375 0.0109375
0 0.47421875 0.29453125 0.00625 0.00625
0 0.24453125 0.25 0.0078125 0.0140625
0 0.45078125 0.28984375 0.0078125 0.0140625
0 0.203125 0.24375 0.00625 0.009375
0 0.0890625 0.221875 0.0078125 0.0140625
0 0.1921875 0.2421875 0.0078125 0.0140625
0 0.2578125 0.2546875 0.0125 0.0203125
0 0.29140625 0.26171875 0.00625 0.00625
0 0.50546875 0.30546875 0.00625 0.009375
0 0.26796875 0.259375 0.0078125 0.0140625
0 0.13515625 0.23359375 0.0125 0.0203125
0 0.18671875 0.2453125 0.009375 0.0234375
0 0.1203125 0.2328125 0.0078125 0.0140625
0 0.2171875 0.25390625 0.00625 0.009375
0 0.38984375 0.2875 0.0109375 0.0109375
0 0.51953125 0.3125 0.0109375 0.0109375
0 0.6015625 0.32890625 0.0109375 0.0109375
0 0.1109375 0.23359375 0.0125 0.0203125
0 0.3015625 0.2703125 0.0125 0.015625
0 0.24921875 0.2625 0.0125 0.015625
0 0.34921875 0.28203125 0.0125 0.015625
0 0.05390625 0.225 0.021875 0.021875
0 0.1734375 0.25 0.0125 0.015625
0 0.31015625 0.2765625 0.0078125 0.0140625
0 0.3171875 0.278125 0.00625 0.009375
0 0.34140625 0.2828125 0.0125 0.015625
0 0.32265625 0.28203125 0.00625 0.009375
0 0.22734375 0.26328125 0.0125 0.0203125
0 0.334375 0.28359375 0.0125 0.015625
0 0.15 0.2484375 0.015625 0.0125
0 0.37265625 0.29375 0.0078125 0.0140625
0 0.2703125 0.27421875 0.0125 0.015625
0 0.36640625 0.2921875 0.0125 0.0203125
0 0.4609375 0.3109375 0.0109375 0.0109375
0 0.4796875 0.31484375 0.0078125 0.0140625
0 0.1359375 0.24765625 0.0125 0.015625
0 0.2765625 0.27734375 0.0078125 0.0140625
0 0.35625 0.29296875 0.00625 0.009375
0 0.53125 0.32734375 0.0078125 0.0140625
0 0.09453125 0.2421875 0.021875 0.021875
0 0.4859375 0.31796875 0.00625 0.009375
0 0.50859375 0.32265625 0.0078125 0.0140625
0 0.52421875 0.32578125 0.00625 0.009375
0 0.39453125 0.30078125 0.0171875 0.0203125
0 0.40625 0.30234375 0.0125 0.0203125
0 0.08125 0.23984375 0.0171875 0.0203125
0 0.43828125 0.30859375 0.0125 0.015625
0 0.41484375 0.30703125 0.0125 0.015625
0 0.5375 0.33046875 0.0125 0.015625
0 0.3828125 0.30078125 0.0125 0.015625
0 0.4921875 0.321875 0.0125 0.0203125
0 0.5015625 0.32578125 0.0078125 0.0140625
0 0.11015625 0.25 0.0125 0.015625
0 0.29453125 0.2859375 0.0078125 0.0140625
0 0.60546875 0.34609375 0.0109375 0.0109375
0 0.69375 0.36328125 0.0109375 0.0109375
0 0.5140625 0.33046875 0.0125 0.0203125
0 0.728125 0.37265625 0.0125 0.015625
0 0.31796875 0.29296875 0.0078125 0.0140625
0 0.56796875 0.34140625 0.0125 0.015625
0 0.128125 0.25546875 0.021875 0.021875
0 0.14375 0.25859375 0.0125 0.0203125
0 0.06640625 0.24609375 0.0171875 0.0203125
0 0.44296875 0.31953125 0.0125 0.015625
0 0.59296875 0.3484375 0.0125 0.015625
0 0.23203125 0.278125 0.01875 0.025
0 0.7796875 0.38515625 0.00625 0.00625
0 0.18125 0.27109375 0.0171875 0.0203125
0 0.2453125 0.28359375 0.0171875 0.0203125
0 0.25859375 0.2859375 0.0078125 0.0140625
0 0.30859375 0.29609375 0.0125 0.015625
0 0.47421875 0.328125 0.0171875 0.0171875
0 0.0453125 0.24453125 0.0125 0.015625
0 0.62890625 0.3578125 0.0125 0.0203125
0 0.3265625 0.29921875 0.0078125 0.01875
0 0.221875 0.28125 0.0125 0.0203125
0 0.346875 0.30546875 0.0125 0.0203125
0 0.6671875 0.36796875 0.0125 0.015625
0 0.74453125 0.3828125 0.00625 0.009375
0 0.76484375 0.38671875 0.0125 0.015625
0 0.7875 0.39140625 0.00625 0.009375
0 0.79453125 0.3921875 0.0109375 0.0109375
0 0.1625 0.26953125 0.021875 0.021875
0 0.2078125 0.278125 0.0078125 0.01875
0 0.3828125 0.3125 0.0125 0.0203125
0 0.4078125 0.3171875 0.0125 0.0203125
0 0.41953125 0.31953125 0.0125 0.015625
0 0.43359375 0.32265625 0.0125 0.0203125
0 0.703125 0.37734375 0.0125 0.015625
0 0.803125 0.396875 0.00625 0.00625
0 0.20078125 0.2796875 0.0078125 0.01875
0 0.57578125 0.35234375 0.0109375 0.0109375
0 0.7234375 0.38125 0.0125 0.015625
0 0.1125 0.2625 0.01875 0.025
0 0.81875 0.39921875 0.00625 0.009375
0 0.71640625 0.3796875 0.00625 0.009375
0 0.77109375 0.390625 0.0109375 0.0109375
0 0.8484375 0.40546875 0.00625 0.00625
0 0.39609375 0.31953125 0.0125 0.0203125
0 0.54375 0.3484375 0.0125 0.0203125
0 0.734375 0.3859375 0.009375 0.00625
0 0.659375 0.37109375 0.0125 0.0203125
0 0.75703125 0.38984375 0.00625 0.00625
0 0.52265625 0.34609375 0.0078125 0.01875
0 0.640625 0.36875 0.0125 0.015625
0 0.65 0.37109375 0.0171875 0.0203125
0 0.50234375 0.3421875 0.0171875 0.0203125
0 0.56328125 0.35390625 0.0109375 0.0109375
0 0.68203125 0.37734375 0.00625 0.009375
0 0.69296875 0.37890625 0.0125 0.015625
0 0.82734375 0.40546875 0.00625 0.00625
0 0.85234375 0.41015625 0.00625 0.00625
0 0.26796875 0.29921875 0.0078125 0.01875
0 0.74453125 0.39140625 0.00625 0.009375
0 0.80859375 0.40390625 0.00625 0.009375
0 0.3 0.30546875 0.0140625 0.025
0 0.33125 0.3109375 0.0171875 0.0203125
0 0.490625 0.3421875 0.0140625 0.025
0 0.55234375 0.35390625 0.0171875 0.0203125
0 0.67265625 0.37734375 0.0109375 0.0109375
0 0.81953125 0.40625 0.00625 0.009375
0 0.18203125 0.28203125 0.0125 0.0203125
0 0.30703125 0.30625 0.0078125 0.01875
0 0.51328125 0.346875 0.0109375 0.0109375
0 0.38515625 0.32421875 0.0171875 0.0171875
0 0.77890625 0.40078125 0.0109375 0.0109375
0 0.83359375 0.4109375 0.00625 0.009375
0 0.83984375 0.4125 0.00625 0.00625
0 0.07890625 0.26484375 0.021875 0.021875
0 0.53125 0.35234375 0.0171875 0.0203125
0 0.7359375 0.3921875 0.0109375 0.0109375
0 0.79296875 0.403125 0.0125 0.015625
0 0.2515625 0.30078125 0.01875 0.025
0 0.6234375 0.37265625 0.0171875 0.0171875
0 0.46953125 0.34296875 0.0171875 0.0203125
0 0.5828125 0.36484375 0.0125 0.015625
0 0.82578125 0.4125 0.0109375 0.0109375
0 0.153125 0.28359375 0.01875 0.025
0 0.2890625 0.31015625 0.01875 0.0296875
0 0.37109375 0.3265625 0.0125 0.0203125
0 0.7046875 0.39140625 0.0078125 0.0140625
0 0.45234375 0.3421875 0.01875 0.025
0 0.41875 0.3375 0.01875 0.025
0 0.31796875 0.31796875 0.0171875 0.0171875
0 0.5609375 0.365625 0.0125 0.015625
0 0.04375 0.26484375 0.01875 0.0296875
0 0.06171875 0.26875 0.0140625 0.0296875
0 0.6796875 0.38828125 0.0125 0.0203125
0 0.975 0.4484375 0.0109375 0.0109375
0 0.98984375 0.45390625 0.00625 0.009375
0 0.346875 0.32890625 0.0234375 0.0265625
0 0.43515625 0.34609375 0.01875 0.0296875
0 0.7515625 0.40703125 0.0125 0.0203125
0 0.88984375 0.434375 0.0125 0.015625
0 0.53515625 0.36796875 0.0171875 0.0203125
0 0.7828125 0.415625 0.0125 0.015625
0 0.803125 0.41953125 0.0171875 0.0203125
0 0.23984375 0.31015625 0.0171875 0.0203125
0 0.096875 0.28203125 0.021875 0.021875
0 0.66015625 0.3921875 0.0125 0.0203125
0 0.221875 0.30625 0.01875 0.025
0 0.78984375 0.4171875 0.0171875 0.0171875
0 0.8375 0.4265625 0.0125 0.015625
0 0.8984375 0.43828125 0.00625 0.00625
0 0.91015625 0.440625 0.0140625 0.025
0 0.92578125 0.44375 0.0125 0.015625
0 0.6484375 0.3921875 0.0171875 0.0203125
0 0.6890625 0.4 0.0125 0.0203125
0 0.203125 0.30546875 0.0234375 0.0265625
0 0.3578125 0.33515625 0.0171875 0.0203125
0 0.51171875 0.365625 0.01875 0.025
0 0.553125 0.3734375 0.0125 0.015625
0 0.74140625 0.41015625 0.0125 0.0203125
0 0.7640625 0.41484375 0.0125 0.0203125
0 0.9390625 0.4484375 0.0171875 0.0203125
0 0.303125 0.32734375 0.01875 0.025
0 0.54609375 0.37421875 0.0125 0.0203125
0 0.63203125 0.39140625 0.01875 0.0296875
0 0.71875 0.4078125 0.0125 0.0203125
0 0.959375 0.4546875 0.00625 0.00625
0 0.87734375 0.4390625 0.0171875 0.0203125
0 0.48671875 0.36328125 0.0125 0.015625
0 0.57265625 0.3796875 0.0234375 0.0265625
0 0.82265625 0.428125 0.0125 0.0203125
0 0.86328125 0.43828125 0.0171875 0.0203125
0 0.67265625 0.4015625 0.0171875 0.0203125
0 0.16796875 0.30546875 0.021875 0.021875
0 0.2578125 0.3234375 0.01875 0.025
0 0.69921875 0.40859375 0.01875 0.025
0 0.9515625 0.4578125 0.0078125 0.01875
0 0.5015625 0.3703125 0.01875 0.025
0 0.59921875 0.38984375 0.0125 0.0203125
0 0.8421875 0.43671875 0.0171875 0.0203125
0 0.99609375 0.46640625 0.0078125 0.0203125
0 0.7265625 0.41640625 0.01875 0.025
0 0.18671875 0.3140625 0.01875 0.0296875
0 0.4640625 0.36796875 0.0125 0.0203125
0 0.66484375 0.40703125 0.0125 0.0203125
0 0.81171875 0.4359375 0.0171875 0.0203125
0 0.984375 0.46953125 0.0125 0.0203125
0 0.153125 0.3078125 0.0140625 0.025
0 0.2234375 0.32109375 0.01875 0.025
0 0.97109375 0.46875 0.0125 0.0203125
0 0.47109375 0.371875 0.0171875 0.0203125
0 0.04140625 0.28828125 0.01875 0.0296875
0 0.38125 0.35703125 0.025 0.034375
0 0.8765625 0.453125 0.0125 0.015625
0 0.609375 0.40078125 0.0125 0.0203125
0 0.65 0.40859375 0.0171875 0.0203125
0 0.4015625 0.36328125 0.0140625 0.025
0 0.74453125 0.4296875 0.0171875 0.0203125
0 0.4515625 0.37265625 0.0171875 0.0203125
0 0.53359375 0.3890625 0.0140625 0.0296875
0 0.8859375 0.45703125 0.0125 0.015625
0 0.91328125 0.4625 0.0125 0.0203125
0 0.95859375 0.47109375 0.0125 0.015625
0 0.78046875 0.4390625 0.0140625 0.025
0 0.796875 0.4421875 0.0125 0.0203125
0 0.803125 0.44375 0.0125 0.015625
0 0.1328125 0.31328125 0.0375 0.0546875
0 0.2421875 0.33671875 0.0234375 0.03125
0 0.8484375 0.4546875 0.0171875 0.0203125
0 0.3140625 0.35078125 0.0234375 0.03125
0 0.82578125 0.45 0.0109375 0.0109375
0 0.71171875 0.43046875 0.01875 0.025
0 0.484375 0.38671875 0.0171875 0.0203125
0 0.934375 0.4734375 0.01875 0.025
0 0.865625 0.4625 0.0234375 0.0265625
0 0.921875 0.4734375 0.01875 0.025
0 0.6125 0.41640625 0.01875 0.025
0 0.99609375 0.490625 0.0078125 0.015625
0 0.41328125 0.37734375 0.0234375 0.03125
0 0.98515625 0.48828125 0.0125 0.0203125
0 0.29765625 0.3546875 0.025 0.0390625
0 0.1578125 0.33046875 0.0171875 0.0203125
0 0.28125 0.35390625 0.0234375 0.03125
0 0.57421875 0.4109375 0.009375 0.0234375
0 0.4328125 0.38359375 0.0234375 0.03125
0 0.94375 0.48515625 0.0125 0.0203125
0 0.359375 0.37421875 0.01875 0.025
0 0.17109375 0.3375 0.0140625 0.025
0 0.21875 0.346875 0.025 0.0390625
0 0.534375 0.4078125 0.01875 0.025
0 0.9640625 0.49140625 0.0125 0.0203125
0 0.71796875 0.44609375 0.0171875 0.0203125
0 0.1046875 0.3265625 0.0171875 0.0203125
0 0.97265625 0.4953125 0.01875 0.025
0 0.50859375 0.40703125 0.01875 0.025
0 0.45390625 0.39609375 0.01875 0.0296875
0 0.84296875 0.471875 0.0171875 0.0203125
0 0.7515625 0.45625 0.0171875 0.0203125
0 0.07890625 0.32578125 0.025 0.0390625
0 0.68515625 0.44375 0.0234375 0.03125
0 0.99765625 0.50546875 0.0046875 0.0203125
0 0.0640625 0.325 0.0234375 0.03125
0 0.64453125 0.43828125 0.025 0.0390625
0 0.88046875 0.484375 0.01875 0.025
0 0.2375 0.36171875 0.0296875 0.0359375
0 0.2046875 0.35703125 0.028125 0.0328125
0 0.32734375 0.38125 0.0234375 0.03125
0 0.03125 0.3265625 0.021875 0.04375
0 0.7890625 0.47109375 0.01875 0.025
0 0.80859375 0.475 0.0171875 0.0171875
0 0.37890625 0.39609375 0.0328125 0.0328125
0 0.48515625 0.41640625 0.01875 0.025
0 0.85546875 0.4890625 0.0171875 0.0203125
0 0.77421875 0.47265625 0.01875 0.025
0 0.94921875 0.50703125 0.01875 0.025
0 0.9125 0.50234375 0.0125 0.0203125
0 0.46875 0.41796875 0.0171875 0.0203125
0 0.42265625 0.41171875 0.0234375 0.03125
0 0.96171875 0.51640625 0.0171875 0.0203125
0 0.6296875 0.45234375 0.025 0.034375
0 0.18125 0.3671875 0.021875 0.021875
0 0.7515625 0.478125 0.025 0.034375
0 0.98828125 0.52421875 0.0125 0.0203125
0 0.2859375 0.38984375 0.0203125 0.034375
0 0.2828125 0.39140625 0.025 0.0390625
0 0.053125 0.346875 0.0234375 0.03125
0 0.83984375 0.5 0.025 0.034375
0 0.9953125 0.5328125 0.009375 0.025
0 0.29765625 0.39921875 0.025 0.034375
0 0.975 0.53125 0.0140625 0.025
0 0.575 0.453125 0.01875 0.025
0 0.15703125 0.37421875 0.025 0.0390625
0 0.21796875 0.38828125 0.0328125 0.028125
0 0.64921875 0.47265625 0.03125 0.0453125
0 0.728125 0.4875 0.0203125 0.034375
0 0.91015625 0.5234375 0.01875 0.025
0 0.58984375 0.46328125 0.0296875 0.0359375
0 0.1984375 0.38984375 0.0296875 0.040625
0 0.80234375 0.50703125 0.0234375 0.03125
0 0.684375 0.484375 0.0265625 0.04375
0 0.86875 0.51953125 0.025 0.0390625
0 0.95078125 0.5359375 0.0171875 0.0203125
0 0.52734375 0.45625 0.0234375 0.03125
0 0.3796875 0.42734375 0.0203125 0.0390625
0 0.434375 0.4375 0.01875 0.0296875
0 0.2328125 0.40390625 0.0265625 0.0484375
0 0.178125 0.3953125 0.0296875 0.040625
0 0.2640625 0.4140625 0.0390625 0.046875
0 0.92578125 0.54296875 0.028125 0.028125
0 0.7734375 0.515625 0.021875 0.04375
0 0.96171875 0.55234375 0.0234375 0.03125
0 0.75234375 0.5140625 0.034375 0.0421875
0 0.98984375 0.5640625 0.0109375 0.0328125
0 0.88828125 0.54296875 0.0234375 0.03125
0 0.81953125 0.5296875 0.0265625 0.04375
0 0.3875 0.446875 0.03125 0.0453125
0 0.78125 0.5234375 0.025 0.0390625
0 0.4140625 0.4546875 0.0296875 0.040625
0 0.5734375 0.4859375 0.028125 0.0328125
0 0.73203125 0.51640625 0.03125 0.0453125
0 0.9796875 0.56484375 0.0234375 0.03125
0 0.33515625 0.4390625 0.028125 0.0328125
0 0.60078125 0.490625 0.028125 0.0328125
0 0.06171875 0.3859375 0.040625 0.05625
0 0.85703125 0.54296875 0.0265625 0.04375
0 0.55234375 0.48359375 0.0375 0.059375
0 0.48828125 0.47421875 0.03125 0.0453125
0 0.8390625 0.5421875 0.03125 0.0453125
0 0.2140625 0.4203125 0.0390625 0.046875
0 0.9421875 0.5671875 0.0234375 0.0265625
0 0.4609375 0.4734375 0.0328125 0.0546875
0 0.35078125 0.45390625 0.03125 0.0453125
0 0.64140625 0.515625 0.03125 0.0453125
0 0.61953125 0.51640625 0.0234375 0.0265625
0 0.5734375 0.51171875 0.0265625 0.0484375
0 0.68203125 0.5328125 0.0296875 0.0359375
0 0.3 0.4609375 0.0234375 0.03125
0 0.50859375 0.50390625 0.0328125 0.0546875
0 0.1609375 0.4390625 0.0375 0.0546875
0 0.3265625 0.47109375 0.0390625 0.046875
0 0.1921875 0.44765625 0.0421875 0.065625
0 0.73984375 0.55390625 0.03125 0.0453125
0 0.86484375 0.578125 0.034375 0.0375
0 0.2390625 0.45859375 0.040625 0.05625
0 0.9296875 0.5953125 0.0296875 0.0359375
0 0.77890625 0.56640625 0.025 0.034375
0 0.96484375 0.6046875 0.0359375 0.0453125
0 0.3765625 0.49296875 0.0296875 0.040625
0 0.42890625 0.503125 0.0296875 0.0359375
0 0.4015625 0.49765625 0.0453125 0.0515625
0 0.26171875 0.475 0.0265625 0.04375
0 0.6546875 0.5515625 0.0265625 0.0484375
0 0.7109375 0.57578125 0.0359375 0.0453125
0 0.3109375 0.50078125 0.0390625 0.0640625
0 0.67265625 0.57109375 0.03125 0.0453125
0 0.27578125 0.50078125 0.05 0.0578125
0 0.5890625 0.56171875 0.034375 0.0640625
0 0.78125 0.60390625 0.0265625 0.0484375
0 0.9703125 0.640625 0.025 0.0390625
0 0.97109375 0.64609375 0.01875 0.0515625
0 0.75390625 0.603125 0.03125 0.0453125
0 0.79609375 0.6140625 0.0375 0.0546875
0 0.4375 0.54453125 0.034375 0.0640625
0 0.9375 0.64140625 0.0328125 0.0546875
0 0.82265625 0.62421875 0.0375 0.0546875
0 0.8609375 0.63125 0.040625 0.05625
0 0.91796875 0.6421875 0.0421875 0.065625
0 0.7296875 0.61796875 0.0359375 0.0453125
0 0.51796875 0.5765625 0.0328125 0.0546875
0 0.396875 0.55546875 0.0546875 0.08125
0 0.490625 0.5734375 0.0421875 0.034375
0 0.61171875 0.61640625 0.053125 0.0984375
0 0.34765625 0.56640625 0.0484375 0.0703125
0 0.2515625 0.553125 0.0625 0.1
0 0.1109375 0.5375 0.0796875 0.115625
0 0.68984375 0.65234375 0.0390625 0.0640625
0 0.65546875 0.64765625 0.040625 0.0734375
0 0.48828125 0.6203125 0.0453125 0.075
0 0.534375 0.63671875 0.04375 0.0703125
0 0.93046875 0.71328125 0.0515625 0.0671875
0 0.2015625 0.57890625 0.0734375 0.10625
0 0.4578125 0.64296875 0.0375 0.0375
0 0.02109375 0.5546875 0.0421875 0.109375
0 0.7390625 0.70234375 0.0484375 0.0703125
0 0.80703125 0.7265625 0.0265625 0.04375
0 0.8703125 0.7390625 0.0421875 0.065625
0 0.5578125 0.690625 0.059375 0.103125
0 0.91875 0.76015625 0.0671875 0.075
0 0.7640625 0.76875 0.0515625 0.0890625
0 0.33828125 0.68828125 0.0625 0.1
0 0.6796875 0.7609375 0.0625 0.0953125
0 0.46171875 0.7328125 0.078125 0.10625
0 0.04453125 0.6890625 0.0890625 0.128125
0 0.56953125 0.8078125 0.078125 0.128125
0 0.20390625 0.7390625 0.071875 0.1453125
0 0.865625 0.875 0.090625 0.1484375
0 0.40234375 0.82109375 0.0734375 0.1109375
0 0.671875 0.925 0.0953125 0.1328125
0 0.2203125 0.846875 0.125 0.190625
0 0.4109375 0.909375 0.08125 0.125