0 0.9891826923076923 0.6971153846153846 0.021634615384615384 0.019230769230769232
0 0.8701923076923077 0.703125 0.03365384615384615 0.019230769230769232
0 0.9399038461538461 0.7175480769230769 0.02403846153846154 0.019230769230769232
0 0.09615384615384616 0.7692307692307693 0.038461538461538464 0.02403846153846154
0 0.9759615384615384 0.7307692307692307 0.028846153846153848 0.019230769230769232
0 0.9074519230769231 0.7716346153846154 0.028846153846153848 0.019230769230769232
0 0.41466346153846156 0.8269230769230769 0.04807692307692308 0.036057692307692304
0 0.15384615384615385 0.8401442307692307 0.04326923076923077 0.03365384615384615
0 0.5288461538461539 0.8257211538461539 0.052884615384615384 0.036057692307692304
0 0.5228365384615384 0.32572115384615385 0.009615384615384616 0.004807692307692308
0 0.5769230769230769 0.33052884615384615 0.004807692307692308 0.004807692307692308
0 0.5961538461538461 0.33052884615384615 0.004807692307692308 0.004807692307692308
0 0.5396634615384616 0.3329326923076923 0.004807692307692308 0.004807692307692308
0 0.6286057692307693 0.328125 0.004807692307692308 0.004807692307692308
0 0.6490384615384616 0.3269230769230769 0.009615384615384616 0.004807692307692308
0 0.6418269230769231 0.328125 0.004807692307692308 0.004807692307692308
0 0.9663461538461539 0.36899038461538464 0.009615384615384616 0.009615384615384616
0 0.8966346153846154 0.375 0.009615384615384616 0.004807692307692308
0 0.9411057692307693 0.3701923076923077 0.014423076923076924 0.009615384615384616
0 0.8341346153846154 0.37740384615384615 0.014423076923076924 0.004807692307692308
0 0.9819711538461539 0.36778846153846156 0.014423076923076924 0.009615384615384616
0 0.9519230769230769 0.3737980769230769 0.009615384615384616 0.009615384615384616
0 0.8737980769230769 0.3762019230769231 0.009615384615384616 0.004807692307692308
0 0.9266826923076923 0.375 0.014423076923076924 0.009615384615384616
0 0.7644230769230769 0.3858173076923077 0.004807692307692308 0.004807692307692308
0 0.8545673076923077 0.3786057692307692 0.009615384615384616 0.009615384615384616
0 0.8966346153846154 0.3798076923076923 0.009615384615384616 0.004807692307692308
0 0.7860576923076923 0.38461538461538464 0.009615384615384616 0.004807692307692308
0 0.8040865384615384 0.38461538461538464 0.009615384615384616 0.004807692307692308
0 0.8112980769230769 0.38341346153846156 0.014423076923076924 0.004807692307692308
0 0.8341346153846154 0.38221153846153844 0.004807692307692308 0.004807692307692308
0 0.9411057692307693 0.375 0.014423076923076924 0.009615384615384616
0 0.6862980769230769 0.390625 0.004807692307692308 0.004807692307692308
0 0.7367788461538461 0.38822115384615385 0.004807692307692308 0.004807692307692308
0 0.7211538461538461 0.38822115384615385 0.009615384615384616 0.004807692307692308
0 0.7463942307692307 0.3870192307692308 0.004807692307692308 0.004807692307692308
0 0.7560096153846154 0.3870192307692308 0.004807692307692308 0.004807692307692308
0 0.6670673076923077 0.3918269230769231 0.004807692307692308 0.004807692307692308
0 0.9110576923076923 0.3786057692307692 0.009615384615384616 0.004807692307692308
0 0.6814903846153846 0.390625 0.004807692307692308 0.004807692307692308
0 0.6959134615384616 0.3894230769230769 0.004807692307692308 0.004807692307692308
0 0.5853365384615384 0.40024038461538464 0.004807692307692308 0.004807692307692308
0 0.6322115384615384 0.39783653846153844 0.004807692307692308 0.004807692307692308
0 0.640625 0.39783653846153844 0.004807692307692308 0.004807692307692308
0 0.6550480769230769 0.39663461538461536 0.004807692307692308 0.004807692307692308
0 0.5108173076923077 0.40384615384615385 0.004807692307692308 0.004807692307692308
0 0.5721153846153846 0.4014423076923077 0.004807692307692308 0.004807692307692308
0 0.6129807692307693 0.39903846153846156 0.004807692307692308 0.004807692307692308
0 0.20072115384615385 0.4206730769230769 0.004807692307692308 0.004807692307692308
0 0.5396634615384616 0.4026442307692308 0.004807692307692308 0.004807692307692308
0 0.5276442307692307 0.40384615384615385 0.009615384615384616 0.004807692307692308
0 0.5576923076923077 0.40625 0.004807692307692308 0.004807692307692308
0 0.21033653846153846 0.4254807692307692 0.004807692307692308 0.004807692307692308
0 0.5480769230769231 0.4074519230769231 0.004807692307692308 0.004807692307692308
0 0.49759615384615385 0.4098557692307692 0.004807692307692308 0.004807692307692308
0 0.5721153846153846 0.40625 0.004807692307692308 0.004807692307692308
0 0.5576923076923077 0.40625 0.004807692307692308 0.004807692307692308
0 0.0829326923076923 0.4735576923076923 0.004807692307692308 0.004807692307692308
0 0.09495192307692307 0.4735576923076923 0.009615384615384616 0.004807692307692308
0 0.03245192307692308 0.47596153846153844 0.004807692307692308 0.004807692307692308
0 0.09375 0.47716346153846156 0.004807692307692308 0.004807692307692308
0 0.028846153846153848 0.4807692307692308 0.004807692307692308 0.004807692307692308
0 0.1658653846153846 0.47836538461538464 0.009615384615384616 0.004807692307692308
0 0.171875 0.47716346153846156 0.004807692307692308 0.004807692307692308
0 0.11177884615384616 0.4807692307692308 0.004807692307692308 0.004807692307692308
0 0.18629807692307693 0.47716346153846156 0.004807692307692308 0.004807692307692308
0 0.07932692307692307 0.48197115384615385 0.004807692307692308 0.004807692307692308
0 0.010817307692307692 0.4855769230769231 0.004807692307692308 0.004807692307692308
0 0.23677884615384615 0.47836538461538464 0.004807692307692308 0.004807692307692308
0 0.08173076923076923 0.48677884615384615 0.009615384615384616 0.004807692307692308
0 0.11177884615384616 0.49038461538461536 0.004807692307692308 0.004807692307692308
0 0.021634615384615384 0.4951923076923077 0.009615384615384616 0.004807692307692308
0 0.25841346153846156 0.4831730769230769 0.009615384615384616 0.004807692307692308
0 0.27163461538461536 0.48197115384615385 0.009615384615384616 0.004807692307692308
0 0.12139423076923077 0.4891826923076923 0.004807692307692308 0.004807692307692308
0 0.24639423076923078 0.4831730769230769 0.004807692307692308 0.004807692307692308
0 0.04326923076923077 0.49399038461538464 0.004807692307692308 0.004807692307692308
0 0.4110576923076923 0.4795673076923077 0.009615384615384616 0.004807692307692308
0 0.008413461538461538 0.5 0.009615384615384616 0.004807692307692308
0 0.13942307692307693 0.49399038461538464 0.004807692307692308 0.004807692307692308
0 0.22115384615384615 0.4891826923076923 0.009615384615384616 0.004807692307692308
0 0.10817307692307693 0.4951923076923077 0.004807692307692308 0.004807692307692308
0 0.34615384615384615 0.4831730769230769 0.009615384615384616 0.004807692307692308
0 0.39663461538461536 0.4795673076923077 0.009615384615384616 0.004807692307692308
0 0.12860576923076922 0.49399038461538464 0.009615384615384616 0.004807692307692308
0 0.33413461538461536 0.4879807692307692 0.004807692307692308 0.004807692307692308
0 0.36899038461538464 0.48677884615384615 0.009615384615384616 0.004807692307692308
0 0.38341346153846156 0.4855769230769231 0.009615384615384616 0.004807692307692308
0 0.09014423076923077 0.5012019230769231 0.004807692307692308 0.004807692307692308
0 0.3918269230769231 0.4855769230769231 0.009615384615384616 0.004807692307692308
0 0.09495192307692307 0.5012019230769231 0.004807692307692308 0.004807692307692308
0 0.2127403846153846 0.5 0.009615384615384616 0.004807692307692308
0 0.4891826923076923 0.484375 0.009615384615384616 0.004807692307692308
0 0.007211538461538462 0.5096153846153846 0.004807692307692308 0.004807692307692308
0 0.03245192307692308 0.5084134615384616 0.009615384615384616 0.004807692307692308
0 0.20552884615384615 0.5036057692307693 0.004807692307692308 0.004807692307692308
0 0.4423076923076923 0.49158653846153844 0.004807692307692308 0.004807692307692308
0 0.43509615384615385 0.4963942307692308 0.009615384615384616 0.004807692307692308
0 0.421875 0.4963942307692308 0.009615384615384616 0.004807692307692308
0 0.42788461538461536 0.4963942307692308 0.004807692307692308 0.004807692307692308
0 0.44471153846153844 0.4951923076923077 0.009615384615384616 0.004807692307692308
0 0.5120192307692307 0.4963942307692308 0.004807692307692308 0.004807692307692308
0 0.421875 0.5012019230769231 0.009615384615384616 0.004807692307692308
0 0.35216346153846156 0.5048076923076923 0.009615384615384616 0.004807692307692308
0 0.3798076923076923 0.5036057692307693 0.009615384615384616 0.004807692307692308
0 0.3894230769230769 0.5036057692307693 0.009615384615384616 0.004807692307692308
0 0.4074519230769231 0.5024038461538461 0.009615384615384616 0.004807692307692308
0 0.4326923076923077 0.5012019230769231 0.004807692307692308 0.004807692307692308
0 0.15144230769230768 0.5204326923076923 0.014423076923076924 0.004807692307692308
0 0.4495192307692308 0.5048076923076923 0.009615384615384616 0.004807692307692308
0 0.33533653846153844 0.5108173076923077 0.004807692307692308 0.004807692307692308
0 0.3473557692307692 0.5108173076923077 0.009615384615384616 0.004807692307692308
0 0.2776442307692308 0.5144230769230769 0.009615384615384616 0.004807692307692308
0 0.4254807692307692 0.5060096153846154 0.009615384615384616 0.004807692307692308
0 0.27283653846153844 0.5144230769230769 0.009615384615384616 0.004807692307692308
0 0.1466346153846154 0.5252403846153846 0.014423076923076924 0.004807692307692308
0 0.13581730769230768 0.53125 0.009615384615384616 0.004807692307692308
0 0.12620192307692307 0.53125 0.009615384615384616 0.004807692307692308
0 0.1814903846153846 0.5288461538461539 0.009615384615384616 0.004807692307692308
0 0.4110576923076923 0.5204326923076923 0.014423076923076924 0.004807692307692308
0 0.140625 0.5348557692307693 0.009615384615384616 0.004807692307692308
0 0.6358173076923077 0.5132211538461539 0.009615384615384616 0.004807692307692308
0 0.1310096153846154 0.5396634615384616 0.009615384615384616 0.004807692307692308
0 0.4987980769230769 0.5204326923076923 0.004807692307692308 0.004807692307692308
0 0.6165865384615384 0.5144230769230769 0.009615384615384616 0.004807692307692308
0 0.12259615384615384 0.5456730769230769 0.009615384615384616 0.004807692307692308
0 0.140625 0.5420673076923077 0.009615384615384616 0.009615384615384616
0 0.40865384615384615 0.5300480769230769 0.009615384615384616 0.004807692307692308
0 0.44591346153846156 0.5276442307692307 0.009615384615384616 0.004807692307692308
0 0.35096153846153844 0.5384615384615384 0.004807692307692308 0.004807692307692308
0 0.6466346153846154 0.5228365384615384 0.004807692307692308 0.004807692307692308
0 0.1346153846153846 0.5492788461538461 0.014423076923076924 0.004807692307692308
0 0.33653846153846156 0.5384615384615384 0.014423076923076924 0.004807692307692308
0 0.7463942307692307 0.5168269230769231 0.009615384615384616 0.004807692307692308
0 0.7007211538461539 0.5192307692307693 0.009615384615384616 0.004807692307692308
0 0.6033653846153846 0.5252403846153846 0.009615384615384616 0.004807692307692308
0 0.5709134615384616 0.53125 0.009615384615384616 0.004807692307692308
0 0.6213942307692307 0.5288461538461539 0.009615384615384616 0.004807692307692308
0 0.2403846153846154 0.5456730769230769 0.014423076923076924 0.009615384615384616
0 0.18509615384615385 0.5492788461538461 0.014423076923076924 0.009615384615384616
0 0.6766826923076923 0.5252403846153846 0.009615384615384616 0.004807692307692308
0 0.15745192307692307 0.5504807692307693 0.014423076923076924 0.009615384615384616
0 0.5817307692307693 0.5300480769230769 0.004807692307692308 0.004807692307692308
0 0.6442307692307693 0.5276442307692307 0.009615384615384616 0.004807692307692308
0 0.4879807692307692 0.5360576923076923 0.009615384615384616 0.004807692307692308
0 0.34975961538461536 0.5432692307692307 0.009615384615384616 0.004807692307692308
0 0.7608173076923077 0.5216346153846154 0.009615384615384616 0.004807692307692308
0 0.7836538461538461 0.5252403846153846 0.009615384615384616 0.004807692307692308
0 0.6045673076923077 0.5348557692307693 0.009615384615384616 0.004807692307692308
0 0.6598557692307693 0.5360576923076923 0.009615384615384616 0.004807692307692308
0 0.8341346153846154 0.5240384615384616 0.009615384615384616 0.009615384615384616
0 0.359375 0.5516826923076923 0.009615384615384616 0.004807692307692308
0 0.6225961538461539 0.5384615384615384 0.009615384615384616 0.004807692307692308
0 0.7992788461538461 0.5264423076923077 0.014423076923076924 0.009615384615384616
0 0.17427884615384615 0.5637019230769231 0.019230769230769232 0.009615384615384616
0 0.5721153846153846 0.5408653846153846 0.009615384615384616 0.004807692307692308
0 0.3245192307692308 0.5564903846153846 0.014423076923076924 0.009615384615384616
0 0.375 0.5540865384615384 0.014423076923076924 0.004807692307692308
0 0.6875 0.5372596153846154 0.009615384615384616 0.009615384615384616
0 0.8725961538461539 0.5276442307692307 0.009615384615384616 0.009615384615384616
0 0.7403846153846154 0.5360576923076923 0.014423076923076924 0.004807692307692308
0 0.5853365384615384 0.5432692307692307 0.009615384615384616 0.004807692307692308
0 0.6274038461538461 0.5420673076923077 0.009615384615384616 0.004807692307692308
0 0.8293269230769231 0.5336538461538461 0.014423076923076924 0.009615384615384616
0 0.6550480769230769 0.5444711538461539 0.009615384615384616 0.004807692307692308
0 0.6754807692307693 0.5408653846153846 0.014423076923076924 0.009615384615384616
0 0.28365384615384615 0.5673076923076923 0.014423076923076924 0.009615384615384616
0 0.3858173076923077 0.5612980769230769 0.014423076923076924 0.009615384615384616
0 0.9098557692307693 0.5336538461538461 0.009615384615384616 0.009615384615384616
0 0.6574519230769231 0.5492788461538461 0.004807692307692308 0.004807692307692308
0 0.6622596153846154 0.5492788461538461 0.004807692307692308 0.004807692307692308
0 0.3016826923076923 0.5733173076923077 0.014423076923076924 0.004807692307692308
0 0.6682692307692307 0.5564903846153846 0.014423076923076924 0.009615384615384616
0 0.7115384615384616 0.5588942307692307 0.009615384615384616 0.009615384615384616
0 0.8762019230769231 0.5480769230769231 0.014423076923076924 0.014423076923076924
0 0.41586538461538464 0.5745192307692307 0.009615384615384616 0.009615384615384616
0 0.5480769230769231 0.5673076923076923 0.014423076923076924 0.009615384615384616
0 0.5757211538461539 0.5661057692307693 0.014423076923076924 0.009615384615384616
0 0.6310096153846154 0.5649038461538461 0.014423076923076924 0.004807692307692308
0 0.40384615384615385 0.5817307692307693 0.004807692307692308 0.004807692307692308
0 0.7908653846153846 0.5588942307692307 0.009615384615384616 0.009615384615384616
0 0.9014423076923077 0.5540865384615384 0.009615384615384616 0.009615384615384616
0 0.44471153846153844 0.5841346153846154 0.009615384615384616 0.004807692307692308
0 0.8713942307692307 0.5637019230769231 0.014423076923076924 0.009615384615384616
0 0.3076923076923077 0.5901442307692307 0.014423076923076924 0.004807692307692308
0 0.7487980769230769 0.5697115384615384 0.009615384615384616 0.009615384615384616
0 0.4423076923076923 0.5889423076923077 0.014423076923076924 0.004807692307692308
0 0.7896634615384616 0.5769230769230769 0.014423076923076924 0.009615384615384616
0 0.9122596153846154 0.5733173076923077 0.019230769230769232 0.014423076923076924
0 0.4831730769230769 0.6057692307692307 0.019230769230769232 0.014423076923076924
0 0.6694711538461539 0.5985576923076923 0.014423076923076924 0.009615384615384616
0 0.5204326923076923 0.609375 0.019230769230769232 0.009615384615384616
0 0.6586538461538461 0.6021634615384616 0.019230769230769232 0.009615384615384616
0 0.49399038461538464 0.6105769230769231 0.014423076923076924 0.009615384615384616
0 0.3389423076923077 0.6189903846153846 0.019230769230769232 0.009615384615384616
0 0.6887019230769231 0.6057692307692307 0.014423076923076924 0.009615384615384616
0 0.828125 0.5985576923076923 0.014423076923076924 0.009615384615384616
0 0.5564903846153846 0.6129807692307693 0.019230769230769232 0.009615384615384616
0 0.4963942307692308 0.6177884615384616 0.019230769230769232 0.014423076923076924
0 0.5204326923076923 0.6213942307692307 0.019230769230769232 0.014423076923076924
0 0.9314903846153846 0.5973557692307693 0.019230769230769232 0.009615384615384616
0 0.3581730769230769 0.6274038461538461 0.019230769230769232 0.019230769230769232
0 0.8485576923076923 0.6045673076923077 0.019230769230769232 0.014423076923076924
0 0.375 0.6322115384615384 0.02403846153846154 0.019230769230769232
0 0.9230769230769231 0.6081730769230769 0.019230769230769232 0.009615384615384616
0 0.8737980769230769 0.6105769230769231 0.014423076923076924 0.019230769230769232
0 0.3870192307692308 0.6514423076923077 0.019230769230769232 0.014423076923076924
0 0.7848557692307693 0.640625 0.019230769230769232 0.014423076923076924
0 0.7451923076923077 0.6418269230769231 0.02403846153846154 0.014423076923076924
0 0.9723557692307693 0.6334134615384616 0.02403846153846154 0.019230769230769232
0 0.4182692307692308 0.6598557692307693 0.02403846153846154 0.014423076923076924
0 0.20192307692307693 0.6802884615384616 0.03365384615384615 0.02403846153846154
0 0.5733173076923077 0.6634615384615384 0.028846153846153848 0.019230769230769232
0 0.5480769230769231 0.6706730769230769 0.02403846153846154 0.014423076923076924
0 0.8894230769230769 0.6814903846153846 0.028846153846153848 0.02403846153846154
0 0.6754807692307693 0.6947115384615384 0.03365384615384615 0.019230769230769232
0 0.7608173076923077 0.7043269230769231 0.019230769230769232 0.019230769230769232
0 0.7836538461538461 0.7055288461538461 0.028846153846153848 0.02403846153846154