0 0.38221153846153844 0.5384615384615384 0.05048076923076923 0.07692307692307693
0 0.5072115384615384 0.5528846153846154 0.05048076923076923 0.07692307692307693
0 0.6778846153846154 0.5432692307692307 0.05048076923076923 0.0673076923076923
0 0.9519230769230769 0.53125 0.036057692307692304 0.07211538461538461
0 0.7572115384615384 0.5444711538461539 0.05048076923076923 0.0673076923076923
0 0.026442307692307692 0.5865384615384616 0.05048076923076923 0.09134615384615384
0 0.171875 0.6045673076923077 0.06009615384615385 0.08173076923076923
0 0.29927884615384615 0.5985576923076923 0.052884615384615384 0.0985576923076923
0 0.5552884615384616 0.5877403846153846 0.06971153846153846 0.11057692307692307
0 0.06850961538461539 0.6153846153846154 0.06009615384615385 0.09134615384615384
0 0.453125 0.6045673076923077 0.055288461538461536 0.09134615384615384
0 0.3485576923076923 0.6129807692307693 0.06971153846153846 0.08653846153846154
0 0.13581730769230768 0.6346153846153846 0.06971153846153846 0.07692307692307693
0 0.9723557692307693 0.59375 0.055288461538461536 0.11057692307692307
0 0.7644230769230769 0.6213942307692307 0.06490384615384616 0.09134615384615384
0 0.028846153846153848 0.671875 0.04807692307692308 0.12259615384615384
0 0.8798076923076923 0.6382211538461539 0.06490384615384616 0.11298076923076923
0 0.5300480769230769 0.6742788461538461 0.06971153846153846 0.09615384615384616
0 0.6790865384615384 0.6682692307692307 0.06490384615384616 0.11057692307692307
0 0.17067307692307693 0.7259615384615384 0.08413461538461539 0.11538461538461539
0 0.3245192307692308 0.7247596153846154 0.07451923076923077 0.11778846153846154
0 0.09375 0.8016826923076923 0.0985576923076923 0.11057692307692307
0 0.9471153846153846 0.056490384615384616 0.014423076923076924 0.014423076923076924
0 0.7944711538461539 0.8185096153846154 0.08173076923076923 0.125
0 0.3125 0.8485576923076923 0.07932692307692307 0.10096153846153846
0 0.8052884615384616 0.06610576923076923 0.009615384615384616 0.014423076923076924
0 0.042067307692307696 0.8677884615384616 0.052884615384615384 0.12740384615384615
0 0.609375 0.875 0.21153846153846154 0.23317307692307693
0 0.8581730769230769 0.07091346153846154 0.014423076923076924 0.02403846153846154
0 0.9302884615384616 0.0673076923076923 0.014423076923076924 0.02403846153846154
0 0.8882211538461539 0.07211538461538461 0.014423076923076924 0.014423076923076924
0 0.19471153846153846 0.9170673076923077 0.1466346153846154 0.16346153846153846
0 0.39903846153846156 0.9230769230769231 0.0889423076923077 0.1346153846153846
0 0.734375 0.9158653846153846 0.08173076923076923 0.125
0 0.8028846153846154 0.9375 0.09134615384615384 0.08653846153846154
0 0.8257211538461539 0.08173076923076923 0.014423076923076924 0.02403846153846154
0 0.7163461538461539 0.09014423076923077 0.014423076923076924 0.014423076923076924
0 0.9459134615384616 0.078125 0.009615384615384616 0.014423076923076924
0 0.8377403846153846 0.08653846153846154 0.019230769230769232 0.02403846153846154
0 0.8737980769230769 0.08413461538461539 0.014423076923076924 0.02403846153846154
0 0.7271634615384616 0.09735576923076923 0.014423076923076924 0.019230769230769232
0 0.8040865384615384 0.09254807692307693 0.014423076923076924 0.019230769230769232
0 0.8846153846153846 0.0889423076923077 0.014423076923076924 0.019230769230769232
0 0.9110576923076923 0.08774038461538461 0.016826923076923076 0.028846153846153848
0 0.7415865384615384 0.09735576923076923 0.014423076923076924 0.02403846153846154
0 0.9290865384615384 0.08774038461538461 0.014423076923076924 0.02403846153846154
0 0.6923076923076923 0.10216346153846154 0.014423076923076924 0.014423076923076924
0 0.8197115384615384 0.09615384615384616 0.014423076923076924 0.014423076923076924
0 0.8990384615384616 0.09134615384615384 0.014423076923076924 0.014423076923076924
0 0.5721153846153846 0.11298076923076923 0.016826923076923076 0.028846153846153848
0 0.7596153846153846 0.10336538461538461 0.014423076923076924 0.019230769230769232
0 0.8545673076923077 0.0985576923076923 0.009615384615384616 0.019230769230769232
0 0.8798076923076923 0.09975961538461539 0.014423076923076924 0.02403846153846154
0 0.8641826923076923 0.10336538461538461 0.014423076923076924 0.014423076923076924
0 0.7824519230769231 0.11177884615384616 0.014423076923076924 0.02403846153846154
0 0.9591346153846154 0.10336538461538461 0.014423076923076924 0.02403846153846154
0 0.7512019230769231 0.11658653846153846 0.01201923076923077 0.028846153846153848
0 0.6634615384615384 0.125 0.019230769230769232 0.019230769230769232
0 0.8978365384615384 0.11298076923076923 0.016826923076923076 0.028846153846153848
0 0.7103365384615384 0.125 0.014423076923076924 0.019230769230769232
0 0.7259615384615384 0.125 0.014423076923076924 0.014423076923076924
0 0.7451923076923077 0.12379807692307693 0.014423076923076924 0.019230769230769232
0 0.8605769230769231 0.11778846153846154 0.014423076923076924 0.019230769230769232
0 0.9362980769230769 0.1141826923076923 0.014423076923076924 0.019230769230769232
0 0.9483173076923077 0.11298076923076923 0.014423076923076924 0.019230769230769232
0 0.84375 0.12259615384615384 0.014423076923076924 0.019230769230769232
0 0.6201923076923077 0.13822115384615385 0.016826923076923076 0.028846153846153848
0 0.2848557692307692 0.15625 0.016826923076923076 0.028846153846153848
0 0.3016826923076923 0.15504807692307693 0.019230769230769232 0.028846153846153848
0 0.6862980769230769 0.13701923076923078 0.014423076923076924 0.019230769230769232
0 0.9278846153846154 0.125 0.014423076923076924 0.019230769230769232
0 0.33653846153846156 0.16105769230769232 0.014423076923076924 0.019230769230769232
0 0.4543269230769231 0.15745192307692307 0.016826923076923076 0.028846153846153848
0 0.4891826923076923 0.15504807692307693 0.02403846153846154 0.038461538461538464
0 0.6766826923076923 0.14543269230769232 0.016826923076923076 0.028846153846153848
0 0.7295673076923077 0.14302884615384615 0.014423076923076924 0.019230769230769232
0 0.8269230769230769 0.13701923076923078 0.016826923076923076 0.028846153846153848
0 0.7896634615384616 0.14423076923076922 0.016826923076923076 0.028846153846153848
0 0.5913461538461539 0.1622596153846154 0.028846153846153848 0.028846153846153848
0 0.7139423076923077 0.15504807692307693 0.016826923076923076 0.028846153846153848
0 0.7644230769230769 0.15504807692307693 0.019230769230769232 0.02403846153846154
0 0.8846153846153846 0.14903846153846154 0.019230769230769232 0.02403846153846154
0 0.9122596153846154 0.14783653846153846 0.019230769230769232 0.02403846153846154
0 0.6526442307692307 0.16346153846153846 0.019230769230769232 0.028846153846153848
0 0.9423076923076923 0.14783653846153846 0.02403846153846154 0.028846153846153848
0 0.8052884615384616 0.15865384615384615 0.019230769230769232 0.028846153846153848
0 0.8569711538461539 0.15625 0.016826923076923076 0.028846153846153848
0 0.1310096153846154 0.19471153846153846 0.03125 0.04807692307692308
0 0.828125 0.1622596153846154 0.014423076923076924 0.019230769230769232
0 0.09735576923076923 0.20072115384615385 0.02403846153846154 0.028846153846153848
0 0.2860576923076923 0.19110576923076922 0.02403846153846154 0.028846153846153848
0 0.6225961538461539 0.18028846153846154 0.028846153846153848 0.038461538461538464
0 0.8762019230769231 0.16706730769230768 0.016826923076923076 0.028846153846153848
0 0.5528846153846154 0.18629807692307693 0.019230769230769232 0.019230769230769232
0 0.6081730769230769 0.18629807692307693 0.02403846153846154 0.028846153846153848
0 0.5865384615384616 0.18990384615384615 0.019230769230769232 0.02403846153846154
0 0.9326923076923077 0.171875 0.019230769230769232 0.03365384615384615
0 0.7391826923076923 0.18990384615384615 0.016826923076923076 0.028846153846153848
0 0.9519230769230769 0.17908653846153846 0.019230769230769232 0.028846153846153848
0 0.6646634615384616 0.19591346153846154 0.019230769230769232 0.03365384615384615
0 0.296875 0.21634615384615385 0.019230769230769232 0.03365384615384615
0 0.7992788461538461 0.19230769230769232 0.019230769230769232 0.028846153846153848
0 0.8389423076923077 0.18990384615384615 0.016826923076923076 0.028846153846153848
0 0.7223557692307693 0.19831730769230768 0.019230769230769232 0.03365384615384615
0 0.8870192307692307 0.18990384615384615 0.014423076923076924 0.019230769230769232
0 0.4651442307692308 0.21394230769230768 0.02403846153846154 0.038461538461538464
0 0.3329326923076923 0.22115384615384615 0.019230769230769232 0.028846153846153848
0 0.3762019230769231 0.22115384615384615 0.02403846153846154 0.04326923076923077
0 0.5324519230769231 0.2127403846153846 0.019230769230769232 0.03365384615384615
0 0.78125 0.19951923076923078 0.02403846153846154 0.019230769230769232
0 0.6899038461538461 0.20673076923076922 0.016826923076923076 0.028846153846153848
0 0.9074519230769231 0.19591346153846154 0.019230769230769232 0.028846153846153848
0 0.12259615384615384 0.23677884615384615 0.028846153846153848 0.038461538461538464
0 0.75 0.20673076923076922 0.014423076923076924 0.02403846153846154
0 0.5637019230769231 0.22115384615384615 0.016826923076923076 0.028846153846153848
0 0.5084134615384616 0.22596153846153846 0.03365384615384615 0.03365384615384615
0 0.4026442307692308 0.23677884615384615 0.02403846153846154 0.03365384615384615
0 0.7151442307692307 0.21995192307692307 0.028846153846153848 0.04326923076923077
0 0.6778846153846154 0.2247596153846154 0.019230769230769232 0.038461538461538464
0 0.9459134615384616 0.21033653846153846 0.014423076923076924 0.019230769230769232
0 0.5829326923076923 0.23076923076923078 0.028846153846153848 0.03365384615384615
0 0.30408653846153844 0.24759615384615385 0.019230769230769232 0.02403846153846154
0 0.6165865384615384 0.23677884615384615 0.028846153846153848 0.03365384615384615
0 0.47475961538461536 0.24879807692307693 0.02403846153846154 0.03365384615384615
0 0.7896634615384616 0.23197115384615385 0.019230769230769232 0.03365384615384615
0 0.6598557692307693 0.24158653846153846 0.019230769230769232 0.038461538461538464
0 0.8112980769230769 0.23317307692307693 0.02403846153846154 0.038461538461538464
0 0.8521634615384616 0.23557692307692307 0.03125 0.04807692307692308
0 0.7524038461538461 0.2439903846153846 0.019230769230769232 0.03365384615384615
0 0.40024038461538464 0.2692307692307692 0.03365384615384615 0.04326923076923077
0 0.44591346153846156 0.2668269230769231 0.02403846153846154 0.03365384615384615
0 0.008413461538461538 0.28846153846153844 0.016826923076923076 0.04807692307692308
0 0.7355769230769231 0.25240384615384615 0.028846153846153848 0.038461538461538464
0 0.9471153846153846 0.24158653846153846 0.016826923076923076 0.038461538461538464
0 0.0733173076923077 0.28966346153846156 0.028846153846153848 0.04326923076923077
0 0.5036057692307693 0.2704326923076923 0.028846153846153848 0.02403846153846154
0 0.5685096153846154 0.2668269230769231 0.028846153846153848 0.038461538461538464
0 0.30528846153846156 0.2800480769230769 0.02403846153846154 0.038461538461538464
0 0.9098557692307693 0.2512019230769231 0.02403846153846154 0.04326923076923077
0 0.890625 0.2620192307692308 0.03125 0.04807692307692308
0 0.6875 0.27524038461538464 0.028846153846153848 0.04326923076923077
0 0.6346153846153846 0.2824519230769231 0.028846153846153848 0.04326923076923077
0 0.3894230769230769 0.3004807692307692 0.028846153846153848 0.04326923076923077
0 0.1310096153846154 0.3161057692307692 0.04326923076923077 0.04807692307692308
0 0.27403846153846156 0.3088942307692308 0.036057692307692304 0.04807692307692308
0 0.44471153846153844 0.30288461538461536 0.02403846153846154 0.03365384615384615
0 0.5420673076923077 0.2980769230769231 0.028846153846153848 0.03365384615384615
0 0.8064903846153846 0.2860576923076923 0.038461538461538464 0.04807692307692308
0 0.7836538461538461 0.29447115384615385 0.028846153846153848 0.04326923076923077
0 0.3233173076923077 0.31850961538461536 0.019230769230769232 0.03365384615384615
0 0.4206730769230769 0.3161057692307692 0.04326923076923077 0.038461538461538464
0 0.4651442307692308 0.32091346153846156 0.028846153846153848 0.038461538461538464
0 0.018028846153846152 0.34615384615384615 0.036057692307692304 0.052884615384615384
0 0.06971153846153846 0.3473557692307692 0.05048076923076923 0.0625
0 0.5084134615384616 0.32572115384615385 0.040865384615384616 0.0673076923076923
0 0.7223557692307693 0.31490384615384615 0.036057692307692304 0.0673076923076923
0 0.6514423076923077 0.3245192307692308 0.03125 0.04807692307692308
0 0.15384615384615385 0.35096153846153844 0.036057692307692304 0.04807692307692308
0 0.9326923076923077 0.31490384615384615 0.04567307692307692 0.057692307692307696
0 0.34615384615384615 0.34615384615384615 0.028846153846153848 0.04326923076923077
0 0.20432692307692307 0.3557692307692308 0.036057692307692304 0.04807692307692308
0 0.5793269230769231 0.3401442307692308 0.036057692307692304 0.0625
0 0.5612980769230769 0.34615384615384615 0.03125 0.0625
0 0.38822115384615385 0.3581730769230769 0.040865384615384616 0.057692307692307696
0 0.6814903846153846 0.3425480769230769 0.019230769230769232 0.02403846153846154
0 0.6177884615384616 0.3485576923076923 0.03125 0.0625
0 0.31850961538461536 0.3870192307692308 0.036057692307692304 0.0625
0 0.42427884615384615 0.3858173076923077 0.05048076923076923 0.07211538461538461
0 0.11057692307692307 0.4074519230769231 0.040865384615384616 0.07211538461538461
0 0.35697115384615385 0.39783653846153844 0.040865384615384616 0.0625
0 0.9615384615384616 0.36658653846153844 0.040865384615384616 0.07211538461538461
0 0.18509615384615385 0.4074519230769231 0.04807692307692308 0.04807692307692308
0 0.6394230769230769 0.390625 0.040865384615384616 0.0625
0 0.8341346153846154 0.3798076923076923 0.04567307692307692 0.07211538461538461
0 0.6790865384615384 0.390625 0.040865384615384616 0.0673076923076923
0 0.15264423076923078 0.4182692307692308 0.036057692307692304 0.07692307692307693
0 0.7475961538461539 0.3918269230769231 0.03125 0.052884615384615384
0 0.4807692307692308 0.40865384615384615 0.038461538461538464 0.04807692307692308
0 0.013221153846153846 0.44471153846153844 0.026442307692307692 0.0625
0 0.5961538461538461 0.43028846153846156 0.04567307692307692 0.07211538461538461
0 0.17548076923076922 0.45913461538461536 0.036057692307692304 0.0673076923076923
0 0.8052884615384616 0.4375 0.05048076923076923 0.0673076923076923
0 0.9411057692307693 0.43028846153846156 0.05048076923076923 0.07692307692307693
0 0.49278846153846156 0.45552884615384615 0.05048076923076923 0.07211538461538461
0 0.0985576923076923 0.4831730769230769 0.05048076923076923 0.07692307692307693
0 0.26322115384615385 0.47475961538461536 0.05048076923076923 0.07692307692307693
0 0.5709134615384616 0.46634615384615385 0.04567307692307692 0.07211538461538461
0 0.7295673076923077 0.4579326923076923 0.04567307692307692 0.07211538461538461
0 0.014423076923076924 0.4951923076923077 0.028846153846153848 0.07211538461538461
0 0.8894230769230769 0.4651442307692308 0.036057692307692304 0.07211538461538461
0 0.30528846153846156 0.49759615384615385 0.05048076923076923 0.08413461538461539
0 0.6838942307692307 0.4831730769230769 0.040865384615384616 0.0625
0 0.8461538461538461 0.47716346153846156 0.05048076923076923 0.08413461538461539
0 0.21153846153846154 0.5276442307692307 0.055288461538461536 0.10096153846153846
0 0.44350961538461536 0.5168269230769231 0.05048076923076923 0.0625
0 0.08413461538461539 0.5360576923076923 0.052884615384615384 0.07211538461538461