0 0.13701923076923078 0.01201923076923077 0.02283653846153846 0.02283653846153846
0 0.25240384615384615 0.11538461538461539 0.027644230769230768 0.03245192307692308
0 0.21754807692307693 0.1201923076923077 0.037259615384615384 0.055288461538461536
0 0.140625 0.1346153846153846 0.03245192307692308 0.042067307692307696
0 0.28725961538461536 0.13701923076923078 0.03245192307692308 0.05048076923076923
0 0.328125 0.14302884615384615 0.02283653846153846 0.05048076923076923
0 0.8269230769230769 0.14302884615384615 0.042067307692307696 0.07451923076923077
0 0.9326923076923077 0.14302884615384615 0.027644230769230768 0.037259615384615384
0 0.7728365384615384 0.14543269230769232 0.042067307692307696 0.06490384615384616
0 0.41947115384615385 0.1502403846153846 0.02283653846153846 0.046875
0 0.46274038461538464 0.1502403846153846 0.027644230769230768 0.05048076923076923
0 0.390625 0.15264423076923078 0.02283653846153846 0.046875
0 0.15985576923076922 0.15504807692307693 0.042067307692307696 0.06009615384615385
0 0.3088942307692308 0.015625 0.021634615384615384 0.03125
0 0.25721153846153844 0.15745192307692307 0.042067307692307696 0.06009615384615385
0 0.375 0.15985576923076922 0.027644230769230768 0.046875
0 0.8629807692307693 0.1622596153846154 0.027644230769230768 0.03245192307692308
0 0.734375 0.16947115384615385 0.046875 0.06490384615384616
0 0.5576923076923077 0.171875 0.027644230769230768 0.03245192307692308
0 0.5024038461538461 0.17307692307692307 0.027644230769230768 0.042067307692307696
0 0.5372596153846154 0.17548076923076922 0.02283653846153846 0.027644230769230768
0 0.20793269230769232 0.1778846153846154 0.037259615384615384 0.06009615384615385
0 0.6129807692307693 0.1778846153846154 0.037259615384615384 0.05048076923076923
0 0.5805288461538461 0.18028846153846154 0.027644230769230768 0.037259615384615384
0 0.10697115384615384 0.18509615384615385 0.042067307692307696 0.042067307692307696
0 0.16947115384615385 0.18509615384615385 0.03245192307692308 0.046875
0 0.6430288461538461 0.19230769230769232 0.042067307692307696 0.05048076923076923
0 0.49038461538461536 0.19230769230769232 0.02283653846153846 0.037259615384615384
0 0.9771634615384616 0.19471153846153846 0.02283653846153846 0.046875
0 0.027644230769230768 0.19471153846153846 0.037259615384615384 0.06009615384615385
0 0.5324519230769231 0.20192307692307693 0.027644230769230768 0.046875
0 0.32211538461538464 0.20793269230769232 0.03245192307692308 0.046875
0 0.26322115384615385 0.020432692307692308 0.03125 0.040865384615384616
0 0.3798076923076923 0.21033653846153846 0.037259615384615384 0.05048076923076923
0 0.41947115384615385 0.2127403846153846 0.037259615384615384 0.055288461538461536
0 0.5973557692307693 0.21514423076923078 0.027644230769230768 0.042067307692307696
0 0.5721153846153846 0.21995192307692307 0.027644230769230768 0.042067307692307696
0 0.5120192307692307 0.2247596153846154 0.03245192307692308 0.037259615384615384
0 0.08052884615384616 0.2247596153846154 0.046875 0.06009615384615385
0 0.6778846153846154 0.23557692307692307 0.046875 0.06971153846153846
0 0.18269230769230768 0.24519230769230768 0.037259615384615384 0.046875
0 0.4423076923076923 0.25 0.02283653846153846 0.046875
0 0.5180288461538461 0.25721153846153844 0.027644230769230768 0.037259615384615384
0 0.5829326923076923 0.25721153846153844 0.02283653846153846 0.042067307692307696
0 0.39783653846153844 0.25961538461538464 0.037259615384615384 0.06490384615384616
0 0.36538461538461536 0.25961538461538464 0.03245192307692308 0.05048076923076923
0 0.5576923076923077 0.25961538461538464 0.037259615384615384 0.042067307692307696
0 0.4795673076923077 0.2800480769230769 0.02283653846153846 0.042067307692307696
0 0.5348557692307693 0.2824519230769231 0.018028846153846152 0.05048076923076923
0 0.125 0.2824519230769231 0.03245192307692308 0.046875
0 0.5096153846153846 0.28725961538461536 0.027644230769230768 0.042067307692307696
0 0.9194711538461539 0.296875 0.14302884615384615 0.23197115384615385
0 0.16706730769230768 0.30288461538461536 0.042067307692307696 0.06971153846153846
0 0.5673076923076923 0.31009615384615385 0.037259615384615384 0.05048076923076923
0 0.4375 0.3125 0.03245192307692308 0.06490384615384616
0 0.3545673076923077 0.3125 0.027644230769230768 0.055288461538461536
0 0.09254807692307693 0.3173076923076923 0.06009615384615385 0.07451923076923077
0 0.38461538461538464 0.3245192307692308 0.037259615384615384 0.05048076923076923
0 0.5144230769230769 0.35216346153846156 0.037259615384615384 0.055288461538461536
0 0.27524038461538464 0.3545673076923077 0.05048076923076923 0.078125
0 0.5769230769230769 0.3894230769230769 0.06490384615384616 0.09254807692307693
0 0.4254807692307692 0.04807692307692308 0.03245192307692308 0.05048076923076923
0 0.39783653846153844 0.055288461538461536 0.03245192307692308 0.042067307692307696
0 0.4879807692307692 0.0625 0.03245192307692308 0.042067307692307696
0 0.27283653846153844 0.06490384615384616 0.03245192307692308 0.046875
0 0.36538461538461536 0.0673076923076923 0.03245192307692308 0.042067307692307696
0 0.5072115384615384 0.07211538461538461 0.02283653846153846 0.042067307692307696
0 0.5324519230769231 0.0829326923076923 0.027644230769230768 0.046875
0 0.5528846153846154 0.09014423076923077 0.02283653846153846 0.042067307692307696
0 0.10216346153846154 0.09975961538461539 0.03245192307692308 0.05048076923076923