0 0.1658653846153846 0.08653846153846154 0.02403846153846154 0.038461538461538464
0 0.4170673076923077 0.4411057692307692 0.04326923076923077 0.04326923076923077
0 0.26802884615384615 0.46274038461538464 0.03365384615384615 0.040865384615384616
0 0.8653846153846154 0.004807692307692308 0.028846153846153848 0.009615384615384616
0 0.8125 0.38822115384615385 0.052884615384615384 0.07932692307692307
0 0.8846153846153846 0.37740384615384615 0.02403846153846154 0.052884615384615384
0 0.22596153846153846 0.47596153846153844 0.04567307692307692 0.06490384615384616
0 0.046875 0.10336538461538461 0.028846153846153848 0.04567307692307692
0 0.28125 0.07091346153846154 0.028846153846153848 0.040865384615384616
0 0.3016826923076923 0.4675480769230769 0.06009615384615385 0.08413461538461539
0 0.3605769230769231 0.45913461538461536 0.04326923076923077 0.055288461538461536
0 0.7379807692307693 0.4110576923076923 0.057692307692307696 0.0625
0 0.5408653846153846 0.44350961538461536 0.04326923076923077 0.08173076923076923
0 0.7115384615384616 0.421875 0.03125 0.057692307692307696
0 0.9266826923076923 0.3954326923076923 0.03125 0.03125
0 0.030048076923076924 0.53125 0.04807692307692308 0.055288461538461536
0 0.5733173076923077 0.4567307692307692 0.052884615384615384 0.09375
0 0.49399038461538464 0.47475961538461536 0.052884615384615384 0.0889423076923077
0 0.19951923076923078 0.5240384615384616 0.057692307692307696 0.08413461538461539
0 0.4579326923076923 0.4879807692307692 0.055288461538461536 0.10336538461538461
0 0.4110576923076923 0.49399038461538464 0.040865384615384616 0.06009615384615385
0 0.6141826923076923 0.46634615384615385 0.04326923076923077 0.09134615384615384
0 0.5901442307692307 0.4795673076923077 0.038461538461538464 0.08173076923076923
0 0.054086538461538464 0.5552884615384616 0.06009615384615385 0.055288461538461536
0 0.7908653846153846 0.4543269230769231 0.055288461538461536 0.06971153846153846
0 0.08653846153846154 0.5528846153846154 0.04807692307692308 0.07932692307692307
0 0.8942307692307693 0.4423076923076923 0.04567307692307692 0.06971153846153846
0 0.9170673076923077 0.4387019230769231 0.05048076923076923 0.06490384615384616
0 0.9723557692307693 0.4362980769230769 0.055288461538461536 0.0985576923076923
0 0.6514423076923077 0.4807692307692308 0.06971153846153846 0.11298076923076923
0 0.265625 0.5396634615384616 0.06009615384615385 0.08413461538461539
0 0.3737980769230769 0.5324519230769231 0.057692307692307696 0.08413461538461539
0 0.703125 0.49158653846153844 0.04807692307692308 0.08653846153846154
0 0.9507211538461539 0.47716346153846156 0.04326923076923077 0.09134615384615384
0 0.7331730769230769 0.5072115384615384 0.055288461538461536 0.10336538461538461
0 0.328125 0.5709134615384616 0.057692307692307696 0.07932692307692307
0 0.05889423076923077 0.6177884615384616 0.0673076923076923 0.09375
0 0.20192307692307693 0.09254807692307693 0.026442307692307692 0.036057692307692304
0 0.004807692307692308 0.1201923076923077 0.009615384615384616 0.03365384615384615
0 0.36658653846153844 0.07211538461538461 0.02403846153846154 0.038461538461538464
0 0.2860576923076923 0.6286057692307693 0.07211538461538461 0.09615384615384616
0 0.5588942307692307 0.5973557692307693 0.06490384615384616 0.08413461538461539
0 0.9855769230769231 0.5661057692307693 0.028846153846153848 0.11298076923076923
0 0.40024038461538464 0.6550480769230769 0.0625 0.09375
0 0.15985576923076922 0.6899038461538461 0.1971153846153846 0.27884615384615385
0 0.671875 0.6225961538461539 0.052884615384615384 0.09375
0 0.4326923076923077 0.06971153846153846 0.021634615384615384 0.02403846153846154
0 0.234375 0.10096153846153846 0.021634615384615384 0.03365384615384615
0 0.5612980769230769 0.6658653846153846 0.06009615384615385 0.08413461538461539
0 0.5360576923076923 0.057692307692307696 0.028846153846153848 0.04567307692307692
0 0.7367788461538461 0.030048076923076924 0.028846153846153848 0.040865384615384616
0 0.5060096153846154 0.0625 0.028846153846153848 0.040865384615384616
0 0.32091346153846156 0.09014423076923077 0.028846153846153848 0.04567307692307692
0 0.7884615384615384 0.025240384615384616 0.03365384615384615 0.040865384615384616
0 0.6394230769230769 0.6790865384615384 0.10096153846153846 0.13942307692307693
0 0.5985576923076923 0.054086538461538464 0.028846153846153848 0.040865384615384616
0 0.2127403846153846 0.10817307692307693 0.03125 0.036057692307692304
0 0.09495192307692307 0.12740384615384615 0.026442307692307692 0.036057692307692304
0 0.5745192307692307 0.06009615384615385 0.028846153846153848 0.04567307692307692
0 0.53125 0.7596153846153846 0.10336538461538461 0.12259615384615384
0 0.9146634615384616 0.7055288461538461 0.17067307692307693 0.2956730769230769
0 0.037259615384615384 0.13942307692307693 0.026442307692307692 0.036057692307692304
0 0.453125 0.08052884615384616 0.028846153846153848 0.04567307692307692
0 0.1658653846153846 0.12139423076923077 0.028846153846153848 0.040865384615384616
0 0.6754807692307693 0.051682692307692304 0.028846153846153848 0.040865384615384616
0 0.8329326923076923 0.030048076923076924 0.03365384615384615 0.040865384615384616
0 0.4326923076923077 0.08774038461538461 0.021634615384615384 0.02403846153846154
0 0.27163461538461536 0.11057692307692307 0.02403846153846154 0.038461538461538464
0 0.6274038461538461 0.8485576923076923 0.23798076923076922 0.21875
0 0.6346153846153846 0.0625 0.028846153846153848 0.040865384615384616
0 0.4230769230769231 0.9014423076923077 0.11057692307692307 0.17307692307692307
0 0.6610576923076923 0.06610576923076923 0.026442307692307692 0.036057692307692304
0 0.48677884615384615 0.09014423076923077 0.026442307692307692 0.036057692307692304
0 0.8918269230769231 0.036057692307692304 0.021634615384615384 0.03365384615384615
0 0.6983173076923077 0.0625 0.028846153846153848 0.04567307692307692
0 0.038461538461538464 0.16105769230769232 0.028846153846153848 0.04567307692307692
0 0.6153846153846154 0.07932692307692307 0.028846153846153848 0.040865384615384616
0 0.44711538461538464 0.10576923076923077 0.026442307692307692 0.036057692307692304
0 0.09014423076923077 0.16466346153846154 0.03365384615384615 0.040865384615384616
0 0.4735576923076923 0.11298076923076923 0.03125 0.036057692307692304
0 0.23918269230769232 0.15264423076923078 0.03365384615384615 0.040865384615384616
0 0.14903846153846154 0.1658653846153846 0.03365384615384615 0.05048076923076923
0 0.6430288461538461 0.10336538461538461 0.028846153846153848 0.04567307692307692
0 0.7944711538461539 0.0829326923076923 0.02403846153846154 0.04326923076923077
0 0.7235576923076923 0.09495192307692307 0.021634615384615384 0.028846153846153848
0 0.3545673076923077 0.1466346153846154 0.03125 0.036057692307692304
0 0.5793269230769231 0.11538461538461539 0.03365384615384615 0.05048076923076923
0 0.6550480769230769 0.11177884615384616 0.028846153846153848 0.04567307692307692
0 0.5024038461538461 0.13341346153846154 0.028846153846153848 0.040865384615384616
0 0.4074519230769231 0.1466346153846154 0.028846153846153848 0.05048076923076923
0 0.47716346153846156 0.13942307692307693 0.028846153846153848 0.040865384615384616
0 0.30288461538461536 0.16346153846153846 0.026442307692307692 0.036057692307692304
0 0.8233173076923077 0.09014423076923077 0.028846153846153848 0.05048076923076923
0 0.20432692307692307 0.1778846153846154 0.03125 0.036057692307692304
0 0.27884615384615385 0.16826923076923078 0.028846153846153848 0.04567307692307692
0 0.11057692307692307 0.19230769230769232 0.03365384615384615 0.04567307692307692
0 0.44711538461538464 0.14423076923076922 0.03365384615384615 0.04567307692307692
0 0.5348557692307693 0.13221153846153846 0.021634615384615384 0.03365384615384615
0 0.3329326923076923 0.16105769230769232 0.026442307692307692 0.036057692307692304
0 0.7391826923076923 0.10336538461538461 0.021634615384615384 0.03365384615384615
0 0.6310096153846154 0.12139423076923077 0.028846153846153848 0.04567307692307692
0 0.9338942307692307 0.078125 0.026442307692307692 0.036057692307692304
0 0.8629807692307693 0.0889423076923077 0.026442307692307692 0.036057692307692304
0 0.18269230769230768 0.18629807692307693 0.03125 0.036057692307692304
0 0.7596153846153846 0.10576923076923077 0.021634615384615384 0.03365384615384615
0 0.7103365384615384 0.11658653846153846 0.03365384615384615 0.05048076923076923
0 0.8497596153846154 0.09735576923076923 0.021634615384615384 0.03365384615384615
0 0.3161057692307692 0.18028846153846154 0.026442307692307692 0.036057692307692304
0 0.25721153846153844 0.19110576923076922 0.026442307692307692 0.036057692307692304
0 0.2283653846153846 0.20192307692307693 0.026442307692307692 0.036057692307692304
0 0.35336538461538464 0.18870192307692307 0.03365384615384615 0.040865384615384616
0 0.5528846153846154 0.16105769230769232 0.03365384615384615 0.05048076923076923
0 0.09735576923076923 0.2247596153846154 0.03365384615384615 0.04567307692307692
0 0.8930288461538461 0.1141826923076923 0.028846153846153848 0.040865384615384616
0 0.037259615384615384 0.23918269230769232 0.028846153846153848 0.040865384615384616
0 0.4951923076923077 0.1778846153846154 0.021634615384615384 0.028846153846153848
0 0.2127403846153846 0.21754807692307693 0.028846153846153848 0.040865384615384616
0 0.7560096153846154 0.14302884615384615 0.028846153846153848 0.05048076923076923
0 0.8341346153846154 0.13221153846153846 0.021634615384615384 0.028846153846153848
0 0.06370192307692307 0.2403846153846154 0.028846153846153848 0.040865384615384616
0 0.5769230769230769 0.16826923076923078 0.026442307692307692 0.036057692307692304
0 0.4495192307692308 0.18870192307692307 0.02403846153846154 0.04326923076923077
0 0.40384615384615385 0.19591346153846154 0.028846153846153848 0.04567307692307692
0 0.19110576923076922 0.22596153846153846 0.03365384615384615 0.05048076923076923
0 0.9254807692307693 0.12980769230769232 0.028846153846153848 0.04567307692307692
0 0.4206730769230769 0.20072115384615385 0.02403846153846154 0.038461538461538464
0 0.16826923076923078 0.23557692307692307 0.02403846153846154 0.038461538461538464
0 0.7367788461538461 0.15625 0.028846153846153848 0.040865384615384616
0 0.2512019230769231 0.22716346153846154 0.03365384615384615 0.04567307692307692
0 0.3293269230769231 0.21634615384615385 0.03365384615384615 0.04567307692307692
0 0.021634615384615384 0.25841346153846156 0.02403846153846154 0.038461538461538464
0 0.8737980769230769 0.14182692307692307 0.038461538461538464 0.05048076923076923
0 0.7776442307692307 0.15745192307692307 0.038461538461538464 0.04567307692307692
0 0.5973557692307693 0.18269230769230768 0.028846153846153848 0.05048076923076923
0 0.4699519230769231 0.20072115384615385 0.028846153846153848 0.040865384615384616
0 0.8233173076923077 0.15384615384615385 0.03365384615384615 0.04567307692307692
0 0.6911057692307693 0.171875 0.028846153846153848 0.040865384615384616
0 0.6694711538461539 0.17548076923076922 0.03365384615384615 0.04567307692307692
0 0.9098557692307693 0.14182692307692307 0.03365384615384615 0.04567307692307692
0 0.5108173076923077 0.19831730769230768 0.028846153846153848 0.04567307692307692
0 0.7956730769230769 0.15865384615384615 0.026442307692307692 0.036057692307692304
0 0.6237980769230769 0.18269230769230768 0.028846153846153848 0.04567307692307692
0 0.4831730769230769 0.20192307692307693 0.028846153846153848 0.04567307692307692
0 0.12740384615384615 0.2548076923076923 0.03365384615384615 0.05048076923076923
0 0.013221153846153846 0.27524038461538464 0.026442307692307692 0.040865384615384616
0 0.038461538461538464 0.27524038461538464 0.028846153846153848 0.040865384615384616
0 0.7055288461538461 0.1814903846153846 0.03365384615384615 0.040865384615384616
0 0.28966346153846156 0.24639423076923078 0.038461538461538464 0.055288461538461536
0 0.7728365384615384 0.1935096153846154 0.03365384615384615 0.040865384615384616
0 0.6358173076923077 0.22596153846153846 0.03365384615384615 0.05048076923076923
0 0.4206730769230769 0.25600961538461536 0.02403846153846154 0.038461538461538464
0 0.5372596153846154 0.24759615384615385 0.028846153846153848 0.04567307692307692
0 0.015625 0.32091346153846156 0.03125 0.04567307692307692
0 0.09495192307692307 0.3088942307692308 0.028846153846153848 0.05048076923076923
0 0.8377403846153846 0.20552884615384615 0.038461538461538464 0.04567307692307692
0 0.4639423076923077 0.25961538461538464 0.03365384615384615 0.040865384615384616
0 0.7367788461538461 0.22115384615384615 0.021634615384615384 0.028846153846153848
0 0.24879807692307693 0.28966346153846156 0.028846153846153848 0.04567307692307692
0 0.9038461538461539 0.19831730769230768 0.028846153846153848 0.05048076923076923
0 0.6899038461538461 0.23317307692307693 0.028846153846153848 0.04567307692307692
0 0.7139423076923077 0.22956730769230768 0.028846153846153848 0.04567307692307692
0 0.5637019230769231 0.2536057692307692 0.028846153846153848 0.040865384615384616
0 0.7716346153846154 0.22355769230769232 0.03365384615384615 0.04567307692307692
0 0.22716346153846154 0.3016826923076923 0.026442307692307692 0.026442307692307692
0 0.9290865384615384 0.20793269230769232 0.03365384615384615 0.05048076923076923
0 0.3269230769230769 0.2920673076923077 0.03365384615384615 0.040865384615384616
0 0.39663461538461536 0.2824519230769231 0.02403846153846154 0.04326923076923077
0 0.07451923076923077 0.33052884615384615 0.03125 0.03125
0 0.2668269230769231 0.30288461538461536 0.028846153846153848 0.05048076923076923
0 0.35216346153846156 0.29086538461538464 0.028846153846153848 0.040865384615384616
0 0.8713942307692307 0.21875 0.03365384615384615 0.040865384615384616
0 0.6634615384615384 0.25 0.026442307692307692 0.03125
0 0.19591346153846154 0.3161057692307692 0.03365384615384615 0.040865384615384616
0 0.2860576923076923 0.30528846153846156 0.03365384615384615 0.05048076923076923
0 0.4735576923076923 0.026442307692307692 0.028846153846153848 0.04567307692307692
0 0.11298076923076923 0.07692307692307693 0.028846153846153848 0.04567307692307692
0 0.47836538461538464 0.28125 0.03365384615384615 0.040865384615384616
0 0.16947115384615385 0.3245192307692308 0.03125 0.036057692307692304
0 0.9471153846153846 0.21754807692307693 0.03125 0.036057692307692304
0 0.640625 0.265625 0.028846153846153848 0.040865384615384616
0 0.7980769230769231 0.24278846153846154 0.038461538461538464 0.05048076923076923
0 0.5324519230769231 0.2824519230769231 0.028846153846153848 0.040865384615384616
0 0.6045673076923077 0.27283653846153844 0.026442307692307692 0.036057692307692304
0 0.31490384615384615 0.3137019230769231 0.03125 0.026442307692307692
0 0.5673076923076923 0.2776442307692308 0.021634615384615384 0.02403846153846154
0 0.36899038461538464 0.30649038461538464 0.038461538461538464 0.040865384615384616
0 0.23557692307692307 0.3293269230769231 0.038461538461538464 0.05048076923076923
0 0.7415865384615384 0.25841346153846156 0.038461538461538464 0.05048076923076923
0 0.0985576923076923 0.35096153846153844 0.03125 0.036057692307692304
0 0.41466346153846156 0.30649038461538464 0.028846153846153848 0.04567307692307692
0 0.4519230769230769 0.30528846153846156 0.03365384615384615 0.040865384615384616
0 0.9038461538461539 0.24639423076923078 0.021634615384615384 0.02403846153846154
0 0.6682692307692307 0.2800480769230769 0.028846153846153848 0.040865384615384616
0 0.47475961538461536 0.30649038461538464 0.03365384615384615 0.040865384615384616
0 0.8269230769230769 0.25961538461538464 0.036057692307692304 0.026442307692307692
0 0.6021634615384616 0.29447115384615385 0.03365384615384615 0.040865384615384616
0 0.8569711538461539 0.25841346153846156 0.03365384615384615 0.052884615384615384
0 0.9543269230769231 0.2439903846153846 0.03125 0.03125
0 0.19230769230769232 0.3545673076923077 0.026442307692307692 0.03125
0 0.7956730769230769 0.27163461538461536 0.038461538461538464 0.05048076923076923
0 0.921875 0.25600961538461536 0.03365384615384615 0.04567307692307692
0 0.15625 0.36658653846153844 0.03125 0.03125
0 0.8930288461538461 0.26322115384615385 0.026442307692307692 0.03125
0 0.014423076923076924 0.3858173076923077 0.028846153846153848 0.026442307692307692
0 0.4411057692307692 0.33052884615384615 0.03125 0.03125
0 0.37259615384615385 0.34375 0.036057692307692304 0.036057692307692304
0 0.9567307692307693 0.2608173076923077 0.03365384615384615 0.040865384615384616
0 0.7391826923076923 0.2932692307692308 0.03125 0.036057692307692304
0 0.6394230769230769 0.3088942307692308 0.04567307692307692 0.03365384615384615
0 0.6778846153846154 0.30408653846153844 0.036057692307692304 0.036057692307692304
0 0.3389423076923077 0.35216346153846156 0.038461538461538464 0.04567307692307692
0 0.6045673076923077 0.3137019230769231 0.026442307692307692 0.026442307692307692
0 0.5733173076923077 0.31850961538461536 0.03365384615384615 0.052884615384615384
0 0.15985576923076922 0.3786057692307692 0.03125 0.026442307692307692
0 0.30288461538461536 0.359375 0.03125 0.036057692307692304
0 0.5889423076923077 0.018028846153846152 0.028846153846153848 0.036057692307692304
0 0.22956730769230768 0.3713942307692308 0.03365384615384615 0.040865384615384616
0 0.004807692307692308 0.4026442307692308 0.009615384615384616 0.036057692307692304
0 0.8858173076923077 0.2800480769230769 0.04567307692307692 0.028846153846153848
0 0.5300480769230769 0.3293269230769231 0.038461538461538464 0.04567307692307692
0 0.390625 0.3485576923076923 0.03365384615384615 0.040865384615384616
0 0.7091346153846154 0.30649038461538464 0.026442307692307692 0.026442307692307692
0 0.06009615384615385 0.4050480769230769 0.03365384615384615 0.04567307692307692
0 0.5084134615384616 0.3473557692307692 0.028846153846153848 0.040865384615384616
0 0.4338942307692308 0.3629807692307692 0.038461538461538464 0.055288461538461536
0 0.8233173076923077 0.3076923076923077 0.055288461538461536 0.06490384615384616
0 0.13341346153846154 0.4050480769230769 0.026442307692307692 0.03125
0 0.19831730769230768 0.40024038461538464 0.04326923076923077 0.04326923076923077
0 0.46634615384615385 0.3629807692307692 0.05048076923076923 0.06009615384615385
0 0.875 0.30649038461538464 0.03365384615384615 0.040865384615384616
0 0.10216346153846154 0.41466346153846156 0.038461538461538464 0.05048076923076923
0 0.24519230769230768 0.39783653846153844 0.04567307692307692 0.04326923076923077
0 0.15985576923076922 0.4098557692307692 0.038461538461538464 0.055288461538461536
0 0.9170673076923077 0.30288461538461536 0.021634615384615384 0.03365384615384615
0 0.9447115384615384 0.3016826923076923 0.03365384615384615 0.05048076923076923
0 0.6298076923076923 0.34615384615384615 0.04807692307692308 0.04807692307692308
0 0.36177884615384615 0.38341346153846156 0.04326923076923077 0.04567307692307692
0 0.7439903846153846 0.33413461538461536 0.052884615384615384 0.04807692307692308
0 0.078125 0.42788461538461536 0.03365384615384615 0.040865384615384616
0 0.7019230769230769 0.3401442307692308 0.03365384615384615 0.040865384615384616
0 0.016826923076923076 0.4362980769230769 0.03365384615384615 0.040865384615384616
0 0.36658653846153844 0.051682692307692304 0.019230769230769232 0.019230769230769232
0 0.5913461538461539 0.3581730769230769 0.03365384615384615 0.05048076923076923
0 0.3245192307692308 0.39903846153846156 0.038461538461538464 0.04567307692307692
0 0.4987980769230769 0.3762019230769231 0.03125 0.026442307692307692
0 0.41225961538461536 0.39302884615384615 0.055288461538461536 0.06971153846153846
0 0.5685096153846154 0.3713942307692308 0.028846153846153848 0.052884615384615384
0 0.29086538461538464 0.41225961538461536 0.04807692307692308 0.055288461538461536
0 0.052884615384615384 0.4483173076923077 0.04326923076923077 0.04567307692307692
0 0.13822115384615385 0.4387019230769231 0.038461538461538464 0.040865384615384616
0 0.9615384615384616 0.3233173076923077 0.04326923076923077 0.052884615384615384
0 0.9086538461538461 0.3317307692307692 0.03125 0.057692307692307696
0 0.3389423076923077 0.4170673076923077 0.038461538461538464 0.04567307692307692
0 0.18269230769230768 0.4387019230769231 0.04326923076923077 0.055288461538461536
0 0.49278846153846156 0.3954326923076923 0.03125 0.03125
0 0.3870192307692308 0.41225961538461536 0.03365384615384615 0.05048076923076923
0 0.5456730769230769 0.3954326923076923 0.05048076923076923 0.07451923076923077
0 0.8786057692307693 0.3485576923076923 0.028846153846153848 0.040865384615384616
0 0.2536057692307692 0.4387019230769231 0.04326923076923077 0.04567307692307692
0 0.6286057692307693 0.3858173076923077 0.04326923076923077 0.055288461538461536
0 0.8617788461538461 0.3581730769230769 0.019230769230769232 0.03365384615384615
0 0.027644230769230768 0.47836538461538464 0.04326923076923077 0.04567307692307692
0 0.10336538461538461 0.4723557692307692 0.052884615384615384 0.0889423076923077
0 0.9663461538461539 0.35336538461538464 0.036057692307692304 0.03125
0 0.7860576923076923 0.3786057692307692 0.04567307692307692 0.06009615384615385
0 0.8028846153846154 0.007211538461538462 0.028846153846153848 0.014423076923076924
0 0.078125 0.4807692307692308 0.05048076923076923 0.06490384615384616
0 0.8461538461538461 0.3762019230769231 0.057692307692307696 0.08413461538461539
0 0.9350961538461539 0.3641826923076923 0.038461538461538464 0.040865384615384616
0 0.6682692307692307 0.40384615384615385 0.057692307692307696 0.07932692307692307
0 0.46033653846153844 0.4326923076923077 0.055288461538461536 0.06971153846153846