0 0.7896634615384616 0.109375 0.06971153846153846 0.09735576923076923
0 0.35216346153846156 0.11538461538461539 0.07451923076923077 0.10216346153846154
0 0.9603365384615384 0.125 0.06971153846153846 0.1201923076923077
0 0.5721153846153846 0.13701923076923078 0.06009615384615385 0.078125
0 0.2800480769230769 0.13942307692307693 0.06009615384615385 0.06490384615384616
0 0.03485576923076923 0.15504807692307693 0.06009615384615385 0.08774038461538461
0 0.8822115384615384 0.15985576923076922 0.06971153846153846 0.078125
0 0.1045673076923077 0.15985576923076922 0.06009615384615385 0.08774038461538461
0 0.234375 0.1778846153846154 0.042067307692307696 0.06009615384615385
0 0.09615384615384616 0.018028846153846152 0.038461538461538464 0.036057692307692304
0 0.4579326923076923 0.19230769230769232 0.06490384615384616 0.09735576923076923
0 0.27283653846153844 0.19951923076923078 0.06490384615384616 0.07451923076923077
0 0.19831730769230768 0.020432692307692308 0.026442307692307692 0.040865384615384616
0 0.19230769230769232 0.20793269230769232 0.06009615384615385 0.0829326923076923
0 0.39783653846153844 0.20793269230769232 0.055288461538461536 0.07451923076923077
0 0.8305288461538461 0.22716346153846154 0.06009615384615385 0.09254807692307693
0 0.7644230769230769 0.23557692307692307 0.06490384615384616 0.06490384615384616
0 0.4074519230769231 0.2548076923076923 0.055288461538461536 0.0829326923076923
0 0.890625 0.25721153846153844 0.06009615384615385 0.08774038461538461
0 0.5769230769230769 0.2620192307692308 0.06009615384615385 0.078125
0 0.31490384615384615 0.2620192307692308 0.055288461538461536 0.08774038461538461
0 0.5805288461538461 0.027644230769230768 0.06971153846153846 0.055288461538461536
0 0.13942307692307693 0.2776442307692308 0.06490384615384616 0.0829326923076923
0 0.052884615384615384 0.2848557692307692 0.06971153846153846 0.078125
0 0.2403846153846154 0.28725961538461536 0.055288461538461536 0.07451923076923077
0 0.9399038461538461 0.29447115384615385 0.07451923076923077 0.06009615384615385
0 0.49278846153846156 0.29447115384615385 0.06009615384615385 0.078125
0 0.057692307692307696 0.31490384615384615 0.06009615384615385 0.06490384615384616
0 0.16706730769230768 0.03245192307692308 0.06490384615384616 0.06490384615384616
0 0.7872596153846154 0.3269230769230769 0.0829326923076923 0.11538461538461539
0 0.09735576923076923 0.33533653846153844 0.055288461538461536 0.078125
0 0.7127403846153846 0.3425480769230769 0.07451923076923077 0.10216346153846154
0 0.8701923076923077 0.3473557692307692 0.06490384615384616 0.07451923076923077
0 0.6021634615384616 0.3473557692307692 0.06490384615384616 0.10216346153846154
0 0.30528846153846156 0.359375 0.07451923076923077 0.09735576923076923
0 0.36538461538461536 0.36778846153846156 0.046875 0.078125
0 0.009615384615384616 0.037259615384615384 0.018028846153846152 0.046875
0 0.04807692307692308 0.037259615384615384 0.06009615384615385 0.06490384615384616
0 0.6526442307692307 0.38221153846153844 0.07451923076923077 0.08774038461538461
0 0.21995192307692307 0.390625 0.078125 0.09735576923076923
0 0.4879807692307692 0.390625 0.06971153846153846 0.09735576923076923
0 0.265625 0.039663461538461536 0.05048076923076923 0.06009615384615385
0 0.9447115384615384 0.39783653846153844 0.06490384615384616 0.11057692307692307
0 0.8425480769230769 0.4074519230769231 0.06490384615384616 0.10216346153846154
0 0.0673076923076923 0.4098557692307692 0.06009615384615385 0.06971153846153846
0 0.7620192307692307 0.046875 0.06009615384615385 0.055288461538461536
0 0.6225961538461539 0.46033653846153844 0.08774038461538461 0.06971153846153846
0 0.9122596153846154 0.4795673076923077 0.07451923076923077 0.09735576923076923
0 0.22235576923076922 0.484375 0.07451923076923077 0.06971153846153846
0 0.8004807692307693 0.484375 0.07451923076923077 0.08774038461538461
0 0.6670673076923077 0.5276442307692307 0.07451923076923077 0.1201923076923077
0 0.44711538461538464 0.5276442307692307 0.078125 0.11057692307692307
0 0.16706730769230768 0.5324519230769231 0.06490384615384616 0.10216346153846154
0 0.9651442307692307 0.5324519230769231 0.06971153846153846 0.0829326923076923
0 0.03245192307692308 0.5372596153846154 0.06490384615384616 0.10216346153846154
0 0.5949519230769231 0.5396634615384616 0.05048076923076923 0.09735576923076923
0 0.49038461538461536 0.052884615384615384 0.055288461538461536 0.06009615384615385
0 0.8822115384615384 0.5444711538461539 0.078125 0.078125
0 0.3125 0.5480769230769231 0.06971153846153846 0.11538461538461539
0 0.23798076923076922 0.5649038461538461 0.06971153846153846 0.11057692307692307
0 0.7752403846153846 0.5697115384615384 0.06009615384615385 0.09254807692307693
0 0.5348557692307693 0.5769230769230769 0.05048076923076923 0.078125
0 0.6346153846153846 0.6177884615384616 0.06490384615384616 0.10697115384615384
0 0.859375 0.6201923076923077 0.09735576923076923 0.11057692307692307
0 0.9627403846153846 0.6346153846153846 0.07451923076923077 0.09254807692307693
0 0.5721153846153846 0.6526442307692307 0.06971153846153846 0.11057692307692307
0 0.052884615384615384 0.6550480769230769 0.06009615384615385 0.078125
0 0.7355769230769231 0.6550480769230769 0.06490384615384616 0.11538461538461539
0 0.015625 0.6682692307692307 0.03125 0.07692307692307693
0 0.9230769230769231 0.0673076923076923 0.05048076923076923 0.078125
0 0.18509615384615385 0.6923076923076923 0.07451923076923077 0.08774038461538461
0 0.5901442307692307 0.07211538461538461 0.06009615384615385 0.06009615384615385
0 0.6778846153846154 0.07211538461538461 0.042067307692307696 0.078125
0 0.8653846153846154 0.7271634615384616 0.0829326923076923 0.1201923076923077
0 0.12980769230769232 0.7355769230769231 0.06490384615384616 0.11057692307692307
0 0.042067307692307696 0.75 0.07451923076923077 0.11057692307692307
0 0.9375 0.7524038461538461 0.06009615384615385 0.09735576923076923
0 0.3173076923076923 0.7572115384615384 0.08774038461538461 0.09735576923076923
0 0.21754807692307693 0.765625 0.055288461538461536 0.08774038461538461
0 0.7475961538461539 0.7872596153846154 0.05048076923076923 0.11057692307692307
0 0.453125 0.7920673076923077 0.06490384615384616 0.10216346153846154
0 0.5420673076923077 0.796875 0.07451923076923077 0.0829326923076923
0 0.8197115384615384 0.8028846153846154 0.0829326923076923 0.11538461538461539
0 0.25961538461538464 0.8449519230769231 0.07451923076923077 0.10697115384615384
0 0.5024038461538461 0.859375 0.08774038461538461 0.08774038461538461
0 0.6526442307692307 0.859375 0.09254807692307693 0.09735576923076923
0 0.36538461538461536 0.8725961538461539 0.0829326923076923 0.06971153846153846
0 0.018028846153846152 0.09014423076923077 0.036057692307692304 0.05048076923076923
0 0.7175480769230769 0.09254807692307693 0.07451923076923077 0.1201923076923077
0 0.41947115384615385 0.09254807692307693 0.06009615384615385 0.09254807692307693
0 0.140625 0.09735576923076923 0.06971153846153846 0.0829326923076923
0 0.24519230769230768 0.09975961538461539 0.055288461538461536 0.06971153846153846
0 0.07211538461538461 0.1045673076923077 0.06009615384615385 0.06009615384615385