0 0.16826923076923078 0.046875 0.03125 0.03125
0 0.8329326923076923 0.10336538461538461 0.038461538461538464 0.0625
0 0.9206730769230769 0.1045673076923077 0.038461538461538464 0.07211538461538461
0 0.5084134615384616 0.15745192307692307 0.028846153846153848 0.052884615384615384
0 0.9471153846153846 0.11298076923076923 0.03365384615384615 0.0673076923076923
0 0.7019230769230769 0.14182692307692307 0.028846153846153848 0.052884615384615384
0 0.5625 0.16105769230769232 0.03365384615384615 0.0625
0 0.051682692307692304 0.22115384615384615 0.03365384615384615 0.0673076923076923
0 0.003605769230769231 0.22716346153846154 0.007211538461538462 0.040865384615384616
0 0.5853365384615384 0.16466346153846154 0.03365384615384615 0.057692307692307696
0 0.3076923076923077 0.19591346153846154 0.026442307692307692 0.04326923076923077
0 0.1778846153846154 0.21033653846153846 0.036057692307692304 0.036057692307692304
0 0.07451923076923077 0.2403846153846154 0.028846153846153848 0.052884615384615384
0 0.11298076923076923 0.23557692307692307 0.03365384615384615 0.0625
0 0.8834134615384616 0.15745192307692307 0.03365384615384615 0.0673076923076923
0 0.6634615384615384 0.18629807692307693 0.03125 0.04567307692307692
0 0.4338942307692308 0.20793269230769232 0.038461538461538464 0.0673076923076923
0 0.4963942307692308 0.20673076923076922 0.03365384615384615 0.057692307692307696
0 0.37259615384615385 0.21995192307692307 0.03365384615384615 0.057692307692307696
0 0.0829326923076923 0.06370192307692307 0.026442307692307692 0.04807692307692308
0 0.3125 0.039663461538461536 0.026442307692307692 0.04807692307692308
0 0.3629807692307692 0.03485576923076923 0.021634615384615384 0.038461538461538464
0 0.9615384615384616 0.17668269230769232 0.01201923076923077 0.06490384615384616
0 0.19110576923076922 0.2608173076923077 0.03365384615384615 0.052884615384615384
0 0.28846153846153844 0.2608173076923077 0.021634615384615384 0.038461538461538464
0 0.8064903846153846 0.2091346153846154 0.038461538461538464 0.0625
0 0.32091346153846156 0.25961538461538464 0.03365384615384615 0.0625
0 0.007211538461538462 0.2956730769230769 0.014423076923076924 0.057692307692307696
0 0.9134615384615384 0.20072115384615385 0.038461538461538464 0.057692307692307696
0 0.22956730769230768 0.27403846153846156 0.03365384615384615 0.07211538461538461
0 0.2608173076923077 0.28125 0.028846153846153848 0.0625
0 0.5408653846153846 0.24879807692307693 0.038461538461538464 0.057692307692307696
0 0.36538461538461536 0.27524038461538464 0.03365384615384615 0.07211538461538461
0 0.578125 0.020432692307692308 0.03125 0.040865384615384616
0 0.8521634615384616 0.24158653846153846 0.038461538461538464 0.07211538461538461
0 0.4651442307692308 0.2824519230769231 0.028846153846153848 0.052884615384615384
0 0.6742788461538461 0.26802884615384615 0.038461538461538464 0.0673076923076923
0 0.6021634615384616 0.27524038461538464 0.03365384615384615 0.0673076923076923
0 0.43028846153846156 0.2980769230769231 0.038461538461538464 0.057692307692307696
0 0.9639423076923077 0.24639423076923078 0.021634615384615384 0.07451923076923077
0 0.12379807692307693 0.33653846153846156 0.03365384615384615 0.052884615384615384
0 0.19591346153846154 0.33413461538461536 0.028846153846153848 0.052884615384615384
0 0.03365384615384615 0.07692307692307693 0.038461538461538464 0.0625
0 0.5300480769230769 0.30528846153846156 0.03365384615384615 0.057692307692307696
0 0.7247596153846154 0.2932692307692308 0.03365384615384615 0.052884615384615384
0 0.5588942307692307 0.31009615384615385 0.03365384615384615 0.0625
0 0.27283653846153844 0.35336538461538464 0.028846153846153848 0.052884615384615384
0 0.7584134615384616 0.3076923076923077 0.03365384615384615 0.0625
0 0.014423076923076924 0.3870192307692308 0.028846153846153848 0.057692307692307696
0 0.8064903846153846 0.3076923076923077 0.03365384615384615 0.0625
0 0.36177884615384615 0.35336538461538464 0.038461538461538464 0.0625
0 0.7620192307692307 0.020432692307692308 0.038461538461538464 0.040865384615384616
0 0.6706730769230769 0.3329326923076923 0.026442307692307692 0.038461538461538464
0 0.30408653846153844 0.3858173076923077 0.028846153846153848 0.0673076923076923
0 0.15504807692307693 0.40625 0.03125 0.040865384615384616
0 0.53125 0.3737980769230769 0.038461538461538464 0.0625
0 0.4411057692307692 0.3858173076923077 0.03365384615384615 0.0673076923076923
0 0.3485576923076923 0.055288461538461536 0.028846153846153848 0.057692307692307696
0 0.6081730769230769 0.38341346153846156 0.03365384615384615 0.0625
0 0.9014423076923077 0.3545673076923077 0.040865384615384616 0.07692307692307693
0 0.009615384615384616 0.4519230769230769 0.019230769230769232 0.07211538461538461
0 0.7307692307692307 0.375 0.038461538461538464 0.07211538461538461
0 0.6490384615384616 0.3870192307692308 0.028846153846153848 0.057692307692307696
0 0.9507211538461539 0.35697115384615385 0.03365384615384615 0.052884615384615384
0 0.23317307692307693 0.43990384615384615 0.03365384615384615 0.0673076923076923
0 0.6754807692307693 0.39302884615384615 0.03365384615384615 0.0673076923076923
0 0.35216346153846156 0.43028846153846156 0.03365384615384615 0.052884615384615384
0 0.5120192307692307 0.41586538461538464 0.028846153846153848 0.057692307692307696
0 0.07451923076923077 0.46153846153846156 0.028846153846153848 0.057692307692307696
0 0.15865384615384615 0.4651442307692308 0.028846153846153848 0.0673076923076923
0 0.8377403846153846 0.3918269230769231 0.04326923076923077 0.07211538461538461
0 0.2692307692307692 0.45913461538461536 0.028846153846153848 0.057692307692307696
0 0.37259615384615385 0.45552884615384615 0.038461538461538464 0.052884615384615384
0 0.3233173076923077 0.4735576923076923 0.038461538461538464 0.07211538461538461
0 0.015625 0.5384615384615384 0.03125 0.052884615384615384
0 0.9567307692307693 0.44471153846153844 0.038461538461538464 0.0625
0 0.10336538461538461 0.5348557692307693 0.03125 0.04567307692307692
0 0.3016826923076923 0.5228365384615384 0.03365384615384615 0.0625
0 0.38822115384615385 0.5120192307692307 0.040865384615384616 0.07692307692307693
0 0.5552884615384616 0.4963942307692308 0.04326923076923077 0.0625
0 0.22956730769230768 0.5360576923076923 0.03365384615384615 0.052884615384615384
0 0.2548076923076923 0.5396634615384616 0.038461538461538464 0.0673076923076923
0 0.7704326923076923 0.4831730769230769 0.038461538461538464 0.0625
0 0.6706730769230769 0.49759615384615385 0.036057692307692304 0.04567307692307692
0 0.45552884615384615 0.5204326923076923 0.03365384615384615 0.0625
0 0.10336538461538461 0.09254807692307693 0.03365384615384615 0.0625
0 0.1971153846153846 0.5673076923076923 0.038461538461538464 0.0625
0 0.6237980769230769 0.5264423076923077 0.03365384615384615 0.0625
0 0.9891826923076923 0.49158653846153844 0.021634615384615384 0.07932692307692307
0 0.8485576923076923 0.5120192307692307 0.038461538461538464 0.0625
0 0.234375 0.578125 0.03125 0.05048076923076923
0 0.7235576923076923 0.5276442307692307 0.038461538461538464 0.0673076923076923
0 0.1201923076923077 0.5925480769230769 0.028846153846153848 0.052884615384615384
0 0.9314903846153846 0.5108173076923077 0.038461538461538464 0.057692307692307696
0 0.17307692307692307 0.5925480769230769 0.036057692307692304 0.04567307692307692
0 0.9026442307692307 0.5276442307692307 0.04567307692307692 0.07692307692307693
0 0.671875 0.5564903846153846 0.038461538461538464 0.0673076923076923
0 0.8185096153846154 0.5444711538461539 0.038461538461538464 0.0673076923076923
0 0.5853365384615384 0.5685096153846154 0.03365384615384615 0.0625
0 0.019230769230769232 0.10576923076923077 0.038461538461538464 0.0625
0 0.7728365384615384 0.5649038461538461 0.03365384615384615 0.0673076923076923
0 0.08653846153846154 0.6394230769230769 0.021634615384615384 0.04326923076923077
0 0.2283653846153846 0.08653846153846154 0.03365384615384615 0.0673076923076923
0 0.41225961538461536 0.0673076923076923 0.021634615384615384 0.04807692307692308
0 0.39663461538461536 0.6213942307692307 0.03365384615384615 0.07211538461538461
0 0.021634615384615384 0.6634615384615384 0.019230769230769232 0.052884615384615384
0 0.2800480769230769 0.6466346153846154 0.028846153846153848 0.052884615384615384
0 0.4735576923076923 0.6286057692307693 0.038461538461538464 0.0673076923076923
0 0.515625 0.6237980769230769 0.028846153846153848 0.057692307692307696
0 0.8509615384615384 0.6069711538461539 0.04567307692307692 0.07692307692307693
0 0.953125 0.6009615384615384 0.04567307692307692 0.07692307692307693
0 0.640625 0.6430288461538461 0.04326923076923077 0.0673076923076923
0 0.08413461538461539 0.7043269230769231 0.04326923076923077 0.0625
0 0.16947115384615385 0.6983173076923077 0.038461538461538464 0.0673076923076923
0 0.5492788461538461 0.6598557692307693 0.02403846153846154 0.052884615384615384
0 0.33052884615384615 0.6838942307692307 0.038461538461538464 0.052884615384615384
0 0.5745192307692307 0.6778846153846154 0.04326923076923077 0.057692307692307696
0 0.23677884615384615 0.7211538461538461 0.038461538461538464 0.0625
0 0.49399038461538464 0.06850961538461539 0.026442307692307692 0.04807692307692308
0 0.7536057692307693 0.671875 0.038461538461538464 0.052884615384615384
0 0.8161057692307693 0.6694711538461539 0.04326923076923077 0.0625
0 0.6634615384615384 0.6899038461538461 0.03125 0.04567307692307692
0 0.41225961538461536 0.71875 0.03125 0.05048076923076923
0 0.5036057692307693 0.7091346153846154 0.03365384615384615 0.0673076923076923
0 0.6274038461538461 0.056490384615384616 0.019230769230769232 0.052884615384615384
0 0.9206730769230769 0.027644230769230768 0.03365384615384615 0.055288461538461536
0 0.3401442307692308 0.75 0.03365384615384615 0.057692307692307696
0 0.27403846153846156 0.7704326923076923 0.038461538461538464 0.0673076923076923
0 0.9867788461538461 0.6995192307692307 0.026442307692307692 0.07692307692307693
0 0.9170673076923077 0.7103365384615384 0.055288461538461536 0.08173076923076923
0 0.7463942307692307 0.7355769230769231 0.038461538461538464 0.0673076923076923
0 0.5673076923076923 0.7584134615384616 0.038461538461538464 0.0673076923076923
0 0.29927884615384615 0.7872596153846154 0.028846153846153848 0.057692307692307696
0 0.3894230769230769 0.7860576923076923 0.04326923076923077 0.0673076923076923
0 0.48197115384615385 0.7764423076923077 0.03125 0.05048076923076923
0 0.6778846153846154 0.7584134615384616 0.038461538461538464 0.0625
0 0.38461538461538464 0.08774038461538461 0.026442307692307692 0.038461538461538464
0 0.15865384615384615 0.8149038461538461 0.038461538461538464 0.0673076923076923
0 0.14182692307692307 0.8221153846153846 0.036057692307692304 0.07692307692307693
0 0.4254807692307692 0.7944711538461539 0.028846153846153848 0.0625
0 0.23076923076923078 0.8305288461538461 0.038461538461538464 0.0673076923076923
0 0.09375 0.8617788461538461 0.038461538461538464 0.0625
0 0.5036057692307693 0.8461538461538461 0.04326923076923077 0.0625
0 0.18629807692307693 0.8870192307692307 0.04326923076923077 0.057692307692307696
0 0.9266826923076923 0.8245192307692307 0.038461538461538464 0.07211538461538461
0 0.8473557692307693 0.8353365384615384 0.03125 0.040865384615384616
0 0.7728365384615384 0.8485576923076923 0.038461538461538464 0.057692307692307696
0 0.6959134615384616 0.8617788461538461 0.03365384615384615 0.057692307692307696
0 0.2956730769230769 0.9014423076923077 0.04326923076923077 0.07211538461538461
0 0.4375 0.8882211538461539 0.03365384615384615 0.057692307692307696
0 0.390625 0.8978365384615384 0.038461538461538464 0.0673076923076923
0 0.5745192307692307 0.8786057692307693 0.038461538461538464 0.0673076923076923
0 0.6430288461538461 0.8822115384615384 0.03365384615384615 0.0625
0 0.18028846153846154 0.9507211538461539 0.03365384615384615 0.052884615384615384
0 0.671875 0.07211538461538461 0.028846153846153848 0.057692307692307696
0 0.75 0.06370192307692307 0.038461538461538464 0.0673076923076923
0 0.5637019230769231 0.08413461538461539 0.03125 0.05048076923076923
0 0.6394230769230769 0.07572115384615384 0.028846153846153848 0.0673076923076923
0 0.9675480769230769 0.8834134615384616 0.04326923076923077 0.0673076923076923
0 0.8557692307692307 0.8978365384615384 0.038461538461538464 0.07211538461538461
0 0.7391826923076923 0.9170673076923077 0.03365384615384615 0.0673076923076923
0 0.3317307692307692 0.9603365384615384 0.038461538461538464 0.0673076923076923
0 0.0625 0.9819711538461539 0.03365384615384615 0.036057692307692304
0 0.11658653846153846 0.9831730769230769 0.036057692307692304 0.03365384615384615
0 0.41586538461538464 0.9699519230769231 0.028846153846153848 0.06009615384615385
0 0.7920673076923077 0.9375 0.03365384615384615 0.052884615384615384
0 0.47836538461538464 0.9711538461538461 0.03365384615384615 0.057692307692307696
0 0.21875 0.9879807692307693 0.04326923076923077 0.02403846153846154
0 0.890625 0.054086538461538464 0.03365384615384615 0.057692307692307696
0 0.16947115384615385 0.9939903846153846 0.036057692307692304 0.01201923076923077
0 0.5 0.9747596153846154 0.04326923076923077 0.05048076923076923
0 0.46033653846153844 0.984375 0.036057692307692304 0.03125
0 0.5877403846153846 0.9759615384615384 0.040865384615384616 0.03125
0 0.328125 0.9915865384615384 0.040865384615384616 0.016826923076923076
0 0.7896634615384616 0.0673076923076923 0.03365384615384615 0.0625
0 0.3762019230769231 0.9927884615384616 0.03125 0.014423076923076924
0 0.27163461538461536 0.12620192307692307 0.028846153846153848 0.0625
0 0.8521634615384616 0.0625 0.028846153846153848 0.057692307692307696
0 0.2127403846153846 0.039663461538461536 0.03365384615384615 0.026442307692307692
0 0.44591346153846156 0.11899038461538461 0.021634615384615384 0.04807692307692308
0 0.4651442307692308 0.11899038461538461 0.03365384615384615 0.052884615384615384
0 0.018028846153846152 0.17307692307692307 0.03365384615384615 0.0673076923076923
0 0.25721153846153844 0.15144230769230768 0.028846153846153848 0.07211538461538461
0 0.31850961538461536 0.14423076923076922 0.03365384615384615 0.0625
0 0.13581730769230768 0.16346153846153846 0.028846153846153848 0.052884615384615384
0 0.4026442307692308 0.14543269230769232 0.03365384615384615 0.0625