0 0.1502403846153846 0.10697115384615384 0.02403846153846154 0.038461538461538464
0 0.5096153846153846 0.109375 0.028846153846153848 0.04326923076923077
0 0.4519230769230769 0.11057692307692307 0.02403846153846154 0.038461538461538464
0 0.07211538461538461 0.11057692307692307 0.03365384615384615 0.04807692307692308
0 0.37259615384615385 0.11298076923076923 0.03365384615384615 0.04326923076923077
0 0.7103365384615384 0.1201923076923077 0.02403846153846154 0.038461538461538464
0 0.4170673076923077 0.1201923076923077 0.028846153846153848 0.038461538461538464
0 0.6754807692307693 0.12740384615384615 0.028846153846153848 0.04326923076923077
0 0.8798076923076923 0.12980769230769232 0.028846153846153848 0.038461538461538464
0 0.5745192307692307 0.1346153846153846 0.028846153846153848 0.04807692307692308
0 0.8221153846153846 0.14302884615384615 0.03365384615384615 0.038461538461538464
0 0.009615384615384616 0.14302884615384615 0.019230769230769232 0.04807692307692308
0 0.6478365384615384 0.15985576923076922 0.028846153846153848 0.04326923076923077
0 0.7716346153846154 0.018028846153846152 0.028846153846153848 0.036057692307692304
0 0.4254807692307692 0.18990384615384615 0.028846153846153848 0.04807692307692308
0 0.8221153846153846 0.18990384615384615 0.02403846153846154 0.04807692307692308
0 0.3449519230769231 0.203125 0.03365384615384615 0.04807692307692308
0 0.6766826923076923 0.020432692307692308 0.03125 0.040865384615384616
0 0.9555288461538461 0.21754807692307693 0.02403846153846154 0.04807692307692308
0 0.6454326923076923 0.21995192307692307 0.03365384615384615 0.04326923076923077
0 0.7103365384615384 0.22235576923076922 0.03365384615384615 0.04807692307692308
0 0.5048076923076923 0.22716346153846154 0.028846153846153848 0.04807692307692308
0 0.5697115384615384 0.22716346153846154 0.028846153846153848 0.04807692307692308
0 0.8846153846153846 0.23197115384615385 0.028846153846153848 0.038461538461538464
0 0.12980769230769232 0.234375 0.028846153846153848 0.04326923076923077
0 0.039663461538461536 0.234375 0.03365384615384615 0.04326923076923077
0 0.6105769230769231 0.025240384615384616 0.028846153846153848 0.04326923076923077
0 0.21514423076923078 0.24519230769230768 0.03365384615384615 0.04807692307692308
0 0.8100961538461539 0.24519230769230768 0.028846153846153848 0.04807692307692308
0 0.47475961538461536 0.25 0.03365384615384615 0.04807692307692308
0 0.8521634615384616 0.2548076923076923 0.028846153846153848 0.04807692307692308
0 0.09735576923076923 0.2644230769230769 0.038461538461538464 0.04807692307692308
0 0.9098557692307693 0.265625 0.02403846153846154 0.04326923076923077
0 0.9699519230769231 0.26802884615384615 0.02403846153846154 0.04807692307692308
0 0.39302884615384615 0.26802884615384615 0.019230769230769232 0.038461538461538464
0 0.14302884615384615 0.2776442307692308 0.028846153846153848 0.038461538461538464
0 0.31490384615384615 0.2920673076923077 0.019230769230769232 0.038461538461538464
0 0.765625 0.29447115384615385 0.03365384615384615 0.03365384615384615
0 0.23798076923076922 0.3004807692307692 0.02403846153846154 0.038461538461538464
0 0.16466346153846154 0.30528846153846156 0.02403846153846154 0.038461538461538464
0 0.3425480769230769 0.31009615384615385 0.028846153846153848 0.038461538461538464
0 0.6370192307692307 0.3076923076923077 0.03365384615384615 0.04326923076923077
0 0.4855769230769231 0.3125 0.028846153846153848 0.02403846153846154
0 0.203125 0.31490384615384615 0.028846153846153848 0.038461538461538464
0 0.03485576923076923 0.3173076923076923 0.02403846153846154 0.03365384615384615
0 0.921875 0.32211538461538464 0.028846153846153848 0.04326923076923077
0 0.5949519230769231 0.32211538461538464 0.04326923076923077 0.04326923076923077
0 0.6754807692307693 0.3245192307692308 0.038461538461538464 0.038461538461538464
0 0.7644230769230769 0.328125 0.028846153846153848 0.04807692307692308
0 0.7127403846153846 0.33052884615384615 0.028846153846153848 0.04326923076923077
0 0.9879807692307693 0.33533653846153844 0.014423076923076924 0.06009615384615385
0 0.8605769230769231 0.3425480769230769 0.028846153846153848 0.028846153846153848
0 0.2920673076923077 0.3449519230769231 0.028846153846153848 0.03365384615384615
0 0.8449519230769231 0.34975961538461536 0.03365384615384615 0.04326923076923077
0 0.48197115384615385 0.34975961538461536 0.028846153846153848 0.04326923076923077
0 0.020432692307692308 0.3545673076923077 0.02403846153846154 0.02403846153846154
0 0.6478365384615384 0.359375 0.038461538461538464 0.05048076923076923
0 0.5877403846153846 0.36538461538461536 0.028846153846153848 0.038461538461538464
0 0.7920673076923077 0.36538461538461536 0.028846153846153848 0.04807692307692308
0 0.6947115384615384 0.3629807692307692 0.038461538461538464 0.03365384615384615
0 0.20192307692307693 0.3629807692307692 0.03365384615384615 0.04326923076923077
0 0.3401442307692308 0.3701923076923077 0.03365384615384615 0.055288461538461536
0 0.5252403846153846 0.37740384615384615 0.02403846153846154 0.05048076923076923
0 0.3004807692307692 0.3894230769230769 0.028846153846153848 0.055288461538461536
0 0.6201923076923077 0.390625 0.028846153846153848 0.04326923076923077
0 0.015625 0.39783653846153844 0.03125 0.055288461538461536
0 0.6971153846153846 0.40024038461538464 0.03365384615384615 0.05048076923076923
0 0.5444711538461539 0.4074519230769231 0.03365384615384615 0.055288461538461536
0 0.19951923076923078 0.41947115384615385 0.028846153846153848 0.05048076923076923
0 0.8245192307692307 0.421875 0.028846153846153848 0.04807692307692308
0 0.8846153846153846 0.421875 0.028846153846153848 0.04807692307692308
0 0.4326923076923077 0.4230769230769231 0.03365384615384615 0.05048076923076923
0 0.3473557692307692 0.42788461538461536 0.038461538461538464 0.05048076923076923
0 0.3954326923076923 0.43509615384615385 0.03365384615384615 0.055288461538461536
0 0.7572115384615384 0.4375 0.03365384615384615 0.04326923076923077
0 0.26802884615384615 0.44711538461538464 0.028846153846153848 0.05048076923076923
0 0.23197115384615385 0.44711538461538464 0.038461538461538464 0.06009615384615385
0 0.037259615384615384 0.4495192307692308 0.028846153846153848 0.04807692307692308
0 0.12740384615384615 0.4495192307692308 0.03365384615384615 0.038461538461538464
0 0.7199519230769231 0.4579326923076923 0.03365384615384615 0.04807692307692308
0 0.6225961538461539 0.4723557692307692 0.03365384615384615 0.055288461538461536
0 0.1502403846153846 0.4723557692307692 0.03365384615384615 0.055288461538461536
0 0.203125 0.47716346153846156 0.038461538461538464 0.038461538461538464
0 0.6923076923076923 0.48197115384615385 0.04326923076923077 0.04807692307692308
0 0.5697115384615384 0.4855769230769231 0.038461538461538464 0.055288461538461536
0 0.078125 0.4855769230769231 0.038461538461538464 0.055288461538461536
0 0.01201923076923077 0.49278846153846156 0.02403846153846154 0.06009615384615385
0 0.4423076923076923 0.49278846153846156 0.03365384615384615 0.04326923076923077
0 0.828125 0.5 0.038461538461538464 0.055288461538461536
0 0.31971153846153844 0.5024038461538461 0.038461538461538464 0.06971153846153846
0 0.7944711538461539 0.5024038461538461 0.03365384615384615 0.04326923076923077
0 0.921875 0.5096153846153846 0.038461538461538464 0.055288461538461536
0 0.7199519230769231 0.5144230769230769 0.03365384615384615 0.055288461538461536
0 0.3605769230769231 0.5120192307692307 0.038461538461538464 0.06971153846153846
0 0.7596153846153846 0.5120192307692307 0.028846153846153848 0.05048076923076923
0 0.45552884615384615 0.5180288461538461 0.03365384615384615 0.028846153846153848
0 0.037259615384615384 0.5228365384615384 0.038461538461538464 0.028846153846153848
0 0.9675480769230769 0.5228365384615384 0.038461538461538464 0.055288461538461536
0 0.6923076923076923 0.5276442307692307 0.03365384615384615 0.04807692307692308
0 0.8725961538461539 0.5324519230769231 0.03365384615384615 0.038461538461538464
0 0.640625 0.546875 0.04326923076923077 0.07451923076923077
0 0.5649038461538461 0.546875 0.038461538461538464 0.055288461538461536
0 0.5024038461538461 0.5576923076923077 0.03365384615384615 0.06009615384615385
0 0.19471153846153846 0.5576923076923077 0.04807692307692308 0.04326923076923077
0 0.046875 0.5673076923076923 0.038461538461538464 0.05048076923076923
0 0.4723557692307692 0.5697115384615384 0.055288461538461536 0.07451923076923077
0 0.75 0.5697115384615384 0.04807692307692308 0.06490384615384616
0 0.6069711538461539 0.5721153846153846 0.038461538461538464 0.06009615384615385
0 0.8004807692307693 0.5745192307692307 0.038461538461538464 0.04807692307692308
0 0.5276442307692307 0.5769230769230769 0.038461538461538464 0.06971153846153846
0 0.8774038461538461 0.5853365384615384 0.04326923076923077 0.06009615384615385
0 0.2824519230769231 0.5901442307692307 0.04807692307692308 0.06971153846153846
0 0.4074519230769231 0.609375 0.038461538461538464 0.06009615384615385
0 0.8197115384615384 0.609375 0.038461538461538464 0.05048076923076923
0 0.578125 0.609375 0.04807692307692308 0.06971153846153846
0 0.20793269230769232 0.609375 0.055288461538461536 0.05048076923076923
0 0.32211538461538464 0.6225961538461539 0.04326923076923077 0.06971153846153846
0 0.9927884615384616 0.625 0.004807692307692308 0.055288461538461536
0 0.06971153846153846 0.6274038461538461 0.038461538461538464 0.06009615384615385
0 0.7079326923076923 0.6322115384615384 0.04807692307692308 0.06971153846153846
0 0.7752403846153846 0.6394230769230769 0.04326923076923077 0.07451923076923077
0 0.4326923076923077 0.6394230769230769 0.04326923076923077 0.07451923076923077
0 0.8425480769230769 0.6598557692307693 0.04807692307692308 0.06009615384615385
0 0.03485576923076923 0.6622596153846154 0.05048076923076923 0.07451923076923077
0 0.7271634615384616 0.6622596153846154 0.038461538461538464 0.07451923076923077
0 0.1971153846153846 0.6826923076923077 0.04326923076923077 0.06009615384615385
0 0.47475961538461536 0.6947115384615384 0.04326923076923077 0.06490384615384616
0 0.8774038461538461 0.7127403846153846 0.04326923076923077 0.08173076923076923
0 0.32211538461538464 0.7151442307692307 0.05048076923076923 0.06009615384615385
0 0.5528846153846154 0.7247596153846154 0.05048076923076923 0.06971153846153846
0 0.8846153846153846 0.007211538461538462 0.019230769230769232 0.014423076923076924
0 0.8329326923076923 0.009615384615384616 0.019230769230769232 0.019230769230769232
0 0.6129807692307693 0.08052884615384616 0.02403846153846154 0.04326923076923077
0 0.25 0.0829326923076923 0.028846153846153848 0.04807692307692308
0 0.009615384615384616 0.0829326923076923 0.019230769230769232 0.038461538461538464
0 0.28966346153846156 0.09735576923076923 0.03365384615384615 0.055288461538461536
0 0.8798076923076923 0.09735576923076923 0.028846153846153848 0.028846153846153848