0 0.49140625 0.12578125 0.028125 0.03125
0 0.67578125 0.1578125 0.0390625 0.05
0 0.59140625 0.14453125 0.034375 0.05
0 0.64140625 0.1546875 0.040625 0.059375
0 0.98359375 0.21015625 0.0328125 0.0421875
0 0.6171875 0.1578125 0.0296875 0.0484375
0 0.36328125 0.1203125 0.025 0.04375
0 0.37890625 0.125 0.0203125 0.0171875
0 0.8703125 0.203125 0.0484375 0.0515625
0 0.728125 0.1828125 0.0171875 0.0203125
0 0.4140625 0.1375 0.01875 0.0296875
0 0.51953125 0.15625 0.028125 0.040625
0 0.7046875 0.1875 0.028125 0.0359375
0 0.9421875 0.225 0.034375 0.0453125
0 0.27578125 0.12421875 0.0265625 0.021875
0 0.37421875 0.13984375 0.0203125 0.0171875
0 0.815625 0.2125 0.0421875 0.0421875
0 0.784375 0.21171875 0.0234375 0.034375
0 0.74296875 0.2078125 0.0328125 0.0359375
0 0.22421875 0.12578125 0.0234375 0.0078125
0 0.44609375 0.1609375 0.05625 0.071875
0 0.16875 0.11953125 0.0484375 0.0515625
0 0.9859375 0.24921875 0.028125 0.0609375
0 0.49375 0.17109375 0.0484375 0.0515625
0 0.4109375 0.16015625 0.021875 0.021875
0 0.915625 0.24453125 0.053125 0.0578125
0 0.76875 0.22109375 0.0421875 0.0421875
0 0.55859375 0.190625 0.0515625 0.0703125
0 0.6625 0.21171875 0.0359375 0.0328125
0 0.525 0.18984375 0.03125 0.028125
0 0.84921875 0.24609375 0.04375 0.05625
0 0.071875 0.12734375 0.025 0.0390625
0 0.58828125 0.209375 0.04375 0.0515625
0 0.95625 0.26796875 0.0453125 0.0609375
0 0.34296875 0.1703125 0.040625 0.059375
0 0.1078125 0.1359375 0.05625 0.071875
0 0.32265625 0.16953125 0.0421875 0.046875
0 0.71796875 0.234375 0.028125 0.03125
0 0.83828125 0.25625 0.0328125 0.040625
0 0.81640625 0.25234375 0.034375 0.05
0 0.40390625 0.1875 0.0328125 0.040625
0 0.371875 0.184375 0.0484375 0.05625
0 0.275 0.171875 0.034375 0.05
0 0.24921875 0.175 0.0390625 0.0734375
0 0.9796875 0.3 0.040625 0.053125
0 0.80546875 0.2765625 0.0421875 0.06875
0 0.22265625 0.19375 0.0546875 0.0890625
0 0.46875 0.2375 0.0484375 0.084375
0 0.06015625 0.17265625 0.0421875 0.096875
0 0.740625 0.28515625 0.0640625 0.1
0 0.92734375 0.3171875 0.053125 0.0796875
0 0.16796875 0.196875 0.0484375 0.084375
0 0.4265625 0.23984375 0.0578125 0.084375
0 0.67109375 0.28125 0.0625 0.090625
0 0.28828125 0.22265625 0.0484375 0.0796875
0 0.51015625 0.2578125 0.053125 0.0796875
0 0.62421875 0.278125 0.053125 0.0796875
0 0.54609375 0.26875 0.046875 0.0703125
0 0.78359375 0.30625 0.04375 0.0828125
0 0.8859375 0.325 0.0484375 0.084375
0 0.5828125 0.2859375 0.053125 0.084375
0 0.315625 0.24609375 0.0578125 0.084375
0 0.11640625 0.2171875 0.0578125 0.08125
0 0.8421875 0.33828125 0.0625 0.090625
0 0.37421875 0.27578125 0.05625 0.0765625
0 0.978125 0.4046875 0.04375 0.090625
0 0.9109375 0.39453125 0.05625 0.0765625
0 0.8921875 0.48203125 0.06875 0.1
0 0.44453125 0.46484375 0.0515625 0.075