0 0.15504807692307693 0.34975961538461536 0.014423076923076924 0.027644230769230768
0 0.35216346153846156 0.3545673076923077 0.018028846153846152 0.02283653846153846
0 0.3173076923076923 0.359375 0.009615384615384616 0.018028846153846152
0 0.5649038461538461 0.3629807692307692 0.014423076923076924 0.027644230769230768
0 0.35216346153846156 0.3629807692307692 0.014423076923076924 0.027644230769230768
0 0.6177884615384616 0.37259615384615385 0.027644230769230768 0.042067307692307696
0 0.5901442307692307 0.375 0.018028846153846152 0.037259615384615384
0 0.4326923076923077 0.3798076923076923 0.014423076923076924 0.018028846153846152
0 0.546875 0.38221153846153844 0.018028846153846152 0.02283653846153846
0 0.21995192307692307 0.38461538461538464 0.02283653846153846 0.027644230769230768
0 0.6478365384615384 0.38461538461538464 0.018028846153846152 0.03245192307692308
0 0.41466346153846156 0.3870192307692308 0.014423076923076924 0.018028846153846152
0 0.2824519230769231 0.39302884615384615 0.027644230769230768 0.037259615384615384
0 0.9555288461538461 0.39302884615384615 0.014423076923076924 0.027644230769230768
0 0.9795673076923077 0.40024038461538464 0.018028846153846152 0.037259615384615384
0 0.7524038461538461 0.4026442307692308 0.02283653846153846 0.037259615384615384
0 0.7980769230769231 0.4074519230769231 0.027644230769230768 0.037259615384615384
0 0.5 0.4098557692307692 0.037259615384615384 0.055288461538461536
0 0.6694711538461539 0.4098557692307692 0.027644230769230768 0.042067307692307696
0 0.4519230769230769 0.4170673076923077 0.03245192307692308 0.042067307692307696
0 0.5480769230769231 0.421875 0.027644230769230768 0.037259615384615384
0 0.9375 0.4230769230769231 0.02283653846153846 0.046875
0 0.7223557692307693 0.4254807692307692 0.037259615384615384 0.05048076923076923
0 0.4026442307692308 0.4254807692307692 0.02283653846153846 0.037259615384615384
0 0.11298076923076923 0.42788461538461536 0.02283653846153846 0.037259615384615384
0 0.08052884615384616 0.42788461538461536 0.03245192307692308 0.042067307692307696
0 0.33774038461538464 0.43028846153846156 0.027644230769230768 0.042067307692307696
0 0.140625 0.4326923076923077 0.03245192307692308 0.05048076923076923
0 0.037259615384615384 0.43509615384615385 0.046875 0.07451923076923077
0 0.6298076923076923 0.43990384615384615 0.02283653846153846 0.042067307692307696
0 0.2127403846153846 0.44471153846153844 0.027644230769230768 0.05048076923076923
0 0.5925480769230769 0.44471153846153844 0.03245192307692308 0.05048076923076923
0 0.40024038461538464 0.44711538461538464 0.02283653846153846 0.03245192307692308
0 0.18990384615384615 0.44711538461538464 0.03245192307692308 0.042067307692307696
0 0.8125 0.45552884615384615 0.027644230769230768 0.037259615384615384
0 0.8521634615384616 0.46274038461538464 0.02283653846153846 0.042067307692307696
0 0.4519230769230769 0.4651442307692308 0.02283653846153846 0.042067307692307696
0 0.078125 0.4699519230769231 0.027644230769230768 0.05048076923076923
0 0.9230769230769231 0.4699519230769231 0.03245192307692308 0.055288461538461536
0 0.1045673076923077 0.47475961538461536 0.042067307692307696 0.055288461538461536
0 0.9795673076923077 0.47716346153846156 0.027644230769230768 0.046875
0 0.5504807692307693 0.4795673076923077 0.055288461538461536 0.07451923076923077
0 0.39783653846153844 0.48197115384615385 0.037259615384615384 0.06009615384615385
0 0.6778846153846154 0.484375 0.03245192307692308 0.05048076923076923
0 0.5973557692307693 0.4879807692307692 0.027644230769230768 0.042067307692307696
0 0.140625 0.49038461538461536 0.042067307692307696 0.06009615384615385
0 0.22956730769230768 0.4951923076923077 0.03245192307692308 0.046875
0 0.703125 0.4951923076923077 0.037259615384615384 0.046875
0 0.042067307692307696 0.49759615384615385 0.042067307692307696 0.05048076923076923
0 0.6502403846153846 0.5 0.027644230769230768 0.042067307692307696
0 0.47475961538461536 0.5 0.037259615384615384 0.05048076923076923
0 0.3269230769230769 0.5024038461538461 0.046875 0.07451923076923077
0 0.25961538461538464 0.5048076923076923 0.037259615384615384 0.06009615384615385
0 0.18990384615384615 0.5048076923076923 0.042067307692307696 0.046875
0 0.859375 0.5096153846153846 0.037259615384615384 0.06490384615384616
0 0.7644230769230769 0.515625 0.042067307692307696 0.06490384615384616
0 0.12980769230769232 0.5276442307692307 0.042067307692307696 0.06971153846153846
0 0.28725961538461536 0.5324519230769231 0.046875 0.07451923076923077
0 0.7079326923076923 0.5372596153846154 0.042067307692307696 0.06490384615384616
0 0.039663461538461536 0.5396634615384616 0.042067307692307696 0.06009615384615385
0 0.6298076923076923 0.5420673076923077 0.042067307692307696 0.06490384615384616
0 0.17548076923076922 0.5444711538461539 0.046875 0.06971153846153846
0 0.6622596153846154 0.5444711538461539 0.037259615384615384 0.05048076923076923
0 0.09495192307692307 0.5504807692307693 0.042067307692307696 0.05048076923076923
0 0.4495192307692308 0.5528846153846154 0.055288461538461536 0.07451923076923077
0 0.3449519230769231 0.5649038461538461 0.037259615384615384 0.06490384615384616
0 0.8197115384615384 0.5697115384615384 0.046875 0.078125
0 0.9170673076923077 0.5721153846153846 0.042067307692307696 0.06490384615384616
0 0.5480769230769231 0.5745192307692307 0.042067307692307696 0.06490384615384616
0 0.07692307692307693 0.578125 0.042067307692307696 0.05048076923076923
0 0.375 0.5805288461538461 0.06009615384615385 0.09254807692307693
0 0.9723557692307693 0.5829326923076923 0.05048076923076923 0.078125
0 0.25961538461538464 0.5853365384615384 0.055288461538461536 0.09735576923076923
0 0.7980769230769231 0.5853365384615384 0.042067307692307696 0.06971153846153846
0 0.48197115384615385 0.5901442307692307 0.05048076923076923 0.07451923076923077
0 0.21995192307692307 0.5949519230769231 0.046875 0.07451923076923077
0 0.1346153846153846 0.5949519230769231 0.042067307692307696 0.07451923076923077
0 0.5697115384615384 0.6069711538461539 0.05048076923076923 0.08774038461538461
0 0.171875 0.6225961538461539 0.06009615384615385 0.07451923076923077
0 0.43990384615384615 0.625 0.046875 0.07451923076923077
0 0.6875 0.6274038461538461 0.06490384615384616 0.10697115384615384
0 0.859375 0.6346153846153846 0.0829326923076923 0.14302884615384615
0 0.5180288461538461 0.6370192307692307 0.06490384615384616 0.10216346153846154
0 0.06009615384615385 0.6430288461538461 0.055288461538461536 0.06490384615384616
0 0.015625 0.6442307692307693 0.03125 0.07692307692307693
0 0.32211538461538464 0.6502403846153846 0.06490384615384616 0.08774038461538461
0 0.9350961538461539 0.6875 0.06009615384615385 0.10216346153846154
0 0.625 0.6899038461538461 0.078125 0.1346153846153846
0 0.11538461538461539 0.6947115384615384 0.06971153846153846 0.09735576923076923
0 0.45552884615384615 0.7223557692307693 0.06009615384615385 0.10697115384615384
0 0.2247596153846154 0.7752403846153846 0.06009615384615385 0.14783653846153846
0 0.2644230769230769 0.7776442307692307 0.078125 0.1201923076923077
0 0.3701923076923077 0.7776442307692307 0.11057692307692307 0.14302884615384615
0 0.037259615384615384 0.7848557692307693 0.07451923076923077 0.1201923076923077
0 0.8701923076923077 0.8004807692307693 0.09735576923076923 0.09735576923076923
0 0.9783653846153846 0.84375 0.04326923076923077 0.14423076923076922
0 0.8497596153846154 0.8653846153846154 0.0829326923076923 0.1346153846153846
0 0.703125 0.8798076923076923 0.09735576923076923 0.16706730769230768
0 0.5853365384615384 0.8822115384615384 0.09735576923076923 0.14302884615384615
0 0.06009615384615385 0.9026442307692307 0.09735576923076923 0.15745192307692307
0 0.9050480769230769 0.9350961538461539 0.09735576923076923 0.1201923076923077