0 0.5348557692307693 0.109375 0.07692307692307693 0.1201923076923077
0 0.4387019230769231 0.12139423076923077 0.09134615384615384 0.11538461538461539
0 0.0673076923076923 0.15625 0.0673076923076923 0.1201923076923077
0 0.5889423076923077 0.12259615384615384 0.08653846153846154 0.11538461538461539
0 0.6947115384615384 0.13581730769230768 0.09134615384615384 0.12980769230769232
0 0.9375 0.12860576923076922 0.07692307692307693 0.125
0 0.8413461538461539 0.14423076923076922 0.10096153846153846 0.14182692307692307
0 0.014423076923076924 0.21514423076923078 0.028846153846153848 0.12740384615384615
0 0.3329326923076923 0.19831730769230768 0.10336538461538461 0.16346153846153846
0 0.5432692307692307 0.018028846153846152 0.03365384615384615 0.036057692307692304
0 0.17307692307692307 0.23677884615384615 0.11298076923076923 0.17307692307692307
0 0.39302884615384615 0.23677884615384615 0.09615384615384616 0.1346153846153846
0 0.6274038461538461 0.018028846153846152 0.052884615384615384 0.036057692307692304
0 0.3004807692307692 0.040865384615384616 0.040865384615384616 0.057692307692307696
0 0.20552884615384615 0.046875 0.04567307692307692 0.057692307692307696
0 0.9338942307692307 0.23197115384615385 0.11057692307692307 0.21153846153846154
0 0.33774038461538464 0.037259615384615384 0.05048076923076923 0.057692307692307696
0 0.7728365384615384 0.020432692307692308 0.05048076923076923 0.040865384615384616
0 0.9314903846153846 0.014423076923076924 0.05048076923076923 0.028846153846153848
0 0.5805288461538461 0.026442307692307692 0.055288461538461536 0.052884615384615384
0 0.1778846153846154 0.054086538461538464 0.055288461538461536 0.0673076923076923
0 0.5396634615384616 0.3112980769230769 0.10817307692307693 0.14903846153846154
0 0.07932692307692307 0.06129807692307692 0.040865384615384616 0.052884615384615384
0 0.6382211538461539 0.028846153846153848 0.055288461538461536 0.057692307692307696
0 0.4254807692307692 0.040865384615384616 0.06490384615384616 0.07932692307692307
0 0.12139423076923077 0.0673076923076923 0.055288461538461536 0.057692307692307696
0 0.6286057692307693 0.41586538461538464 0.11538461538461539 0.14182692307692307
0 0.4182692307692308 0.4338942307692308 0.13701923076923078 0.19230769230769232
0 0.8112980769230769 0.03245192307692308 0.06009615384615385 0.06490384615384616
0 0.671875 0.036057692307692304 0.06009615384615385 0.07211538461538461
0 0.4879807692307692 0.051682692307692304 0.07692307692307693 0.10336538461538461
0 0.8713942307692307 0.027644230769230768 0.05048076923076923 0.055288461538461536
0 0.7319711538461539 0.036057692307692304 0.06009615384615385 0.07211538461538461
0 0.36658653846153844 0.06129807692307692 0.055288461538461536 0.08173076923076923
0 0.265625 0.06850961538461539 0.0673076923076923 0.09615384615384616
0 0.030048076923076924 0.09134615384615384 0.06009615384615385 0.07932692307692307
0 0.9495192307692307 0.5757211538461539 0.10096153846153846 0.3245192307692308
0 0.1875 0.8004807692307693 0.23317307692307693 0.25961538461538464
0 0.6574519230769231 0.78125 0.23557692307692307 0.21394230769230768
0 0.04326923076923077 0.040865384615384616 0.04807692307692308 0.021634615384615384
0 0.9459134615384616 0.07211538461538461 0.06009615384615385 0.13221153846153846