0 0.41015625 0.7015625 0.0046875 0.0046875
0 0.40078125 0.7 0.0046875 0.0046875
0 0.4375 0.7046875 0.0046875 0.0046875
0 0.4140625 0.7046875 0.0046875 0.0046875
0 0.61640625 0.72890625 0.0046875 0.0046875
0 0.3890625 0.7015625 0.0046875 0.0046875
0 0.4328125 0.70703125 0.0046875 0.0046875
0 0.41171875 0.70625 0.0046875 0.0046875
0 0.565625 0.725 0.0046875 0.0046875
0 0.58828125 0.728125 0.0046875 0.0046875
0 0.425 0.71015625 0.0046875 0.0046875
0 0.59296875 0.73125 0.0046875 0.0046875
0 0.63828125 0.73671875 0.0046875 0.0046875
0 0.4 0.70703125 0.0046875 0.0046875
0 0.39765625 0.70703125 0.0046875 0.0046875
0 0.44765625 0.71328125 0.0046875 0.0046875
0 0.571875 0.728125 0.0046875 0.0046875
0 0.41171875 0.70859375 0.0046875 0.0046875
0 0.62578125 0.73515625 0.0046875 0.0046875
0 0.42265625 0.71171875 0.0046875 0.0046875
0 0.60625 0.734375 0.00625 0.009375
0 0.48984375 0.71953125 0.0046875 0.0046875
0 0.5140625 0.72265625 0.0046875 0.0046875
0 0.43671875 0.71328125 0.0046875 0.0046875
0 0.50703125 0.721875 0.0046875 0.0046875
0 0.61328125 0.73515625 0.0046875 0.0046875
0 0.49453125 0.7203125 0.0046875 0.0046875
0 0.55859375 0.728125 0.0046875 0.0046875
0 0.56328125 0.72890625 0.0046875 0.0046875
0 0.5515625 0.7296875 0.0046875 0.0046875
0 0.50078125 0.7234375 0.00625 0.009375
0 0.2796875 0.696875 0.0046875 0.0046875
0 0.40625 0.7140625 0.00625 0.009375
0 0.596875 0.7375 0.0046875 0.0046875
0 0.31015625 0.70234375 0.00625 0.009375
0 0.5140625 0.72734375 0.0046875 0.0046875
0 0.56640625 0.734375 0.0046875 0.0046875
0 0.4359375 0.71796875 0.0046875 0.0046875
0 0.45859375 0.72109375 0.0046875 0.0046875
0 0.3921875 0.7125 0.0046875 0.0046875
0 0.4796875 0.7234375 0.0046875 0.0046875
0 0.52734375 0.7296875 0.00625 0.009375
0 0.54609375 0.73125 0.0046875 0.0046875
0 0.6203125 0.740625 0.0046875 0.0046875
0 0.36953125 0.71015625 0.0046875 0.0046875
0 0.41328125 0.71484375 0.0046875 0.0046875
0 0.50703125 0.7265625 0.0046875 0.0046875
0 0.5625 0.73359375 0.0046875 0.0046875
0 0.5578125 0.73515625 0.0046875 0.0046875
0 0.28359375 0.7015625 0.00625 0.009375
0 0.61484375 0.7421875 0.0046875 0.0046875
0 0.21953125 0.69375 0.00625 0.0140625
0 0.2609375 0.69921875 0.0046875 0.0046875
0 0.36015625 0.7109375 0.0046875 0.0046875
0 0.44921875 0.721875 0.0046875 0.0046875
0 0.5203125 0.73046875 0.0046875 0.0046875
0 0.2859375 0.70234375 0.0046875 0.0046875
0 0.37421875 0.7125 0.0046875 0.0046875
0 0.534375 0.7328125 0.0046875 0.0046875
0 0.40078125 0.71640625 0.0046875 0.0046875
0 0.1875 0.68984375 0.00625 0.009375
0 0.32265625 0.70625 0.0046875 0.0046875
0 0.553125 0.73515625 0.00625 0.009375
0 0.52265625 0.73359375 0.0046875 0.0046875
0 0.2078125 0.69453125 0.00625 0.009375
0 0.271875 0.70234375 0.0046875 0.0046875
0 0.34765625 0.71171875 0.0046875 0.0046875
0 0.27890625 0.703125 0.0046875 0.0046875
0 0.421875 0.72109375 0.0046875 0.0046875
0 0.49765625 0.73046875 0.0046875 0.0046875
0 0.5390625 0.73515625 0.0046875 0.0046875
0 0.13828125 0.6859375 0.0109375 0.0109375
0 0.5 0.73046875 0.0046875 0.0046875
0 0.01484375 0.67109375 0.0109375 0.0109375
0 0.46484375 0.7265625 0.00625 0.009375
0 0.159375 0.6890625 0.00625 0.009375
0 0.23125 0.69765625 0.0109375 0.0109375
0 0.29765625 0.70546875 0.0046875 0.0046875
0 0.47421875 0.72734375 0.0046875 0.0046875
0 0.30234375 0.70625 0.0046875 0.0046875
0 0.10703125 0.68203125 0.0046875 0.0046875
0 0.0859375 0.6796875 0.0109375 0.0109375
0 0.378125 0.71796875 0.00625 0.009375
0 0.5109375 0.734375 0.00625 0.009375
0 0.31953125 0.7109375 0.0046875 0.0046875
0 0.60078125 0.7453125 0.00625 0.009375
0 0.29296875 0.7078125 0.0046875 0.0046875
0 0.30703125 0.709375 0.0046875 0.0046875
0 0.50625 0.73359375 0.0046875 0.0046875
0 0.52890625 0.73671875 0.0046875 0.0046875
0 0.43515625 0.725 0.0046875 0.0046875
0 0.471875 0.7296875 0.0046875 0.0046875
0 0.24921875 0.70234375 0.00625 0.009375
0 0.6171875 0.74765625 0.0046875 0.0046875
0 0.59375 0.74453125 0.0046875 0.0046875
0 0.33125 0.7125 0.0046875 0.0046875
0 0.38671875 0.71875 0.00625 0.009375
0 0.57734375 0.7421875 0.0109375 0.0109375
0 0.15234375 0.690625 0.00625 0.009375
0 0.403125 0.72109375 0.0046875 0.0046875
0 0.07421875 0.68046875 0.00625 0.009375
0 0.12734375 0.6875 0.0046875 0.0046875
0 0.55703125 0.73984375 0.009375 0.00625
0 0.42109375 0.72578125 0.0046875 0.0046875
0 0.42578125 0.7265625 0.0046875 0.0046875
0 0.078125 0.68359375 0.00625 0.009375
0 0.3546875 0.7171875 0.0046875 0.0046875
0 0.6234375 0.75078125 0.0046875 0.0046875
0 0.6765625 0.75703125 0.00625 0.009375
0 0.5640625 0.74296875 0.0109375 0.0109375
0 0.096875 0.6859375 0.0109375 0.0109375
0 0.11796875 0.68828125 0.00625 0.009375
0 0.34296875 0.71640625 0.00625 0.009375
0 0.5359375 0.73984375 0.0046875 0.0046875
0 0.66015625 0.7546875 0.0046875 0.0046875
0 0.359375 0.71796875 0.0046875 0.0046875
0 0.390625 0.721875 0.0046875 0.0046875
0 0.52890625 0.7390625 0.0046875 0.0046875
0 0.5859375 0.74609375 0.0046875 0.0046875
0 0.05390625 0.68046875 0.009375 0.00625
0 0.2875 0.709375 0.0046875 0.0046875
0 0.5015625 0.7359375 0.00625 0.009375
0 0.51484375 0.73984375 0.0046875 0.0046875
0 0.5078125 0.73828125 0.0046875 0.0046875
0 0.0296875 0.6796875 0.0109375 0.015625
0 0.496875 0.7375 0.0046875 0.0046875
0 0.31953125 0.715625 0.00625 0.009375
0 0.39765625 0.725 0.0046875 0.0046875
0 0.59296875 0.74921875 0.0046875 0.0046875
0 0.346875 0.71875 0.0046875 0.0046875
0 0.521875 0.740625 0.0109375 0.0109375
0 0.590625 0.74921875 0.0046875 0.0046875
0 0.175 0.69765625 0.0109375 0.015625
0 0.4046875 0.72578125 0.0109375 0.0109375
0 0.49453125 0.73671875 0.00625 0.009375
0 0.571875 0.746875 0.00625 0.009375
0 0.66875 0.75859375 0.0109375 0.0109375
0 0.375 0.72265625 0.00625 0.009375
0 0.54296875 0.74296875 0.00625 0.009375
0 0.2046875 0.7015625 0.0109375 0.0109375
0 0.2546875 0.7078125 0.00625 0.009375
0 0.440625 0.7328125 0.00625 0.009375
0 0.50546875 0.740625 0.00625 0.009375
0 0.3953125 0.72734375 0.0046875 0.0046875
0 0.478125 0.7375 0.00625 0.009375
0 0.365625 0.7234375 0.00625 0.009375
0 0.4296875 0.73125 0.00625 0.009375
0 0.55625 0.746875 0.0109375 0.0109375
0 0.4203125 0.73046875 0.0046875 0.0046875
0 0.43671875 0.73203125 0.0046875 0.0046875
0 0.615625 0.7546875 0.00625 0.009375
0 0.10546875 0.69140625 0.0046875 0.0046875
0 0.21796875 0.70546875 0.00625 0.009375
0 0.2984375 0.715625 0.0046875 0.0046875
0 0.26640625 0.71171875 0.00625 0.009375
0 0.53515625 0.74453125 0.0046875 0.0046875
0 0.303125 0.71796875 0.0046875 0.0046875
0 0.546875 0.7484375 0.00625 0.009375
0 0.2796875 0.715625 0.0109375 0.0109375
0 0.528125 0.74609375 0.0046875 0.0046875
0 0.69296875 0.76640625 0.0109375 0.0109375
0 0.29375 0.7171875 0.0109375 0.0109375
0 0.41328125 0.73203125 0.0046875 0.0046875
0 0.509375 0.74375 0.00625 0.009375
0 0.5875 0.753125 0.0046875 0.0046875
0 0.284375 0.715625 0.00625 0.009375
0 0.65703125 0.76171875 0.00625 0.009375
0 0.84765625 0.78515625 0.0109375 0.0203125
0 0.58046875 0.7546875 0.0109375 0.0109375
0 0.16484375 0.70390625 0.00625 0.009375
0 0.38984375 0.73125 0.00625 0.009375
0 0.3125 0.721875 0.0109375 0.0109375
0 0.51875 0.746875 0.0109375 0.0109375
0 0.6109375 0.75859375 0.00625 0.009375
0 0.62265625 0.76015625 0.00625 0.009375
0 0.35078125 0.7265625 0.0109375 0.0109375
0 0.6015625 0.75703125 0.015625 0.0109375
0 0.196875 0.7078125 0.0109375 0.0109375
0 0.3828125 0.73046875 0.0109375 0.015625
0 0.67734375 0.76640625 0.0109375 0.015625
0 0.5921875 0.75625 0.009375 0.00625
0 0.22890625 0.71171875 0.00625 0.009375
0 0.32109375 0.72265625 0.0046875 0.0046875
0 0.5640625 0.75234375 0.00625 0.0140625
0 0.62578125 0.7625 0.0109375 0.0109375
0 0.759375 0.77890625 0.0109375 0.015625
0 0.85625 0.790625 0.0109375 0.0203125
0 0.36015625 0.7296875 0.009375 0.00625
0 0.2609375 0.71796875 0.00625 0.009375
0 0.6171875 0.76171875 0.0046875 0.0046875
0 0.1484375 0.70390625 0.0109375 0.015625
0 0.6421875 0.76484375 0.00625 0.009375
0 0.8765625 0.79375 0.0109375 0.0203125
0 0.3046875 0.72578125 0.0109375 0.0109375
0 0.50390625 0.75 0.0109375 0.0109375
0 0.325 0.728125 0.0109375 0.0109375
0 0.34140625 0.7296875 0.0109375 0.0109375
0 0.2859375 0.7234375 0.0046875 0.0046875
0 0.29765625 0.725 0.00625 0.009375
0 0.55546875 0.75625 0.0109375 0.0109375
0 0.534375 0.75390625 0.0109375 0.015625
0 0.24921875 0.71875 0.0109375 0.0109375
0 0.57734375 0.76171875 0.0109375 0.015625
0 0.64375 0.76953125 0.0109375 0.0109375
0 0.3359375 0.73203125 0.0109375 0.015625
0 0.584375 0.7625 0.0109375 0.0109375
0 0.4125 0.74140625 0.0109375 0.0109375
0 0.39375 0.7390625 0.0109375 0.015625
0 0.71796875 0.77890625 0.0109375 0.0203125
0 0.59140625 0.76328125 0.0109375 0.0109375
0 0.490625 0.75078125 0.0109375 0.015625
0 0.4953125 0.7515625 0.0109375 0.0109375
0 0.42109375 0.7421875 0.0109375 0.015625
0 0.5453125 0.76015625 0.0109375 0.015625
0 0.3109375 0.73125 0.0109375 0.0109375
0 0.9171875 0.80546875 0.015625 0.0203125
0 0.253125 0.72421875 0.0109375 0.015625
0 0.63203125 0.7703125 0.0109375 0.015625
0 0.27421875 0.7265625 0.0109375 0.0109375
0 0.3796875 0.7390625 0.0109375 0.0109375
0 0.1703125 0.71640625 0.0109375 0.015625
0 0.125 0.71015625 0.00625 0.009375
0 0.10859375 0.70859375 0.00625 0.009375
0 0.56953125 0.76484375 0.015625 0.0203125
0 0.609375 0.7703125 0.0109375 0.015625
0 0.6140625 0.7703125 0.0046875 0.0046875
0 0.2828125 0.7296875 0.0109375 0.0109375
0 0.79296875 0.79296875 0.0109375 0.0203125
0 0.18203125 0.7171875 0.00625 0.0140625
0 0.70546875 0.78203125 0.0109375 0.015625
0 0.78125 0.79140625 0.0109375 0.015625
0 0.69375 0.7828125 0.0109375 0.0109375
0 0.32109375 0.73671875 0.0109375 0.0109375
0 0.42734375 0.75 0.0109375 0.0109375
0 0.5140625 0.7609375 0.015625 0.015625
0 0.503125 0.759375 0.015625 0.015625
0 0.21328125 0.7234375 0.0109375 0.0109375
0 0.225 0.725 0.0109375 0.015625
0 0.59765625 0.77109375 0.0109375 0.015625
0 0.25703125 0.73125 0.00625 0.009375
0 0.0984375 0.71171875 0.0109375 0.0109375
0 0.62265625 0.7765625 0.0046875 0.0046875
0 0.66640625 0.78203125 0.0109375 0.015625
0 0.29375 0.7359375 0.0109375 0.0109375
0 0.35390625 0.74296875 0.0109375 0.0203125
0 0.7578125 0.79296875 0.015625 0.0203125
0 0.615625 0.77578125 0.0109375 0.0109375
0 0.73046875 0.78984375 0.0109375 0.015625
0 0.1921875 0.7234375 0.00625 0.009375
0 0.36328125 0.74453125 0.015625 0.0203125
0 0.68203125 0.78359375 0.0109375 0.015625
0 0.4109375 0.75234375 0.0109375 0.0109375
0 0.53515625 0.76796875 0.0109375 0.015625
0 0.30078125 0.7390625 0.0109375 0.0109375
0 0.72109375 0.790625 0.0109375 0.0109375
0 0.2609375 0.734375 0.00625 0.009375
0 0.0703125 0.71328125 0.0109375 0.0109375
0 0.3484375 0.74765625 0.0203125 0.0203125
0 0.403125 0.75390625 0.015625 0.0203125
0 0.37421875 0.75078125 0.015625 0.0203125
0 0.84921875 0.80859375 0.0109375 0.0203125
0 0.5796875 0.778125 0.0203125 0.0203125
0 0.6515625 0.78671875 0.0109375 0.015625
0 0.23828125 0.7359375 0.0171875 0.025
0 0.553125 0.775 0.015625 0.0203125
0 0.31171875 0.7453125 0.0109375 0.0203125
0 0.271875 0.740625 0.0109375 0.015625
0 0.646875 0.78671875 0.015625 0.0203125
0 0.06484375 0.71484375 0.0109375 0.0203125
0 0.8234375 0.8078125 0.0125 0.025
0 0.3390625 0.7484375 0.0109375 0.015625
0 0.009375 0.7109375 0.0109375 0.015625
0 0.31796875 0.7484375 0.0109375 0.015625
0 0.19375 0.7328125 0.0109375 0.015625
0 0.04453125 0.71484375 0.0109375 0.015625
0 0.61640625 0.7875 0.015625 0.015625
0 0.21640625 0.73828125 0.0109375 0.015625
0 0.28515625 0.746875 0.0109375 0.0203125
0 0.53125 0.77734375 0.015625 0.015625
0 0.746875 0.803125 0.0109375 0.015625
0 0.01875 0.7140625 0.015625 0.015625
0 0.80234375 0.8125 0.0171875 0.0296875
0 0.38828125 0.76171875 0.0171875 0.025
0 0.8390625 0.8171875 0.015625 0.0203125
0 0.0875 0.725 0.0109375 0.015625
0 0.51875 0.78046875 0.0109375 0.0203125
0 0.26171875 0.7484375 0.00625 0.009375
0 0.5625 0.78515625 0.0203125 0.0203125
0 0.9171875 0.82890625 0.0109375 0.0203125
0 0.49453125 0.77734375 0.0109375 0.0203125
0 0.2984375 0.75546875 0.015625 0.0203125
0 0.68828125 0.803125 0.0109375 0.015625
0 0.10546875 0.73203125 0.00625 0.0140625
0 0.37421875 0.76484375 0.015625 0.015625
0 0.7 0.8046875 0.0109375 0.0203125
0 0.78359375 0.81484375 0.0109375 0.0203125
0 0.5 0.7828125 0.0171875 0.025
0 0.509375 0.78359375 0.0109375 0.0203125
0 0.78984375 0.81796875 0.0125 0.0296875
0 0.36015625 0.765625 0.015625 0.0203125
0 0.7234375 0.81015625 0.015625 0.0203125
0 0.121875 0.7359375 0.0109375 0.0203125
0 0.134375 0.7390625 0.0109375 0.015625
0 0.00625 0.7234375 0.0125 0.015625
0 0.03359375 0.72890625 0.0109375 0.015625
0 0.1625 0.7453125 0.015625 0.0203125
0 0.0953125 0.7390625 0.0109375 0.015625
0 0.20546875 0.75234375 0.0171875 0.0296875
0 0.6578125 0.80859375 0.021875 0.034375
0 0.76796875 0.821875 0.015625 0.0203125
0 0.3296875 0.76796875 0.015625 0.015625
0 0.540625 0.79609375 0.021875 0.0296875
0 0.5984375 0.803125 0.015625 0.015625
0 0.521875 0.79609375 0.0171875 0.0296875
0 0.2578125 0.7640625 0.0109375 0.0203125
0 0.5859375 0.80390625 0.0109375 0.0203125
0 0.15 0.75078125 0.0109375 0.015625
0 0.61640625 0.81015625 0.0265625 0.03125
0 0.82734375 0.8359375 0.021875 0.0296875
0 0.7578125 0.82734375 0.0171875 0.025
0 0.04375 0.73984375 0.015625 0.0203125
0 0.22734375 0.76484375 0.021875 0.034375
0 0.17734375 0.75859375 0.0234375 0.0390625
0 0.67109375 0.81953125 0.015625 0.0203125
0 0.275 0.7734375 0.021875 0.034375
0 0.06796875 0.75 0.0328125 0.0484375
0 0.36953125 0.78671875 0.021875 0.034375
0 0.56875 0.81171875 0.021875 0.0296875
0 0.71640625 0.8296875 0.0265625 0.03125
0 0.3390625 0.7859375 0.021875 0.025
0 0.73671875 0.834375 0.0203125 0.0203125
0 0.6375 0.825 0.021875 0.025
0 0.8140625 0.8484375 0.0171875 0.0296875
0 0.2859375 0.78359375 0.0125 0.0296875
0 0.08359375 0.75859375 0.0109375 0.015625
0 0.684375 0.83515625 0.021875 0.025
0 0.1203125 0.765625 0.021875 0.0296875
0 0.321875 0.79296875 0.021875 0.034375
0 0.59296875 0.82890625 0.021875 0.0296875
0 0.2453125 0.78828125 0.0171875 0.0328125
0 0.2609375 0.790625 0.0203125 0.0203125
0 0.8015625 0.85859375 0.021875 0.034375
0 0.09609375 0.77265625 0.021875 0.0296875
0 0.03125 0.76875 0.0265625 0.034375
0 0.66953125 0.84765625 0.021875 0.034375
0 0.89921875 0.878125 0.0390625 0.06875
0 0.0078125 0.77265625 0.015625 0.0296875
0 0.30078125 0.81171875 0.028125 0.0390625
0 0.61328125 0.85 0.0328125 0.04375
0 0.5421875 0.84375 0.0234375 0.0390625
0 0.57109375 0.84921875 0.0328125 0.0484375
0 0.83515625 0.884375 0.034375 0.053125
0 0.64453125 0.86328125 0.0375 0.05
0 0.19375 0.809375 0.028125 0.04375
0 0.85546875 0.89296875 0.0375 0.05
0 0.1171875 0.8046875 0.0359375 0.0359375
0 0.7625 0.88671875 0.0328125 0.0484375
0 0.73125 0.89921875 0.040625 0.040625
0 0.14921875 0.8296875 0.03125 0.03125
0 0.67421875 0.91796875 0.05 0.078125
0 0.29140625 0.87109375 0.0375 0.05
0 0.71953125 0.96015625 0.0609375 0.0796875
0 0.896875 0.98828125 0.05 0.0234375
0 0.8609375 0.9875 0.0625 0.025
0 0.0796875 0.92109375 0.0625 0.0671875
0 0.16640625 0.93203125 0.0609375 0.0578125