0 0.203125 0.6370192307692307 0.018028846153846152 0.02283653846153846
0 0.4879807692307692 0.6598557692307693 0.009615384615384616 0.014423076923076924
0 0.21995192307692307 0.6694711538461539 0.02283653846153846 0.042067307692307696
0 0.19230769230769232 0.6730769230769231 0.037259615384615384 0.05048076923076923
0 0.01201923076923077 0.6730769230769231 0.02283653846153846 0.055288461538461536
0 0.12740384615384615 0.6899038461538461 0.027644230769230768 0.042067307692307696
0 0.515625 0.6947115384615384 0.009615384615384616 0.014423076923076924
0 0.10697115384615384 0.7019230769230769 0.014423076923076924 0.014423076923076924
0 0.037259615384615384 0.7019230769230769 0.014423076923076924 0.018028846153846152
0 0.49278846153846156 0.7055288461538461 0.014423076923076924 0.018028846153846152
0 0.11778846153846154 0.7079326923076923 0.014423076923076924 0.018028846153846152
0 0.24759615384615385 0.7127403846153846 0.009615384615384616 0.014423076923076924
0 0.09495192307692307 0.7127403846153846 0.014423076923076924 0.018028846153846152
0 0.2920673076923077 0.7127403846153846 0.009615384615384616 0.018028846153846152
0 0.3245192307692308 0.7127403846153846 0.014423076923076924 0.018028846153846152
0 0.052884615384615384 0.7127403846153846 0.009615384615384616 0.014423076923076924
0 0.10697115384615384 0.7127403846153846 0.014423076923076924 0.018028846153846152
0 0.30528846153846156 0.7127403846153846 0.014423076923076924 0.018028846153846152
0 0.2800480769230769 0.7127403846153846 0.014423076923076924 0.02283653846153846
0 0.26802884615384615 0.7127403846153846 0.009615384615384616 0.014423076923076924
0 0.47475961538461536 0.7151442307692307 0.009615384615384616 0.014423076923076924
0 0.3629807692307692 0.7151442307692307 0.009615384615384616 0.014423076923076924
0 0.40024038461538464 0.7151442307692307 0.009615384615384616 0.009615384615384616
0 0.4230769230769231 0.7151442307692307 0.014423076923076924 0.018028846153846152
0 0.25721153846153844 0.7175480769230769 0.009615384615384616 0.014423076923076924
0 0.5673076923076923 0.7175480769230769 0.014423076923076924 0.014423076923076924
0 0.34975961538461536 0.7175480769230769 0.009615384615384616 0.014423076923076924
0 0.44471153846153844 0.7175480769230769 0.014423076923076924 0.018028846153846152
0 0.5480769230769231 0.7175480769230769 0.009615384615384616 0.018028846153846152
0 0.078125 0.7199519230769231 0.009615384615384616 0.018028846153846152
0 0.38461538461538464 0.7199519230769231 0.009615384615384616 0.014423076923076924
0 0.375 0.7223557692307693 0.009615384615384616 0.014423076923076924
0 0.11538461538461539 0.7223557692307693 0.014423076923076924 0.014423076923076924
0 0.5925480769230769 0.7223557692307693 0.014423076923076924 0.018028846153846152
0 0.5048076923076923 0.7247596153846154 0.009615384615384616 0.014423076923076924
0 0.3629807692307692 0.7247596153846154 0.009615384615384616 0.009615384615384616
0 0.3401442307692308 0.7247596153846154 0.014423076923076924 0.018028846153846152
0 0.41225961538461536 0.7247596153846154 0.009615384615384616 0.014423076923076924
0 0.45552884615384615 0.7247596153846154 0.009615384615384616 0.018028846153846152
0 0.4675480769230769 0.7247596153846154 0.009615384615384616 0.009615384615384616
0 0.5276442307692307 0.7247596153846154 0.009615384615384616 0.018028846153846152
0 0.5144230769230769 0.7247596153846154 0.014423076923076924 0.018028846153846152
0 0.6622596153846154 0.7271634615384616 0.009615384615384616 0.014423076923076924
0 0.6346153846153846 0.7271634615384616 0.018028846153846152 0.027644230769230768
0 0.35216346153846156 0.7271634615384616 0.009615384615384616 0.018028846153846152
0 0.47716346153846156 0.7295673076923077 0.014423076923076924 0.014423076923076924
0 0.6971153846153846 0.7295673076923077 0.014423076923076924 0.018028846153846152
0 0.7175480769230769 0.7295673076923077 0.009615384615384616 0.018028846153846152
0 0.609375 0.7295673076923077 0.014423076923076924 0.014423076923076924
0 0.5372596153846154 0.7295673076923077 0.009615384615384616 0.014423076923076924
0 0.5721153846153846 0.7295673076923077 0.009615384615384616 0.018028846153846152
0 0.4423076923076923 0.7295673076923077 0.009615384615384616 0.018028846153846152
0 0.6730769230769231 0.7295673076923077 0.018028846153846152 0.027644230769230768
0 0.8076923076923077 0.7295673076923077 0.009615384615384616 0.018028846153846152
0 0.3329326923076923 0.7319711538461539 0.014423076923076924 0.018028846153846152
0 0.4951923076923077 0.7319711538461539 0.009615384615384616 0.018028846153846152
0 0.8425480769230769 0.734375 0.014423076923076924 0.02283653846153846
0 0.7427884615384616 0.734375 0.014423076923076924 0.018028846153846152
0 0.8653846153846154 0.734375 0.014423076923076924 0.018028846153846152
0 0.39783653846153844 0.734375 0.009615384615384616 0.014423076923076924
0 0.6850961538461539 0.734375 0.009615384615384616 0.018028846153846152
0 0.7680288461538461 0.7355769230769231 0.018028846153846152 0.027644230769230768
0 0.36778846153846156 0.7355769230769231 0.014423076923076924 0.018028846153846152
0 0.7800480769230769 0.7355769230769231 0.014423076923076924 0.018028846153846152
0 0.8569711538461539 0.7355769230769231 0.014423076923076924 0.027644230769230768
0 0.6177884615384616 0.7355769230769231 0.014423076923076924 0.014423076923076924
0 0.7944711538461539 0.7355769230769231 0.009615384615384616 0.018028846153846152
0 0.5829326923076923 0.7355769230769231 0.009615384615384616 0.014423076923076924
0 0.8149038461538461 0.7379807692307693 0.014423076923076924 0.018028846153846152
0 0.734375 0.7379807692307693 0.014423076923076924 0.018028846153846152
0 0.6502403846153846 0.7403846153846154 0.009615384615384616 0.014423076923076924
0 0.9098557692307693 0.7403846153846154 0.014423076923076924 0.018028846153846152
0 0.9879807692307693 0.7403846153846154 0.018028846153846152 0.027644230769230768
0 0.7524038461538461 0.7403846153846154 0.014423076923076924 0.018028846153846152
0 0.9254807692307693 0.7427884615384616 0.018028846153846152 0.027644230769230768
0 0.9675480769230769 0.7427884615384616 0.018028846153846152 0.027644230769230768
0 0.8822115384615384 0.7451923076923077 0.014423076923076924 0.018028846153846152
0 0.890625 0.7451923076923077 0.009615384615384616 0.014423076923076924
0 0.9447115384615384 0.7451923076923077 0.009615384615384616 0.014423076923076924
0 0.359375 0.7451923076923077 0.009615384615384616 0.014423076923076924
0 0.9555288461538461 0.7475961538461539 0.014423076923076924 0.018028846153846152
0 0.7596153846153846 0.7475961538461539 0.009615384615384616 0.018028846153846152
0 0.9050480769230769 0.75 0.014423076923076924 0.02283653846153846
0 0.06009615384615385 0.765625 0.009615384615384616 0.014423076923076924
0 0.07211538461538461 0.765625 0.014423076923076924 0.014423076923076924
0 0.12259615384615384 0.7752403846153846 0.009615384615384616 0.018028846153846152
0 0.35697115384615385 0.7800480769230769 0.009615384615384616 0.014423076923076924
0 0.2548076923076923 0.7800480769230769 0.009615384615384616 0.018028846153846152
0 0.07211538461538461 0.7800480769230769 0.014423076923076924 0.018028846153846152
0 0.3449519230769231 0.7824519230769231 0.014423076923076924 0.014423076923076924
0 0.38461538461538464 0.7824519230769231 0.014423076923076924 0.018028846153846152
0 0.36778846153846156 0.7824519230769231 0.014423076923076924 0.018028846153846152
0 0.390625 0.7872596153846154 0.014423076923076924 0.014423076923076924
0 0.0673076923076923 0.7920673076923077 0.014423076923076924 0.018028846153846152
0 0.4951923076923077 0.7920673076923077 0.014423076923076924 0.018028846153846152
0 0.33774038461538464 0.7944711538461539 0.014423076923076924 0.018028846153846152
0 0.5120192307692307 0.7944711538461539 0.014423076923076924 0.014423076923076924
0 0.5324519230769231 0.7944711538461539 0.014423076923076924 0.018028846153846152
0 0.4230769230769231 0.7944711538461539 0.014423076923076924 0.018028846153846152
0 0.4519230769230769 0.7944711538461539 0.018028846153846152 0.02283653846153846
0 0.546875 0.7944711538461539 0.014423076923076924 0.018028846153846152
0 0.11298076923076923 0.7944711538461539 0.014423076923076924 0.02283653846153846
0 0.09254807692307693 0.796875 0.014423076923076924 0.014423076923076924
0 0.40024038461538464 0.796875 0.014423076923076924 0.014423076923076924
0 0.47475961538461536 0.796875 0.018028846153846152 0.02283653846153846
0 0.5625 0.796875 0.009615384615384616 0.009615384615384616
0 0.5228365384615384 0.7980769230769231 0.009615384615384616 0.014423076923076924
0 0.3004807692307692 0.7980769230769231 0.014423076923076924 0.014423076923076924
0 0.31490384615384615 0.7980769230769231 0.009615384615384616 0.014423076923076924
0 0.43509615384615385 0.8004807692307693 0.014423076923076924 0.018028846153846152
0 0.2776442307692308 0.8028846153846154 0.018028846153846152 0.018028846153846152
0 0.6550480769230769 0.8052884615384616 0.018028846153846152 0.02283653846153846
0 0.5697115384615384 0.8052884615384616 0.014423076923076924 0.018028846153846152
0 0.5853365384615384 0.8052884615384616 0.014423076923076924 0.02283653846153846
0 0.5048076923076923 0.8076923076923077 0.014423076923076924 0.02283653846153846
0 0.38221153846153844 0.8076923076923077 0.018028846153846152 0.02283653846153846
0 0.27283653846153844 0.8100961538461539 0.014423076923076924 0.018028846153846152
0 0.25961538461538464 0.8125 0.014423076923076924 0.014423076923076924
0 0.7824519230769231 0.8125 0.014423076923076924 0.018028846153846152
0 0.42788461538461536 0.8125 0.014423076923076924 0.02283653846153846
0 0.08533653846153846 0.8125 0.014423076923076924 0.02283653846153846
0 0.7644230769230769 0.8149038461538461 0.018028846153846152 0.014423076923076924
0 0.703125 0.8149038461538461 0.018028846153846152 0.018028846153846152
0 0.4423076923076923 0.8149038461538461 0.014423076923076924 0.018028846153846152
0 0.9002403846153846 0.8149038461538461 0.027644230769230768 0.018028846153846152
0 0.09735576923076923 0.8173076923076923 0.018028846153846152 0.02283653846153846
0 0.3449519230769231 0.8173076923076923 0.014423076923076924 0.02283653846153846
0 0.41225961538461536 0.8173076923076923 0.014423076923076924 0.02283653846153846
0 0.7944711538461539 0.8221153846153846 0.014423076923076924 0.018028846153846152
0 0.3245192307692308 0.8221153846153846 0.018028846153846152 0.027644230769230768
0 0.5372596153846154 0.8221153846153846 0.014423076923076924 0.027644230769230768
0 0.7295673076923077 0.8221153846153846 0.018028846153846152 0.02283653846153846
0 0.453125 0.8245192307692307 0.018028846153846152 0.018028846153846152
0 0.5649038461538461 0.8245192307692307 0.014423076923076924 0.027644230769230768
0 0.25721153846153844 0.8269230769230769 0.014423076923076924 0.027644230769230768
0 0.07692307692307693 0.8269230769230769 0.027644230769230768 0.042067307692307696
0 0.30288461538461536 0.8269230769230769 0.02283653846153846 0.03245192307692308
0 0.49278846153846156 0.828125 0.018028846153846152 0.027644230769230768
0 0.7620192307692307 0.8305288461538461 0.02283653846153846 0.027644230769230768
0 0.953125 0.8305288461538461 0.018028846153846152 0.027644230769230768
0 0.8449519230769231 0.8305288461538461 0.014423076923076924 0.018028846153846152
0 0.6670673076923077 0.8305288461538461 0.014423076923076924 0.018028846153846152
0 0.375 0.8329326923076923 0.018028846153846152 0.027644230769230768
0 0.41947115384615385 0.8329326923076923 0.02283653846153846 0.03245192307692308
0 0.5528846153846154 0.8329326923076923 0.018028846153846152 0.02283653846153846
0 0.6225961538461539 0.8353365384615384 0.02283653846153846 0.02283653846153846
0 0.8197115384615384 0.8353365384615384 0.018028846153846152 0.02283653846153846
0 0.055288461538461536 0.8377403846153846 0.042067307692307696 0.06009615384615385
0 0.9146634615384616 0.8377403846153846 0.018028846153846152 0.018028846153846152
0 0.46033653846153844 0.8401442307692307 0.018028846153846152 0.018028846153846152
0 0.8954326923076923 0.8401442307692307 0.018028846153846152 0.03245192307692308
0 0.5204326923076923 0.8401442307692307 0.018028846153846152 0.027644230769230768
0 0.9903846153846154 0.8401442307692307 0.009615384615384616 0.042067307692307696
0 0.8774038461538461 0.8449519230769231 0.018028846153846152 0.027644230769230768
0 0.9302884615384616 0.8449519230769231 0.018028846153846152 0.018028846153846152
0 0.6526442307692307 0.8473557692307693 0.02283653846153846 0.027644230769230768
0 0.3545673076923077 0.8473557692307693 0.02283653846153846 0.02283653846153846
0 0.6754807692307693 0.8497596153846154 0.02283653846153846 0.027644230769230768
0 0.2776442307692308 0.8497596153846154 0.02283653846153846 0.03245192307692308
0 0.9471153846153846 0.8521634615384616 0.02283653846153846 0.03245192307692308
0 0.9795673076923077 0.8521634615384616 0.018028846153846152 0.03245192307692308
0 0.46274038461538464 0.8545673076923077 0.018028846153846152 0.02283653846153846
0 0.25961538461538464 0.8569711538461539 0.014423076923076924 0.027644230769230768
0 0.6322115384615384 0.859375 0.018028846153846152 0.02283653846153846
0 0.6129807692307693 0.859375 0.018028846153846152 0.027644230769230768
0 0.6947115384615384 0.8605769230769231 0.02283653846153846 0.03245192307692308
0 0.5925480769230769 0.8629807692307693 0.027644230769230768 0.03245192307692308
0 0.796875 0.8653846153846154 0.027644230769230768 0.03245192307692308
0 0.8329326923076923 0.8653846153846154 0.02283653846153846 0.02283653846153846
0 0.859375 0.8677884615384616 0.02283653846153846 0.027644230769230768
0 0.48197115384615385 0.8677884615384616 0.014423076923076924 0.018028846153846152
0 0.3425480769230769 0.8677884615384616 0.02283653846153846 0.03245192307692308
0 0.3701923076923077 0.875 0.02283653846153846 0.027644230769230768
0 0.421875 0.8774038461538461 0.02283653846153846 0.042067307692307696
0 0.7403846153846154 0.8846153846153846 0.02283653846153846 0.037259615384615384
0 0.5372596153846154 0.8846153846153846 0.027644230769230768 0.037259615384615384
0 0.49038461538461536 0.8870192307692307 0.018028846153846152 0.027644230769230768
0 0.671875 0.890625 0.027644230769230768 0.03245192307692308
0 0.44711538461538464 0.8930288461538461 0.042067307692307696 0.06009615384615385
0 0.5805288461538461 0.8954326923076923 0.027644230769230768 0.037259615384615384
0 0.6153846153846154 0.9026442307692307 0.027644230769230768 0.042067307692307696
0 0.75 0.9026442307692307 0.027644230769230768 0.042067307692307696
0 0.5072115384615384 0.9074519230769231 0.03245192307692308 0.046875
0 0.33052884615384615 0.9074519230769231 0.037259615384615384 0.055288461538461536
0 0.375 0.9146634615384616 0.037259615384615384 0.055288461538461536
0 0.13942307692307693 0.9170673076923077 0.042067307692307696 0.06009615384615385
0 0.9194711538461539 0.921875 0.027644230769230768 0.042067307692307696
0 0.9627403846153846 0.9471153846153846 0.05048076923076923 0.07451923076923077
0 0.5528846153846154 0.9603365384615384 0.055288461538461536 0.06971153846153846
0 0.025240384615384616 0.9603365384615384 0.05048076923076923 0.06971153846153846
0 0.8173076923076923 0.9651442307692307 0.046875 0.06490384615384616
0 0.33052884615384615 0.9651442307692307 0.06490384615384616 0.06009615384615385