0 0.2439903846153846 0.421875 0.026442307692307692 0.026442307692307692
0 0.29927884615384615 0.4338942307692308 0.03125 0.036057692307692304
0 0.2800480769230769 0.4362980769230769 0.028846153846153848 0.04567307692307692
0 0.34134615384615385 0.44471153846153844 0.038461538461538464 0.04567307692307692
0 0.22596153846153846 0.4362980769230769 0.03125 0.026442307692307692
0 0.08533653846153846 0.4206730769230769 0.03365384615384615 0.05048076923076923
0 0.1658653846153846 0.43509615384615385 0.03365384615384615 0.040865384615384616
0 0.4483173076923077 0.47475961538461536 0.028846153846153848 0.040865384615384616
0 0.030048076923076924 0.4182692307692308 0.021634615384615384 0.02403846153846154
0 0.9423076923076923 0.5480769230769231 0.016826923076923076 0.019230769230769232
0 0.30408653846153844 0.46033653846153844 0.026442307692307692 0.036057692307692304
0 0.78125 0.5300480769230769 0.016826923076923076 0.016826923076923076
0 0.8064903846153846 0.5336538461538461 0.016826923076923076 0.02403846153846154
0 0.8257211538461539 0.5384615384615384 0.01201923076923077 0.014423076923076924
0 0.1935096153846154 0.4495192307692308 0.038461538461538464 0.05048076923076923
0 0.8197115384615384 0.5372596153846154 0.01201923076923077 0.019230769230769232
0 0.7896634615384616 0.5336538461538461 0.01201923076923077 0.014423076923076924
0 0.33653846153846156 0.47716346153846156 0.05048076923076923 0.06971153846153846
0 0.24278846153846154 0.46634615384615385 0.028846153846153848 0.040865384615384616
0 0.46274038461538464 0.49759615384615385 0.038461538461538464 0.055288461538461536
0 0.5961538461538461 0.515625 0.038461538461538464 0.055288461538461536
0 0.07091346153846154 0.44471153846153844 0.028846153846153848 0.05048076923076923
0 0.4098557692307692 0.4951923076923077 0.04326923076923077 0.055288461538461536
0 0.21394230769230768 0.4723557692307692 0.038461538461538464 0.04567307692307692
0 0.38100961538461536 0.49759615384615385 0.055288461538461536 0.06490384615384616
0 0.039663461538461536 0.4495192307692308 0.038461538461538464 0.04567307692307692
0 0.671875 0.5384615384615384 0.04807692307692308 0.055288461538461536
0 0.14182692307692307 0.4675480769230769 0.040865384615384616 0.06971153846153846
0 0.09014423076923077 0.4699519230769231 0.04326923076923077 0.04567307692307692
0 0.021634615384615384 0.46033653846153844 0.038461538461538464 0.04567307692307692