0 0.5901442307692307 0.01201923076923077 0.03365384615384615 0.02403846153846154
0 0.8425480769230769 0.109375 0.028846153846153848 0.04326923076923077
0 0.7319711538461539 0.109375 0.02403846153846154 0.038461538461538464
0 0.5697115384615384 0.11298076923076923 0.02403846153846154 0.03365384615384615
0 0.5276442307692307 0.11778846153846154 0.019230769230769232 0.03365384615384615
0 0.6105769230769231 0.1201923076923077 0.02403846153846154 0.028846153846153848
0 0.09014423076923077 0.1201923076923077 0.028846153846153848 0.04326923076923077
0 0.2620192307692308 0.1201923076923077 0.019230769230769232 0.028846153846153848
0 0.7680288461538461 0.014423076923076924 0.02403846153846154 0.028846153846153848
0 0.6778846153846154 0.12980769230769232 0.02403846153846154 0.03365384615384615
0 0.1971153846153846 0.12980769230769232 0.019230769230769232 0.03365384615384615
0 0.44471153846153844 0.13221153846153846 0.019230769230769232 0.028846153846153848
0 0.9447115384615384 0.1346153846153846 0.028846153846153848 0.04326923076923077
0 0.9170673076923077 0.014423076923076924 0.028846153846153848 0.028846153846153848
0 0.4795673076923077 0.13701923076923078 0.019230769230769232 0.03365384615384615
0 0.8076923076923077 0.13701923076923078 0.02403846153846154 0.038461538461538464
0 0.6322115384615384 0.140625 0.019230769230769232 0.028846153846153848
0 0.8894230769230769 0.140625 0.028846153846153848 0.04326923076923077
0 0.46274038461538464 0.014423076923076924 0.019230769230769232 0.028846153846153848
0 0.32211538461538464 0.1502403846153846 0.019230769230769232 0.038461538461538464
0 0.703125 0.15504807692307693 0.02403846153846154 0.038461538461538464
0 0.5925480769230769 0.15745192307692307 0.02403846153846154 0.03365384615384615
0 0.9699519230769231 0.15745192307692307 0.028846153846153848 0.04326923076923077
0 0.5072115384615384 0.15985576923076922 0.02403846153846154 0.03365384615384615
0 0.40024038461538464 0.15985576923076922 0.014423076923076924 0.028846153846153848
0 0.3629807692307692 0.15985576923076922 0.028846153846153848 0.028846153846153848
0 0.4495192307692308 0.15985576923076922 0.019230769230769232 0.03365384615384615
0 0.6322115384615384 0.16947115384615385 0.02403846153846154 0.03365384615384615
0 0.25961538461538464 0.16947115384615385 0.02403846153846154 0.038461538461538464
0 0.5480769230769231 0.16947115384615385 0.019230769230769232 0.03365384615384615
0 0.1778846153846154 0.171875 0.028846153846153848 0.038461538461538464
0 0.7271634615384616 0.17548076923076922 0.02403846153846154 0.038461538461538464
0 0.04807692307692308 0.17548076923076922 0.03365384615384615 0.04326923076923077
0 0.49038461538461536 0.1778846153846154 0.028846153846153848 0.03365384615384615
0 0.5252403846153846 0.1778846153846154 0.02403846153846154 0.03365384615384615
0 0.10216346153846154 0.18028846153846154 0.02403846153846154 0.03365384615384615
0 0.9026442307692307 0.18509615384615385 0.028846153846153848 0.038461538461538464
0 0.8942307692307693 0.018028846153846152 0.028846153846153848 0.036057692307692304
0 0.01201923076923077 0.19471153846153846 0.014423076923076924 0.04807692307692308
0 0.7824519230769231 0.19471153846153846 0.019230769230769232 0.028846153846153848
0 0.36538461538461536 0.1971153846153846 0.019230769230769232 0.04326923076923077
0 0.5673076923076923 0.19951923076923078 0.02403846153846154 0.038461538461538464
0 0.9855769230769231 0.20192307692307693 0.028846153846153848 0.04807692307692308
0 0.44711538461538464 0.20552884615384615 0.019230769230769232 0.03365384615384615
0 0.49278846153846156 0.20793269230769232 0.02403846153846154 0.03365384615384615
0 0.7427884615384616 0.20793269230769232 0.02403846153846154 0.038461538461538464
0 0.4074519230769231 0.20793269230769232 0.02403846153846154 0.03365384615384615
0 0.8822115384615384 0.20793269230769232 0.02403846153846154 0.038461538461538464
0 0.3269230769230769 0.21033653846153846 0.028846153846153848 0.038461538461538464
0 0.27283653846153844 0.21754807692307693 0.03365384615384615 0.038461538461538464
0 0.07451923076923077 0.21995192307692307 0.028846153846153848 0.038461538461538464
0 0.7055288461538461 0.22235576923076922 0.02403846153846154 0.03365384615384615
0 0.7752403846153846 0.2247596153846154 0.02403846153846154 0.028846153846153848
0 0.07451923076923077 0.02283653846153846 0.02403846153846154 0.038461538461538464
0 0.6622596153846154 0.02283653846153846 0.028846153846153848 0.03365384615384615
0 0.6021634615384616 0.234375 0.02403846153846154 0.03365384615384615
0 0.15985576923076922 0.234375 0.02403846153846154 0.04326923076923077
0 0.6622596153846154 0.23557692307692307 0.02403846153846154 0.03365384615384615
0 0.01201923076923077 0.2403846153846154 0.014423076923076924 0.04807692307692308
0 0.5769230769230769 0.2403846153846154 0.02403846153846154 0.04326923076923077
0 0.13221153846153846 0.02283653846153846 0.02403846153846154 0.04326923076923077
0 0.18269230769230768 0.24278846153846154 0.02403846153846154 0.03365384615384615
0 0.3954326923076923 0.25 0.03365384615384615 0.038461538461538464
0 0.43509615384615385 0.25 0.02403846153846154 0.04326923076923077
0 0.5396634615384616 0.2548076923076923 0.02403846153846154 0.03365384615384615
0 0.8930288461538461 0.25721153846153844 0.028846153846153848 0.03365384615384615
0 0.27283653846153844 0.265625 0.028846153846153848 0.04326923076923077
0 0.7620192307692307 0.26802884615384615 0.019230769230769232 0.04326923076923077
0 0.23557692307692307 0.26802884615384615 0.028846153846153848 0.038461538461538464
0 0.07451923076923077 0.27524038461538464 0.028846153846153848 0.04807692307692308
0 0.31971153846153844 0.2800480769230769 0.02403846153846154 0.028846153846153848
0 0.9074519230769231 0.2824519230769231 0.02403846153846154 0.028846153846153848
0 0.640625 0.2848557692307692 0.02403846153846154 0.038461538461538464
0 0.5276442307692307 0.28966346153846156 0.02403846153846154 0.04807692307692308
0 0.3629807692307692 0.2920673076923077 0.02403846153846154 0.038461538461538464
0 0.1502403846153846 0.29447115384615385 0.028846153846153848 0.038461538461538464
0 0.7848557692307693 0.29447115384615385 0.028846153846153848 0.028846153846153848
0 0.43509615384615385 0.296875 0.028846153846153848 0.04326923076923077
0 0.4026442307692308 0.2980769230769231 0.02403846153846154 0.04326923076923077
0 0.203125 0.3004807692307692 0.02403846153846154 0.038461538461538464
0 0.47475961538461536 0.30288461538461536 0.028846153846153848 0.03365384615384615
0 0.31009615384615385 0.30528846153846156 0.019230769230769232 0.038461538461538464
0 0.23557692307692307 0.3125 0.028846153846153848 0.04326923076923077
0 0.5997596153846154 0.03245192307692308 0.028846153846153848 0.038461538461538464
0 0.5877403846153846 0.3173076923076923 0.028846153846153848 0.04807692307692308
0 0.8425480769230769 0.31971153846153844 0.028846153846153848 0.04326923076923077
0 0.2920673076923077 0.32211538461538464 0.03365384615384615 0.04807692307692308
0 0.8954326923076923 0.32211538461538464 0.028846153846153848 0.03365384615384615
0 0.43509615384615385 0.03245192307692308 0.019230769230769232 0.028846153846153848
0 0.35216346153846156 0.03245192307692308 0.02403846153846154 0.028846153846153848
0 0.7127403846153846 0.328125 0.02403846153846154 0.038461538461538464
0 0.33774038461538464 0.33052884615384615 0.028846153846153848 0.04326923076923077
0 0.5180288461538461 0.03485576923076923 0.02403846153846154 0.038461538461538464
0 0.140625 0.33533653846153844 0.028846153846153848 0.038461538461538464
0 0.7524038461538461 0.33533653846153844 0.028846153846153848 0.04326923076923077
0 0.07692307692307693 0.33774038461538464 0.02403846153846154 0.04326923076923077
0 0.7920673076923077 0.3425480769230769 0.028846153846153848 0.04326923076923077
0 0.3870192307692308 0.03485576923076923 0.02403846153846154 0.028846153846153848
0 0.6274038461538461 0.3473557692307692 0.028846153846153848 0.03365384615384615
0 0.4951923076923077 0.359375 0.028846153846153848 0.04326923076923077
0 0.04807692307692308 0.3605769230769231 0.028846153846153848 0.038461538461538464
0 0.5504807692307693 0.3629807692307692 0.028846153846153848 0.04807692307692308
0 0.6826923076923077 0.3629807692307692 0.02403846153846154 0.04326923076923077
0 0.1875 0.037259615384615384 0.02403846153846154 0.03365384615384615
0 0.44711538461538464 0.36778846153846156 0.028846153846153848 0.04807692307692308
0 0.9230769230769231 0.375 0.028846153846153848 0.04326923076923077
0 0.39783653846153844 0.37740384615384615 0.028846153846153848 0.03365384615384615
0 0.859375 0.3798076923076923 0.028846153846153848 0.04326923076923077
0 0.7355769230769231 0.3798076923076923 0.02403846153846154 0.038461538461538464
0 0.5024038461538461 0.039663461538461536 0.02403846153846154 0.03365384615384615
0 0.1622596153846154 0.390625 0.028846153846153848 0.04326923076923077
0 0.47716346153846156 0.039663461538461536 0.019230769230769232 0.028846153846153848
0 0.7872596153846154 0.40024038461538464 0.028846153846153848 0.04326923076923077
0 0.020432692307692308 0.042067307692307696 0.02403846153846154 0.04326923076923077
0 0.2127403846153846 0.41466346153846156 0.028846153846153848 0.04807692307692308
0 0.5348557692307693 0.042067307692307696 0.019230769230769232 0.019230769230769232
0 0.3329326923076923 0.41947115384615385 0.03365384615384615 0.038461538461538464
0 0.07692307692307693 0.421875 0.03365384615384615 0.05048076923076923
0 0.265625 0.421875 0.028846153846153848 0.038461538461538464
0 0.9423076923076923 0.4230769230769231 0.028846153846153848 0.04807692307692308
0 0.9326923076923077 0.04447115384615385 0.02403846153846154 0.028846153846153848
0 0.25240384615384615 0.04447115384615385 0.02403846153846154 0.038461538461538464
0 0.8377403846153846 0.42788461538461536 0.02403846153846154 0.04326923076923077
0 0.4423076923076923 0.43028846153846156 0.028846153846153848 0.04807692307692308
0 0.39302884615384615 0.43509615384615385 0.02403846153846154 0.04326923076923077
0 0.796875 0.046875 0.028846153846153848 0.04326923076923077
0 0.7704326923076923 0.4579326923076923 0.03365384615384615 0.04326923076923077
0 0.640625 0.4579326923076923 0.02403846153846154 0.038461538461538464
0 0.22716346153846154 0.4579326923076923 0.02403846153846154 0.04326923076923077
0 0.49038461538461536 0.46033653846153844 0.028846153846153848 0.04807692307692308
0 0.9603365384615384 0.46274038461538464 0.028846153846153848 0.04807692307692308
0 0.5420673076923077 0.4651442307692308 0.028846153846153848 0.04807692307692308
0 0.734375 0.4651442307692308 0.028846153846153848 0.04807692307692308
0 0.11298076923076923 0.4675480769230769 0.03365384615384615 0.04326923076923077
0 0.3004807692307692 0.4699519230769231 0.028846153846153848 0.04326923076923077
0 0.6947115384615384 0.4699519230769231 0.02403846153846154 0.04326923076923077
0 0.7548076923076923 0.046875 0.028846153846153848 0.038461538461538464
0 0.17307692307692307 0.4723557692307692 0.03365384615384615 0.04807692307692308
0 0.859375 0.4723557692307692 0.028846153846153848 0.038461538461538464
0 0.6021634615384616 0.47716346153846156 0.03365384615384615 0.04807692307692308
0 0.009615384615384616 0.48197115384615385 0.009615384615384616 0.055288461538461536
0 0.35216346153846156 0.484375 0.038461538461538464 0.05048076923076923
0 0.8401442307692307 0.5 0.019230769230769232 0.038461538461538464
0 0.9471153846153846 0.5144230769230769 0.03365384615384615 0.04807692307692308
0 0.75 0.5180288461538461 0.028846153846153848 0.038461538461538464
0 0.8052884615384616 0.5204326923076923 0.02403846153846154 0.04326923076923077
0 0.09254807692307693 0.5252403846153846 0.03365384615384615 0.04326923076923077
0 0.640625 0.5300480769230769 0.02403846153846154 0.038461538461538464
0 0.039663461538461536 0.5300480769230769 0.038461538461538464 0.04807692307692308
0 0.6947115384615384 0.5396634615384616 0.02403846153846154 0.04326923076923077
0 0.22956730769230768 0.5420673076923077 0.038461538461538464 0.04326923076923077
0 0.15985576923076922 0.5444711538461539 0.03365384615384615 0.05048076923076923
0 0.5576923076923077 0.5480769230769231 0.028846153846153848 0.04326923076923077
0 0.5204326923076923 0.5504807692307693 0.02403846153846154 0.038461538461538464
0 0.9903846153846154 0.5552884615384616 0.019230769230769232 0.04326923076923077
0 0.8149038461538461 0.5649038461538461 0.02403846153846154 0.038461538461538464
0 0.6045673076923077 0.5649038461538461 0.03365384615384615 0.04807692307692308
0 0.8629807692307693 0.5673076923076923 0.03365384615384615 0.04807692307692308
0 0.2848557692307692 0.5745192307692307 0.028846153846153848 0.04326923076923077
0 0.5829326923076923 0.057692307692307696 0.02403846153846154 0.03365384615384615
0 0.7524038461538461 0.5769230769230769 0.03365384615384615 0.04326923076923077
0 0.41466346153846156 0.5829326923076923 0.028846153846153848 0.03365384615384615
0 0.9399038461538461 0.5829326923076923 0.03365384615384615 0.04807692307692308
0 0.09254807692307693 0.5925480769230769 0.03365384615384615 0.04326923076923077
0 0.5649038461538461 0.5949519230769231 0.03365384615384615 0.04326923076923077
0 0.3245192307692308 0.5973557692307693 0.028846153846153848 0.04807692307692308
0 0.6995192307692307 0.5997596153846154 0.038461538461538464 0.05048076923076923
0 0.042067307692307696 0.6021634615384616 0.038461538461538464 0.05048076923076923
0 0.625 0.06009615384615385 0.02403846153846154 0.04326923076923077
0 0.5420673076923077 0.0625 0.019230769230769232 0.038461538461538464
0 0.21754807692307693 0.6177884615384616 0.038461538461538464 0.05048076923076923
0 0.35697115384615385 0.6201923076923077 0.03365384615384615 0.038461538461538464
0 0.4723557692307692 0.625 0.03365384615384615 0.038461538461538464
0 0.13942307692307693 0.6274038461538461 0.03365384615384615 0.03365384615384615
0 0.5877403846153846 0.6394230769230769 0.03365384615384615 0.04326923076923077
0 0.5 0.6394230769230769 0.028846153846153848 0.028846153846153848
0 0.4170673076923077 0.640625 0.03365384615384615 0.04807692307692308
0 0.28725961538461536 0.6430288461538461 0.038461538461538464 0.05048076923076923
0 0.7427884615384616 0.6454326923076923 0.038461538461538464 0.04326923076923077
0 0.5528846153846154 0.6454326923076923 0.03365384615384615 0.04326923076923077
0 0.9879807692307693 0.6478365384615384 0.02403846153846154 0.05048076923076923
0 0.8245192307692307 0.6502403846153846 0.028846153846153848 0.038461538461538464
0 0.890625 0.6574519230769231 0.03365384615384615 0.04807692307692308
0 0.9471153846153846 0.6598557692307693 0.028846153846153848 0.04326923076923077
0 0.6754807692307693 0.6646634615384616 0.03365384615384615 0.04807692307692308
0 0.11778846153846154 0.6670673076923077 0.04326923076923077 0.05048076923076923
0 0.47716346153846156 0.0673076923076923 0.019230769230769232 0.028846153846153848
0 0.33774038461538464 0.6778846153846154 0.038461538461538464 0.06009615384615385
0 0.39783653846153844 0.6971153846153846 0.038461538461538464 0.055288461538461536
0 0.4423076923076923 0.06971153846153846 0.019230769230769232 0.03365384615384615
0 0.4723557692307692 0.7055288461538461 0.028846153846153848 0.05048076923076923
0 0.953125 0.7103365384615384 0.03365384615384615 0.04326923076923077
0 0.125 0.07211538461538461 0.02403846153846154 0.03365384615384615
0 0.8052884615384616 0.7151442307692307 0.038461538461538464 0.04807692307692308
0 0.7319711538461539 0.7247596153846154 0.028846153846153848 0.05048076923076923
0 0.5877403846153846 0.7295673076923077 0.03365384615384615 0.05048076923076923
0 0.5480769230769231 0.007211538461538462 0.019230769230769232 0.014423076923076924
0 0.5 0.007211538461538462 0.019230769230769232 0.014423076923076924
0 0.8774038461538461 0.7355769230769231 0.038461538461538464 0.04326923076923077
0 0.546875 0.7524038461538461 0.03365384615384615 0.05048076923076923
0 0.9230769230769231 0.07692307692307693 0.02403846153846154 0.04326923076923077
0 0.6502403846153846 0.7572115384615384 0.038461538461538464 0.04807692307692308
0 0.01201923076923077 0.07692307692307693 0.02403846153846154 0.038461538461538464
0 0.515625 0.078125 0.02403846153846154 0.038461538461538464
0 0.109375 0.7872596153846154 0.04326923076923077 0.05048076923076923
0 0.1778846153846154 0.7896634615384616 0.04326923076923077 0.06009615384615385
0 0.9170673076923077 0.7944711538461539 0.04807692307692308 0.055288461538461536
0 0.3629807692307692 0.8100961538461539 0.03365384615384615 0.05048076923076923
0 0.25240384615384615 0.8149038461538461 0.038461538461538464 0.05048076923076923
0 0.7151442307692307 0.8197115384615384 0.03365384615384615 0.04326923076923077
0 0.9855769230769231 0.8197115384615384 0.028846153846153848 0.05048076923076923
0 0.41947115384615385 0.8221153846153846 0.03365384615384615 0.055288461538461536
0 0.5024038461538461 0.8245192307692307 0.03365384615384615 0.06009615384615385
0 0.7872596153846154 0.8245192307692307 0.038461538461538464 0.055288461538461536
0 0.6778846153846154 0.0829326923076923 0.02403846153846154 0.03365384615384615
0 0.859375 0.8329326923076923 0.04326923076923077 0.05048076923076923
0 0.30528846153846156 0.8401442307692307 0.038461538461538464 0.05048076923076923
0 0.6454326923076923 0.8401442307692307 0.038461538461538464 0.04807692307692308
0 0.5721153846153846 0.8497596153846154 0.04807692307692308 0.06009615384615385
0 0.09975961538461539 0.08533653846153846 0.019230769230769232 0.03365384615384615
0 0.5901442307692307 0.08533653846153846 0.02403846153846154 0.03365384615384615
0 0.40024038461538464 0.09014423076923077 0.019230769230769232 0.038461538461538464
0 0.36778846153846156 0.09014423076923077 0.02403846153846154 0.03365384615384615
0 0.9399038461538461 0.09014423076923077 0.028846153846153848 0.03365384615384615
0 0.7824519230769231 0.09254807692307693 0.02403846153846154 0.03365384615384615
0 0.6923076923076923 0.09254807692307693 0.02403846153846154 0.04326923076923077
0 0.7079326923076923 0.01201923076923077 0.019230769230769232 0.02403846153846154
0 0.5504807692307693 0.09495192307692307 0.02403846153846154 0.03365384615384615
0 0.5324519230769231 0.09495192307692307 0.019230769230769232 0.019230769230769232
0 0.46274038461538464 0.09975961538461539 0.019230769230769232 0.028846153846153848
0 0.33052884615384615 0.09975961538461539 0.019230769230769232 0.03365384615384615
0 0.4951923076923077 0.10216346153846154 0.02403846153846154 0.03365384615384615