0 0.171875 0.12620192307692307 0.055288461538461536 0.055288461538461536
0 0.2620192307692308 0.14903846153846154 0.07932692307692307 0.0985576923076923
0 0.20673076923076922 0.17427884615384615 0.08413461538461539 0.10336538461538461
0 0.25240384615384615 0.19471153846153846 0.04326923076923077 0.06971153846153846
0 0.4651442307692308 0.1971153846153846 0.0673076923076923 0.08413461538461539
0 0.11538461538461539 0.20673076923076922 0.07211538461538461 0.07932692307692307
0 0.6105769230769231 0.20072115384615385 0.07692307692307693 0.0889423076923077
0 0.7403846153846154 0.19831730769230768 0.07692307692307693 0.0985576923076923
0 0.4098557692307692 0.2091346153846154 0.0625 0.08413461538461539
0 0.9807692307692307 0.21394230769230768 0.028846153846153848 0.07932692307692307
0 0.9579326923076923 0.22115384615384615 0.04807692307692308 0.055288461538461536
0 0.8401442307692307 0.22956730769230768 0.057692307692307696 0.0889423076923077
0 0.9170673076923077 0.24278846153846154 0.052884615384615384 0.07932692307692307
0 0.5144230769230769 0.2620192307692308 0.0673076923076923 0.0889423076923077
0 0.8040865384615384 0.25961538461538464 0.057692307692307696 0.07451923076923077
0 0.3557692307692308 0.26802884615384615 0.04807692307692308 0.10817307692307693
0 0.5841346153846154 0.2668269230769231 0.0673076923076923 0.10336538461538461
0 0.6995192307692307 0.2692307692307692 0.0673076923076923 0.0889423076923077
0 0.38341346153846156 0.2776442307692308 0.057692307692307696 0.09375
0 0.8990384615384616 0.2704326923076923 0.07692307692307693 0.10336538461538461
0 0.06610576923076923 0.29927884615384615 0.0673076923076923 0.10336538461538461
0 0.9639423076923077 0.2860576923076923 0.0625 0.10336538461538461
0 0.171875 0.31850961538461536 0.057692307692307696 0.07451923076923077
0 0.03365384615384615 0.08774038461538461 0.0673076923076923 0.11778846153846154