0 0.7884615384615384 0.36778846153846156 0.019230769230769232 0.01201923076923077
0 0.8209134615384616 0.36538461538461536 0.01201923076923077 0.01201923076923077
0 0.6826923076923077 0.3918269230769231 0.016826923076923076 0.01201923076923077
0 0.3004807692307692 0.453125 0.009615384615384616 0.007211538461538462
0 0.2776442307692308 0.45552884615384615 0.009615384615384616 0.007211538461538462
0 0.7644230769230769 0.3786057692307692 0.004807692307692308 0.004807692307692308
0 0.5865384615384616 0.40865384615384615 0.01201923076923077 0.01201923076923077
0 0.796875 0.375 0.016826923076923076 0.01201923076923077
0 0.35697115384615385 0.44471153846153844 0.009615384615384616 0.007211538461538462
0 0.29086538461538464 0.45552884615384615 0.016826923076923076 0.01201923076923077
0 0.4387019230769231 0.4338942307692308 0.016826923076923076 0.01201923076923077
0 0.6322115384615384 0.40625 0.009615384615384616 0.007211538461538462
0 0.4110576923076923 0.4411057692307692 0.01201923076923077 0.01201923076923077
0 0.39302884615384615 0.44350961538461536 0.014423076923076924 0.007211538461538462
0 0.6105769230769231 0.41225961538461536 0.016826923076923076 0.01201923076923077
0 0.375 0.4495192307692308 0.016826923076923076 0.01201923076923077
0 0.6418269230769231 0.4074519230769231 0.004807692307692308 0.004807692307692308
0 0.7019230769230769 0.40024038461538464 0.01201923076923077 0.01201923076923077
0 0.5072115384615384 0.43028846153846156 0.016826923076923076 0.01201923076923077
0 0.7860576923076923 0.3894230769230769 0.016826923076923076 0.01201923076923077
0 0.9314903846153846 0.36538461538461536 0.016826923076923076 0.016826923076923076
0 0.734375 0.39663461538461536 0.016826923076923076 0.01201923076923077
0 0.3161057692307692 0.4639423076923077 0.009615384615384616 0.007211538461538462
0 0.2608173076923077 0.4723557692307692 0.01201923076923077 0.01201923076923077
0 0.7620192307692307 0.3954326923076923 0.016826923076923076 0.01201923076923077
0 0.5288461538461539 0.43149038461538464 0.016826923076923076 0.01201923076923077
0 0.41466346153846156 0.45072115384615385 0.016826923076923076 0.01201923076923077
0 0.6778846153846154 0.4110576923076923 0.01201923076923077 0.01201923076923077
0 0.9495192307692307 0.36778846153846156 0.019230769230769232 0.01201923076923077
0 0.7199519230769231 0.40625 0.016826923076923076 0.01201923076923077
0 0.8786057692307693 0.38100961538461536 0.016826923076923076 0.01201923076923077
0 0.8040865384615384 0.39302884615384615 0.019230769230769232 0.01201923076923077
0 0.7584134615384616 0.4026442307692308 0.016826923076923076 0.01201923076923077
0 0.2668269230769231 0.4807692307692308 0.016826923076923076 0.01201923076923077
0 0.6129807692307693 0.4266826923076923 0.016826923076923076 0.01201923076923077
0 0.29447115384615385 0.47716346153846156 0.009615384615384616 0.007211538461538462
0 0.24759615384615385 0.48677884615384615 0.016826923076923076 0.01201923076923077
0 0.8377403846153846 0.39302884615384615 0.019230769230769232 0.01201923076923077
0 0.5516826923076923 0.4387019230769231 0.021634615384615384 0.021634615384615384
0 0.7956730769230769 0.4014423076923077 0.019230769230769232 0.016826923076923076
0 0.5949519230769231 0.4338942307692308 0.016826923076923076 0.01201923076923077
0 0.6153846153846154 0.4326923076923077 0.016826923076923076 0.01201923076923077
0 0.35096153846153844 0.47475961538461536 0.019230769230769232 0.016826923076923076
0 0.8677884615384616 0.3942307692307692 0.02403846153846154 0.01201923076923077
0 0.4110576923076923 0.46634615384615385 0.019230769230769232 0.016826923076923076
0 0.38341346153846156 0.47115384615384615 0.016826923076923076 0.01201923076923077
0 0.7487980769230769 0.41346153846153844 0.019230769230769232 0.016826923076923076
0 0.9819711538461539 0.3762019230769231 0.01201923076923077 0.01201923076923077
0 0.4723557692307692 0.4567307692307692 0.016826923076923076 0.01201923076923077
0 0.036057692307692304 0.5264423076923077 0.019230769230769232 0.016826923076923076
0 0.8978365384615384 0.3894230769230769 0.019230769230769232 0.01201923076923077
0 0.6586538461538461 0.43028846153846156 0.019230769230769232 0.016826923076923076
0 0.2920673076923077 0.4879807692307692 0.019230769230769232 0.016826923076923076
0 0.2620192307692308 0.49278846153846156 0.009615384615384616 0.007211538461538462
0 0.9158653846153846 0.3894230769230769 0.014423076923076924 0.007211538461538462
0 0.515625 0.4543269230769231 0.016826923076923076 0.01201923076923077
0 0.6069711538461539 0.43990384615384615 0.016826923076923076 0.01201923076923077
0 0.5649038461538461 0.4495192307692308 0.019230769230769232 0.016826923076923076
0 0.5096153846153846 0.4579326923076923 0.016826923076923076 0.01201923076923077
0 0.6274038461538461 0.4423076923076923 0.016826923076923076 0.01201923076923077
0 0.7139423076923077 0.42788461538461536 0.019230769230769232 0.016826923076923076
0 0.4483173076923077 0.4699519230769231 0.019230769230769232 0.016826923076923076
0 0.8870192307692307 0.4014423076923077 0.019230769230769232 0.01201923076923077
0 0.4795673076923077 0.4675480769230769 0.019230769230769232 0.016826923076923076
0 0.5961538461538461 0.4519230769230769 0.016826923076923076 0.016826923076923076
0 0.1045673076923077 0.5300480769230769 0.019230769230769232 0.01201923076923077
0 0.6826923076923077 0.4387019230769231 0.019230769230769232 0.016826923076923076
0 0.36177884615384615 0.49158653846153844 0.019230769230769232 0.016826923076923076
0 0.27884615384615385 0.5072115384615384 0.019230769230769232 0.016826923076923076
0 0.020432692307692308 0.5504807692307693 0.019230769230769232 0.016826923076923076
0 0.15985576923076922 0.5288461538461539 0.028846153846153848 0.019230769230769232
0 0.7067307692307693 0.44711538461538464 0.019230769230769232 0.016826923076923076
0 0.29927884615384615 0.5108173076923077 0.02403846153846154 0.016826923076923076
0 0.8557692307692307 0.4230769230769231 0.02403846153846154 0.01201923076923077
0 0.2247596153846154 0.5228365384615384 0.021634615384615384 0.021634615384615384
0 0.19110576923076922 0.5288461538461539 0.019230769230769232 0.016826923076923076
0 0.5084134615384616 0.47836538461538464 0.026442307692307692 0.021634615384615384
0 0.09615384615384616 0.5432692307692307 0.016826923076923076 0.016826923076923076
0 0.04927884615384615 0.5504807692307693 0.019230769230769232 0.016826923076923076
0 0.7584134615384616 0.4411057692307692 0.02403846153846154 0.016826923076923076
0 0.24278846153846154 0.5228365384615384 0.019230769230769232 0.016826923076923076
0 0.0673076923076923 0.5528846153846154 0.026442307692307692 0.021634615384615384
0 0.5516826923076923 0.47596153846153844 0.026442307692307692 0.021634615384615384
0 0.45072115384615385 0.49158653846153844 0.02403846153846154 0.016826923076923076
0 0.3473557692307692 0.5096153846153846 0.02403846153846154 0.016826923076923076
0 0.17427884615384615 0.5372596153846154 0.016826923076923076 0.016826923076923076
0 0.5985576923076923 0.4699519230769231 0.02403846153846154 0.016826923076923076
0 0.026442307692307692 0.5625 0.02403846153846154 0.016826923076923076
0 0.49278846153846156 0.4891826923076923 0.02403846153846154 0.016826923076923076
0 0.13701923076923078 0.5456730769230769 0.021634615384615384 0.021634615384615384
0 0.8509615384615384 0.4326923076923077 0.02403846153846154 0.016826923076923076
0 0.7956730769230769 0.44350961538461536 0.02403846153846154 0.016826923076923076
0 0.4050480769230769 0.5048076923076923 0.026442307692307692 0.021634615384615384
0 0.10096153846153846 0.5552884615384616 0.021634615384615384 0.021634615384615384
0 0.2824519230769231 0.5300480769230769 0.019230769230769232 0.016826923076923076
0 0.47475961538461536 0.4987980769230769 0.03125 0.021634615384615384
0 0.6646634615384616 0.4735576923076923 0.026442307692307692 0.021634615384615384
0 0.5564903846153846 0.49038461538461536 0.026442307692307692 0.021634615384615384
0 0.21394230769230768 0.5456730769230769 0.02403846153846154 0.016826923076923076
0 0.019230769230769232 0.5853365384615384 0.026442307692307692 0.026442307692307692
0 0.5192307692307693 0.5072115384615384 0.02403846153846154 0.01201923076923077
0 0.9086538461538461 0.44711538461538464 0.028846153846153848 0.019230769230769232
0 0.7079326923076923 0.48197115384615385 0.03125 0.021634615384615384
0 0.37259615384615385 0.5384615384615384 0.026442307692307692 0.021634615384615384
0 0.06009615384615385 0.5949519230769231 0.026442307692307692 0.021634615384615384
0 0.09975961538461539 0.59375 0.036057692307692304 0.026442307692307692
0 0.9711538461538461 0.4579326923076923 0.038461538461538464 0.02403846153846154
0 0.9074519230769231 0.47115384615384615 0.038461538461538464 0.02403846153846154
0 0.5997596153846154 0.5216346153846154 0.02403846153846154 0.016826923076923076
0 0.20552884615384615 0.5889423076923077 0.036057692307692304 0.02403846153846154
0 0.25 0.5841346153846154 0.040865384615384616 0.028846153846153848
0 0.7019230769230769 0.515625 0.04326923076923077 0.02403846153846154
0 0.5024038461538461 0.5480769230769231 0.04567307692307692 0.028846153846153848
0 0.025240384615384616 0.6237980769230769 0.026442307692307692 0.021634615384615384
0 0.7415865384615384 0.5180288461538461 0.038461538461538464 0.02403846153846154
0 0.47716346153846156 0.5600961538461539 0.03125 0.021634615384615384
0 0.9483173076923077 0.4879807692307692 0.04326923076923077 0.02403846153846154
0 0.5661057692307693 0.5480769230769231 0.03125 0.026442307692307692
0 0.9819711538461539 0.48197115384615385 0.036057692307692304 0.03125
0 0.9098557692307693 0.4987980769230769 0.04567307692307692 0.028846153846153848
0 0.34975961538461536 0.5913461538461539 0.04567307692307692 0.03365384615384615
0 0.2439903846153846 0.6105769230769231 0.03125 0.021634615384615384
0 0.7379807692307693 0.5348557692307693 0.026442307692307692 0.021634615384615384
0 0.4254807692307692 0.5877403846153846 0.04807692307692308 0.04326923076923077
0 0.6875 0.5456730769230769 0.040865384615384616 0.028846153846153848
0 0.3798076923076923 0.5985576923076923 0.040865384615384616 0.03365384615384615
0 0.21394230769230768 0.6274038461538461 0.06009615384615385 0.040865384615384616
0 0.125 0.6430288461538461 0.055288461538461536 0.040865384615384616
0 0.7884615384615384 0.5625 0.06490384615384616 0.04567307692307692
0 0.3918269230769231 0.6274038461538461 0.06009615384615385 0.04567307692307692
0 0.6490384615384616 0.5961538461538461 0.06009615384615385 0.040865384615384616