0 0.1622596153846154 0.16105769230769232 0.06009615384615385 0.07211538461538461
0 0.18389423076923078 0.17908653846153846 0.06971153846153846 0.04807692307692308
0 0.2920673076923077 0.20192307692307693 0.06490384615384616 0.0673076923076923
0 0.5180288461538461 0.23798076923076922 0.07692307692307693 0.09134615384615384
0 0.5733173076923077 0.25841346153846156 0.07451923076923077 0.10096153846153846
0 0.8966346153846154 0.3173076923076923 0.12740384615384615 0.18028846153846154
0 0.47596153846153844 0.2548076923076923 0.04567307692307692 0.055288461538461536
0 0.4387019230769231 0.25240384615384615 0.019230769230769232 0.016826923076923076
0 0.5997596153846154 0.28365384615384615 0.04567307692307692 0.055288461538461536
0 0.35697115384615385 0.25240384615384615 0.0889423076923077 0.10817307692307693
0 0.40865384615384615 0.26322115384615385 0.038461538461538464 0.040865384615384616
0 0.9675480769230769 0.3581730769230769 0.04326923076923077 0.052884615384615384
0 0.19591346153846154 0.24759615384615385 0.08653846153846154 0.1201923076923077
0 0.6875 0.32572115384615385 0.06490384615384616 0.10336538461538461
0 0.6430288461538461 0.32091346153846156 0.0673076923076923 0.09134615384615384
0 0.7932692307692307 0.3449519230769231 0.13221153846153846 0.18269230769230768
0 0.6105769230769231 0.3329326923076923 0.052884615384615384 0.08413461538461539
0 0.9819711538461539 0.3954326923076923 0.036057692307692304 0.10817307692307693
0 0.42908653846153844 0.3389423076923077 0.09615384615384616 0.125
0 0.9338942307692307 0.43028846153846156 0.07692307692307693 0.11778846153846154
0 0.31009615384615385 0.3389423076923077 0.14182692307692307 0.1875
0 0.10817307692307693 0.3076923076923077 0.21634615384615385 0.35096153846153844
0 0.5408653846153846 0.4026442307692308 0.14182692307692307 0.1971153846153846