0 0.25841346153846156 0.19230769230769232 0.039663461538461536 0.06610576923076923
0 0.5084134615384616 0.1971153846153846 0.036057692307692304 0.06370192307692307
0 0.2247596153846154 0.203125 0.036057692307692304 0.06370192307692307
0 0.5817307692307693 0.20432692307692307 0.04447115384615385 0.06370192307692307
0 0.7752403846153846 0.20552884615384615 0.036057692307692304 0.054086538461538464
0 0.5396634615384616 0.20673076923076922 0.037259615384615384 0.0733173076923077
0 0.7908653846153846 0.22115384615384615 0.02283653846153846 0.040865384615384616
0 0.10336538461538461 0.22235576923076922 0.04927884615384615 0.06971153846153846
0 0.18269230769230768 0.23197115384615385 0.03245192307692308 0.054086538461538464
0 0.9555288461538461 0.23677884615384615 0.030048076923076924 0.052884615384615384
0 0.47115384615384615 0.24519230769230768 0.039663461538461536 0.05048076923076923
0 0.7139423076923077 0.24759615384615385 0.03245192307692308 0.056490384615384616
0 0.6802884615384616 0.2548076923076923 0.03485576923076923 0.057692307692307696
0 0.9158653846153846 0.2548076923076923 0.03245192307692308 0.06009615384615385
0 0.03365384615384615 0.25721153846153844 0.05048076923076923 0.0673076923076923
0 0.43149038461538464 0.25841346153846156 0.038461538461538464 0.06370192307692307
0 0.640625 0.2608173076923077 0.036057692307692304 0.06370192307692307
0 0.22956730769230768 0.027644230769230768 0.03245192307692308 0.054086538461538464
0 0.8533653846153846 0.027644230769230768 0.026442307692307692 0.05048076923076923
0 0.9447115384615384 0.26322115384615385 0.027644230769230768 0.052884615384615384
0 0.3425480769230769 0.2644230769230769 0.04807692307692308 0.06009615384615385
0 0.8725961538461539 0.2692307692307692 0.028846153846153848 0.05048076923076923
0 0.375 0.2776442307692308 0.037259615384615384 0.06009615384615385
0 0.8365384615384616 0.28725961538461536 0.026442307692307692 0.04447115384615385
0 0.6129807692307693 0.28846153846153844 0.039663461538461536 0.056490384615384616
0 0.23076923076923078 0.296875 0.040865384615384616 0.06370192307692307
0 0.8221153846153846 0.03125 0.02283653846153846 0.054086538461538464
0 0.30288461538461536 0.3016826923076923 0.038461538461538464 0.06610576923076923
0 0.1814903846153846 0.3125 0.042067307692307696 0.0733173076923077
0 0.5120192307692307 0.3137019230769231 0.036057692307692304 0.06370192307692307
0 0.5540865384615384 0.3137019230769231 0.03365384615384615 0.06610576923076923
0 0.7920673076923077 0.03245192307692308 0.02283653846153846 0.052884615384615384
0 0.8293269230769231 0.32211538461538464 0.042067307692307696 0.06610576923076923
0 0.4651442307692308 0.3293269230769231 0.03485576923076923 0.0625
0 0.5973557692307693 0.3317307692307692 0.038461538461538464 0.06009615384615385
0 0.9891826923076923 0.3329326923076923 0.021634615384615384 0.06971153846153846
0 0.7632211538461539 0.33533653846153844 0.026442307692307692 0.057692307692307696
0 0.5360576923076923 0.03365384615384615 0.030048076923076924 0.04927884615384615
0 0.7584134615384616 0.03365384615384615 0.03485576923076923 0.04927884615384615
0 0.4026442307692308 0.33774038461538464 0.030048076923076924 0.030048076923076924
0 0.9699519230769231 0.3401442307692308 0.03485576923076923 0.07091346153846154
0 0.7283653846153846 0.35336538461538464 0.03245192307692308 0.05048076923076923
0 0.5036057692307693 0.036057692307692304 0.028846153846153848 0.052884615384615384
0 0.18028846153846154 0.036057692307692304 0.04326923076923077 0.06610576923076923
0 0.36899038461538464 0.35697115384615385 0.04807692307692308 0.0733173076923077
0 0.8942307692307693 0.359375 0.03485576923076923 0.036057692307692304
0 0.6430288461538461 0.3701923076923077 0.03485576923076923 0.06370192307692307
0 0.40384615384615385 0.3762019230769231 0.03365384615384615 0.054086538461538464
0 0.1141826923076923 0.3786057692307692 0.04567307692307692 0.0673076923076923
0 0.07451923076923077 0.38461538461538464 0.040865384615384616 0.07451923076923077
0 0.6682692307692307 0.3858173076923077 0.002403846153846154 0.002403846153846154
0 0.3173076923076923 0.390625 0.040865384615384616 0.06610576923076923
0 0.8774038461538461 0.3918269230769231 0.04927884615384615 0.057692307692307696
0 0.14182692307692307 0.039663461538461536 0.037259615384615384 0.06370192307692307
0 0.6069711538461539 0.3954326923076923 0.036057692307692304 0.0673076923076923
0 0.03485576923076923 0.39783653846153844 0.04567307692307692 0.0733173076923077
0 0.8245192307692307 0.40384615384615385 0.03365384615384615 0.030048076923076924
0 0.2776442307692308 0.40625 0.042067307692307696 0.08052884615384616
0 0.7872596153846154 0.4098557692307692 0.028846153846153848 0.057692307692307696
0 0.5637019230769231 0.41225961538461536 0.038461538461538464 0.0673076923076923
0 0.6862980769230769 0.41466346153846156 0.03485576923076923 0.06009615384615385
0 0.7584134615384616 0.4182692307692308 0.030048076923076924 0.0673076923076923
0 0.5240384615384616 0.4206730769230769 0.040865384615384616 0.0673076923076923
0 0.4699519230769231 0.04326923076923077 0.03485576923076923 0.04927884615384615
0 0.5012019230769231 0.43149038461538464 0.038461538461538464 0.07932692307692307
0 0.9122596153846154 0.4338942307692308 0.02403846153846154 0.040865384615384616
0 0.8257211538461539 0.4483173076923077 0.039663461538461536 0.06370192307692307
0 0.21514423076923078 0.46033653846153844 0.036057692307692304 0.06971153846153846
0 0.9603365384615384 0.46153846153846156 0.039663461538461536 0.06370192307692307
0 0.11778846153846154 0.4639423076923077 0.04807692307692308 0.0673076923076923
0 0.17067307692307693 0.4675480769230769 0.042067307692307696 0.07091346153846154
0 0.7127403846153846 0.046875 0.03485576923076923 0.06009615384615385
0 0.47475961538461536 0.47475961538461536 0.038461538461538464 0.06009615384615385
0 0.7271634615384616 0.4795673076923077 0.042067307692307696 0.07692307692307693
0 0.6935096153846154 0.4807692307692308 0.042067307692307696 0.07091346153846154
0 0.421875 0.48197115384615385 0.040865384615384616 0.08653846153846154
0 0.8810096153846154 0.49759615384615385 0.042067307692307696 0.054086538461538464
0 0.3762019230769231 0.5024038461538461 0.036057692307692304 0.06370192307692307
0 0.6502403846153846 0.5036057692307693 0.03485576923076923 0.0625
0 0.9050480769230769 0.5132211538461539 0.03245192307692308 0.0625
0 0.06009615384615385 0.5144230769230769 0.036057692307692304 0.06009615384615385
0 0.014423076923076924 0.5180288461538461 0.028846153846153848 0.0673076923076923
0 0.9362980769230769 0.5192307692307693 0.03245192307692308 0.046875
0 0.6201923076923077 0.5192307692307693 0.03245192307692308 0.0673076923076923
0 0.31490384615384615 0.5240384615384616 0.04807692307692308 0.0829326923076923
0 0.3401442307692308 0.052884615384615384 0.042067307692307696 0.06610576923076923
0 0.07932692307692307 0.052884615384615384 0.040865384615384616 0.0733173076923077
0 0.9074519230769231 0.052884615384615384 0.036057692307692304 0.036057692307692304
0 0.8629807692307693 0.5276442307692307 0.042067307692307696 0.06610576923076923
0 0.5841346153846154 0.5372596153846154 0.042067307692307696 0.0733173076923077
0 0.7740384615384616 0.5408653846153846 0.04447115384615385 0.06971153846153846
0 0.9855769230769231 0.054086538461538464 0.027644230769230768 0.052884615384615384
0 0.6286057692307693 0.055288461538461536 0.042067307692307696 0.06971153846153846
0 0.38341346153846156 0.056490384615384616 0.03365384615384615 0.06370192307692307
0 0.27283653846153844 0.5745192307692307 0.05048076923076923 0.0829326923076923
0 0.5709134615384616 0.5769230769230769 0.038461538461538464 0.08052884615384616
0 0.4423076923076923 0.5805288461538461 0.05048076923076923 0.08052884615384616
0 0.5252403846153846 0.5829326923076923 0.04927884615384615 0.08774038461538461
0 0.20552884615384615 0.5913461538461539 0.042067307692307696 0.0733173076923077
0 0.14903846153846154 0.6033653846153846 0.05048076923076923 0.07692307692307693
0 0.8317307692307693 0.6045673076923077 0.04807692307692308 0.0673076923076923
0 0.9807692307692307 0.6045673076923077 0.037259615384615384 0.07091346153846154
0 0.7091346153846154 0.6153846153846154 0.038461538461538464 0.06370192307692307
0 0.05048076923076923 0.0625 0.038461538461538464 0.0625
0 0.9639423076923077 0.0625 0.036057692307692304 0.05048076923076923
0 0.4254807692307692 0.6310096153846154 0.04927884615384615 0.08413461538461539
0 0.37740384615384615 0.6322115384615384 0.052884615384615384 0.07932692307692307
0 0.9615384615384616 0.6370192307692307 0.037259615384615384 0.06610576923076923
0 0.7415865384615384 0.6430288461538461 0.038461538461538464 0.057692307692307696
0 0.09014423076923077 0.6454326923076923 0.04807692307692308 0.08653846153846154
0 0.6225961538461539 0.6514423076923077 0.03365384615384615 0.0673076923076923
0 0.042067307692307696 0.6526442307692307 0.051682692307692304 0.08653846153846154
0 0.8942307692307693 0.6526442307692307 0.039663461538461536 0.0673076923076923
0 0.9266826923076923 0.6574519230769231 0.03485576923076923 0.054086538461538464
0 0.6574519230769231 0.6634615384615384 0.039663461538461536 0.054086538461538464
0 0.3269230769230769 0.6790865384615384 0.036057692307692304 0.06370192307692307
0 0.015625 0.6814903846153846 0.03125 0.09014423076923077
0 0.2848557692307692 0.6850961538461539 0.05048076923076923 0.07932692307692307
0 0.5757211538461539 0.6935096153846154 0.039663461538461536 0.0733173076923077
0 0.008413461538461538 0.06971153846153846 0.016826923076923076 0.057692307692307696
0 0.22956730769230768 0.6947115384615384 0.04927884615384615 0.08653846153846154
0 0.8725961538461539 0.703125 0.04447115384615385 0.0733173076923077
0 0.5324519230769231 0.7163461538461539 0.04807692307692308 0.06971153846153846
0 0.20192307692307693 0.7163461538461539 0.052884615384615384 0.0829326923076923
0 0.8040865384615384 0.7367788461538461 0.04326923076923077 0.09014423076923077
0 0.9867788461538461 0.7572115384615384 0.026442307692307692 0.08774038461538461
0 0.7271634615384616 0.7608173076923077 0.054086538461538464 0.07692307692307693
0 0.41466346153846156 0.7620192307692307 0.04567307692307692 0.0829326923076923
0 0.12259615384615384 0.7668269230769231 0.040865384615384616 0.07091346153846154
0 0.46634615384615385 0.7716346153846154 0.055288461538461536 0.08052884615384616
0 0.9651442307692307 0.7788461538461539 0.039663461538461536 0.07091346153846154
0 0.5661057692307693 0.8016826923076923 0.055288461538461536 0.056490384615384616
0 0.6177884615384616 0.08173076923076923 0.027644230769230768 0.054086538461538464
0 0.6971153846153846 0.8088942307692307 0.04567307692307692 0.07932692307692307
0 0.36899038461538464 0.8161057692307693 0.04927884615384615 0.07451923076923077
0 0.04326923076923077 0.8185096153846154 0.040865384615384616 0.07932692307692307
0 0.8737980769230769 0.8221153846153846 0.04447115384615385 0.08653846153846154
0 0.28966346153846156 0.8329326923076923 0.051682692307692304 0.07091346153846154
0 0.7536057692307693 0.8329326923076923 0.027644230769230768 0.04447115384615385
0 0.9423076923076923 0.8353365384615384 0.04807692307692308 0.07692307692307693
0 0.32572115384615385 0.8365384615384616 0.040865384615384616 0.07932692307692307
0 0.6081730769230769 0.8605769230769231 0.04927884615384615 0.06971153846153846
0 0.8052884615384616 0.8798076923076923 0.04447115384615385 0.0829326923076923
0 0.8954326923076923 0.0889423076923077 0.03245192307692308 0.05048076923076923
0 0.5528846153846154 0.8846153846153846 0.04927884615384615 0.08413461538461539
0 0.14302884615384615 0.8882211538461539 0.057692307692307696 0.07692307692307693
0 0.2848557692307692 0.8930288461538461 0.040865384615384616 0.07932692307692307
0 0.5913461538461539 0.09014423076923077 0.038461538461538464 0.0673076923076923
0 0.4807692307692308 0.9026442307692307 0.06009615384615385 0.0829326923076923
0 0.7884615384615384 0.9110576923076923 0.03365384615384615 0.0733173076923077
0 0.7584134615384616 0.9206730769230769 0.040865384615384616 0.0829326923076923
0 0.96875 0.9387019230769231 0.0625 0.09134615384615384
0 0.39903846153846156 0.9543269230769231 0.055288461538461536 0.09134615384615384
0 0.6358173076923077 0.9603365384615384 0.06370192307692307 0.07451923076923077
0 0.6959134615384616 0.9627403846153846 0.055288461538461536 0.07451923076923077
0 0.4543269230769231 0.9663461538461539 0.054086538461538464 0.06370192307692307
0 0.20432692307692307 0.9663461538461539 0.04326923076923077 0.0673076923076923
0 0.34975961538461536 0.9699519230769231 0.051682692307692304 0.06009615384615385
0 0.29086538461538464 0.09735576923076923 0.03125 0.06009615384615385
0 0.30528846153846156 0.9867788461538461 0.04447115384615385 0.026442307692307692
0 0.5432692307692307 0.9879807692307693 0.052884615384615384 0.02403846153846154
0 0.8978365384615384 0.9879807692307693 0.04567307692307692 0.02403846153846154
0 0.2536057692307692 0.10096153846153846 0.04447115384615385 0.06971153846153846
0 0.8689903846153846 0.10096153846153846 0.036057692307692304 0.054086538461538464
0 0.31971153846153844 0.10336538461538461 0.03125 0.040865384615384616
0 0.5540865384615384 0.1045673076923077 0.03365384615384615 0.057692307692307696
0 0.8389423076923077 0.10576923076923077 0.03485576923076923 0.054086538461538464
0 0.4795673076923077 0.1201923076923077 0.037259615384615384 0.06009615384615385
0 0.15865384615384615 0.12379807692307693 0.040865384615384616 0.07091346153846154
0 0.051682692307692304 0.12980769230769232 0.04807692307692308 0.06370192307692307
0 0.19831730769230768 0.12980769230769232 0.04567307692307692 0.057692307692307696
0 0.9819711538461539 0.13221153846153846 0.02283653846153846 0.054086538461538464
0 0.46153846153846156 0.13581730769230768 0.03485576923076923 0.06971153846153846
0 0.9627403846153846 0.13581730769230768 0.037259615384615384 0.0625
0 0.9891826923076923 0.13701923076923078 0.021634615384615384 0.0625
0 0.4170673076923077 0.14182692307692307 0.037259615384615384 0.0625
0 0.7512019230769231 0.14543269230769232 0.042067307692307696 0.054086538461538464
0 0.010817307692307692 0.14903846153846154 0.020432692307692308 0.0733173076923077
0 0.9266826923076923 0.1502403846153846 0.03245192307692308 0.06370192307692307
0 0.0985576923076923 0.15625 0.036057692307692304 0.05048076923076923
0 0.5372596153846154 0.16346153846153846 0.036057692307692304 0.04447115384615385
0 0.33413461538461536 0.16466346153846154 0.042067307692307696 0.06610576923076923
0 0.3786057692307692 0.1658653846153846 0.040865384615384616 0.057692307692307696
0 0.8858173076923077 0.016826923076923076 0.030048076923076924 0.03365384615384615
0 0.28846153846153844 0.018028846153846152 0.038461538461538464 0.036057692307692304
0 0.8040865384615384 0.17307692307692307 0.040865384615384616 0.057692307692307696
0 0.2956730769230769 0.1814903846153846 0.03245192307692308 0.057692307692307696
0 0.6574519230769231 0.1814903846153846 0.038461538461538464 0.0625
0 0.7175480769230769 0.18269230769230768 0.042067307692307696 0.03245192307692308