0 0.6682692307692307 0.0829326923076923 0.03125 0.040865384615384616
0 0.8245192307692307 0.06610576923076923 0.036057692307692304 0.040865384615384616
0 0.5048076923076923 0.10697115384615384 0.026442307692307692 0.03125
0 0.35336538461538464 0.12620192307692307 0.03125 0.036057692307692304
0 0.07572115384615384 0.06009615384615385 0.021634615384615384 0.02403846153846154
0 0.10576923076923077 0.16105769230769232 0.03125 0.040865384615384616
0 0.0889423076923077 0.1658653846153846 0.026442307692307692 0.03125
0 0.2956730769230769 0.14543269230769232 0.021634615384615384 0.03365384615384615
0 0.6358173076923077 0.003605769230769231 0.021634615384615384 0.007211538461538462
0 0.1814903846153846 0.16346153846153846 0.021634615384615384 0.028846153846153848
0 0.7355769230769231 0.10096153846153846 0.021634615384615384 0.03365384615384615
0 0.5540865384615384 0.12259615384615384 0.026442307692307692 0.03125
0 0.5949519230769231 0.1201923076923077 0.03125 0.040865384615384616
0 0.051682692307692304 0.1935096153846154 0.03125 0.040865384615384616
0 0.12620192307692307 0.18629807692307693 0.021634615384615384 0.028846153846153848
0 0.890625 0.09495192307692307 0.026442307692307692 0.040865384615384616
0 0.9086538461538461 0.09495192307692307 0.021634615384615384 0.03365384615384615
0 0.765625 0.11778846153846154 0.021634615384615384 0.02403846153846154
0 0.21875 0.18509615384615385 0.038461538461538464 0.04567307692307692
0 0.41586538461538464 0.1622596153846154 0.03365384615384615 0.04567307692307692
0 0.8701923076923077 0.109375 0.03365384615384615 0.04567307692307692
0 0.75 0.12379807692307693 0.03125 0.036057692307692304
0 0.8449519230769231 0.11778846153846154 0.021634615384615384 0.03365384615384615
0 0.39663461538461536 0.17427884615384615 0.03125 0.036057692307692304
0 0.26322115384615385 0.19110576923076922 0.026442307692307692 0.036057692307692304
0 0.025240384615384616 0.22235576923076922 0.03365384615384615 0.04567307692307692
0 0.6983173076923077 0.14543269230769232 0.026442307692307692 0.03125
0 0.4651442307692308 0.17548076923076922 0.03125 0.036057692307692304
0 0.9411057692307693 0.12139423076923077 0.026442307692307692 0.040865384615384616
0 0.11778846153846154 0.22235576923076922 0.036057692307692304 0.040865384615384616
0 0.5504807692307693 0.17427884615384615 0.026442307692307692 0.036057692307692304
0 0.6502403846153846 0.16466346153846154 0.026442307692307692 0.036057692307692304
0 0.2932692307692308 0.21033653846153846 0.03125 0.040865384615384616
0 0.10216346153846154 0.23677884615384615 0.026442307692307692 0.040865384615384616
0 0.19951923076923078 0.22716346153846154 0.03365384615384615 0.04567307692307692
0 0.4855769230769231 0.19471153846153846 0.021634615384615384 0.03365384615384615
0 0.36899038461538464 0.2091346153846154 0.03365384615384615 0.04567307692307692
0 0.7463942307692307 0.16466346153846154 0.021634615384615384 0.038461538461538464
0 0.6009615384615384 0.18269230769230768 0.026442307692307692 0.036057692307692304
0 0.22716346153846154 0.23317307692307693 0.021634615384615384 0.028846153846153848
0 0.7992788461538461 0.16706730769230768 0.026442307692307692 0.040865384615384616
0 0.7079326923076923 0.18028846153846154 0.026442307692307692 0.036057692307692304
0 0.15504807692307693 0.25240384615384615 0.03365384615384615 0.04567307692307692
0 0.5661057692307693 0.20432692307692307 0.026442307692307692 0.036057692307692304
0 0.05889423076923077 0.2668269230769231 0.03365384615384615 0.04567307692307692
0 0.9507211538461539 0.16947115384615385 0.026442307692307692 0.040865384615384616
0 0.8581730769230769 0.18870192307692307 0.03125 0.036057692307692304
0 0.8822115384615384 0.18870192307692307 0.03125 0.036057692307692304
0 0.24278846153846154 0.26802884615384615 0.026442307692307692 0.03125
0 0.5853365384615384 0.2283653846153846 0.03125 0.040865384615384616
0 0.4543269230769231 0.025240384615384616 0.021634615384615384 0.028846153846153848
0 0.32211538461538464 0.265625 0.028846153846153848 0.04567307692307692
0 0.2548076923076923 0.28846153846153844 0.026442307692307692 0.036057692307692304
0 0.36778846153846156 0.2764423076923077 0.03125 0.040865384615384616
0 0.019230769230769232 0.31971153846153844 0.038461538461538464 0.04567307692307692
0 0.453125 0.265625 0.03125 0.040865384615384616
0 0.3473557692307692 0.28125 0.026442307692307692 0.040865384615384616
0 0.9146634615384616 0.2127403846153846 0.03125 0.036057692307692304
0 0.8221153846153846 0.22956730769230768 0.03125 0.040865384615384616
0 0.7115384615384616 0.25 0.026442307692307692 0.036057692307692304
0 0.13822115384615385 0.3233173076923077 0.021634615384615384 0.03365384615384615
0 0.22956730769230768 0.3112980769230769 0.021634615384615384 0.03365384615384615
0 0.44711538461538464 0.29447115384615385 0.03125 0.040865384615384616
0 0.5612980769230769 0.2800480769230769 0.038461538461538464 0.04567307692307692
0 0.5 0.2932692307692308 0.03365384615384615 0.04567307692307692
0 0.1658653846153846 0.3401442307692308 0.03365384615384615 0.04567307692307692
0 0.007211538461538462 0.359375 0.014423076923076924 0.04567307692307692
0 0.25 0.057692307692307696 0.026442307692307692 0.036057692307692304
0 0.7283653846153846 0.004807692307692308 0.02403846153846154 0.009615384615384616
0 0.6478365384615384 0.2860576923076923 0.03125 0.036057692307692304
0 0.09014423076923077 0.36658653846153844 0.026442307692307692 0.040865384615384616
0 0.9651442307692307 0.2608173076923077 0.02403846153846154 0.04326923076923077
0 0.7608173076923077 0.006009615384615385 0.026442307692307692 0.01201923076923077
0 0.12259615384615384 0.37259615384615385 0.026442307692307692 0.040865384615384616
0 0.5300480769230769 0.025240384615384616 0.026442307692307692 0.03125
0 0.765625 0.30649038461538464 0.026442307692307692 0.040865384615384616
0 0.6105769230769231 0.3329326923076923 0.03125 0.040865384615384616
0 0.7151442307692307 0.31971153846153844 0.026442307692307692 0.036057692307692304
0 0.22235576923076922 0.38461538461538464 0.026442307692307692 0.040865384615384616
0 0.2824519230769231 0.3858173076923077 0.03365384615384615 0.04567307692307692
0 0.8161057692307693 0.3233173076923077 0.026442307692307692 0.03125
0 0.3293269230769231 0.055288461538461536 0.021634615384615384 0.028846153846153848
0 0.46153846153846156 0.3713942307692308 0.036057692307692304 0.040865384615384616
0 0.1814903846153846 0.40865384615384615 0.03365384615384615 0.04567307692307692
0 0.37259615384615385 0.3870192307692308 0.03365384615384615 0.04567307692307692
0 0.8822115384615384 0.3245192307692308 0.03125 0.036057692307692304
0 0.7379807692307693 0.35216346153846156 0.026442307692307692 0.040865384615384616
0 0.49038461538461536 0.037259615384615384 0.021634615384615384 0.028846153846153848
0 0.2848557692307692 0.0625 0.021634615384615384 0.028846153846153848
0 0.109375 0.0889423076923077 0.021634615384615384 0.038461538461538464
0 0.9747596153846154 0.3858173076923077 0.03365384615384615 0.05048076923076923
0 0.8473557692307693 0.008413461538461538 0.026442307692307692 0.016826923076923076
0 0.38461538461538464 0.057692307692307696 0.021634615384615384 0.02403846153846154
0 0.3557692307692308 0.0625 0.021634615384615384 0.03365384615384615
0 0.12980769230769232 0.09014423076923077 0.026442307692307692 0.036057692307692304
0 0.7283653846153846 0.019230769230769232 0.021634615384615384 0.02403846153846154
0 0.5396634615384616 0.04447115384615385 0.021634615384615384 0.03365384615384615
0 0.17548076923076922 0.09134615384615384 0.021634615384615384 0.028846153846153848
0 0.006009615384615385 0.11298076923076923 0.01201923076923077 0.019230769230769232
0 0.6466346153846154 0.036057692307692304 0.026442307692307692 0.036057692307692304
0 0.6947115384615384 0.030048076923076924 0.021634615384615384 0.02403846153846154
0 0.36658653846153844 0.0733173076923077 0.021634615384615384 0.03365384615384615
0 0.8786057692307693 0.013221153846153846 0.021634615384615384 0.026442307692307692
0 0.27524038461538464 0.08653846153846154 0.021634615384615384 0.03365384615384615
0 0.21634615384615385 0.09375 0.026442307692307692 0.036057692307692304
0 0.59375 0.04807692307692308 0.026442307692307692 0.03125
0 0.042067307692307696 0.11778846153846154 0.03125 0.036057692307692304
0 0.9939903846153846 0.5877403846153846 0.01201923076923077 0.04567307692307692
0 0.3425480769230769 0.6778846153846154 0.04807692307692308 0.06009615384615385
0 0.49759615384615385 0.6634615384615384 0.04807692307692308 0.055288461538461536
0 0.20793269230769232 0.7067307692307693 0.04326923076923077 0.055288461538461536
0 0.1466346153846154 0.10697115384615384 0.026442307692307692 0.040865384615384616
0 0.9266826923076923 0.013221153846153846 0.021634615384615384 0.026442307692307692
0 0.6165865384615384 0.6670673076923077 0.05048076923076923 0.06971153846153846
0 0.10336538461538461 0.7379807692307693 0.04326923076923077 0.06490384615384616
0 0.9158653846153846 0.6430288461538461 0.04326923076923077 0.055288461538461536
0 0.6778846153846154 0.6742788461538461 0.04326923076923077 0.055288461538461536
0 0.8185096153846154 0.6598557692307693 0.04807692307692308 0.06009615384615385
0 0.8581730769230769 0.03125 0.03125 0.040865384615384616
0 0.18509615384615385 0.1141826923076923 0.03365384615384615 0.04567307692307692
0 0.7199519230769231 0.04807692307692308 0.03125 0.03125
0 0.6790865384615384 0.052884615384615384 0.026442307692307692 0.03125
0 0.4026442307692308 0.08653846153846154 0.03125 0.036057692307692304
0 0.8088942307692307 0.039663461538461536 0.03125 0.036057692307692304
0 0.31971153846153844 0.8521634615384616 0.057692307692307696 0.06971153846153846
0 0.7788461538461539 0.7956730769230769 0.05048076923076923 0.06971153846153846
0 0.7391826923076923 0.05048076923076923 0.026442307692307692 0.036057692307692304
0 0.8966346153846154 0.038461538461538464 0.026442307692307692 0.03125
0 0.5817307692307693 0.07932692307692307 0.026442307692307692 0.040865384615384616
0 0.41466346153846156 0.016826923076923076 0.019230769230769232 0.019230769230769232
0 0.7824519230769231 0.06490384615384616 0.021634615384615384 0.03365384615384615
0 0.4543269230769231 0.10697115384615384 0.026442307692307692 0.03125