0 0.3245192307692308 0.5276442307692307 0.009615384615384616 0.018028846153846152
0 0.38461538461538464 0.5324519230769231 0.018028846153846152 0.02283653846153846
0 0.2848557692307692 0.5348557692307693 0.014423076923076924 0.027644230769230768
0 0.2980769230769231 0.5348557692307693 0.009615384615384616 0.018028846153846152
0 0.31490384615384615 0.5372596153846154 0.014423076923076924 0.018028846153846152
0 0.3076923076923077 0.5396634615384616 0.009615384615384616 0.018028846153846152
0 0.42788461538461536 0.5396634615384616 0.014423076923076924 0.03245192307692308
0 0.3629807692307692 0.5420673076923077 0.014423076923076924 0.018028846153846152
0 0.3425480769230769 0.546875 0.009615384615384616 0.018028846153846152
0 0.3269230769230769 0.5552884615384616 0.014423076923076924 0.018028846153846152
0 0.25961538461538464 0.5576923076923077 0.009615384615384616 0.018028846153846152
0 0.4795673076923077 0.5600961538461539 0.018028846153846152 0.03245192307692308
0 0.4170673076923077 0.5600961538461539 0.014423076923076924 0.014423076923076924
0 0.4519230769230769 0.5649038461538461 0.014423076923076924 0.018028846153846152
0 0.2980769230769231 0.5673076923076923 0.004807692307692308 0.02283653846153846
0 0.27524038461538464 0.5673076923076923 0.014423076923076924 0.018028846153846152
0 0.4254807692307692 0.5673076923076923 0.009615384615384616 0.018028846153846152
0 0.3449519230769231 0.5673076923076923 0.014423076923076924 0.02283653846153846
0 0.2920673076923077 0.5697115384615384 0.004807692307692308 0.027644230769230768
0 0.4675480769230769 0.5697115384615384 0.014423076923076924 0.027644230769230768
0 0.4951923076923077 0.5697115384615384 0.014423076923076924 0.018028846153846152
0 0.30528846153846156 0.5697115384615384 0.018028846153846152 0.027644230769230768
0 0.4423076923076923 0.5721153846153846 0.009615384615384616 0.027644230769230768
0 0.23557692307692307 0.5745192307692307 0.018028846153846152 0.018028846153846152
0 0.4098557692307692 0.5769230769230769 0.014423076923076924 0.018028846153846152
0 0.35216346153846156 0.5805288461538461 0.014423076923076924 0.018028846153846152
0 0.328125 0.5805288461538461 0.014423076923076924 0.027644230769230768
0 0.5625 0.5829326923076923 0.018028846153846152 0.042067307692307696
0 0.25961538461538464 0.5853365384615384 0.018028846153846152 0.027644230769230768
0 0.5949519230769231 0.5853365384615384 0.018028846153846152 0.03245192307692308
0 0.42788461538461536 0.5877403846153846 0.014423076923076924 0.02283653846153846
0 0.5252403846153846 0.5877403846153846 0.014423076923076924 0.02283653846153846
0 0.44711538461538464 0.5925480769230769 0.018028846153846152 0.027644230769230768
0 0.515625 0.5925480769230769 0.018028846153846152 0.02283653846153846
0 0.2824519230769231 0.5949519230769231 0.014423076923076924 0.02283653846153846
0 0.5 0.5949519230769231 0.014423076923076924 0.037259615384615384
0 0.6502403846153846 0.5949519230769231 0.018028846153846152 0.027644230769230768
0 0.23197115384615385 0.5973557692307693 0.014423076923076924 0.027644230769230768
0 0.21995192307692307 0.5997596153846154 0.018028846153846152 0.037259615384615384
0 0.40024038461538464 0.5997596153846154 0.018028846153846152 0.027644230769230768
0 0.3870192307692308 0.6045673076923077 0.018028846153846152 0.018028846153846152
0 0.34975961538461536 0.6045673076923077 0.018028846153846152 0.03245192307692308
0 0.43028846153846156 0.6105769230769231 0.018028846153846152 0.027644230769230768
0 0.41466346153846156 0.6105769230769231 0.018028846153846152 0.018028846153846152
0 0.7199519230769231 0.6129807692307693 0.018028846153846152 0.037259615384615384
0 0.33533653846153844 0.6177884615384616 0.018028846153846152 0.03245192307692308
0 0.578125 0.6177884615384616 0.018028846153846152 0.037259615384615384
0 0.25961538461538464 0.6225961538461539 0.018028846153846152 0.03245192307692308
0 0.2776442307692308 0.625 0.018028846153846152 0.03245192307692308
0 0.5204326923076923 0.625 0.018028846153846152 0.03245192307692308
0 0.3798076923076923 0.6274038461538461 0.018028846153846152 0.03245192307692308
0 0.546875 0.6274038461538461 0.018028846153846152 0.037259615384615384
0 0.5348557692307693 0.6274038461538461 0.018028846153846152 0.037259615384615384
0 0.47716346153846156 0.6274038461538461 0.02283653846153846 0.05048076923076923
0 0.3629807692307692 0.6322115384615384 0.018028846153846152 0.042067307692307696
0 0.19951923076923078 0.6346153846153846 0.02283653846153846 0.042067307692307696
0 0.39783653846153844 0.6346153846153846 0.018028846153846152 0.027644230769230768
0 0.5072115384615384 0.6346153846153846 0.018028846153846152 0.03245192307692308
0 0.2980769230769231 0.6346153846153846 0.018028846153846152 0.018028846153846152
0 0.4375 0.6394230769230769 0.02283653846153846 0.027644230769230768
0 0.8305288461538461 0.6430288461538461 0.02283653846153846 0.046875
0 0.8725961538461539 0.6454326923076923 0.02283653846153846 0.042067307692307696
0 0.6225961538461539 0.6478365384615384 0.02283653846153846 0.06009615384615385
0 0.30288461538461536 0.6526442307692307 0.02283653846153846 0.027644230769230768
0 0.6394230769230769 0.6550480769230769 0.018028846153846152 0.042067307692307696
0 0.44711538461538464 0.6598557692307693 0.018028846153846152 0.042067307692307696
0 0.5805288461538461 0.6598557692307693 0.02283653846153846 0.037259615384615384
0 0.21754807692307693 0.6598557692307693 0.02283653846153846 0.042067307692307696
0 0.359375 0.6646634615384616 0.02283653846153846 0.037259615384615384
0 0.3076923076923077 0.6670673076923077 0.02283653846153846 0.03245192307692308
0 0.2776442307692308 0.6670673076923077 0.02283653846153846 0.05048076923076923
0 0.671875 0.6694711538461539 0.018028846153846152 0.046875
0 0.33052884615384615 0.671875 0.02283653846153846 0.042067307692307696
0 0.3894230769230769 0.671875 0.027644230769230768 0.046875
0 0.49278846153846156 0.6730769230769231 0.02283653846153846 0.037259615384615384
0 0.5600961538461539 0.6754807692307693 0.037259615384615384 0.055288461538461536
0 0.18028846153846154 0.6778846153846154 0.02283653846153846 0.042067307692307696
0 0.796875 0.6826923076923077 0.03245192307692308 0.05048076923076923
0 0.19951923076923078 0.6850961538461539 0.018028846153846152 0.037259615384615384
0 0.15985576923076922 0.6947115384615384 0.02283653846153846 0.042067307692307696
0 0.5901442307692307 0.6947115384615384 0.018028846153846152 0.037259615384615384
0 0.3125 0.6971153846153846 0.018028846153846152 0.042067307692307696
0 0.24759615384615385 0.6995192307692307 0.018028846153846152 0.027644230769230768
0 0.46033653846153844 0.7019230769230769 0.02283653846153846 0.042067307692307696
0 0.6502403846153846 0.703125 0.018028846153846152 0.055288461538461536
0 0.4074519230769231 0.7055288461538461 0.02283653846153846 0.055288461538461536
0 0.5120192307692307 0.7055288461538461 0.018028846153846152 0.042067307692307696
0 0.32211538461538464 0.7103365384615384 0.037259615384615384 0.046875
0 0.7079326923076923 0.7127403846153846 0.018028846153846152 0.042067307692307696
0 0.7319711538461539 0.7151442307692307 0.02283653846153846 0.03245192307692308
0 0.8245192307692307 0.7271634615384616 0.027644230769230768 0.055288461538461536
0 0.2704326923076923 0.734375 0.027644230769230768 0.046875
0 0.25240384615384615 0.734375 0.02283653846153846 0.042067307692307696
0 0.4855769230769231 0.734375 0.027644230769230768 0.055288461538461536
0 0.20192307692307693 0.7355769230769231 0.027644230769230768 0.05048076923076923
0 0.10216346153846154 0.7403846153846154 0.03245192307692308 0.06009615384615385
0 0.23197115384615385 0.7451923076923077 0.03245192307692308 0.042067307692307696
0 0.037259615384615384 0.7475961538461539 0.055288461538461536 0.08774038461538461
0 0.328125 0.7572115384615384 0.03245192307692308 0.046875
0 0.46033653846153844 0.7728365384615384 0.02283653846153846 0.055288461538461536
0 0.6105769230769231 0.7800480769230769 0.027644230769230768 0.055288461538461536
0 0.6778846153846154 0.7872596153846154 0.03245192307692308 0.06009615384615385
0 0.8076923076923077 0.8004807692307693 0.03245192307692308 0.05048076923076923
0 0.2800480769230769 0.8052884615384616 0.027644230769230768 0.06009615384615385
0 0.125 0.8052884615384616 0.03245192307692308 0.078125
0 0.421875 0.8052884615384616 0.042067307692307696 0.055288461538461536
0 0.9879807692307693 0.8076923076923077 0.02283653846153846 0.06971153846153846
0 0.3545673076923077 0.8245192307692307 0.037259615384615384 0.06490384615384616
0 0.19471153846153846 0.8269230769230769 0.042067307692307696 0.05048076923076923
0 0.8329326923076923 0.8377403846153846 0.03245192307692308 0.06490384615384616
0 0.8798076923076923 0.8401442307692307 0.042067307692307696 0.06971153846153846
0 0.4026442307692308 0.8449519230769231 0.05048076923076923 0.0829326923076923
0 0.7644230769230769 0.8473557692307693 0.018028846153846152 0.06009615384615385
0 0.6478365384615384 0.8545673076923077 0.037259615384615384 0.078125
0 0.8004807692307693 0.8605769230769231 0.05048076923076923 0.07451923076923077
0 0.5420673076923077 0.8701923076923077 0.037259615384615384 0.055288461538461536
0 0.9050480769230769 0.8725961538461539 0.05048076923076923 0.08774038461538461
0 0.6394230769230769 0.9026442307692307 0.037259615384615384 0.06490384615384616
0 0.18990384615384615 0.9050480769230769 0.03245192307692308 0.06490384615384616
0 0.5144230769230769 0.9122596153846154 0.03245192307692308 0.06009615384615385
0 0.5997596153846154 0.9423076923076923 0.06009615384615385 0.09735576923076923
0 0.47836538461538464 0.9831730769230769 0.04807692307692308 0.03365384615384615