0 0.5036057692307693 0.2620192307692308 0.016826923076923076 0.025240384615384616
0 0.4266826923076923 0.26322115384615385 0.028846153846153848 0.051682692307692304
0 0.47115384615384615 0.2644230769230769 0.02403846153846154 0.037259615384615384
0 0.054086538461538464 0.2704326923076923 0.042067307692307696 0.0673076923076923
0 0.4074519230769231 0.2704326923076923 0.020432692307692308 0.02403846153846154
0 0.5408653846153846 0.2704326923076923 0.018028846153846152 0.028846153846153848
0 0.5769230769230769 0.27283653846153844 0.01201923076923077 0.021634615384615384
0 0.09495192307692307 0.27524038461538464 0.021634615384615384 0.028846153846153848
0 0.29927884615384615 0.2764423076923077 0.025240384615384616 0.036057692307692304
0 0.6201923076923077 0.2764423076923077 0.018028846153846152 0.020432692307692308
0 0.25600961538461536 0.2776442307692308 0.02283653846153846 0.039663461538461536
0 0.44711538461538464 0.2776442307692308 0.014423076923076924 0.013221153846153846
0 0.5649038461538461 0.2776442307692308 0.018028846153846152 0.02403846153846154
0 0.6838942307692307 0.2776442307692308 0.020432692307692308 0.020432692307692308
0 0.53125 0.2800480769230769 0.020432692307692308 0.036057692307692304
0 0.3485576923076923 0.2824519230769231 0.030048076923076924 0.036057692307692304
0 0.7319711538461539 0.28365384615384615 0.028846153846153848 0.04567307692307692
0 0.16346153846153846 0.2848557692307692 0.025240384615384616 0.046875
0 0.21394230769230768 0.2848557692307692 0.018028846153846152 0.03245192307692308
0 0.6009615384615384 0.2848557692307692 0.019230769230769232 0.02403846153846154
0 0.49399038461538464 0.2860576923076923 0.019230769230769232 0.025240384615384616
0 0.5120192307692307 0.28725961538461536 0.018028846153846152 0.025240384615384616
0 0.025240384615384616 0.2932692307692308 0.03485576923076923 0.038461538461538464
0 0.38221153846153844 0.296875 0.02283653846153846 0.030048076923076924
0 0.5841346153846154 0.2980769230769231 0.02403846153846154 0.021634615384615384
0 0.4639423076923077 0.3016826923076923 0.036057692307692304 0.04567307692307692
0 0.14903846153846154 0.30408653846153844 0.028846153846153848 0.051682692307692304
0 0.1971153846153846 0.30528846153846156 0.018028846153846152 0.038461538461538464
0 0.7067307692307693 0.30528846153846156 0.03365384615384615 0.04326923076923077
0 0.2848557692307692 0.30649038461538464 0.037259615384615384 0.06129807692307692
0 0.9783653846153846 0.30649038461538464 0.04326923076923077 0.09375
0 0.24158653846153846 0.3088942307692308 0.02283653846153846 0.04927884615384615
0 0.8509615384615384 0.3161057692307692 0.03125 0.052884615384615384
0 0.5625 0.32091346153846156 0.02403846153846154 0.025240384615384616
0 0.34134615384615385 0.3245192307692308 0.028846153846153848 0.05048076923076923
0 0.4519230769230769 0.3245192307692308 0.03365384615384615 0.04326923076923077
0 0.6442307692307693 0.3293269230769231 0.05889423076923077 0.08413461538461539
0 0.8149038461538461 0.3329326923076923 0.03485576923076923 0.051682692307692304
0 0.7596153846153846 0.34975961538461536 0.05048076923076923 0.0673076923076923
0 0.8365384615384616 0.35336538461538464 0.027644230769230768 0.052884615384615384
0 0.6009615384615384 0.35697115384615385 0.037259615384615384 0.05889423076923077
0 0.8509615384615384 0.4987980769230769 0.04927884615384615 0.06610576923076923