0 0.8978365384615384 0.7487980769230769 0.09134615384615384 0.06490384615384616
0 0.06129807692307692 0.04326923076923077 0.0625 0.05048076923076923
0 0.3329326923076923 0.7271634615384616 0.07692307692307693 0.055288461538461536
0 0.08774038461538461 0.7199519230769231 0.08173076923076923 0.052884615384615384
0 0.013221153846153846 0.7283653846153846 0.026442307692307692 0.052884615384615384
0 0.6586538461538461 0.7764423076923077 0.09615384615384616 0.052884615384615384
0 0.1778846153846154 0.056490384615384616 0.0625 0.055288461538461536
0 0.5841346153846154 0.08774038461538461 0.052884615384615384 0.040865384615384616
0 0.96875 0.11658653846153846 0.0625 0.05048076923076923
0 0.7367788461538461 0.8629807692307693 0.0625 0.036057692307692304
0 0.9338942307692307 0.8918269230769231 0.08173076923076923 0.06490384615384616
0 0.09735576923076923 0.8449519230769231 0.08653846153846154 0.06009615384615385
0 0.027644230769230768 0.8521634615384616 0.055288461538461536 0.06971153846153846
0 0.2956730769230769 0.8713942307692307 0.07211538461538461 0.05048076923076923
0 0.7295673076923077 0.90625 0.10096153846153846 0.0625
0 0.8125 0.11057692307692307 0.08173076923076923 0.052884615384615384
0 0.32211538461538464 0.8954326923076923 0.07932692307692307 0.06009615384615385
0 0.20673076923076922 0.8930288461538461 0.0673076923076923 0.04567307692307692
0 0.4182692307692308 0.08533653846153846 0.07211538461538461 0.04567307692307692
0 0.4987980769230769 0.9182692307692307 0.07692307692307693 0.04326923076923077
0 0.7079326923076923 0.10576923076923077 0.057692307692307696 0.05048076923076923
0 0.09375 0.06610576923076923 0.07211538461538461 0.05048076923076923
0 0.6153846153846154 0.11177884615384616 0.07211538461538461 0.055288461538461536
0 0.6610576923076923 0.12139423076923077 0.0625 0.04567307692307692
0 0.3894230769230769 0.109375 0.07692307692307693 0.04326923076923077
0 0.47716346153846156 0.13221153846153846 0.08173076923076923 0.055288461538461536
0 0.7295673076923077 0.15625 0.07211538461538461 0.04567307692307692
0 0.6310096153846154 0.02283653846153846 0.04807692307692308 0.03125
0 0.8137019230769231 0.036057692307692304 0.0625 0.036057692307692304
0 0.9927884615384616 0.19110576923076922 0.014423076923076924 0.026442307692307692
0 0.9795673076923077 0.21033653846153846 0.040865384615384616 0.036057692307692304
0 0.15264423076923078 0.15264423076923078 0.0673076923076923 0.036057692307692304
0 0.8461538461538461 0.203125 0.0625 0.040865384615384616
0 0.125 0.004807692307692308 0.07211538461538461 0.009615384615384616
0 0.6887019230769231 0.19230769230769232 0.052884615384615384 0.040865384615384616
0 0.7391826923076923 0.19831730769230768 0.0673076923076923 0.05048076923076923
0 0.5216346153846154 0.18870192307692307 0.0673076923076923 0.04567307692307692
0 0.9375 0.21995192307692307 0.08653846153846154 0.04807692307692308
0 0.4206730769230769 0.016826923076923076 0.0625 0.03365384615384615
0 0.38461538461538464 0.18629807692307693 0.0625 0.04567307692307692
0 0.5673076923076923 0.20552884615384615 0.07692307692307693 0.052884615384615384
0 0.27163461538461536 0.18509615384615385 0.0673076923076923 0.03125
0 0.31971153846153844 0.18990384615384615 0.052884615384615384 0.04567307692307692
0 0.07451923076923077 0.17548076923076922 0.07211538461538461 0.055288461538461536
0 0.796875 0.2283653846153846 0.057692307692307696 0.04567307692307692
0 0.9759615384615384 0.24639423076923078 0.04807692307692308 0.05048076923076923
0 0.12740384615384615 0.19110576923076922 0.08173076923076923 0.04807692307692308
0 0.6538461538461539 0.234375 0.07692307692307693 0.055288461538461536
0 0.2764423076923077 0.22115384615384615 0.07211538461538461 0.05048076923076923
0 0.9038461538461539 0.26802884615384615 0.057692307692307696 0.04567307692307692
0 0.5576923076923077 0.24639423076923078 0.0673076923076923 0.055288461538461536
0 0.4411057692307692 0.24519230769230768 0.057692307692307696 0.036057692307692304
0 0.7211538461538461 0.2848557692307692 0.09615384615384616 0.057692307692307696
0 0.06490384615384616 0.24158653846153846 0.0673076923076923 0.05048076923076923
0 0.6129807692307693 0.2824519230769231 0.07692307692307693 0.052884615384615384
0 0.12379807692307693 0.2512019230769231 0.0673076923076923 0.05048076923076923
0 0.4735576923076923 0.2776442307692308 0.0673076923076923 0.05048076923076923
0 0.8653846153846154 0.054086538461538464 0.052884615384615384 0.04567307692307692
0 0.22235576923076922 0.2776442307692308 0.0673076923076923 0.04567307692307692
0 0.9735576923076923 0.3329326923076923 0.052884615384615384 0.055288461538461536
0 0.3112980769230769 0.28966346153846156 0.0673076923076923 0.040865384615384616
0 0.4375 0.2980769230769231 0.07211538461538461 0.05048076923076923
0 0.16947115384615385 0.28125 0.07211538461538461 0.040865384615384616
0 0.49278846153846156 0.028846153846153848 0.0625 0.04567307692307692
0 0.7740384615384616 0.33653846153846156 0.07692307692307693 0.04807692307692308
0 0.8918269230769231 0.3485576923076923 0.0625 0.040865384615384616
0 0.5024038461538461 0.328125 0.07211538461538461 0.05048076923076923
0 0.36177884615384615 0.3233173076923077 0.07211538461538461 0.04567307692307692
0 0.2920673076923077 0.32091346153846156 0.07692307692307693 0.04326923076923077
0 0.8605769230769231 0.3629807692307692 0.07932692307692307 0.038461538461538464
0 0.6622596153846154 0.3605769230769231 0.0625 0.04567307692307692
0 0.15384615384615385 0.328125 0.09134615384615384 0.06009615384615385
0 0.4519230769230769 0.35336538461538464 0.0673076923076923 0.04567307692307692
0 0.7103365384615384 0.3798076923076923 0.07692307692307693 0.055288461538461536
0 0.39663461538461536 0.3581730769230769 0.08173076923076923 0.052884615384615384
0 0.3293269230769231 0.35336538461538464 0.0625 0.04567307692307692
0 0.765625 0.3858173076923077 0.0625 0.036057692307692304
0 0.9807692307692307 0.4014423076923077 0.038461538461538464 0.04326923076923077
0 0.8629807692307693 0.39783653846153844 0.057692307692307696 0.040865384615384616
0 0.27884615384615385 0.3641826923076923 0.08653846153846154 0.055288461538461536
0 0.6213942307692307 0.390625 0.07211538461538461 0.040865384615384616
0 0.5420673076923077 0.3918269230769231 0.07932692307692307 0.06009615384615385
0 0.9278846153846154 0.4206730769230769 0.10096153846153846 0.057692307692307696
0 0.7716346153846154 0.057692307692307696 0.07211538461538461 0.04567307692307692
0 0.7608173076923077 0.41586538461538464 0.0625 0.05048076923076923
0 0.47716346153846156 0.39783653846153844 0.07211538461538461 0.055288461538461536
0 0.8233173076923077 0.42788461538461536 0.08173076923076923 0.052884615384615384
0 0.35697115384615385 0.39903846153846156 0.07692307692307693 0.04807692307692308
0 0.6069711538461539 0.4326923076923077 0.07211538461538461 0.040865384615384616
0 0.6971153846153846 0.4411057692307692 0.08653846153846154 0.055288461538461536
0 0.5793269230769231 0.051682692307692304 0.0673076923076923 0.05048076923076923
0 0.2932692307692308 0.4411057692307692 0.08653846153846154 0.06009615384615385
0 0.11658653846153846 0.42908653846153844 0.0625 0.036057692307692304
0 0.7644230769230769 0.47836538461538464 0.08173076923076923 0.06490384615384616
0 0.953125 0.5060096153846154 0.09134615384615384 0.055288461538461536
0 0.49158653846153844 0.47596153846153844 0.09134615384615384 0.06009615384615385
0 0.390625 0.47716346153846156 0.08173076923076923 0.052884615384615384
0 0.11778846153846154 0.4579326923076923 0.04326923076923077 0.026442307692307692
0 0.042067307692307696 0.4519230769230769 0.0673076923076923 0.04567307692307692
0 0.09735576923076923 0.484375 0.08173076923076923 0.052884615384615384
0 0.4375 0.5348557692307693 0.07932692307692307 0.06009615384615385
0 0.6766826923076923 0.5625 0.08413461538461539 0.04326923076923077
0 0.8329326923076923 0.5877403846153846 0.07692307692307693 0.052884615384615384
0 0.6947115384615384 0.06971153846153846 0.0673076923076923 0.040865384615384616
0 0.09254807692307693 0.5456730769230769 0.08173076923076923 0.06009615384615385
0 0.8762019230769231 0.6069711538461539 0.09134615384615384 0.052884615384615384
0 0.3016826923076923 0.5721153846153846 0.08173076923076923 0.04807692307692308
0 0.7379807692307693 0.6069711538461539 0.08653846153846154 0.055288461538461536
0 0.9723557692307693 0.6237980769230769 0.04326923076923077 0.052884615384615384
0 0.6778846153846154 0.6081730769230769 0.08173076923076923 0.052884615384615384
0 0.1658653846153846 0.5793269230769231 0.07692307692307693 0.04807692307692308
0 0.6129807692307693 0.6129807692307693 0.04807692307692308 0.03125
0 0.9471153846153846 0.6358173076923077 0.08653846153846154 0.055288461538461536
0 0.042067307692307696 0.5829326923076923 0.08413461538461539 0.06490384615384616
0 0.9855769230769231 0.09495192307692307 0.028846153846153848 0.04567307692307692
0 0.5444711538461539 0.6237980769230769 0.0673076923076923 0.05048076923076923
0 0.8076923076923077 0.6490384615384616 0.07211538461538461 0.055288461538461536
0 0.25841346153846156 0.6225961538461539 0.07451923076923077 0.06009615384615385
0 0.5925480769230769 0.6466346153846154 0.07692307692307693 0.055288461538461536
0 0.46033653846153844 0.6382211538461539 0.0673076923076923 0.04567307692307692
0 0.2127403846153846 0.6237980769230769 0.052884615384615384 0.05048076923076923
0 0.9002403846153846 0.6790865384615384 0.07211538461538461 0.055288461538461536
0 0.8882211538461539 0.09375 0.052884615384615384 0.036057692307692304
0 0.3954326923076923 0.6658653846153846 0.07692307692307693 0.04807692307692308
0 0.49038461538461536 0.6730769230769231 0.08173076923076923 0.055288461538461536
0 0.12740384615384615 0.6574519230769231 0.0673076923076923 0.05048076923076923
0 0.6322115384615384 0.6947115384615384 0.0625 0.04567307692307692
0 0.5685096153846154 0.7043269230769231 0.08653846153846154 0.06009615384615385
0 0.6610576923076923 0.7139423076923077 0.07211538461538461 0.05048076923076923
0 0.4050480769230769 0.7091346153846154 0.07211538461538461 0.055288461538461536