0 0.4483173076923077 0.32572115384615385 0.01201923076923077 0.016826923076923076
0 0.4423076923076923 0.33413461538461536 0.01201923076923077 0.016826923076923076
0 0.4651442307692308 0.33774038461538464 0.007211538461538462 0.014423076923076924
0 0.49399038461538464 0.3449519230769231 0.01201923076923077 0.016826923076923076
0 0.5673076923076923 0.3557692307692308 0.007211538461538462 0.014423076923076924
0 0.5324519230769231 0.35336538461538464 0.01201923076923077 0.016826923076923076
0 0.6286057692307693 0.36778846153846156 0.007211538461538462 0.014423076923076924
0 0.5757211538461539 0.36177884615384615 0.01201923076923077 0.019230769230769232
0 0.6346153846153846 0.3713942307692308 0.01201923076923077 0.016826923076923076
0 0.7283653846153846 0.3894230769230769 0.01201923076923077 0.016826923076923076
0 0.6165865384615384 0.3737980769230769 0.01201923076923077 0.016826923076923076
0 0.6478365384615384 0.3786057692307692 0.01201923076923077 0.016826923076923076
0 0.5264423076923077 0.36177884615384615 0.01201923076923077 0.016826923076923076
0 0.6862980769230769 0.38822115384615385 0.007211538461538462 0.009615384615384616
0 0.5120192307692307 0.3629807692307692 0.007211538461538462 0.014423076923076924
0 0.6923076923076923 0.3942307692307692 0.007211538461538462 0.009615384615384616
0 0.46875 0.3581730769230769 0.01201923076923077 0.016826923076923076
0 0.6346153846153846 0.3894230769230769 0.01201923076923077 0.016826923076923076
0 0.7067307692307693 0.40625 0.007211538461538462 0.009615384615384616
0 0.6129807692307693 0.3918269230769231 0.01201923076923077 0.016826923076923076
0 0.6995192307692307 0.4074519230769231 0.01201923076923077 0.01201923076923077
0 0.5661057692307693 0.3870192307692308 0.01201923076923077 0.01201923076923077
0 0.5408653846153846 0.38461538461538464 0.01201923076923077 0.016826923076923076
0 0.4891826923076923 0.3786057692307692 0.016826923076923076 0.019230769230769232
0 0.6021634615384616 0.39663461538461536 0.01201923076923077 0.016826923076923076
0 0.390625 0.3629807692307692 0.016826923076923076 0.02403846153846154
0 0.640625 0.4110576923076923 0.016826923076923076 0.019230769230769232
0 0.6153846153846154 0.4098557692307692 0.01201923076923077 0.016826923076923076
0 0.43028846153846156 0.38100961538461536 0.016826923076923076 0.02403846153846154
0 0.5576923076923077 0.40384615384615385 0.01201923076923077 0.016826923076923076
0 0.7487980769230769 0.4338942307692308 0.01201923076923077 0.016826923076923076
0 0.45913461538461536 0.390625 0.01201923076923077 0.019230769230769232
0 0.5084134615384616 0.39783653846153844 0.01201923076923077 0.016826923076923076
0 0.5889423076923077 0.41346153846153844 0.016826923076923076 0.016826923076923076
0 0.7716346153846154 0.4423076923076923 0.01201923076923077 0.019230769230769232
0 0.39903846153846156 0.3858173076923077 0.016826923076923076 0.019230769230769232
0 0.9651442307692307 0.47716346153846156 0.016826923076923076 0.019230769230769232
0 0.5348557692307693 0.4098557692307692 0.01201923076923077 0.016826923076923076
0 0.31490384615384615 0.37740384615384615 0.021634615384615384 0.026442307692307692
0 0.7067307692307693 0.4387019230769231 0.016826923076923076 0.019230769230769232
0 0.6610576923076923 0.4411057692307692 0.016826923076923076 0.02403846153846154
0 0.6826923076923077 0.44711538461538464 0.01201923076923077 0.016826923076923076
0 0.3641826923076923 0.39663461538461536 0.016826923076923076 0.02403846153846154
0 0.6706730769230769 0.44591346153846156 0.01201923076923077 0.01201923076923077
0 0.6009615384615384 0.4375 0.016826923076923076 0.02403846153846154
0 0.8353365384615384 0.4735576923076923 0.021634615384615384 0.026442307692307692
0 0.578125 0.4375 0.01201923076923077 0.016826923076923076
0 0.5697115384615384 0.44471153846153844 0.016826923076923076 0.02403846153846154
0 0.43990384615384615 0.4326923076923077 0.016826923076923076 0.019230769230769232
0 0.8677884615384616 0.5 0.021634615384615384 0.026442307692307692
0 0.3161057692307692 0.4170673076923077 0.016826923076923076 0.02403846153846154
0 0.5408653846153846 0.453125 0.026442307692307692 0.036057692307692304
0 0.8485576923076923 0.5060096153846154 0.026442307692307692 0.036057692307692304
0 0.5637019230769231 0.4675480769230769 0.016826923076923076 0.019230769230769232
0 0.6802884615384616 0.4855769230769231 0.03365384615384615 0.05048076923076923
0 0.7836538461538461 0.5024038461538461 0.026442307692307692 0.03125
0 0.3918269230769231 0.44471153846153844 0.016826923076923076 0.02403846153846154
0 0.7319711538461539 0.4987980769230769 0.01201923076923077 0.019230769230769232
0 0.3233173076923077 0.4338942307692308 0.02403846153846154 0.036057692307692304
0 0.7524038461538461 0.5048076923076923 0.021634615384615384 0.026442307692307692
0 0.9927884615384616 0.5456730769230769 0.014423076923076924 0.028846153846153848
0 0.953125 0.5384615384615384 0.021634615384615384 0.03125
0 0.21875 0.4230769230769231 0.021634615384615384 0.026442307692307692
0 0.9050480769230769 0.53125 0.026442307692307692 0.036057692307692304
0 0.7079326923076923 0.5 0.021634615384615384 0.026442307692307692
0 0.6129807692307693 0.4855769230769231 0.016826923076923076 0.019230769230769232
0 0.5192307692307693 0.4723557692307692 0.016826923076923076 0.02403846153846154
0 0.6454326923076923 0.4951923076923077 0.016826923076923076 0.02403846153846154
0 0.6225961538461539 0.49158653846153844 0.026442307692307692 0.036057692307692304
0 0.578125 0.48677884615384615 0.026442307692307692 0.026442307692307692
0 0.18028846153846154 0.43149038461538464 0.03365384615384615 0.05048076923076923
0 0.8846153846153846 0.5432692307692307 0.021634615384615384 0.026442307692307692
0 0.4795673076923077 0.4807692307692308 0.03365384615384615 0.04567307692307692
0 0.44350961538461536 0.47475961538461536 0.040865384615384616 0.06490384615384616
0 0.20793269230769232 0.4387019230769231 0.016826923076923076 0.019230769230769232
0 0.2692307692307692 0.453125 0.021634615384615384 0.026442307692307692
0 0.28365384615384615 0.46274038461538464 0.021634615384615384 0.026442307692307692
0 0.4182692307692308 0.48677884615384615 0.02403846153846154 0.038461538461538464
0 0.08533653846153846 0.4338942307692308 0.02403846153846154 0.036057692307692304
0 0.22235576923076922 0.46274038461538464 0.028846153846153848 0.04567307692307692
0 0.14783653846153846 0.4543269230769231 0.021634615384615384 0.03125
0 0.3545673076923077 0.48677884615384615 0.06009615384615385 0.09375
0 0.12860576923076922 0.4639423076923077 0.038461538461538464 0.05048076923076923
0 0.1875 0.47836538461538464 0.055288461538461536 0.057692307692307696
0 0.2932692307692308 0.5120192307692307 0.038461538461538464 0.05048076923076923
0 0.7007211538461539 0.6069711538461539 0.0673076923076923 0.09134615384615384
0 0.1971153846153846 0.5336538461538461 0.052884615384615384 0.07932692307692307