0 0.018028846153846152 0.5048076923076923 0.021634615384615384 0.028846153846153848
0 0.13822115384615385 0.5120192307692307 0.014423076923076924 0.018028846153846152
0 0.12379807692307693 0.5120192307692307 0.014423076923076924 0.019230769230769232
0 0.18028846153846154 0.5132211538461539 0.015625 0.014423076923076924
0 0.10817307692307693 0.5144230769230769 0.018028846153846152 0.02283653846153846
0 0.051682692307692304 0.515625 0.014423076923076924 0.020432692307692308
0 0.2932692307692308 0.515625 0.010817307692307692 0.019230769230769232
0 0.22235576923076922 0.5180288461538461 0.015625 0.020432692307692308
0 0.15985576923076922 0.5192307692307693 0.014423076923076924 0.020432692307692308
0 0.5612980769230769 0.5204326923076923 0.01201923076923077 0.019230769230769232
0 0.19471153846153846 0.5228365384615384 0.010817307692307692 0.014423076923076924
0 0.1310096153846154 0.5240384615384616 0.015625 0.020432692307692308
0 0.45913461538461536 0.5240384615384616 0.014423076923076924 0.020432692307692308
0 0.5216346153846154 0.5264423076923077 0.014423076923076924 0.020432692307692308
0 0.5985576923076923 0.5264423076923077 0.01201923076923077 0.015625
0 0.4098557692307692 0.5276442307692307 0.014423076923076924 0.020432692307692308
0 0.2536057692307692 0.5276442307692307 0.014423076923076924 0.019230769230769232
0 0.35697115384615385 0.5288461538461539 0.013221153846153846 0.020432692307692308
0 0.5372596153846154 0.5288461538461539 0.01201923076923077 0.014423076923076924
0 0.4951923076923077 0.5300480769230769 0.01201923076923077 0.020432692307692308
0 0.5829326923076923 0.5300480769230769 0.015625 0.018028846153846152
0 0.6057692307692307 0.5300480769230769 0.010817307692307692 0.01201923076923077
0 0.4807692307692308 0.53125 0.018028846153846152 0.020432692307692308
0 0.2127403846153846 0.5324519230769231 0.018028846153846152 0.025240384615384616
0 0.3389423076923077 0.5324519230769231 0.016826923076923076 0.025240384615384616
0 0.4266826923076923 0.5348557692307693 0.014423076923076924 0.018028846153846152
0 0.07451923076923077 0.5360576923076923 0.016826923076923076 0.019230769230769232
0 0.24158653846153846 0.5396634615384616 0.016826923076923076 0.020432692307692308
0 0.3701923076923077 0.5396634615384616 0.01201923076923077 0.020432692307692308
0 0.4182692307692308 0.5396634615384616 0.015625 0.020432692307692308
0 0.2848557692307692 0.5408653846153846 0.015625 0.020432692307692308
0 0.3918269230769231 0.5408653846153846 0.01201923076923077 0.014423076923076924
0 0.039663461538461536 0.6081730769230769 0.02283653846153846 0.028846153846153848
0 0.8966346153846154 0.6117788461538461 0.016826923076923076 0.03125
0 0.6682692307692307 0.6129807692307693 0.014423076923076924 0.025240384615384616
0 0.6334134615384616 0.6141826923076923 0.020432692307692308 0.02403846153846154
0 0.8269230769230769 0.6153846153846154 0.01201923076923077 0.02403846153846154
0 0.6538461538461539 0.6165865384615384 0.018028846153846152 0.016826923076923076
0 0.5216346153846154 0.6165865384615384 0.018028846153846152 0.028846153846153848
0 0.20432692307692307 0.6189903846153846 0.018028846153846152 0.02403846153846154
0 0.25841346153846156 0.6201923076923077 0.020432692307692308 0.02403846153846154
0 0.6899038461538461 0.6201923076923077 0.014423076923076924 0.016826923076923076
0 0.7836538461538461 0.6213942307692307 0.015625 0.026442307692307692
0 0.9543269230769231 0.6213942307692307 0.014423076923076924 0.02403846153846154
0 0.23677884615384615 0.6213942307692307 0.021634615384615384 0.027644230769230768
0 0.7608173076923077 0.6225961538461539 0.02283653846153846 0.03125
0 0.5637019230769231 0.6225961538461539 0.014423076923076924 0.013221153846153846
0 0.6033653846153846 0.6237980769230769 0.013221153846153846 0.010817307692307692
0 0.4495192307692308 0.625 0.015625 0.02283653846153846
0 0.9759615384615384 0.625 0.014423076923076924 0.02403846153846154
0 0.2692307692307692 0.625 0.015625 0.027644230769230768
0 0.5384615384615384 0.625 0.018028846153846152 0.02283653846153846
0 0.10697115384615384 0.6262019230769231 0.02283653846153846 0.026442307692307692
0 0.40024038461538464 0.6262019230769231 0.020432692307692308 0.027644230769230768
0 0.06850961538461539 0.6262019230769231 0.02403846153846154 0.02283653846153846
0 0.18028846153846154 0.6274038461538461 0.018028846153846152 0.02403846153846154
0 0.16466346153846154 0.6274038461538461 0.02403846153846154 0.028846153846153848
0 0.3858173076923077 0.6286057692307693 0.018028846153846152 0.020432692307692308
0 0.8028846153846154 0.6298076923076923 0.02403846153846154 0.03365384615384615
0 0.9915865384615384 0.6298076923076923 0.014423076923076924 0.019230769230769232
0 0.41947115384615385 0.6298076923076923 0.014423076923076924 0.019230769230769232
0 0.49158653846153844 0.6298076923076923 0.018028846153846152 0.02403846153846154
0 0.47596153846153844 0.6334134615384616 0.015625 0.019230769230769232
0 0.3076923076923077 0.6334134615384616 0.019230769230769232 0.02403846153846154
0 0.7884615384615384 0.6334134615384616 0.015625 0.02283653846153846
0 0.5949519230769231 0.6346153846153846 0.014423076923076924 0.021634615384615384
0 0.1502403846153846 0.6358173076923077 0.02403846153846154 0.028846153846153848
0 0.703125 0.6370192307692307 0.02283653846153846 0.02403846153846154
0 0.8545673076923077 0.6370192307692307 0.042067307692307696 0.06490384615384616
0 0.7283653846153846 0.6394230769230769 0.013221153846153846 0.02283653846153846
0 0.5600961538461539 0.640625 0.02283653846153846 0.027644230769230768
0 0.6057692307692307 0.6478365384615384 0.018028846153846152 0.025240384615384616
0 0.6610576923076923 0.6502403846153846 0.02283653846153846 0.027644230769230768
0 0.33774038461538464 0.6887019230769231 0.02283653846153846 0.025240384615384616