0 0.3485576923076923 0.11177884615384616 0.039663461538461536 0.06971153846153846
0 0.21634615384615385 0.11298076923076923 0.028846153846153848 0.06370192307692307
0 0.5733173076923077 0.1141826923076923 0.04927884615384615 0.07211538461538461
0 0.1201923076923077 0.12259615384615384 0.04326923076923077 0.054086538461538464
0 0.7860576923076923 0.013221153846153846 0.05048076923076923 0.026442307692307692
0 0.8137019230769231 0.12980769230769232 0.052884615384615384 0.08653846153846154
0 0.9579326923076923 0.14543269230769232 0.04567307692307692 0.06610576923076923
0 0.036057692307692304 0.14903846153846154 0.04326923076923077 0.05889423076923077
0 0.8665865384615384 0.1658653846153846 0.04326923076923077 0.054086538461538464
0 0.11658653846153846 0.17427884615384615 0.052884615384615384 0.0673076923076923
0 0.7584134615384616 0.18629807692307693 0.056490384615384616 0.08533653846153846
0 0.9459134615384616 0.18870192307692307 0.04927884615384615 0.07211538461538461
0 0.41225961538461536 0.22596153846153846 0.05889423076923077 0.07572115384615384
0 0.5841346153846154 0.23076923076923078 0.05048076923076923 0.08533653846153846
0 0.3137019230769231 0.23317307692307693 0.04567307692307692 0.07572115384615384
0 0.5552884615384616 0.2548076923076923 0.052884615384615384 0.08653846153846154
0 0.42908653846153844 0.27884615384615385 0.051682692307692304 0.08653846153846154
0 0.9771634615384616 0.2860576923076923 0.04447115384615385 0.07692307692307693
0 0.9387019230769231 0.03365384615384615 0.0625 0.06370192307692307
0 0.14302884615384615 0.3485576923076923 0.05889423076923077 0.07211538461538461
0 0.25841346153846156 0.3581730769230769 0.04807692307692308 0.0673076923076923
0 0.65625 0.3701923076923077 0.05048076923076923 0.0829326923076923
0 0.3798076923076923 0.375 0.054086538461538464 0.07211538461538461
0 0.4543269230769231 0.3954326923076923 0.06610576923076923 0.07451923076923077
0 0.27283653846153844 0.4110576923076923 0.052884615384615384 0.078125
0 0.7127403846153846 0.41346153846153844 0.06370192307692307 0.10576923076923077
0 0.9855769230769231 0.4266826923076923 0.028846153846153848 0.08774038461538461
0 0.5372596153846154 0.42788461538461536 0.056490384615384616 0.0829326923076923
0 0.3125 0.4543269230769231 0.06490384615384616 0.07572115384615384
0 0.008413461538461538 0.46033653846153844 0.014423076923076924 0.09735576923076923
0 0.1466346153846154 0.46153846153846156 0.05889423076923077 0.09615384615384616
0 0.8052884615384616 0.4651442307692308 0.056490384615384616 0.08533653846153846
0 0.43990384615384615 0.046875 0.04807692307692308 0.07932692307692307
0 0.24278846153846154 0.5048076923076923 0.06610576923076923 0.08533653846153846
0 0.36658653846153844 0.5072115384615384 0.078125 0.08413461538461539
0 0.8016826923076923 0.5096153846153846 0.04807692307692308 0.07932692307692307
0 0.10336538461538461 0.5132211538461539 0.04807692307692308 0.06490384615384616
0 0.3786057692307692 0.5673076923076923 0.056490384615384616 0.08413461538461539
0 0.6610576923076923 0.057692307692307696 0.04807692307692308 0.08052884615384616
0 0.5336538461538461 0.5829326923076923 0.07572115384615384 0.08653846153846154
0 0.009615384615384616 0.057692307692307696 0.019230769230769232 0.0625
0 0.8040865384615384 0.5877403846153846 0.05889423076923077 0.0985576923076923
0 0.8930288461538461 0.6141826923076923 0.04807692307692308 0.0733173076923077
0 0.7548076923076923 0.6237980769230769 0.078125 0.10576923076923077
0 0.5552884615384616 0.6923076923076923 0.052884615384615384 0.10817307692307693
0 0.4338942307692308 0.7175480769230769 0.06129807692307692 0.11177884615384616
0 0.9519230769230769 0.7247596153846154 0.051682692307692304 0.09014423076923077
0 0.07211538461538461 0.7487980769230769 0.07211538461538461 0.07572115384615384
0 0.828125 0.7536057692307693 0.07211538461538461 0.09735576923076923
0 0.21754807692307693 0.7608173076923077 0.052884615384615384 0.09014423076923077
0 0.6826923076923077 0.7632211538461539 0.06610576923076923 0.10576923076923077
0 0.8882211538461539 0.7668269230769231 0.04807692307692308 0.07692307692307693
0 0.2932692307692308 0.7908653846153846 0.057692307692307696 0.09495192307692307
0 0.8353365384615384 0.8401442307692307 0.0673076923076923 0.10576923076923077
0 0.7151442307692307 0.08653846153846154 0.039663461538461536 0.08413461538461539
0 0.5348557692307693 0.8581730769230769 0.078125 0.09735576923076923
0 0.5516826923076923 0.08653846153846154 0.05048076923076923 0.08052884615384616
0 0.31490384615384615 0.8665865384615384 0.0829326923076923 0.08052884615384616
0 0.13701923076923078 0.875 0.08533653846153846 0.06850961538461539
0 0.41947115384615385 0.8822115384615384 0.07451923076923077 0.051682692307692304
0 0.09615384615384616 0.8822115384615384 0.09254807692307693 0.040865384615384616
0 0.1814903846153846 0.09014423076923077 0.04807692307692308 0.07211538461538461