0 0.06850961538461539 0.30528846153846156 0.009615384615384616 0.009615384615384616
0 0.3581730769230769 0.28966346153846156 0.009615384615384616 0.004807692307692308
0 0.2247596153846154 0.3004807692307692 0.009615384615384616 0.004807692307692308
0 0.36778846153846156 0.28846153846153844 0.009615384615384616 0.004807692307692308
0 0.3233173076923077 0.2920673076923077 0.004807692307692308 0.004807692307692308
0 0.30649038461538464 0.2956730769230769 0.004807692307692308 0.004807692307692308
0 0.22956730769230768 0.30288461538461536 0.004807692307692308 0.004807692307692308
0 0.45552884615384615 0.28365384615384615 0.009615384615384616 0.004807692307692308
0 0.5384615384615384 0.2764423076923077 0.004807692307692308 0.004807692307692308
0 0.6033653846153846 0.2704326923076923 0.01201923076923077 0.014423076923076924
0 0.3449519230769231 0.2956730769230769 0.004807692307692308 0.004807692307692308
0 0.6262019230769231 0.2704326923076923 0.009615384615384616 0.004807692307692308
0 0.4579326923076923 0.2848557692307692 0.004807692307692308 0.009615384615384616
0 0.5637019230769231 0.2764423076923077 0.004807692307692308 0.004807692307692308
0 0.5588942307692307 0.27884615384615385 0.004807692307692308 0.004807692307692308
0 0.6778846153846154 0.26802884615384615 0.004807692307692308 0.004807692307692308
0 0.4375 0.28966346153846156 0.004807692307692308 0.004807692307692308
0 0.6862980769230769 0.26802884615384615 0.004807692307692308 0.004807692307692308
0 0.6935096153846154 0.2668269230769231 0.004807692307692308 0.004807692307692308
0 0.7055288461538461 0.265625 0.01201923076923077 0.014423076923076924
0 0.7283653846153846 0.2644230769230769 0.009615384615384616 0.004807692307692308
0 0.44711538461538464 0.29086538461538464 0.009615384615384616 0.009615384615384616
0 0.6682692307692307 0.27163461538461536 0.004807692307692308 0.009615384615384616
0 0.3269230769230769 0.3016826923076923 0.004807692307692308 0.004807692307692308
0 0.7788461538461539 0.2620192307692308 0.009615384615384616 0.009615384615384616
0 0.7884615384615384 0.2608173076923077 0.009615384615384616 0.009615384615384616
0 0.6153846153846154 0.2764423076923077 0.009615384615384616 0.009615384615384616
0 0.4495192307692308 0.2932692307692308 0.004807692307692308 0.009615384615384616
0 0.578125 0.2824519230769231 0.004807692307692308 0.004807692307692308
0 0.8137019230769231 0.2620192307692308 0.01201923076923077 0.014423076923076924
0 0.9699519230769231 0.25 0.016826923076923076 0.016826923076923076
0 0.6322115384615384 0.2824519230769231 0.01201923076923077 0.014423076923076924
0 0.5588942307692307 0.28846153846153844 0.004807692307692308 0.004807692307692308
0 0.6213942307692307 0.28365384615384615 0.009615384615384616 0.004807692307692308
0 0.03125 0.33774038461538464 0.016826923076923076 0.016826923076923076
0 0.5865384615384616 0.28966346153846156 0.004807692307692308 0.009615384615384616
0 0.8653846153846154 0.265625 0.016826923076923076 0.019230769230769232
0 0.6995192307692307 0.2824519230769231 0.01201923076923077 0.014423076923076924
0 0.9002403846153846 0.2644230769230769 0.016826923076923076 0.016826923076923076
0 0.007211538461538462 0.35697115384615385 0.014423076923076924 0.016826923076923076
0 0.19110576923076922 0.34375 0.016826923076923076 0.016826923076923076
0 0.8822115384615384 0.28365384615384615 0.016826923076923076 0.019230769230769232
0 0.03365384615384615 0.35697115384615385 0.019230769230769232 0.02403846153846154
0 0.2608173076923077 0.3425480769230769 0.02403846153846154 0.02403846153846154
0 0.20072115384615385 0.3473557692307692 0.016826923076923076 0.016826923076923076
0 0.11658653846153846 0.359375 0.019230769230769232 0.02403846153846154
0 0.009615384615384616 0.37259615384615385 0.019230769230769232 0.016826923076923076
0 0.054086538461538464 0.3713942307692308 0.016826923076923076 0.019230769230769232
0 0.18990384615384615 0.36177884615384615 0.019230769230769232 0.02403846153846154
0 0.0829326923076923 0.3762019230769231 0.016826923076923076 0.02403846153846154
0 0.07091346153846154 0.38461538461538464 0.026442307692307692 0.03365384615384615
0 0.15985576923076922 0.3786057692307692 0.019230769230769232 0.028846153846153848
0 0.25600961538461536 0.3701923076923077 0.02403846153846154 0.028846153846153848
0 0.010817307692307692 0.3918269230769231 0.021634615384615384 0.028846153846153848
0 0.0985576923076923 0.3870192307692308 0.02403846153846154 0.019230769230769232
0 0.5396634615384616 0.35096153846153844 0.02403846153846154 0.02403846153846154
0 0.18389423076923078 0.38461538461538464 0.02403846153846154 0.028846153846153848
0 0.03125 0.40024038461538464 0.019230769230769232 0.02403846153846154
0 0.37259615384615385 0.3713942307692308 0.02403846153846154 0.02403846153846154
0 0.4098557692307692 0.36778846153846156 0.019230769230769232 0.02403846153846154
0 0.32091346153846156 0.3762019230769231 0.02403846153846154 0.028846153846153848
0 0.2920673076923077 0.38341346153846156 0.02403846153846154 0.02403846153846154
0 0.21875 0.3894230769230769 0.021634615384615384 0.03365384615384615
0 0.15264423076923078 0.40024038461538464 0.03125 0.03365384615384615
0 0.7752403846153846 0.35096153846153844 0.026442307692307692 0.038461538461538464
0 0.65625 0.3629807692307692 0.026442307692307692 0.03365384615384615
0 0.10336538461538461 0.4110576923076923 0.03125 0.03365384615384615
0 0.4110576923076923 0.38461538461538464 0.026442307692307692 0.03365384615384615
0 0.29086538461538464 0.39783653846153844 0.02403846153846154 0.02403846153846154
0 0.3557692307692308 0.3942307692307692 0.02403846153846154 0.028846153846153848
0 0.18870192307692307 0.4110576923076923 0.026442307692307692 0.03365384615384615
0 0.25240384615384615 0.40625 0.03125 0.03365384615384615
0 0.6370192307692307 0.375 0.03125 0.04807692307692308
0 0.47836538461538464 0.390625 0.026442307692307692 0.03365384615384615
0 0.5432692307692307 0.39302884615384615 0.036057692307692304 0.04567307692307692
0 0.8028846153846154 0.3713942307692308 0.036057692307692304 0.04567307692307692
0 0.04567307692307692 0.43990384615384615 0.03125 0.03365384615384615
0 0.296875 0.43509615384615385 0.026442307692307692 0.038461538461538464
0 0.7007211538461539 0.4014423076923077 0.036057692307692304 0.04567307692307692
0 0.8521634615384616 0.390625 0.019230769230769232 0.02403846153846154
0 0.4807692307692308 0.42427884615384615 0.040865384615384616 0.05048076923076923
0 0.41586538461538464 0.4326923076923077 0.03125 0.038461538461538464
0 0.12980769230769232 0.46033653846153844 0.03125 0.04326923076923077
0 0.7307692307692307 0.4098557692307692 0.03125 0.04807692307692308
0 0.18990384615384615 0.4639423076923077 0.026442307692307692 0.038461538461538464
0 0.008413461538461538 0.49038461538461536 0.016826923076923076 0.052884615384615384
0 0.03485576923076923 0.49038461538461536 0.040865384615384616 0.05048076923076923
0 0.8870192307692307 0.4182692307692308 0.040865384615384616 0.057692307692307696
0 0.078125 0.49038461538461536 0.036057692307692304 0.052884615384615384
0 0.6021634615384616 0.4651442307692308 0.040865384615384616 0.05048076923076923
0 0.17427884615384615 0.5036057692307693 0.040865384615384616 0.04567307692307692
0 0.8425480769230769 0.46274038461538464 0.04807692307692308 0.0625
0 0.7764423076923077 0.47115384615384615 0.040865384615384616 0.052884615384615384
0 0.5168269230769231 0.5168269230769231 0.03125 0.04326923076923077
0 0.5516826923076923 0.5324519230769231 0.04567307692307692 0.052884615384615384
0 0.23677884615384615 0.5697115384615384 0.040865384615384616 0.052884615384615384
0 0.33774038461538464 0.5625 0.04567307692307692 0.052884615384615384
0 0.6983173076923077 0.5384615384615384 0.036057692307692304 0.052884615384615384
0 0.8161057692307693 0.5300480769230769 0.04326923076923077 0.0625
0 0.49158653846153844 0.5757211538461539 0.04326923076923077 0.0673076923076923
0 0.09375 0.6129807692307693 0.057692307692307696 0.07932692307692307
0 0.6730769230769231 0.5829326923076923 0.04807692307692308 0.0673076923076923
0 0.18269230769230768 0.6274038461538461 0.055288461538461536 0.06490384615384616
0 0.9639423076923077 0.5757211538461539 0.055288461538461536 0.05048076923076923
0 0.36538461538461536 0.6322115384615384 0.0673076923076923 0.08413461538461539
0 0.5504807692307693 0.6165865384615384 0.057692307692307696 0.07932692307692307
0 0.21514423076923078 0.6850961538461539 0.055288461538461536 0.06971153846153846
0 0.9771634615384616 0.6262019230769231 0.04567307692307692 0.06971153846153846
0 0.7692307692307693 0.6550480769230769 0.0625 0.08173076923076923
0 0.21394230769230768 0.7307692307692307 0.057692307692307696 0.08653846153846154
0 0.7067307692307693 0.7151442307692307 0.08413461538461539 0.11298076923076923
0 0.9819711538461539 0.7403846153846154 0.036057692307692304 0.09615384615384616
0 0.9038461538461539 0.7584134615384616 0.07692307692307693 0.09375
0 0.5516826923076923 0.8509615384615384 0.07692307692307693 0.0889423076923077