0 0.6057692307692307 0.1045673076923077 0.03125 0.0673076923076923
0 0.9627403846153846 0.12620192307692307 0.04567307692307692 0.0625
0 0.5324519230769231 0.10336538461538461 0.036057692307692304 0.0625
0 0.703125 0.1141826923076923 0.04567307692307692 0.0673076923076923
0 0.8834134615384616 0.12379807692307693 0.03125 0.0625
0 0.7776442307692307 0.12379807692307693 0.05048076923076923 0.0625
0 0.21995192307692307 0.09735576923076923 0.04567307692307692 0.0625
0 0.2932692307692308 0.1045673076923077 0.03125 0.0625
0 0.040865384615384616 0.09254807692307693 0.04326923076923077 0.07211538461538461
0 0.11899038461538461 0.1141826923076923 0.04567307692307692 0.0625
0 0.7211538461538461 0.21634615384615385 0.04567307692307692 0.07211538461538461
0 0.7920673076923077 0.2247596153846154 0.040865384615384616 0.07211538461538461
0 0.18269230769230768 0.19831730769230768 0.04567307692307692 0.0673076923076923
0 0.9867788461538461 0.23918269230769232 0.026442307692307692 0.07932692307692307
0 0.5096153846153846 0.21995192307692307 0.04326923076923077 0.04807692307692308
0 0.609375 0.2247596153846154 0.04567307692307692 0.0673076923076923
0 0.9002403846153846 0.24759615384615385 0.052884615384615384 0.07211538461538461
0 0.25600961538461536 0.23677884615384615 0.040865384615384616 0.07692307692307693
0 0.7692307692307693 0.038461538461538464 0.036057692307692304 0.052884615384615384
0 0.6117788461538461 0.03245192307692308 0.03125 0.057692307692307696
0 0.9314903846153846 0.051682692307692304 0.04567307692307692 0.0625
0 0.53125 0.03125 0.040865384615384616 0.0625
0 0.31850961538461536 0.02283653846153846 0.03125 0.04567307692307692
0 0.7175480769230769 0.328125 0.04567307692307692 0.07211538461538461
0 0.057692307692307696 0.29447115384615385 0.04567307692307692 0.0673076923076923
0 0.14182692307692307 0.3004807692307692 0.04567307692307692 0.0673076923076923
0 0.8185096153846154 0.33653846153846156 0.040865384615384616 0.0625
0 0.9362980769230769 0.3473557692307692 0.04567307692307692 0.0673076923076923
0 0.6057692307692307 0.33774038461538464 0.057692307692307696 0.07211538461538461
0 0.5060096153846154 0.3401442307692308 0.040865384615384616 0.0673076923076923
0 0.9747596153846154 0.3701923076923077 0.04567307692307692 0.07211538461538461
0 0.2439903846153846 0.027644230769230768 0.040865384615384616 0.055288461538461536
0 0.15985576923076922 0.028846153846153848 0.03125 0.057692307692307696
0 0.7391826923076923 0.47716346153846156 0.04567307692307692 0.07692307692307693
0 0.8605769230769231 0.49399038461538464 0.040865384615384616 0.07692307692307693
0 0.9555288461538461 0.5036057692307693 0.06009615384615385 0.08653846153846154
0 0.6274038461538461 0.5072115384615384 0.04567307692307692 0.07692307692307693
0 0.49038461538461536 0.5024038461538461 0.05048076923076923 0.0889423076923077
0 0.06129807692307692 0.5048076923076923 0.04567307692307692 0.08413461538461539
0 0.171875 0.5108173076923077 0.04567307692307692 0.0673076923076923
0 0.3125 0.5384615384615384 0.055288461538461536 0.08653846153846154
0 0.8786057692307693 0.6754807692307693 0.055288461538461536 0.07692307692307693
0 0.016826923076923076 0.640625 0.03365384615384615 0.0889423076923077
0 0.7800480769230769 0.6862980769230769 0.05048076923076923 0.08413461538461539
0 0.5973557692307693 0.6778846153846154 0.05048076923076923 0.08413461538461539
0 0.4723557692307692 0.6742788461538461 0.05048076923076923 0.07211538461538461
0 0.11778846153846154 0.6730769230769231 0.06009615384615385 0.08653846153846154