0 0.7859375 0.11875 0.0171875 0.0328125
0 0.8 0.1171875 0.0234375 0.0484375
0 0.77890625 0.121875 0.0171875 0.0328125
0 0.771875 0.13828125 0.021875 0.034375
0 0.60234375 0.20703125 0.0171875 0.0375
0 0.66484375 0.21015625 0.021875 0.034375
0 0.59375 0.21953125 0.0125 0.025
0 0.6328125 0.215625 0.0171875 0.025
0 0.58515625 0.22578125 0.0125 0.0328125
0 0.84609375 0.203125 0.021875 0.0390625
0 0.571875 0.23671875 0.021875 0.0390625
0 0.8078125 0.2140625 0.021875 0.034375
0 0.79453125 0.2203125 0.021875 0.034375
0 0.91171875 0.2125 0.021875 0.0390625
0 0.8796875 0.215625 0.0171875 0.0328125
0 0.9359375 0.21484375 0.021875 0.0390625
0 0.77890625 0.23359375 0.0171875 0.025
0 0.6015625 0.31484375 0.021875 0.034375
0 0.69921875 0.30703125 0.0234375 0.04375
0 0.05859375 0.37421875 0.0171875 0.025
0 0.62734375 0.3171875 0.0171875 0.0296875
0 0.5859375 0.3234375 0.0171875 0.0328125
0 0.65546875 0.31640625 0.0171875 0.0328125
0 0.57890625 0.3265625 0.0125 0.0296875
0 0.559375 0.33359375 0.021875 0.025
0 0.084375 0.38359375 0.0171875 0.0296875
0 0.11328125 0.38671875 0.0171875 0.0296875
0 0.571875 0.33828125 0.0171875 0.0328125
0 0.68671875 0.32890625 0.0265625 0.0390625
0 0.54375 0.34375 0.0171875 0.0375
0 0.64296875 0.33828125 0.021875 0.0296875
0 0.55625 0.346875 0.0125 0.0296875
0 0.53984375 0.37265625 0.0171875 0.0296875
0 0.60546875 0.3953125 0.0234375 0.04375
0 0.6296875 0.4 0.021875 0.034375
0 0.70859375 0.39609375 0.021875 0.0296875
0 0.6625 0.40625 0.021875 0.034375
0 0.1125 0.46640625 0.0171875 0.0296875
0 0.97421875 0.3828125 0.028125 0.04375
0 0.28515625 0.54375 0.0171875 0.0375
0 0.21328125 0.5609375 0.0171875 0.0375
0 0.271875 0.56328125 0.021875 0.034375
0 0.159375 0.57734375 0.0109375 0.0203125
0 0.16953125 0.590625 0.0171875 0.0296875
0 0.1125 0.59921875 0.0171875 0.0296875
0 0.93046875 0.5203125 0.03125 0.03125
0 0.23984375 0.59296875 0.0171875 0.0328125
0 0.25390625 0.59375 0.0171875 0.0296875
0 0.1921875 0.6046875 0.0171875 0.0296875
0 0.9328125 0.5453125 0.028125 0.04375
0 0.91640625 0.565625 0.028125 0.04375
0 0.996875 0.56328125 0.00625 0.0328125
0 0.125 0.65546875 0.0171875 0.0296875
0 0.04296875 0.66640625 0.028125 0.04375
0 0.19921875 0.65 0.021875 0.0296875
0 0.075 0.66328125 0.0265625 0.0390625
0 0.0890625 0.6640625 0.0171875 0.0375
0 0.58203125 0.61484375 0.021875 0.0296875
0 0.02265625 0.6734375 0.0203125 0.05625
0 0.171875 0.66015625 0.021875 0.034375
0 0.871875 0.58671875 0.021875 0.025
0 0.4921875 0.6265625 0.021875 0.0390625
0 0.11484375 0.67109375 0.021875 0.0390625
0 0.15703125 0.66640625 0.021875 0.034375
0 0.28125 0.653125 0.021875 0.0390625
0 0.35859375 0.6453125 0.0171875 0.0375
0 0.0625 0.6765625 0.021875 0.0390625
0 0.534375 0.6265625 0.0234375 0.04375
0 0.21015625 0.66328125 0.0171875 0.0375
0 0.9890625 0.5828125 0.021875 0.04375
0 0.2421875 0.6625 0.021875 0.0390625
0 0.45234375 0.6421875 0.0234375 0.053125
0 0.14375 0.675 0.021875 0.034375
0 0.225 0.66875 0.021875 0.0296875
0 0.196875 0.6765625 0.0171875 0.0328125
0 0.321875 0.66328125 0.0171875 0.0375
0 0.434375 0.65390625 0.021875 0.0390625
0 0.51796875 0.64765625 0.028125 0.053125
0 0.33125 0.66953125 0.0171875 0.0328125
0 0.2578125 0.67734375 0.021875 0.034375
0 0.64296875 0.6390625 0.0265625 0.071875
0 0.37734375 0.6671875 0.0171875 0.0375
0 0.4015625 0.66640625 0.01875 0.0421875
0 0.6015625 0.6453125 0.028125 0.053125
0 0.825 0.621875 0.0296875 0.0625
0 0.42890625 0.665625 0.0171875 0.0375
0 0.475 0.66015625 0.0296875 0.0578125
0 0.41328125 0.66953125 0.0328125 0.053125
0 0.7953125 0.62890625 0.021875 0.025
0 0.5859375 0.6515625 0.0234375 0.0484375
0 0.625 0.64921875 0.028125 0.04375
0 0.55390625 0.6640625 0.0265625 0.0390625
0 0.66796875 0.6546875 0.025 0.0578125
0 0.6859375 0.65234375 0.01875 0.046875
0 0.7328125 0.65 0.0296875 0.0625
0 0.75078125 0.6484375 0.0234375 0.053125
0 0.84765625 0.6375 0.0296875 0.0671875
0 0.70703125 0.65234375 0.0234375 0.04375
0 0.7765625 0.64765625 0.0234375 0.0484375
0 0.76484375 0.6515625 0.025 0.0578125
0 0.9703125 0.634375 0.05625 0.1015625
0 0.90390625 0.64375 0.034375 0.0578125
0 0.88046875 0.64609375 0.0484375 0.078125
0 0.9359375 0.64296875 0.04375 0.078125
0 0.80546875 0.665625 0.025 0.0578125
0 0.78671875 0.68203125 0.0234375 0.0484375
0 0.28828125 0.76875 0.0265625 0.0390625
0 0.32109375 0.7703125 0.028125 0.04375
0 0.38828125 0.765625 0.028125 0.04375
0 0.09375 0.7984375 0.0265625 0.034375
0 0.1328125 0.796875 0.0171875 0.0296875
0 0.11015625 0.79921875 0.021875 0.034375
0 0.1703125 0.7953125 0.0265625 0.034375
0 0.05546875 0.81015625 0.0265625 0.0296875
0 0.30078125 0.79140625 0.025 0.021875
0 0.08203125 0.81875 0.0265625 0.0390625
0 0.24609375 0.80390625 0.0203125 0.0203125
0 0.2109375 0.8078125 0.0171875 0.025
0 0.14921875 0.81640625 0.021875 0.034375
0 0.2734375 0.803125 0.025 0.025
0 0.23046875 0.81171875 0.021875 0.0296875
0 0.1828125 0.821875 0.021875 0.0390625
0 0.3 0.809375 0.0265625 0.0296875
0 0.484375 0.7921875 0.0328125 0.0484375
0 0.3609375 0.8125 0.03125 0.0390625
0 0.28046875 0.8234375 0.021875 0.025
0 0.4 0.8109375 0.0265625 0.034375
0 0.653125 0.78359375 0.0375 0.053125
0 0.09375 0.8453125 0.040625 0.0453125
0 0.565625 0.79765625 0.025 0.025
0 0.22109375 0.834375 0.0171875 0.0328125
0 0.428125 0.8125 0.025 0.025
0 0.0421875 0.8578125 0.0171875 0.0375
0 0.1359375 0.85 0.028125 0.04375
0 0.29765625 0.8328125 0.0296875 0.021875
0 0.24921875 0.83828125 0.0203125 0.0203125
0 0.071875 0.85703125 0.021875 0.034375
0 0.20078125 0.8453125 0.0234375 0.0484375
0 0.25625 0.83984375 0.021875 0.0390625
0 0.45703125 0.82109375 0.0265625 0.034375
0 0.2359375 0.84453125 0.0265625 0.0296875
0 0.4984375 0.81640625 0.0203125 0.0203125
0 0.33046875 0.8390625 0.0328125 0.04375
0 0.16796875 0.85859375 0.0375 0.0625
0 0.578125 0.82265625 0.03125 0.034375
0 0.1203125 0.8703125 0.03125 0.0390625
0 0.54140625 0.8265625 0.0296875 0.0578125
0 0.61328125 0.82109375 0.034375 0.0578125
0 0.290625 0.8546875 0.0359375 0.0359375
0 0.06953125 0.878125 0.040625 0.0359375
0 0.4203125 0.84609375 0.040625 0.040625
0 0.1875 0.8703125 0.0328125 0.0171875
0 0.3921875 0.84921875 0.034375 0.021875
0 0.48203125 0.83984375 0.03125 0.03125
0 0.35625 0.85546875 0.0265625 0.0296875
0 0.7453125 0.81875 0.05 0.0828125
0 0.45 0.85 0.0328125 0.04375
0 0.146875 0.88359375 0.040625 0.0453125
0 0.715625 0.82578125 0.04375 0.0734375
0 0.56796875 0.84375 0.0421875 0.0546875
0 0.09921875 0.89296875 0.0359375 0.0484375
0 0.34296875 0.8703125 0.0328125 0.053125
0 0.23046875 0.88203125 0.028125 0.0484375
0 0.52109375 0.85625 0.0375 0.053125
0 0.3125 0.88046875 0.0359375 0.0484375
0 0.26640625 0.8921875 0.021875 0.025
0 0.4734375 0.8703125 0.021875 0.034375
0 0.80625 0.83984375 0.0390625 0.0671875
0 0.55078125 0.86953125 0.0453125 0.0453125
0 0.4625 0.87890625 0.0390625 0.03125
0 0.4265625 0.88515625 0.0359375 0.0359375
0 0.20078125 0.90859375 0.0390625 0.0671875
0 0.13828125 0.9171875 0.0421875 0.0640625
0 0.1203125 0.91953125 0.0328125 0.04375
0 0.39453125 0.89296875 0.0328125 0.053125
0 0.0609375 0.93046875 0.04375 0.06875
0 0.49375 0.884375 0.0375 0.0578125
0 0.65625 0.87734375 0.040625 0.040625
0 0.253125 0.91953125 0.0359375 0.0359375
0 0.30234375 0.91875 0.04375 0.0328125
0 0.34296875 0.91484375 0.0234375 0.04375
0 0.63203125 0.88671875 0.0203125 0.0203125
0 0.60859375 0.89140625 0.0421875 0.0546875
0 0.3671875 0.921875 0.0375 0.0578125
0 0.6765625 0.890625 0.0515625 0.0546875
0 0.4328125 0.9234375 0.0375 0.0578125
0 0.465625 0.92734375 0.0328125 0.0484375
0 0.5375 0.921875 0.0390625 0.0671875
0 0.3265625 0.94609375 0.028125 0.04375
0 0.36796875 0.94453125 0.04375 0.0328125
0 0.765625 0.9046875 0.046875 0.059375
0 0.4 0.94375 0.0328125 0.04375
0 0.25546875 0.9609375 0.040625 0.05
0 0.50625 0.934375 0.0609375 0.0609375
0 0.55703125 0.92890625 0.040625 0.08125
0 0.17421875 0.96796875 0.0671875 0.0640625
0 0.67734375 0.92109375 0.040625 0.0453125
0 0.70703125 0.9203125 0.0453125 0.0453125
0 0.29375 0.9703125 0.046875 0.059375
0 0.58125 0.94296875 0.0359375 0.04375
0 0.11640625 0.97265625 0.0515625 0.0546875
0 0.39296875 0.96796875 0.03125 0.034375
0 0.63046875 0.94296875 0.0453125 0.0828125
0 0.85390625 0.92421875 0.034375 0.0671875
0 0.07890625 0.98359375 0.0578125 0.0328125
0 0.35234375 0.9796875 0.0546875 0.040625
0 0.8140625 0.94140625 0.046875 0.059375
0 0.2453125 0.98515625 0.065625 0.0296875
0 0.7546875 0.95 0.0515625 0.0546875
0 0.31484375 0.98671875 0.0453125 0.0265625
0 0.9109375 0.9359375 0.0640625 0.046875
0 0.69765625 0.9609375 0.059375 0.046875
0 0.42109375 0.98515625 0.0671875 0.0296875
0 0.60078125 0.97109375 0.0578125 0.0375
0 0.4765625 0.984375 0.040625 0.03125
0 0.52890625 0.98125 0.0765625 0.0375
0 0.3640625 0.99453125 0.053125 0.0109375
0 0.8234375 0.0984375 0.0171875 0.0375