0 0.578125 0.33533653846153844 0.009615384615384616 0.014423076923076924
0 0.5829326923076923 0.3449519230769231 0.009615384615384616 0.014423076923076924
0 0.5600961538461539 0.3449519230769231 0.004807692307692308 0.014423076923076924
0 0.5300480769230769 0.3473557692307692 0.009615384615384616 0.014423076923076924
0 0.45552884615384615 0.3473557692307692 0.004807692307692308 0.014423076923076924
0 0.49038461538461536 0.34975961538461536 0.009615384615384616 0.014423076923076924
0 0.39302884615384615 0.34975961538461536 0.004807692307692308 0.014423076923076924
0 0.44711538461538464 0.35216346153846156 0.009615384615384616 0.018028846153846152
0 0.3870192307692308 0.35216346153846156 0.009615384615384616 0.014423076923076924
0 0.2920673076923077 0.3545673076923077 0.009615384615384616 0.014423076923076924
0 0.4050480769230769 0.35697115384615385 0.009615384615384616 0.014423076923076924
0 0.37259615384615385 0.35697115384615385 0.009615384615384616 0.014423076923076924
0 0.4951923076923077 0.359375 0.009615384615384616 0.014423076923076924
0 0.3329326923076923 0.3605769230769231 0.004807692307692308 0.009615384615384616
0 0.5096153846153846 0.3629807692307692 0.004807692307692308 0.014423076923076924
0 0.3269230769230769 0.36538461538461536 0.004807692307692308 0.009615384615384616
0 0.5528846153846154 0.36538461538461536 0.009615384615384616 0.014423076923076924
0 0.38461538461538464 0.3701923076923077 0.009615384615384616 0.014423076923076924
0 0.31009615384615385 0.375 0.004807692307692308 0.009615384615384616
0 0.4050480769230769 0.375 0.009615384615384616 0.014423076923076924
0 0.3173076923076923 0.37740384615384615 0.009615384615384616 0.009615384615384616
0 0.4519230769230769 0.37740384615384615 0.009615384615384616 0.009615384615384616
0 0.47716346153846156 0.3798076923076923 0.009615384615384616 0.014423076923076924
0 0.5300480769230769 0.38221153846153844 0.014423076923076924 0.018028846153846152
0 0.41466346153846156 0.38221153846153844 0.009615384615384616 0.014423076923076924
0 0.6298076923076923 0.38221153846153844 0.014423076923076924 0.02283653846153846
0 0.375 0.390625 0.014423076923076924 0.018028846153846152
0 0.40024038461538464 0.39302884615384615 0.009615384615384616 0.014423076923076924
0 0.5877403846153846 0.39302884615384615 0.014423076923076924 0.02283653846153846
0 0.4579326923076923 0.3954326923076923 0.009615384615384616 0.014423076923076924
0 0.2644230769230769 0.3954326923076923 0.009615384615384616 0.014423076923076924
0 0.5576923076923077 0.39783653846153844 0.009615384615384616 0.018028846153846152
0 0.5072115384615384 0.39783653846153844 0.009615384615384616 0.014423076923076924
0 0.4254807692307692 0.40024038461538464 0.014423076923076924 0.014423076923076924
0 0.2403846153846154 0.40024038461538464 0.009615384615384616 0.018028846153846152
0 0.6177884615384616 0.4026442307692308 0.014423076923076924 0.018028846153846152
0 0.04447115384615385 0.4050480769230769 0.014423076923076924 0.018028846153846152
0 0.4795673076923077 0.4050480769230769 0.009615384615384616 0.014423076923076924
0 0.7019230769230769 0.4074519230769231 0.018028846153846152 0.02283653846153846
0 0.30528846153846156 0.4074519230769231 0.014423076923076924 0.018028846153846152
0 0.34975961538461536 0.4170673076923077 0.014423076923076924 0.02283653846153846
0 0.328125 0.41947115384615385 0.009615384615384616 0.014423076923076924
0 0.6502403846153846 0.41947115384615385 0.014423076923076924 0.02283653846153846
0 0.3401442307692308 0.41947115384615385 0.009615384615384616 0.009615384615384616
0 0.4098557692307692 0.421875 0.014423076923076924 0.02283653846153846
0 0.17307692307692307 0.421875 0.018028846153846152 0.02283653846153846
0 0.4326923076923077 0.4254807692307692 0.009615384615384616 0.014423076923076924
0 0.43990384615384615 0.43509615384615385 0.014423076923076924 0.02283653846153846
0 0.5697115384615384 0.4423076923076923 0.014423076923076924 0.018028846153846152
0 0.13701923076923078 0.4423076923076923 0.018028846153846152 0.02283653846153846
0 0.6947115384615384 0.44711538461538464 0.014423076923076924 0.02283653846153846
0 0.4675480769230769 0.44711538461538464 0.02283653846153846 0.03245192307692308
0 0.15504807692307693 0.4519230769230769 0.02283653846153846 0.03245192307692308
0 0.4423076923076923 0.4579326923076923 0.014423076923076924 0.018028846153846152
0 0.3245192307692308 0.4579326923076923 0.027644230769230768 0.046875
0 0.21995192307692307 0.4579326923076923 0.02283653846153846 0.027644230769230768
0 0.6153846153846154 0.46274038461538464 0.014423076923076924 0.02283653846153846
0 0.2704326923076923 0.46274038461538464 0.009615384615384616 0.018028846153846152
0 0.6850961538461539 0.46274038461538464 0.018028846153846152 0.03245192307692308
0 0.25 0.4651442307692308 0.018028846153846152 0.02283653846153846
0 0.004807692307692308 0.4675480769230769 0.009615384615384616 0.027644230769230768
0 0.046875 0.4675480769230769 0.018028846153846152 0.027644230769230768
0 0.7896634615384616 0.4675480769230769 0.018028846153846152 0.02283653846153846
0 0.09495192307692307 0.4675480769230769 0.02283653846153846 0.03245192307692308
0 0.29447115384615385 0.4675480769230769 0.018028846153846152 0.02283653846153846
0 0.390625 0.4675480769230769 0.014423076923076924 0.018028846153846152
0 0.4855769230769231 0.4699519230769231 0.014423076923076924 0.02283653846153846
0 0.35697115384615385 0.4723557692307692 0.014423076923076924 0.02283653846153846
0 0.3798076923076923 0.4723557692307692 0.02283653846153846 0.03245192307692308
0 0.4254807692307692 0.47475961538461536 0.02283653846153846 0.02283653846153846
0 0.8269230769230769 0.48197115384615385 0.027644230769230768 0.046875
0 0.11298076923076923 0.48197115384615385 0.018028846153846152 0.02283653846153846
0 0.5228365384615384 0.484375 0.027644230769230768 0.042067307692307696
0 0.5600961538461539 0.484375 0.03245192307692308 0.06009615384615385
0 0.7980769230769231 0.4855769230769231 0.014423076923076924 0.018028846153846152
0 0.7355769230769231 0.49038461538461536 0.018028846153846152 0.02283653846153846
0 0.7199519230769231 0.49759615384615385 0.018028846153846152 0.02283653846153846
0 0.5829326923076923 0.5 0.018028846153846152 0.037259615384615384
0 0.9194711538461539 0.5 0.018028846153846152 0.03245192307692308
0 0.7800480769230769 0.5072115384615384 0.02283653846153846 0.042067307692307696
0 0.8545673076923077 0.5096153846153846 0.018028846153846152 0.027644230769230768
0 0.6454326923076923 0.5096153846153846 0.046875 0.08774038461538461
0 0.8725961538461539 0.5228365384615384 0.03245192307692308 0.046875
0 0.8125 0.5276442307692307 0.046875 0.05048076923076923
0 0.7019230769230769 0.5444711538461539 0.03245192307692308 0.046875
0 0.2848557692307692 0.5745192307692307 0.055288461538461536 0.0829326923076923
0 0.7944711538461539 0.5805288461538461 0.042067307692307696 0.07451923076923077