0 0.3004807692307692 0.11778846153846154 0.078125 0.10697115384615384
0 0.3701923076923077 0.14543269230769232 0.06971153846153846 0.11538461538461539
0 0.203125 0.15264423076923078 0.07451923076923077 0.078125
0 0.6971153846153846 0.16466346153846154 0.06971153846153846 0.09735576923076923
0 0.44471153846153844 0.18269230769230768 0.06490384615384616 0.09254807692307693
0 0.03245192307692308 0.18509615384615385 0.06490384615384616 0.0829326923076923
0 0.9254807692307693 0.20192307692307693 0.078125 0.10697115384615384
0 0.1778846153846154 0.2127403846153846 0.06971153846153846 0.08774038461538461
0 0.515625 0.24519230769230768 0.11057692307692307 0.14783653846153846
0 0.9759615384615384 0.25600961538461536 0.04807692307692308 0.08413461538461539
0 0.3473557692307692 0.29447115384615385 0.09254807692307693 0.11538461538461539
0 0.15264423076923078 0.2980769230769231 0.09254807692307693 0.09735576923076923
0 0.6995192307692307 0.31009615384615385 0.06971153846153846 0.08774038461538461
0 0.042067307692307696 0.31490384615384615 0.0829326923076923 0.11538461538461539
0 0.21995192307692307 0.3245192307692308 0.0829326923076923 0.11057692307692307
0 0.7776442307692307 0.3269230769230769 0.078125 0.11538461538461539
0 0.8497596153846154 0.328125 0.07451923076923077 0.10216346153846154
0 0.578125 0.3449519230769231 0.06490384615384616 0.07451923076923077
0 0.9759615384615384 0.3557692307692308 0.04807692307692308 0.11538461538461539
0 0.921875 0.359375 0.06490384615384616 0.09735576923076923
0 0.2920673076923077 0.037259615384615384 0.06490384615384616 0.07451923076923077
0 0.5228365384615384 0.4050480769230769 0.09254807692307693 0.10697115384615384
0 0.07692307692307693 0.4254807692307692 0.0829326923076923 0.10697115384615384
0 0.027644230769230768 0.43509615384615385 0.055288461538461536 0.09735576923076923
0 0.9098557692307693 0.046875 0.08774038461538461 0.09254807692307693
0 0.234375 0.4519230769230769 0.10216346153846154 0.125
0 0.9723557692307693 0.046875 0.055288461538461536 0.06971153846153846
0 0.7019230769230769 0.046875 0.06009615384615385 0.09254807692307693
0 0.7475961538461539 0.5072115384615384 0.07451923076923077 0.1201923076923077
0 0.05048076923076923 0.5576923076923077 0.08774038461538461 0.11057692307692307
0 0.04447115384615385 0.057692307692307696 0.06971153846153846 0.09735576923076923
0 0.25961538461538464 0.6021634615384616 0.07451923076923077 0.10697115384615384
0 0.47475961538461536 0.609375 0.10697115384615384 0.16706730769230768
0 0.14543269230769232 0.6322115384615384 0.09735576923076923 0.1346153846153846
0 0.4074519230769231 0.06490384615384616 0.07451923076923077 0.08774038461538461
0 0.6550480769230769 0.6478365384615384 0.125 0.17548076923076922
0 0.5276442307692307 0.0673076923076923 0.08774038461538461 0.09254807692307693
0 0.33052884615384615 0.6826923076923077 0.10697115384615384 0.1201923076923077
0 0.6201923076923077 0.07211538461538461 0.07451923076923077 0.11057692307692307
0 0.7572115384615384 0.07692307692307693 0.06490384615384616 0.10697115384615384
0 0.5552884615384616 0.7728365384615384 0.13942307692307693 0.17548076923076922
0 0.2620192307692308 0.7776442307692307 0.125 0.13942307692307693
0 0.12980769230769232 0.078125 0.06009615384615385 0.078125
0 0.8149038461538461 0.09254807692307693 0.055288461538461536 0.06971153846153846
0 0.8677884615384616 0.09735576923076923 0.06490384615384616 0.09254807692307693
0 0.6995192307692307 0.09735576923076923 0.06971153846153846 0.06490384615384616