0 0.5853365384615384 0.1346153846153846 0.014423076923076924 0.014423076923076924
0 0.7572115384615384 0.13942307692307693 0.014423076923076924 0.018028846153846152
0 0.7103365384615384 0.14302884615384615 0.018028846153846152 0.018028846153846152
0 0.546875 0.14543269230769232 0.018028846153846152 0.018028846153846152
0 0.6598557692307693 0.14543269230769232 0.014423076923076924 0.018028846153846152
0 0.6370192307692307 0.1502403846153846 0.018028846153846152 0.018028846153846152
0 0.47475961538461536 0.1502403846153846 0.02283653846153846 0.027644230769230768
0 0.7379807692307693 0.15264423076923078 0.014423076923076924 0.018028846153846152
0 0.6995192307692307 0.15504807692307693 0.014423076923076924 0.014423076923076924
0 0.6153846153846154 0.15985576923076922 0.014423076923076924 0.018028846153846152
0 0.6875 0.1622596153846154 0.018028846153846152 0.018028846153846152
0 0.6298076923076923 0.16466346153846154 0.014423076923076924 0.018028846153846152
0 0.6045673076923077 0.16466346153846154 0.018028846153846152 0.02283653846153846
0 0.8701923076923077 0.171875 0.027644230769230768 0.03245192307692308
0 0.5769230769230769 0.17307692307692307 0.018028846153846152 0.02283653846153846
0 0.5300480769230769 0.17307692307692307 0.02283653846153846 0.027644230769230768
0 0.5925480769230769 0.17548076923076922 0.018028846153846152 0.03245192307692308
0 0.7019230769230769 0.17548076923076922 0.018028846153846152 0.03245192307692308
0 0.49759615384615385 0.1778846153846154 0.02283653846153846 0.027644230769230768
0 0.3245192307692308 0.18028846153846154 0.03245192307692308 0.055288461538461536
0 0.8449519230769231 0.18028846153846154 0.02283653846153846 0.042067307692307696
0 0.8197115384615384 0.18269230769230768 0.027644230769230768 0.042067307692307696
0 0.6778846153846154 0.18269230769230768 0.02283653846153846 0.027644230769230768
0 0.6574519230769231 0.18269230769230768 0.018028846153846152 0.02283653846153846
0 0.6394230769230769 0.18269230769230768 0.014423076923076924 0.02283653846153846
0 0.7175480769230769 0.18990384615384615 0.027644230769230768 0.027644230769230768
0 0.7451923076923077 0.18990384615384615 0.02283653846153846 0.03245192307692308
0 0.765625 0.19471153846153846 0.027644230769230768 0.037259615384615384
0 0.5973557692307693 0.19471153846153846 0.014423076923076924 0.02283653846153846
0 0.5576923076923077 0.1971153846153846 0.014423076923076924 0.03245192307692308
0 0.578125 0.19951923076923078 0.027644230769230768 0.027644230769230768
0 0.6694711538461539 0.20192307692307693 0.02283653846153846 0.027644230769230768
0 0.6177884615384616 0.21033653846153846 0.03245192307692308 0.046875
0 0.5324519230769231 0.2127403846153846 0.027644230769230768 0.037259615384615384
0 0.8701923076923077 0.21514423076923078 0.027644230769230768 0.046875
0 0.8954326923076923 0.21514423076923078 0.027644230769230768 0.042067307692307696
0 0.9302884615384616 0.21514423076923078 0.018028846153846152 0.05048076923076923
0 0.5973557692307693 0.21514423076923078 0.014423076923076924 0.02283653846153846
0 0.9495192307692307 0.21514423076923078 0.03245192307692308 0.046875
0 0.42788461538461536 0.21754807692307693 0.02283653846153846 0.03245192307692308
0 0.484375 0.2247596153846154 0.037259615384615384 0.027644230769230768
0 0.7620192307692307 0.2247596153846154 0.037259615384615384 0.03245192307692308
0 0.6574519230769231 0.22716346153846154 0.02283653846153846 0.027644230769230768
0 0.6971153846153846 0.24519230769230768 0.03245192307692308 0.042067307692307696
0 0.8076923076923077 0.24759615384615385 0.037259615384615384 0.05048076923076923
0 0.47716346153846156 0.24759615384615385 0.03245192307692308 0.02283653846153846
0 0.625 0.25961538461538464 0.02283653846153846 0.03245192307692308
0 0.9555288461538461 0.2704326923076923 0.03245192307692308 0.046875
0 0.9194711538461539 0.2848557692307692 0.042067307692307696 0.06009615384615385
0 0.8677884615384616 0.28966346153846156 0.042067307692307696 0.055288461538461536
0 0.6574519230769231 0.28966346153846156 0.03245192307692308 0.055288461538461536
0 0.8401442307692307 0.2920673076923077 0.037259615384615384 0.05048076923076923
0 0.7680288461538461 0.2920673076923077 0.042067307692307696 0.07451923076923077
0 0.46033653846153844 0.3004807692307692 0.042067307692307696 0.05048076923076923
0 0.5576923076923077 0.3076923076923077 0.03245192307692308 0.05048076923076923
0 0.5504807692307693 0.3245192307692308 0.018028846153846152 0.042067307692307696
0 0.5829326923076923 0.3329326923076923 0.037259615384615384 0.06490384615384616
0 0.38221153846153844 0.3545673076923077 0.042067307692307696 0.05048076923076923
0 0.9699519230769231 0.4026442307692308 0.037259615384615384 0.05048076923076923
0 0.9855769230769231 0.4423076923076923 0.018028846153846152 0.05048076923076923
0 0.6730769230769231 0.4519230769230769 0.05048076923076923 0.07451923076923077
0 0.49038461538461536 0.5372596153846154 0.055288461538461536 0.07451923076923077