0 0.7163461538461539 0.203125 0.10817307692307693 0.15384615384615385
0 0.05889423076923077 0.3173076923076923 0.08413461538461539 0.1346153846153846
0 0.28725961538461536 0.2800480769230769 0.11298076923076923 0.1466346153846154
0 0.5096153846153846 0.27283653846153844 0.09375 0.13942307692307693
0 0.07932692307692307 0.0985576923076923 0.0673076923076923 0.08173076923076923
0 0.2283653846153846 0.42908653846153844 0.10096153846153846 0.12740384615384615
0 0.0985576923076923 0.46274038461538464 0.10576923076923077 0.13701923076923078
0 0.2824519230769231 0.07091346153846154 0.07211538461538461 0.09134615384615384
0 0.8978365384615384 0.3581730769230769 0.11057692307692307 0.14182692307692307
0 0.4723557692307692 0.44350961538461536 0.11057692307692307 0.14182692307692307
0 0.6766826923076923 0.4651442307692308 0.10096153846153846 0.13221153846153846
0 0.40024038461538464 0.06490384615384616 0.08653846153846154 0.1201923076923077
0 0.41586538461538464 0.6370192307692307 0.1201923076923077 0.14423076923076922
0 0.07932692307692307 0.7067307692307693 0.12740384615384615 0.17067307692307693
0 0.9038461538461539 0.028846153846153848 0.0625 0.057692307692307696
0 0.2956730769230769 0.7620192307692307 0.10336538461538461 0.1466346153846154
0 0.9206730769230769 0.7091346153846154 0.125 0.13942307692307693
0 0.6225961538461539 0.7716346153846154 0.12740384615384615 0.15384615384615385
0 0.42427884615384615 0.8485576923076923 0.12980769230769232 0.16826923076923078
0 0.5637019230769231 0.07451923076923077 0.08653846153846154 0.1201923076923077
0 0.8269230769230769 0.04927884615384615 0.09134615384615384 0.0985576923076923