0 0.078125 0.7055288461538461 0.0889423076923077 0.0625
0 0.9759615384615384 0.09134615384615384 0.04807692307692308 0.04807692307692308
0 0.6418269230769231 0.7427884615384616 0.07692307692307693 0.052884615384615384
0 0.8870192307692307 0.7608173076923077 0.07932692307692307 0.05048076923076923
0 0.9675480769230769 0.7788461538461539 0.038461538461538464 0.052884615384615384
0 0.3125 0.7584134615384616 0.09375 0.05048076923076923
0 0.8665865384615384 0.09254807692307693 0.0625 0.052884615384615384
0 0.45913461538461536 0.08173076923076923 0.052884615384615384 0.038461538461538464
0 0.06971153846153846 0.06971153846153846 0.0673076923076923 0.04807692307692308
0 0.22596153846153846 0.8353365384615384 0.06009615384615385 0.03365384615384615
0 0.03365384615384615 0.84375 0.0673076923076923 0.0625
0 0.8641826923076923 0.8858173076923077 0.08413461538461539 0.057692307692307696
0 0.9471153846153846 0.9002403846153846 0.07932692307692307 0.0673076923076923
0 0.6646634615384616 0.890625 0.07211538461538461 0.05048076923076923
0 0.22956730769230768 0.8798076923076923 0.0985576923076923 0.057692307692307696
0 0.22956730769230768 0.08052884615384616 0.07932692307692307 0.05048076923076923
0 0.6358173076923077 0.9122596153846154 0.07692307692307693 0.057692307692307696
0 0.7512019230769231 0.921875 0.0673076923076923 0.04326923076923077
0 0.625 0.09615384615384616 0.07211538461538461 0.04567307692307692
0 0.4579326923076923 0.9158653846153846 0.07692307692307693 0.040865384615384616
0 0.33413461538461536 0.08653846153846154 0.057692307692307696 0.04807692307692308
0 0.9495192307692307 0.11057692307692307 0.07211538461538461 0.05048076923076923
0 0.4266826923076923 0.10216346153846154 0.07211538461538461 0.052884615384615384
0 0.3786057692307692 0.10576923076923077 0.0625 0.04326923076923077
0 0.6502403846153846 0.12259615384615384 0.07692307692307693 0.040865384615384616
0 0.5612980769230769 0.13701923076923078 0.07932692307692307 0.052884615384615384
0 0.3076923076923077 0.13341346153846154 0.07211538461538461 0.04567307692307692
0 0.4182692307692308 0.01201923076923077 0.04807692307692308 0.02403846153846154
0 0.23677884615384615 0.010817307692307692 0.06009615384615385 0.021634615384615384
0 0.030048076923076924 0.13942307692307693 0.036057692307692304 0.026442307692307692
0 0.046875 0.1622596153846154 0.05048076923076923 0.03365384615384615
0 0.8810096153846154 0.19110576923076922 0.06490384615384616 0.03365384615384615
0 0.18629807692307693 0.16947115384615385 0.0625 0.038461538461538464
0 0.9266826923076923 0.03245192307692308 0.07211538461538461 0.038461538461538464
0 0.34375 0.17427884615384615 0.052884615384615384 0.038461538461538464
0 0.2932692307692308 0.17548076923076922 0.0673076923076923 0.04807692307692308
0 0.5108173076923077 0.1875 0.0673076923076923 0.04326923076923077
0 0.09375 0.17548076923076922 0.08413461538461539 0.04567307692307692
0 0.6298076923076923 0.025240384615384616 0.0625 0.038461538461538464
0 0.6478365384615384 0.19951923076923078 0.0625 0.04326923076923077
0 0.4639423076923077 0.20072115384615385 0.07692307692307693 0.05048076923076923
0 0.7608173076923077 0.21033653846153846 0.06490384615384616 0.028846153846153848
0 0.7127403846153846 0.21033653846153846 0.052884615384615384 0.04326923076923077
0 0.9567307692307693 0.22115384615384615 0.07211538461538461 0.052884615384615384
0 0.23317307692307693 0.19831730769230768 0.057692307692307696 0.04326923076923077
0 0.04326923076923077 0.1971153846153846 0.0673076923076923 0.04807692307692308
0 0.9026442307692307 0.23197115384615385 0.07932692307692307 0.04567307692307692
0 0.375 0.21995192307692307 0.07692307692307693 0.052884615384615384
0 0.7512019230769231 0.24639423076923078 0.07211538461538461 0.05048076923076923
0 0.12259615384615384 0.22716346153846154 0.057692307692307696 0.04326923076923077
0 0.46875 0.24158653846153846 0.0673076923076923 0.052884615384615384
0 0.5853365384615384 0.25240384615384615 0.055288461538461536 0.03365384615384615
0 0.30288461538461536 0.26322115384615385 0.09375 0.052884615384615384
0 0.9591346153846154 0.28846153846153844 0.0673076923076923 0.04807692307692308
0 0.4110576923076923 0.27163461538461536 0.07692307692307693 0.05048076923076923
0 0.9002403846153846 0.2920673076923077 0.0673076923076923 0.04807692307692308
0 0.5492788461538461 0.28125 0.0673076923076923 0.04807692307692308
0 0.18269230769230768 0.020432692307692308 0.052884615384615384 0.040865384615384616
0 0.7992788461538461 0.3088942307692308 0.0673076923076923 0.04326923076923077
0 0.039663461538461536 0.2848557692307692 0.0673076923076923 0.052884615384615384
0 0.7103365384615384 0.31009615384615385 0.0673076923076923 0.038461538461538464
0 0.5841346153846154 0.30528846153846156 0.07211538461538461 0.05048076923076923
0 0.8509615384615384 0.3173076923076923 0.07211538461538461 0.040865384615384616
0 0.5564903846153846 0.03125 0.0625 0.04326923076923077
0 0.2439903846153846 0.3076923076923077 0.07692307692307693 0.04567307692307692
0 0.12620192307692307 0.3088942307692308 0.0625 0.038461538461538464
0 0.515625 0.328125 0.07211538461538461 0.05048076923076923
0 0.65625 0.33774038461538464 0.07211538461538461 0.04567307692307692
0 0.7259615384615384 0.3425480769230769 0.07692307692307693 0.040865384615384616
0 0.15625 0.32572115384615385 0.07932692307692307 0.036057692307692304
0 0.35216346153846156 0.3449519230769231 0.0625 0.04326923076923077
0 0.8617788461538461 0.3641826923076923 0.0889423076923077 0.057692307692307696
0 0.5625 0.359375 0.0673076923076923 0.04326923076923077
0 0.30288461538461536 0.3581730769230769 0.07692307692307693 0.052884615384615384
0 0.6177884615384616 0.36899038461538464 0.07932692307692307 0.05048076923076923
0 0.6850961538461539 0.3713942307692308 0.0625 0.04326923076923077
0 0.24759615384615385 0.359375 0.06009615384615385 0.03365384615384615
0 0.027644230769230768 0.35216346153846156 0.04807692307692308 0.04326923076923077
0 0.1502403846153846 0.3605769230769231 0.057692307692307696 0.038461538461538464
0 0.7331730769230769 0.38822115384615385 0.08413461538461539 0.052884615384615384
0 0.390625 0.3786057692307692 0.07211538461538461 0.040865384615384616
0 0.46875 0.38822115384615385 0.07692307692307693 0.057692307692307696
0 0.08173076923076923 0.3762019230769231 0.0985576923076923 0.052884615384615384
0 0.27524038461538464 0.03125 0.07211538461538461 0.04567307692307692
0 0.24879807692307693 0.3894230769230769 0.0625 0.04807692307692308
0 0.5336538461538461 0.4014423076923077 0.07211538461538461 0.052884615384615384
0 0.18629807692307693 0.3942307692307692 0.07932692307692307 0.05048076923076923
0 0.6538461538461539 0.41466346153846156 0.07692307692307693 0.04567307692307692
0 0.40024038461538464 0.421875 0.07211538461538461 0.040865384615384616
0 0.31009615384615385 0.4206730769230769 0.08413461538461539 0.052884615384615384
0 0.4675480769230769 0.04567307692307692 0.0673076923076923 0.04807692307692308
0 0.7115384615384616 0.46274038461538464 0.08413461538461539 0.057692307692307696
0 0.8882211538461539 0.46875 0.06009615384615385 0.03365384615384615
0 0.23918269230769232 0.45072115384615385 0.07932692307692307 0.0625
0 0.04927884615384615 0.45913461538461536 0.0889423076923077 0.052884615384615384
0 0.5108173076923077 0.47716346153846156 0.0889423076923077 0.057692307692307696
0 0.6105769230769231 0.4879807692307692 0.07932692307692307 0.05048076923076923
0 0.8846153846153846 0.49759615384615385 0.04326923076923077 0.02403846153846154
0 0.9603365384615384 0.5 0.0673076923076923 0.04326923076923077
0 0.9014423076923077 0.5264423076923077 0.07932692307692307 0.05048076923076923
0 0.5588942307692307 0.5420673076923077 0.07692307692307693 0.057692307692307696
0 0.31850961538461536 0.5444711538461539 0.08413461538461539 0.040865384615384616
0 0.15985576923076922 0.5528846153846154 0.07692307692307693 0.05048076923076923
0 0.35096153846153844 0.051682692307692304 0.0673076923076923 0.038461538461538464
0 0.9002403846153846 0.5889423076923077 0.07932692307692307 0.057692307692307696
0 0.11538461538461539 0.5673076923076923 0.0889423076923077 0.05048076923076923
0 0.6887019230769231 0.5925480769230769 0.07932692307692307 0.04567307692307692
0 0.25240384615384615 0.5817307692307693 0.08413461538461539 0.052884615384615384
0 0.019230769230769232 0.5721153846153846 0.038461538461538464 0.052884615384615384
0 0.3112980769230769 0.5889423076923077 0.07932692307692307 0.05048076923076923
0 0.8245192307692307 0.6129807692307693 0.07692307692307693 0.04567307692307692
0 0.3762019230769231 0.5997596153846154 0.04807692307692308 0.028846153846153848
0 0.040865384615384616 0.5889423076923077 0.08173076923076923 0.052884615384615384
0 0.9483173076923077 0.6310096153846154 0.0889423076923077 0.0625
0 0.04326923076923077 0.046875 0.057692307692307696 0.04326923076923077
0 0.44350961538461536 0.6177884615384616 0.0673076923076923 0.04807692307692308
0 0.1778846153846154 0.6165865384615384 0.07211538461538461 0.052884615384615384
0 0.7271634615384616 0.6478365384615384 0.07211538461538461 0.057692307692307696
0 0.39302884615384615 0.6358173076923077 0.07692307692307693 0.052884615384615384
0 0.5252403846153846 0.6418269230769231 0.0673076923076923 0.04326923076923077
0 0.7728365384615384 0.6526442307692307 0.052884615384615384 0.04807692307692308
0 0.0829326923076923 0.6358173076923077 0.07211538461538461 0.052884615384615384
0 0.15625 0.055288461538461536 0.05048076923076923 0.03365384615384615
0 0.5865384615384616 0.6766826923076923 0.07692307692307693 0.04567307692307692
0 0.49158653846153844 0.6730769230769231 0.07932692307692307 0.052884615384615384
0 0.8545673076923077 0.6947115384615384 0.0673076923076923 0.04807692307692308
0 0.3485576923076923 0.6802884615384616 0.0625 0.04326923076923077
0 0.4098557692307692 0.6959134615384616 0.08413461538461539 0.057692307692307696
0 0.3173076923076923 0.6959134615384616 0.07211538461538461 0.05048076923076923
0 0.5733173076923077 0.7175480769230769 0.07211538461538461 0.052884615384615384