0 0.7451923076923077 0.16346153846153846 0.038461538461538464 0.026442307692307692
0 0.9002403846153846 0.17668269230769232 0.03365384615384615 0.03125
0 0.7848557692307693 0.16947115384615385 0.057692307692307696 0.04567307692307692
0 0.2247596153846154 0.1201923076923077 0.0673076923076923 0.03365384615384615
0 0.6622596153846154 0.16346153846153846 0.052884615384615384 0.040865384615384616
0 0.8569711538461539 0.18028846153846154 0.05048076923076923 0.036057692307692304
0 0.38341346153846156 0.140625 0.052884615384615384 0.040865384615384616
0 0.14423076923076922 0.125 0.057692307692307696 0.026442307692307692
0 0.8293269230769231 0.1875 0.028846153846153848 0.028846153846153848
0 0.9206730769230769 0.19591346153846154 0.040865384615384616 0.036057692307692304
0 0.546875 0.16466346153846154 0.05048076923076923 0.036057692307692304
0 0.9891826923076923 0.203125 0.021634615384615384 0.040865384615384616
0 0.3401442307692308 0.1466346153846154 0.052884615384615384 0.04567307692307692
0 0.6237980769230769 0.171875 0.038461538461538464 0.03125
0 0.5036057692307693 0.16346153846153846 0.05048076923076923 0.036057692307692304
0 0.22235576923076922 0.14783653846153846 0.052884615384615384 0.036057692307692304
0 0.59375 0.18028846153846154 0.04567307692307692 0.036057692307692304
0 0.10216346153846154 0.14182692307692307 0.03365384615384615 0.026442307692307692
0 0.46274038461538464 0.17548076923076922 0.05048076923076923 0.040865384615384616
0 0.13822115384615385 0.1502403846153846 0.057692307692307696 0.036057692307692304
0 0.5324519230769231 0.21394230769230768 0.04807692307692308 0.03125
0 0.9963942307692307 0.3245192307692308 0.007211538461538462 0.028846153846153848
0 0.7824519230769231 0.30649038461538464 0.052884615384615384 0.036057692307692304
0 0.6610576923076923 0.3004807692307692 0.052884615384615384 0.040865384615384616
0 0.5709134615384616 0.29927884615384615 0.04567307692307692 0.04567307692307692
0 0.47115384615384615 0.29086538461538464 0.04807692307692308 0.03125
0 0.3605769230769231 0.2848557692307692 0.05048076923076923 0.036057692307692304
0 0.08413461538461539 0.26322115384615385 0.05048076923076923 0.040865384615384616
0 0.18028846153846154 0.28125 0.057692307692307696 0.040865384615384616
0 0.8569711538461539 0.3473557692307692 0.05048076923076923 0.040865384615384616
0 0.7463942307692307 0.3425480769230769 0.052884615384615384 0.040865384615384616
0 0.5588942307692307 0.3317307692307692 0.057692307692307696 0.040865384615384616
0 0.5925480769230769 0.33774038461538464 0.04326923076923077 0.026442307692307692
0 0.4050480769230769 0.3245192307692308 0.052884615384615384 0.040865384615384616
0 0.31971153846153844 0.32091346153846156 0.05048076923076923 0.040865384615384616
0 0.11538461538461539 0.31009615384615385 0.057692307692307696 0.04567307692307692
0 0.9819711538461539 0.4050480769230769 0.036057692307692304 0.040865384615384616
0 0.5180288461538461 0.3713942307692308 0.0625 0.04326923076923077
0 0.3425480769230769 0.3581730769230769 0.052884615384615384 0.040865384615384616
0 0.21995192307692307 0.35216346153846156 0.057692307692307696 0.040865384615384616
0 0.5841346153846154 0.3942307692307692 0.052884615384615384 0.040865384615384616
0 0.875 0.43509615384615385 0.057692307692307696 0.04567307692307692
0 0.5288461538461539 0.4074519230769231 0.052884615384615384 0.040865384615384616
0 0.7427884615384616 0.42788461538461536 0.0673076923076923 0.04807692307692308
0 0.15865384615384615 0.38461538461538464 0.057692307692307696 0.04567307692307692
0 0.25 0.4014423076923077 0.057692307692307696 0.04567307692307692
0 0.4543269230769231 0.4206730769230769 0.057692307692307696 0.04567307692307692
0 0.5048076923076923 0.44471153846153844 0.0673076923076923 0.04807692307692308
0 0.8173076923076923 0.4831730769230769 0.057692307692307696 0.04567307692307692
0 0.3629807692307692 0.45072115384615385 0.052884615384615384 0.04567307692307692
0 0.6694711538461539 0.484375 0.0625 0.04807692307692308
0 0.2091346153846154 0.4495192307692308 0.057692307692307696 0.04567307692307692
0 0.9423076923076923 0.5408653846153846 0.06971153846153846 0.055288461538461536
0 0.7788461538461539 0.53125 0.0673076923076923 0.04807692307692308
0 0.42427884615384615 0.5060096153846154 0.057692307692307696 0.04567307692307692
0 0.2439903846153846 0.4951923076923077 0.0625 0.04807692307692308
0 0.1310096153846154 0.4951923076923077 0.0673076923076923 0.04807692307692308
0 0.765625 0.5649038461538461 0.057692307692307696 0.04567307692307692
0 0.9675480769230769 0.5961538461538461 0.055288461538461536 0.055288461538461536
0 0.4699519230769231 0.5552884615384616 0.0625 0.04807692307692308
0 0.32211538461538464 0.5492788461538461 0.0673076923076923 0.04807692307692308
0 0.16706730769230768 0.5456730769230769 0.06009615384615385 0.055288461538461536
0 0.06490384615384616 0.5408653846153846 0.06490384615384616 0.052884615384615384
0 0.8954326923076923 0.6550480769230769 0.06490384615384616 0.052884615384615384
0 0.7680288461538461 0.6466346153846154 0.057692307692307696 0.04567307692307692
0 0.3942307692307692 0.6213942307692307 0.0673076923076923 0.04807692307692308
0 0.02403846153846154 0.5925480769230769 0.04807692307692308 0.05048076923076923
0 0.2512019230769231 0.6129807692307693 0.052884615384615384 0.04567307692307692
0 0.9711538461538461 0.7151442307692307 0.021634615384615384 0.038461538461538464
0 0.8161057692307693 0.7115384615384616 0.057692307692307696 0.04567307692307692
0 0.7199519230769231 0.7127403846153846 0.057692307692307696 0.04567307692307692
0 0.4735576923076923 0.6959134615384616 0.06490384615384616 0.052884615384615384
0 0.5997596153846154 0.7091346153846154 0.06490384615384616 0.055288461538461536
0 0.17067307692307693 0.6754807692307693 0.06009615384615385 0.05048076923076923
0 0.3112980769230769 0.6899038461538461 0.06971153846153846 0.06490384615384616
0 0.015625 0.6646634615384616 0.03125 0.06009615384615385
0 0.26322115384615385 0.7379807692307693 0.052884615384615384 0.04567307692307692
0 0.4098557692307692 0.7548076923076923 0.07932692307692307 0.057692307692307696
0 0.6334134615384616 0.78125 0.07451923076923077 0.06490384615384616
0 0.7055288461538461 0.84375 0.052884615384615384 0.04567307692307692
0 0.4326923076923077 0.8197115384615384 0.07451923076923077 0.055288461538461536
0 0.12980769230769232 0.796875 0.07451923076923077 0.055288461538461536
0 0.5805288461538461 0.8365384615384616 0.07451923076923077 0.055288461538461536
0 0.7596153846153846 0.8617788461538461 0.057692307692307696 0.04567307692307692
0 0.26802884615384615 0.828125 0.07932692307692307 0.057692307692307696
0 0.02283653846153846 0.8076923076923077 0.04567307692307692 0.052884615384615384
0 0.9447115384615384 0.9206730769230769 0.040865384615384616 0.05048076923076923
0 0.7920673076923077 0.9134615384615384 0.07932692307692307 0.07211538461538461
0 0.007211538461538462 0.8497596153846154 0.014423076923076924 0.06971153846153846
0 0.41947115384615385 0.8870192307692307 0.06971153846153846 0.055288461538461536
0 0.5733173076923077 0.9134615384615384 0.06490384615384616 0.055288461538461536
0 0.13822115384615385 0.8822115384615384 0.06490384615384616 0.055288461538461536
0 0.5516826923076923 0.9747596153846154 0.07932692307692307 0.05048076923076923
0 0.22716346153846154 0.9555288461538461 0.08653846153846154 0.04807692307692308