0 0.31009615384615385 0.32572115384615385 0.01201923076923077 0.014423076923076924
0 0.46274038461538464 0.34615384615384615 0.016826923076923076 0.019230769230769232
0 0.21514423076923078 0.31850961538461536 0.016826923076923076 0.02403846153846154
0 0.9098557692307693 0.40384615384615385 0.016826923076923076 0.019230769230769232
0 0.328125 0.33774038461538464 0.01201923076923077 0.019230769230769232
0 0.5564903846153846 0.36538461538461536 0.016826923076923076 0.019230769230769232
0 0.6165865384615384 0.37259615384615385 0.01201923076923077 0.019230769230769232
0 0.24158653846153846 0.328125 0.016826923076923076 0.016826923076923076
0 0.6610576923076923 0.3798076923076923 0.01201923076923077 0.014423076923076924
0 0.4074519230769231 0.35096153846153844 0.01201923076923077 0.014423076923076924
0 0.48197115384615385 0.36177884615384615 0.01201923076923077 0.019230769230769232
0 0.5829326923076923 0.375 0.016826923076923076 0.019230769230769232
0 0.35216346153846156 0.3485576923076923 0.01201923076923077 0.014423076923076924
0 0.5132211538461539 0.36899038461538464 0.016826923076923076 0.02403846153846154
0 0.10697115384615384 0.31850961538461536 0.016826923076923076 0.02403846153846154
0 0.9326923076923077 0.41947115384615385 0.016826923076923076 0.016826923076923076
0 0.19831730769230768 0.3293269230769231 0.016826923076923076 0.02403846153846154
0 0.41947115384615385 0.35697115384615385 0.016826923076923076 0.019230769230769232
0 0.9026442307692307 0.4182692307692308 0.01201923076923077 0.014423076923076924
0 0.5540865384615384 0.38100961538461536 0.016826923076923076 0.028846153846153848
0 0.5745192307692307 0.38341346153846156 0.016826923076923076 0.019230769230769232
0 0.5300480769230769 0.3798076923076923 0.016826923076923076 0.02403846153846154
0 0.4230769230769231 0.36899038461538464 0.01201923076923077 0.019230769230769232
0 0.6478365384615384 0.39663461538461536 0.01201923076923077 0.019230769230769232
0 0.7872596153846154 0.41466346153846156 0.016826923076923076 0.019230769230769232
0 0.7764423076923077 0.41586538461538464 0.016826923076923076 0.019230769230769232
0 0.4675480769230769 0.3798076923076923 0.01201923076923077 0.02403846153846154
0 0.2932692307692308 0.3605769230769231 0.016826923076923076 0.028846153846153848
0 0.6670673076923077 0.40625 0.016826923076923076 0.019230769230769232
0 0.796875 0.4230769230769231 0.016826923076923076 0.019230769230769232
0 0.39663461538461536 0.3762019230769231 0.016826923076923076 0.02403846153846154
0 0.6081730769230769 0.4014423076923077 0.016826923076923076 0.02403846153846154
0 0.3425480769230769 0.36899038461538464 0.016826923076923076 0.028846153846153848
0 0.6189903846153846 0.4050480769230769 0.016826923076923076 0.02403846153846154
0 0.7680288461538461 0.4254807692307692 0.016826923076923076 0.02403846153846154
0 0.3088942307692308 0.3713942307692308 0.016826923076923076 0.016826923076923076
0 0.06850961538461539 0.34134615384615385 0.016826923076923076 0.02403846153846154
0 0.24158653846153846 0.36538461538461536 0.016826923076923076 0.016826923076923076
0 0.21754807692307693 0.3629807692307692 0.016826923076923076 0.02403846153846154
0 0.32572115384615385 0.3786057692307692 0.016826923076923076 0.028846153846153848
0 0.41346153846153844 0.3894230769230769 0.016826923076923076 0.019230769230769232
0 0.43149038461538464 0.39302884615384615 0.016826923076923076 0.02403846153846154
0 0.08533653846153846 0.35096153846153844 0.016826923076923076 0.02403846153846154
0 0.16466346153846154 0.3605769230769231 0.016826923076923076 0.02403846153846154
0 0.4519230769230769 0.39663461538461536 0.016826923076923076 0.02403846153846154
0 0.10697115384615384 0.35336538461538464 0.016826923076923076 0.019230769230769232
0 0.18028846153846154 0.36778846153846156 0.016826923076923076 0.02403846153846154
0 0.2776442307692308 0.38221153846153844 0.016826923076923076 0.02403846153846154
0 0.5576923076923077 0.41586538461538464 0.016826923076923076 0.016826923076923076
0 0.7548076923076923 0.43990384615384615 0.016826923076923076 0.02403846153846154
0 0.1502403846153846 0.36658653846153844 0.016826923076923076 0.02403846153846154
0 0.5264423076923077 0.41225961538461536 0.021634615384615384 0.02403846153846154
0 0.7067307692307693 0.43509615384615385 0.016826923076923076 0.019230769230769232
0 0.625 0.4266826923076923 0.016826923076923076 0.02403846153846154
0 0.8786057692307693 0.4579326923076923 0.01201923076923077 0.014423076923076924
0 0.4735576923076923 0.4110576923076923 0.016826923076923076 0.019230769230769232
0 0.6346153846153846 0.43028846153846156 0.01201923076923077 0.019230769230769232
0 0.9194711538461539 0.4651442307692308 0.016826923076923076 0.02403846153846154
0 0.3629807692307692 0.40024038461538464 0.016826923076923076 0.02403846153846154
0 0.8569711538461539 0.46033653846153844 0.016826923076923076 0.016826923076923076
0 0.2980769230769231 0.3942307692307692 0.016826923076923076 0.02403846153846154
0 0.5072115384615384 0.41947115384615385 0.016826923076923076 0.02403846153846154
0 0.6045673076923077 0.43149038461538464 0.016826923076923076 0.02403846153846154
0 0.6610576923076923 0.4387019230769231 0.016826923076923076 0.02403846153846154
0 0.23677884615384615 0.3894230769230769 0.016826923076923076 0.019230769230769232
0 0.3389423076923077 0.4026442307692308 0.016826923076923076 0.02403846153846154
0 0.7668269230769231 0.45552884615384615 0.016826923076923076 0.028846153846153848
0 0.5685096153846154 0.4338942307692308 0.016826923076923076 0.019230769230769232
0 0.59375 0.4362980769230769 0.016826923076923076 0.019230769230769232
0 0.3137019230769231 0.4014423076923077 0.016826923076923076 0.02403846153846154
0 0.7319711538461539 0.453125 0.016826923076923076 0.028846153846153848
0 0.09975961538461539 0.3762019230769231 0.016826923076923076 0.02403846153846154
0 0.1622596153846154 0.38341346153846156 0.016826923076923076 0.02403846153846154
0 0.39903846153846156 0.41466346153846156 0.021634615384615384 0.02403846153846154
0 0.41225961538461536 0.4170673076923077 0.016826923076923076 0.019230769230769232
0 0.18629807692307693 0.3894230769230769 0.016826923076923076 0.02403846153846154
0 0.7067307692307693 0.45552884615384615 0.016826923076923076 0.02403846153846154
0 0.8713942307692307 0.47716346153846156 0.016826923076923076 0.02403846153846154
0 0.5853365384615384 0.44711538461538464 0.021634615384615384 0.028846153846153848
0 0.24759615384615385 0.40865384615384615 0.016826923076923076 0.02403846153846154
0 0.9074519230769231 0.4891826923076923 0.016826923076923076 0.02403846153846154
0 0.7752403846153846 0.4735576923076923 0.016826923076923076 0.02403846153846154
0 0.8942307692307693 0.4879807692307692 0.016826923076923076 0.028846153846153848
0 0.9266826923076923 0.49158653846153844 0.016826923076923076 0.028846153846153848
0 0.21754807692307693 0.4074519230769231 0.021634615384615384 0.03365384615384615
0 0.2764423076923077 0.4170673076923077 0.016826923076923076 0.02403846153846154
0 0.5288461538461539 0.45072115384615385 0.016826923076923076 0.02403846153846154
0 0.9639423076923077 0.5036057692307693 0.021634615384615384 0.03365384615384615
0 0.984375 0.5060096153846154 0.016826923076923076 0.02403846153846154
0 0.31009615384615385 0.4254807692307692 0.016826923076923076 0.019230769230769232
0 0.6995192307692307 0.4735576923076923 0.016826923076923076 0.028846153846153848
0 0.3449519230769231 0.4326923076923077 0.016826923076923076 0.02403846153846154
0 0.4230769230769231 0.4423076923076923 0.021634615384615384 0.028846153846153848
0 0.6177884615384616 0.4675480769230769 0.016826923076923076 0.019230769230769232
0 0.7115384615384616 0.47836538461538464 0.016826923076923076 0.02403846153846154
0 0.3713942307692308 0.43990384615384615 0.021634615384615384 0.02403846153846154
0 0.4891826923076923 0.4567307692307692 0.021634615384615384 0.028846153846153848
0 0.5528846153846154 0.46634615384615385 0.019230769230769232 0.03365384615384615
0 0.5721153846153846 0.46875 0.019230769230769232 0.03365384615384615
0 0.33653846153846156 0.43990384615384615 0.016826923076923076 0.028846153846153848
0 0.7728365384615384 0.49399038461538464 0.021634615384615384 0.028846153846153848
0 0.8545673076923077 0.5036057692307693 0.021634615384615384 0.02403846153846154
0 0.8786057692307693 0.5084134615384616 0.016826923076923076 0.019230769230769232
0 0.265625 0.4362980769230769 0.016826923076923076 0.028846153846153848
0 0.43509615384615385 0.4567307692307692 0.016826923076923076 0.02403846153846154
0 0.46274038461538464 0.46033653846153844 0.021634615384615384 0.028846153846153848
0 0.9182692307692307 0.5180288461538461 0.016826923076923076 0.02403846153846154
0 0.2920673076923077 0.44471153846153844 0.019230769230769232 0.03365384615384615
0 0.08173076923076923 0.4182692307692308 0.016826923076923076 0.02403846153846154
0 0.15625 0.42788461538461536 0.021634615384615384 0.03365384615384615
0 0.453125 0.46634615384615385 0.016826923076923076 0.02403846153846154
0 0.09375 0.42427884615384615 0.021634615384615384 0.028846153846153848
0 0.5853365384615384 0.4855769230769231 0.016826923076923076 0.028846153846153848
0 0.7584134615384616 0.5084134615384616 0.016826923076923076 0.019230769230769232
0 0.9375 0.53125 0.021634615384615384 0.03365384615384615
0 0.22956730769230768 0.44591346153846156 0.016826923076923076 0.02403846153846154
0 0.47716346153846156 0.4795673076923077 0.016826923076923076 0.02403846153846154
0 0.6165865384615384 0.4963942307692308 0.021634615384615384 0.03365384615384615
0 0.640625 0.4987980769230769 0.019230769230769232 0.03365384615384615
0 0.41466346153846156 0.47115384615384615 0.021634615384615384 0.028846153846153848
0 0.19951923076923078 0.44471153846153844 0.026442307692307692 0.040865384615384616
0 0.515625 0.48677884615384615 0.021634615384615384 0.03365384615384615
0 0.3942307692307692 0.4795673076923077 0.016826923076923076 0.02403846153846154
0 0.7644230769230769 0.5252403846153846 0.016826923076923076 0.028846153846153848
0 0.10096153846153846 0.44350961538461536 0.016826923076923076 0.016826923076923076
0 0.9603365384615384 0.5492788461538461 0.021634615384615384 0.028846153846153848
0 0.8930288461538461 0.5432692307692307 0.021634615384615384 0.028846153846153848
0 0.11298076923076923 0.44711538461538464 0.016826923076923076 0.028846153846153848
0 0.23677884615384615 0.4651442307692308 0.021634615384615384 0.03365384615384615
0 0.4338942307692308 0.4891826923076923 0.021634615384615384 0.03365384615384615
0 0.453125 0.49158653846153844 0.021634615384615384 0.03365384615384615
0 0.5324519230769231 0.5012019230769231 0.021634615384615384 0.02403846153846154
0 0.2980769230769231 0.47716346153846156 0.021634615384615384 0.03365384615384615
0 0.9134615384615384 0.5528846153846154 0.016826923076923076 0.028846153846153848
0 0.08774038461538461 0.4543269230769231 0.016826923076923076 0.02403846153846154
0 0.12740384615384615 0.45913461538461536 0.021634615384615384 0.03365384615384615
0 0.2439903846153846 0.47836538461538464 0.016826923076923076 0.028846153846153848
0 0.039663461538461536 0.45552884615384615 0.026442307692307692 0.040865384615384616
0 0.8112980769230769 0.5504807692307693 0.016826923076923076 0.028846153846153848
0 0.3173076923076923 0.49278846153846156 0.02403846153846154 0.04326923076923077
0 0.3557692307692308 0.49759615384615385 0.026442307692307692 0.036057692307692304
0 0.8425480769230769 0.5576923076923077 0.021634615384615384 0.028846153846153848
0 0.8858173076923077 0.5637019230769231 0.016826923076923076 0.028846153846153848
0 0.9483173076923077 0.5709134615384616 0.019230769230769232 0.03365384615384615
0 0.5697115384615384 0.5264423076923077 0.03125 0.040865384615384616
0 0.7043269230769231 0.5432692307692307 0.021634615384615384 0.028846153846153848
0 0.38822115384615385 0.5048076923076923 0.021634615384615384 0.03365384615384615
0 0.2692307692307692 0.4951923076923077 0.019230769230769232 0.03365384615384615
0 0.5204326923076923 0.5252403846153846 0.021634615384615384 0.028846153846153848
0 0.9771634615384616 0.5841346153846154 0.021634615384615384 0.038461538461538464
0 0.4699519230769231 0.5216346153846154 0.021634615384615384 0.03365384615384615
0 0.16826923076923078 0.484375 0.026442307692307692 0.036057692307692304
0 0.25600961538461536 0.49759615384615385 0.021634615384615384 0.038461538461538464
0 0.49399038461538464 0.5276442307692307 0.028846153846153848 0.04567307692307692
0 0.9026442307692307 0.5793269230769231 0.026442307692307692 0.03125
0 0.41346153846153844 0.5216346153846154 0.021634615384615384 0.03365384615384615
0 0.6105769230769231 0.5456730769230769 0.021634615384615384 0.03365384615384615
0 0.44591346153846156 0.5288461538461539 0.026442307692307692 0.040865384615384616
0 0.6911057692307693 0.5612980769230769 0.021634615384615384 0.03365384615384615
0 0.7752403846153846 0.5709134615384616 0.021634615384615384 0.03365384615384615
0 0.8076923076923077 0.578125 0.021634615384615384 0.038461538461538464
0 0.6742788461538461 0.5637019230769231 0.03365384615384615 0.04567307692307692
0 0.009615384615384616 0.4807692307692308 0.019230769230769232 0.04326923076923077
0 0.234375 0.5144230769230769 0.03365384615384615 0.05048076923076923
0 0.3954326923076923 0.5360576923076923 0.026442307692307692 0.040865384615384616
0 0.6322115384615384 0.5649038461538461 0.021634615384615384 0.038461538461538464
0 0.8990384615384616 0.5973557692307693 0.021634615384615384 0.028846153846153848
0 0.14182692307692307 0.5096153846153846 0.021634615384615384 0.028846153846153848
0 0.11177884615384616 0.5060096153846154 0.019230769230769232 0.03365384615384615
0 0.5805288461538461 0.5661057692307693 0.026442307692307692 0.040865384615384616
0 0.8497596153846154 0.5985576923076923 0.026442307692307692 0.040865384615384616
0 0.21033653846153846 0.5252403846153846 0.03365384615384615 0.04567307692307692
0 0.5588942307692307 0.5673076923076923 0.021634615384615384 0.028846153846153848
0 0.7163461538461539 0.5865384615384616 0.019230769230769232 0.019230769230769232
0 0.17307692307692307 0.5204326923076923 0.016826923076923076 0.019230769230769232
0 0.36177884615384615 0.5432692307692307 0.026442307692307692 0.036057692307692304
0 0.9495192307692307 0.6153846153846154 0.021634615384615384 0.03365384615384615
0 0.4423076923076923 0.5552884615384616 0.026442307692307692 0.040865384615384616
0 0.53125 0.5697115384615384 0.03365384615384615 0.04567307692307692
0 0.6502403846153846 0.5841346153846154 0.038461538461538464 0.05048076923076923
0 0.1201923076923077 0.5192307692307693 0.019230769230769232 0.04807692307692308
0 0.7415865384615384 0.5997596153846154 0.028846153846153848 0.04567307692307692
0 0.8353365384615384 0.6165865384615384 0.021634615384615384 0.028846153846153848
0 0.09134615384615384 0.5252403846153846 0.028846153846153848 0.04567307692307692
0 0.8774038461538461 0.6213942307692307 0.021634615384615384 0.03365384615384615
0 0.3762019230769231 0.5625 0.026442307692307692 0.040865384615384616
0 0.9723557692307693 0.6358173076923077 0.021634615384615384 0.028846153846153848
0 0.13341346153846154 0.5324519230769231 0.028846153846153848 0.04567307692307692
0 0.4831730769230769 0.5769230769230769 0.03365384615384615 0.05048076923076923
0 0.9026442307692307 0.6286057692307693 0.026442307692307692 0.036057692307692304
0 0.39783653846153844 0.5685096153846154 0.026442307692307692 0.040865384615384616
0 0.8605769230769231 0.625 0.021634615384615384 0.03365384615384615
0 0.6778846153846154 0.6081730769230769 0.038461538461538464 0.05048076923076923
0 0.16346153846153846 0.546875 0.028846153846153848 0.04567307692307692
0 0.7163461538461539 0.6177884615384616 0.03365384615384615 0.04567307692307692
0 0.9627403846153846 0.6478365384615384 0.021634615384615384 0.038461538461538464
0 0.03365384615384615 0.5360576923076923 0.016826923076923076 0.028846153846153848
0 0.8016826923076923 0.6298076923076923 0.028846153846153848 0.04567307692307692
0 0.8305288461538461 0.6358173076923077 0.03365384615384615 0.04567307692307692
0 0.9375 0.6490384615384616 0.026442307692307692 0.03125
0 0.04927884615384615 0.5432692307692307 0.028846153846153848 0.04567307692307692
0 0.7728365384615384 0.6358173076923077 0.05048076923076923 0.06971153846153846
0 0.18509615384615385 0.5637019230769231 0.03365384615384615 0.04567307692307692
0 0.43028846153846156 0.5973557692307693 0.038461538461538464 0.057692307692307696
0 0.06850961538461539 0.5528846153846154 0.03365384615384615 0.05048076923076923
0 0.28125 0.578125 0.038461538461538464 0.052884615384615384
0 0.5925480769230769 0.6213942307692307 0.04326923076923077 0.055288461538461536
0 0.9002403846153846 0.6658653846153846 0.026442307692307692 0.040865384615384616
0 0.5276442307692307 0.6225961538461539 0.04326923076923077 0.05048076923076923
0 0.3473557692307692 0.5997596153846154 0.04326923076923077 0.06009615384615385
0 0.3713942307692308 0.6033653846153846 0.03365384615384615 0.052884615384615384
0 0.7475961538461539 0.6514423076923077 0.03365384615384615 0.04567307692307692
0 0.9387019230769231 0.6826923076923077 0.03365384615384615 0.04567307692307692
0 0.9651442307692307 0.6875 0.03365384615384615 0.04567307692307692
0 0.09975961538461539 0.5817307692307693 0.036057692307692304 0.040865384615384616
0 0.8413461538461539 0.6754807692307693 0.03365384615384615 0.057692307692307696
0 0.028846153846153848 0.5757211538461539 0.021634615384615384 0.038461538461538464
0 0.8725961538461539 0.6899038461538461 0.03365384615384615 0.04567307692307692
0 0.1658653846153846 0.6177884615384616 0.057692307692307696 0.06971153846153846
0 0.9326923076923077 0.7139423076923077 0.021634615384615384 0.038461538461538464
0 0.4651442307692308 0.6622596153846154 0.055288461538461536 0.07451923076923077
0 0.9098557692307693 0.7163461538461539 0.038461538461538464 0.057692307692307696
0 0.06009615384615385 0.6141826923076923 0.040865384615384616 0.0673076923076923
0 0.4170673076923077 0.6646634615384616 0.055288461538461536 0.06971153846153846
0 0.6177884615384616 0.6887019230769231 0.04807692307692308 0.06490384615384616
0 0.09254807692307693 0.6237980769230769 0.05048076923076923 0.06971153846153846
0 0.24278846153846154 0.6454326923076923 0.06009615384615385 0.07932692307692307
0 0.5745192307692307 0.6935096153846154 0.05048076923076923 0.06971153846153846
0 0.9507211538461539 0.7415865384615384 0.036057692307692304 0.040865384615384616
0 0.6947115384615384 0.7223557692307693 0.05048076923076923 0.06971153846153846
0 0.5012019230769231 0.7163461538461539 0.04326923076923077 0.06009615384615385
0 0.17307692307692307 0.6790865384615384 0.05048076923076923 0.07451923076923077
0 0.7307692307692307 0.7548076923076923 0.052884615384615384 0.08653846153846154
0 0.23557692307692307 0.7007211538461539 0.04807692307692308 0.06490384615384616
0 0.9459134615384616 0.7884615384615384 0.03365384615384615 0.0625
0 0.8185096153846154 0.7956730769230769 0.057692307692307696 0.0889423076923077
0 0.30649038461538464 0.7427884615384616 0.055288461538461536 0.06971153846153846
0 0.390625 0.7536057692307693 0.057692307692307696 0.06971153846153846
0 0.44471153846153844 0.7824519230769231 0.07692307692307693 0.11778846153846154
0 0.65625 0.8293269230769231 0.10096153846153846 0.11778846153846154
0 0.234375 0.7980769230769231 0.0673076923076923 0.0985576923076923
0 0.3317307692307692 0.8293269230769231 0.06009615384615385 0.0889423076923077
0 0.016826923076923076 0.7896634615384616 0.03365384615384615 0.14182692307692307
0 0.7079326923076923 0.8942307692307693 0.08653846153846154 0.11778846153846154
0 0.8966346153846154 0.9194711538461539 0.07211538461538461 0.11298076923076923
0 0.3137019230769231 0.25600961538461536 0.016826923076923076 0.016826923076923076
0 0.2932692307692308 0.2608173076923077 0.01201923076923077 0.014423076923076924
0 0.5 0.28846153846153844 0.01201923076923077 0.014423076923076924
0 0.22235576923076922 0.2536057692307692 0.016826923076923076 0.016826923076923076
0 0.23317307692307693 0.25721153846153844 0.009615384615384616 0.009615384615384616
0 0.43509615384615385 0.2848557692307692 0.01201923076923077 0.014423076923076924
0 0.25841346153846156 0.265625 0.016826923076923076 0.016826923076923076
0 0.3317307692307692 0.2764423076923077 0.016826923076923076 0.019230769230769232
0 0.3161057692307692 0.2764423076923077 0.016826923076923076 0.016826923076923076
0 0.4110576923076923 0.2932692307692308 0.01201923076923077 0.014423076923076924
0 0.46153846153846156 0.3016826923076923 0.01201923076923077 0.014423076923076924
0 0.44591346153846156 0.3016826923076923 0.01201923076923077 0.014423076923076924
0 0.2800480769230769 0.28125 0.01201923076923077 0.014423076923076924
0 0.4182692307692308 0.30408653846153844 0.01201923076923077 0.014423076923076924
0 0.49038461538461536 0.31490384615384615 0.01201923076923077 0.019230769230769232
0 0.20673076923076922 0.2800480769230769 0.016826923076923076 0.016826923076923076
0 0.25961538461538464 0.28846153846153844 0.007211538461538462 0.019230769230769232
0 0.46875 0.3173076923076923 0.01201923076923077 0.014423076923076924
0 0.3004807692307692 0.30288461538461536 0.007211538461538462 0.014423076923076924
0 0.18509615384615385 0.29086538461538464 0.01201923076923077 0.014423076923076924
0 0.5360576923076923 0.3389423076923077 0.016826923076923076 0.02403846153846154
0 0.17307692307692307 0.29447115384615385 0.01201923076923077 0.014423076923076924
0 0.2247596153846154 0.30288461538461536 0.016826923076923076 0.019230769230769232
0 0.25 0.3137019230769231 0.01201923076923077 0.019230769230769232
0 0.26802884615384615 0.31490384615384615 0.016826923076923076 0.019230769230769232
0 0.2860576923076923 0.3173076923076923 0.01201923076923077 0.019230769230769232
0 0.38100961538461536 0.3293269230769231 0.016826923076923076 0.019230769230769232
0 0.35336538461538464 0.328125 0.016826923076923076 0.016826923076923076
0 0.9387019230769231 0.40024038461538464 0.016826923076923076 0.016826923076923076
0 0.1935096153846154 0.3088942307692308 0.016826923076923076 0.016826923076923076
0 0.36899038461538464 0.33052884615384615 0.016826923076923076 0.019230769230769232