0 0.7956730769230769 0.13942307692307693 0.036057692307692304 0.057692307692307696
0 0.040865384615384616 0.10697115384615384 0.03125 0.057692307692307696
0 0.08173076923076923 0.11057692307692307 0.040865384615384616 0.052884615384615384
0 0.515625 0.14543269230769232 0.040865384615384616 0.052884615384615384
0 0.7259615384615384 0.16706730769230768 0.036057692307692304 0.04807692307692308
0 0.9026442307692307 0.18509615384615385 0.03125 0.04807692307692308
0 0.15264423076923078 0.13221153846153846 0.036057692307692304 0.057692307692307696
0 0.24158653846153846 0.14783653846153846 0.040865384615384616 0.0673076923076923
0 0.2824519230769231 0.15985576923076922 0.040865384615384616 0.0673076923076923
0 0.9915865384615384 0.21153846153846154 0.016826923076923076 0.052884615384615384
0 0.4230769230769231 0.17427884615384615 0.036057692307692304 0.057692307692307696
0 0.31971153846153844 0.17427884615384615 0.040865384615384616 0.0625
0 0.6694711538461539 0.19831730769230768 0.03125 0.052884615384615384
0 0.7980769230769231 0.2127403846153846 0.03125 0.04326923076923077
0 0.48197115384615385 0.18990384615384615 0.04567307692307692 0.0625
0 0.036057692307692304 0.16826923076923078 0.021634615384615384 0.06009615384615385
0 0.3641826923076923 0.19110576923076922 0.040865384615384616 0.0625
0 0.7127403846153846 0.21995192307692307 0.036057692307692304 0.052884615384615384
0 0.06850961538461539 0.18389423076923078 0.04567307692307692 0.07211538461538461
0 0.8245192307692307 0.23677884615384615 0.040865384615384616 0.0625
0 0.9591346153846154 0.24879807692307693 0.040865384615384616 0.0673076923076923
0 0.13701923076923078 0.203125 0.036057692307692304 0.052884615384615384
0 0.8677884615384616 0.25721153846153844 0.036057692307692304 0.04807692307692308
0 0.40625 0.2247596153846154 0.036057692307692304 0.04807692307692308
0 0.8064903846153846 0.2608173076923077 0.036057692307692304 0.057692307692307696
0 0.16466346153846154 0.21634615384615385 0.036057692307692304 0.057692307692307696
0 0.5180288461538461 0.2439903846153846 0.040865384615384616 0.052884615384615384
0 0.5961538461538461 0.2512019230769231 0.040865384615384616 0.05048076923076923
0 0.6574519230769231 0.2608173076923077 0.036057692307692304 0.057692307692307696
0 0.19591346153846154 0.2283653846153846 0.036057692307692304 0.057692307692307696
0 0.6983173076923077 0.27524038461538464 0.036057692307692304 0.052884615384615384
0 0.25721153846153844 0.24759615384615385 0.040865384615384616 0.052884615384615384
0 0.37740384615384615 0.25841346153846156 0.040865384615384616 0.057692307692307696
0 0.5456730769230769 0.27283653846153844 0.036057692307692304 0.052884615384615384
0 0.12379807692307693 0.24639423076923078 0.03125 0.057692307692307696
0 0.7824519230769231 0.296875 0.040865384615384616 0.057692307692307696
0 0.09735576923076923 0.24879807692307693 0.036057692307692304 0.057692307692307696
0 0.29086538461538464 0.2668269230769231 0.036057692307692304 0.04807692307692308
0 0.9014423076923077 0.3125 0.036057692307692304 0.052884615384615384
0 0.4338942307692308 0.2848557692307692 0.036057692307692304 0.04326923076923077
0 0.8581730769230769 0.3161057692307692 0.036057692307692304 0.057692307692307696
0 0.06009615384615385 0.265625 0.036057692307692304 0.04807692307692308
0 0.44711538461538464 0.2980769230769231 0.036057692307692304 0.052884615384615384
0 0.9747596153846154 0.3449519230769231 0.040865384615384616 0.052884615384615384
0 0.6514423076923077 0.33653846153846156 0.038461538461538464 0.036057692307692304
0 0.15384615384615385 0.29927884615384615 0.04567307692307692 0.05048076923076923
0 0.8052884615384616 0.3473557692307692 0.04326923076923077 0.036057692307692304
0 0.2668269230769231 0.3137019230769231 0.040865384615384616 0.07211538461538461
0 0.3713942307692308 0.32572115384615385 0.036057692307692304 0.04326923076923077
0 0.4254807692307692 0.33653846153846156 0.04567307692307692 0.057692307692307696
0 0.0733173076923077 0.32211538461538464 0.04567307692307692 0.057692307692307696
0 0.5745192307692307 0.3641826923076923 0.040865384615384616 0.04567307692307692
0 0.46153846153846156 0.3557692307692308 0.036057692307692304 0.052884615384615384
0 0.6466346153846154 0.3701923076923077 0.036057692307692304 0.04807692307692308
0 0.7584134615384616 0.38100961538461536 0.05048076923076923 0.052884615384615384
0 0.9915865384615384 0.39663461538461536 0.016826923076923076 0.03365384615384615
0 0.7980769230769231 0.3858173076923077 0.036057692307692304 0.04807692307692308
0 0.171875 0.3425480769230769 0.05048076923076923 0.057692307692307696
0 0.8641826923076923 0.4098557692307692 0.040865384615384616 0.05048076923076923
0 0.9375 0.41466346153846156 0.040865384615384616 0.05048076923076923
0 0.5372596153846154 0.3894230769230769 0.04567307692307692 0.0625
0 0.5877403846153846 0.39663461538461536 0.04567307692307692 0.052884615384615384
0 0.8810096153846154 0.4338942307692308 0.040865384615384616 0.057692307692307696
0 0.051682692307692304 0.3737980769230769 0.036057692307692304 0.052884615384615384
0 0.28365384615384615 0.40625 0.040865384615384616 0.057692307692307696
0 0.3389423076923077 0.4110576923076923 0.040865384615384616 0.0625
0 0.7800480769230769 0.44471153846153844 0.04567307692307692 0.057692307692307696
0 0.4266826923076923 0.4206730769230769 0.05048076923076923 0.057692307692307696
0 0.24158653846153846 0.41225961538461536 0.040865384615384616 0.0673076923076923
0 0.7067307692307693 0.4519230769230769 0.040865384615384616 0.052884615384615384
0 0.07692307692307693 0.4074519230769231 0.036057692307692304 0.0625
0 0.19230769230769232 0.4182692307692308 0.036057692307692304 0.04807692307692308
0 0.019230769230769232 0.41346153846153844 0.03365384615384615 0.07932692307692307
0 0.45072115384615385 0.4483173076923077 0.036057692307692304 0.052884615384615384
0 0.5805288461538461 0.45913461538461536 0.036057692307692304 0.057692307692307696
0 0.49399038461538464 0.45552884615384615 0.040865384615384616 0.0625
0 0.8173076923076923 0.484375 0.040865384615384616 0.057692307692307696
0 0.1658653846153846 0.4411057692307692 0.040865384615384616 0.052884615384615384
0 0.6862980769230769 0.4855769230769231 0.040865384615384616 0.057692307692307696
0 0.8990384615384616 0.5024038461538461 0.03125 0.052884615384615384
0 0.27884615384615385 0.46875 0.040865384615384616 0.0625
0 0.39903846153846156 0.47836538461538464 0.040865384615384616 0.0673076923076923
0 0.9278846153846154 0.5228365384615384 0.036057692307692304 0.0625
0 0.06009615384615385 0.47836538461538464 0.040865384615384616 0.0673076923076923
0 0.16105769230769232 0.5036057692307693 0.040865384615384616 0.057692307692307696
0 0.9086538461538461 0.5612980769230769 0.040865384615384616 0.0673076923076923
0 0.8040865384615384 0.5637019230769231 0.026442307692307692 0.0673076923076923
0 0.8834134615384616 0.5685096153846154 0.04567307692307692 0.0673076923076923
0 0.78125 0.5661057692307693 0.04567307692307692 0.0673076923076923
0 0.6514423076923077 0.5913461538461539 0.040865384615384616 0.0625
0 0.3629807692307692 0.5709134615384616 0.04567307692307692 0.07211538461538461
0 0.24639423076923078 0.5817307692307693 0.04567307692307692 0.0625
0 0.028846153846153848 0.5673076923076923 0.04567307692307692 0.07211538461538461
0 0.9615384615384616 0.6430288461538461 0.052884615384615384 0.05048076923076923
0 0.46634615384615385 0.6177884615384616 0.04567307692307692 0.0673076923076923
0 0.7860576923076923 0.6658653846153846 0.040865384615384616 0.07211538461538461
0 0.140625 0.6225961538461539 0.04567307692307692 0.0673076923076923
0 0.8653846153846154 0.6814903846153846 0.036057692307692304 0.0625
0 0.9699519230769231 0.6923076923076923 0.040865384615384616 0.07932692307692307
0 0.6935096153846154 0.6742788461538461 0.04567307692307692 0.04567307692307692
0 0.09735576923076923 0.6646634615384616 0.055288461538461536 0.07211538461538461
0 0.5336538461538461 0.6947115384615384 0.040865384615384616 0.04567307692307692
0 0.34975961538461536 0.6850961538461539 0.055288461538461536 0.07692307692307693
0 0.5853365384615384 0.7055288461538461 0.036057692307692304 0.057692307692307696
0 0.6802884615384616 0.7151442307692307 0.05048076923076923 0.0625
0 0.8317307692307693 0.7319711538461539 0.052884615384615384 0.07692307692307693
0 0.25841346153846156 0.7007211538461539 0.052884615384615384 0.07692307692307693
0 0.8858173076923077 0.7548076923076923 0.05048076923076923 0.057692307692307696
0 0.5300480769230769 0.7427884615384616 0.05048076923076923 0.0673076923076923
0 0.15504807692307693 0.7403846153846154 0.055288461538461536 0.0673076923076923
0 0.30528846153846156 0.7740384615384616 0.05048076923076923 0.0673076923076923