0 0.7572115384615384 0.13581730769230768 0.055288461538461536 0.10817307692307693
0 0.5240384615384616 0.171875 0.0625 0.1201923076923077
0 0.5576923076923077 0.17908653846153846 0.04807692307692308 0.09134615384615384
0 0.22115384615384615 0.055288461538461536 0.04326923076923077 0.04567307692307692
0 0.109375 0.2536057692307692 0.06009615384615385 0.10336538461538461
0 0.7956730769230769 0.15865384615384615 0.06009615384615385 0.0985576923076923
0 0.04447115384615385 0.29086538461538464 0.05048076923076923 0.09615384615384616
0 0.9399038461538461 0.16346153846153846 0.05048076923076923 0.11538461538461539
0 0.7091346153846154 0.2127403846153846 0.06009615384615385 0.10817307692307693
0 0.12259615384615384 0.0733173076923077 0.038461538461538464 0.055288461538461536
0 0.6538461538461539 0.013221153846153846 0.04326923076923077 0.026442307692307692
0 0.6574519230769231 0.22235576923076922 0.0673076923076923 0.12980769230769232
0 0.38822115384615385 0.26322115384615385 0.057692307692307696 0.1201923076923077
0 0.3473557692307692 0.2920673076923077 0.06490384615384616 0.1201923076923077
0 0.8509615384615384 0.23317307692307693 0.08653846153846154 0.12980769230769232
0 0.1201923076923077 0.34134615384615385 0.0625 0.1201923076923077
0 0.2824519230769231 0.32091346153846156 0.055288461538461536 0.10336538461538461
0 0.20192307692307693 0.33774038461538464 0.06971153846153846 0.11778846153846154
0 0.5853365384615384 0.2956730769230769 0.06490384615384616 0.13942307692307693
0 0.5264423076923077 0.3088942307692308 0.07211538461538461 0.10096153846153846
0 0.019230769230769232 0.38100961538461536 0.038461538461538464 0.055288461538461536
0 0.4387019230769231 0.3293269230769231 0.055288461538461536 0.10336538461538461
0 0.1658653846153846 0.36778846153846156 0.06009615384615385 0.10336538461538461
0 0.6262019230769231 0.30288461538461536 0.057692307692307696 0.125
0 0.07572115384615384 0.08774038461538461 0.04567307692307692 0.06971153846153846
0 0.7944711538461539 0.29447115384615385 0.052884615384615384 0.09375
0 0.49759615384615385 0.33653846153846156 0.04807692307692308 0.08653846153846154
0 0.5745192307692307 0.328125 0.036057692307692304 0.07211538461538461
0 0.016826923076923076 0.4098557692307692 0.03365384615384615 0.06490384615384616
0 0.9170673076923077 0.30288461538461536 0.06490384615384616 0.1201923076923077
0 0.2608173076923077 0.40024038461538464 0.06009615384615385 0.08173076923076923
0 0.7307692307692307 0.34375 0.08653846153846154 0.17067307692307693
0 0.46153846153846156 0.3918269230769231 0.055288461538461536 0.10817307692307693
0 0.140625 0.4387019230769231 0.06009615384615385 0.08413461538461539
0 0.06971153846153846 0.4495192307692308 0.07211538461538461 0.09615384615384616
0 0.7620192307692307 0.35216346153846156 0.0673076923076923 0.09375
0 0.4362980769230769 0.04447115384615385 0.06009615384615385 0.08173076923076923
0 0.8425480769230769 0.35336538461538464 0.0889423076923077 0.1466346153846154
0 0.21514423076923078 0.4543269230769231 0.04807692307692308 0.055288461538461536
0 0.3798076923076923 0.4375 0.07451923076923077 0.11778846153846154
0 0.4230769230769231 0.4326923076923077 0.055288461538461536 0.10817307692307693
0 0.5637019230769231 0.4182692307692308 0.057692307692307696 0.1201923076923077
0 0.036057692307692304 0.49278846153846156 0.0625 0.10336538461538461
0 0.28125 0.0733173076923077 0.052884615384615384 0.09375
0 0.9699519230769231 0.38461538461538464 0.055288461538461536 0.1466346153846154
0 0.014423076923076924 0.5204326923076923 0.028846153846153848 0.11298076923076923
0 0.24639423076923078 0.49038461538461536 0.0625 0.09375
0 0.7259615384615384 0.028846153846153848 0.052884615384615384 0.057692307692307696
0 0.6538461538461539 0.44350961538461536 0.0673076923076923 0.09375
0 0.9591346153846154 0.4074519230769231 0.036057692307692304 0.0625
0 0.5336538461538461 0.4723557692307692 0.08653846153846154 0.13942307692307693
0 0.28846153846153844 0.5228365384615384 0.0673076923076923 0.125
0 0.20192307692307693 0.5420673076923077 0.04807692307692308 0.09134615384615384
0 0.7896634615384616 0.46153846153846156 0.0673076923076923 0.12980769230769232
0 0.484375 0.5048076923076923 0.06971153846153846 0.15384615384615385
0 0.23076923076923078 0.5432692307692307 0.08173076923076923 0.09134615384615384
0 0.17427884615384615 0.5528846153846154 0.057692307692307696 0.125
0 0.11538461538461539 0.5697115384615384 0.07692307692307693 0.12740384615384615
0 0.34615384615384615 0.5516826923076923 0.06971153846153846 0.12259615384615384
0 0.8413461538461539 0.5024038461538461 0.07932692307692307 0.1466346153846154
0 0.8942307692307693 0.5072115384615384 0.06490384615384616 0.1346153846153846
0 0.9495192307692307 0.5024038461538461 0.07451923076923077 0.15384615384615385
0 0.3125 0.6009615384615384 0.055288461538461536 0.0985576923076923
0 0.7439903846153846 0.5432692307692307 0.07932692307692307 0.14182692307692307
0 0.6670673076923077 0.5576923076923077 0.0673076923076923 0.12980769230769232
0 0.4326923076923077 0.6009615384615384 0.06971153846153846 0.11778846153846154
0 0.24639423076923078 0.6742788461538461 0.08413461538461539 0.14182692307692307
0 0.9915865384615384 0.5709134615384616 0.016826923076923076 0.0985576923076923
0 0.609375 0.6442307692307693 0.08413461538461539 0.1466346153846154
0 0.484375 0.6766826923076923 0.0673076923076923 0.125
0 0.5336538461538461 0.05889423076923077 0.038461538461538464 0.08173076923076923
0 0.12379807692307693 0.7319711538461539 0.08413461538461539 0.14182692307692307
0 0.9182692307692307 0.026442307692307692 0.04326923076923077 0.052884615384615384
0 0.20432692307692307 0.10697115384615384 0.036057692307692304 0.07211538461538461
0 0.234375 0.10817307692307693 0.052884615384615384 0.0889423076923077
0 0.3401442307692308 0.09254807692307693 0.06971153846153846 0.12259615384615384
0 0.6646634615384616 0.06009615384615385 0.04326923076923077 0.07932692307692307
0 0.6286057692307693 0.06850961538461539 0.06490384615384616 0.11538461538461539
0 0.14783653846153846 0.13581730769230768 0.06490384615384616 0.11298076923076923
0 0.7752403846153846 0.046875 0.052884615384615384 0.08413461538461539
0 0.859375 0.04807692307692308 0.06490384615384616 0.09615384615384616
0 0.042067307692307696 0.17307692307692307 0.06009615384615385 0.10817307692307693
0 0.47836538461538464 0.11177884615384616 0.0625 0.11298076923076923
0 0.5685096153846154 0.1045673076923077 0.06009615384615385 0.10817307692307693
0 0.8341346153846154 0.07451923076923077 0.06009615384615385 0.0985576923076923
0 0.7307692307692307 0.09134615384615384 0.0625 0.0985576923076923
0 0.8978365384615384 0.0733173076923077 0.05048076923076923 0.09615384615384616
0 0.19471153846153846 0.17427884615384615 0.06009615384615385 0.10817307692307693
0 0.08413461538461539 0.19831730769230768 0.06490384615384616 0.10817307692307693
0 0.6899038461538461 0.12259615384615384 0.0673076923076923 0.0985576923076923
0 0.30408653846153844 0.18629807692307693 0.0625 0.09375