0 0.1778846153846154 0.1201923076923077 0.055288461538461536 0.055288461538461536
0 0.26802884615384615 0.14543269230769232 0.078125 0.09735576923076923
0 0.2127403846153846 0.16947115384615385 0.0829326923076923 0.10216346153846154
0 0.25721153846153844 0.18990384615384615 0.042067307692307696 0.06971153846153846
0 0.4699519230769231 0.1971153846153846 0.06490384615384616 0.0829326923076923
0 0.1201923076923077 0.19951923076923078 0.06971153846153846 0.078125
0 0.6153846153846154 0.203125 0.07451923076923077 0.08774038461538461
0 0.7451923076923077 0.203125 0.07451923076923077 0.09735576923076923
0 0.41466346153846156 0.20793269230769232 0.06009615384615385 0.0829326923076923
0 0.9855769230769231 0.22235576923076922 0.027644230769230768 0.078125
0 0.9627403846153846 0.22956730769230768 0.046875 0.055288461538461536
0 0.8449519230769231 0.23557692307692307 0.055288461538461536 0.08774038461538461
0 0.921875 0.25 0.05048076923076923 0.078125
0 0.5180288461538461 0.2620192307692308 0.06490384615384616 0.08774038461538461
0 0.8076923076923077 0.2644230769230769 0.055288461538461536 0.07451923076923077
0 0.359375 0.265625 0.046875 0.10697115384615384
0 0.5877403846153846 0.26802884615384615 0.06490384615384616 0.10216346153846154
0 0.703125 0.27283653846153844 0.06490384615384616 0.08774038461538461
0 0.3870192307692308 0.27524038461538464 0.055288461538461536 0.09254807692307693
0 0.9026442307692307 0.2776442307692308 0.07451923076923077 0.10216346153846154
0 0.06971153846153846 0.2920673076923077 0.06490384615384616 0.10216346153846154
0 0.9675480769230769 0.29447115384615385 0.06009615384615385 0.10216346153846154
0 0.17548076923076922 0.3125 0.055288461538461536 0.07451923076923077
0 0.037259615384615384 0.08052884615384616 0.07451923076923077 0.11538461538461539