0 0.0673076923076923 0.2247596153846154 0.036057692307692304 0.052884615384615384
0 0.35096153846153844 0.20673076923076922 0.036057692307692304 0.057692307692307696
0 0.29086538461538464 0.21153846153846154 0.04326923076923077 0.07692307692307693
0 0.7019230769230769 0.1778846153846154 0.040865384615384616 0.057692307692307696
0 0.1502403846153846 0.2283653846153846 0.038461538461538464 0.0673076923076923
0 0.8377403846153846 0.17067307692307693 0.036057692307692304 0.057692307692307696
0 0.6069711538461539 0.015625 0.036057692307692304 0.03125
0 0.23798076923076922 0.04447115384615385 0.04326923076923077 0.04807692307692308
0 0.41947115384615385 0.21634615384615385 0.04807692307692308 0.0625
0 0.6370192307692307 0.20192307692307693 0.036057692307692304 0.052884615384615384
0 0.5625 0.21153846153846154 0.040865384615384616 0.052884615384615384
0 0.6911057692307693 0.013221153846153846 0.03125 0.026442307692307692
0 0.08653846153846154 0.057692307692307696 0.03125 0.04807692307692308
0 0.7764423076923077 0.21033653846153846 0.040865384615384616 0.052884615384615384
0 0.5396634615384616 0.02283653846153846 0.026442307692307692 0.04567307692307692
0 0.8786057692307693 0.008413461538461538 0.03125 0.016826923076923076
0 0.054086538461538464 0.2860576923076923 0.057692307692307696 0.08173076923076923
0 0.8161057692307693 0.013221153846153846 0.04567307692307692 0.026442307692307692
0 0.47115384615384615 0.026442307692307692 0.03125 0.04807692307692308
0 0.21033653846153846 0.28966346153846156 0.036057692307692304 0.052884615384615384
0 0.7271634615384616 0.25 0.040865384615384616 0.052884615384615384
0 0.5841346153846154 0.2620192307692308 0.036057692307692304 0.052884615384615384
0 0.9362980769230769 0.234375 0.04326923076923077 0.0625
0 0.36538461538461536 0.28846153846153844 0.04326923076923077 0.0625
0 0.4338942307692308 0.2824519230769231 0.04326923076923077 0.0673076923076923
0 0.5132211538461539 0.2776442307692308 0.04567307692307692 0.052884615384615384
0 0.6502403846153846 0.265625 0.036057692307692304 0.057692307692307696
0 0.006009615384615385 0.3317307692307692 0.01201923076923077 0.07211538461538461
0 0.7908653846153846 0.2704326923076923 0.040865384615384616 0.052884615384615384
0 0.2548076923076923 0.33533653846153844 0.04326923076923077 0.0673076923076923
0 0.16826923076923078 0.35096153846153844 0.040865384615384616 0.052884615384615384
0 0.06850961538461539 0.359375 0.040865384615384616 0.052884615384615384
0 0.016826923076923076 0.3629807692307692 0.03365384615384615 0.052884615384615384
0 0.8677884615384616 0.28966346153846156 0.038461538461538464 0.0625
0 0.6213942307692307 0.3161057692307692 0.04326923076923077 0.0673076923076923
0 0.7067307692307693 0.3112980769230769 0.038461538461538464 0.0673076923076923
0 0.7524038461538461 0.3125 0.04326923076923077 0.0625
0 0.42427884615384615 0.039663461538461536 0.040865384615384616 0.05048076923076923
0 0.5504807692307693 0.33533653846153844 0.040865384615384616 0.057692307692307696
0 0.9122596153846154 0.30288461538461536 0.03125 0.057692307692307696
0 0.3112980769230769 0.3581730769230769 0.04326923076923077 0.07211538461538461
0 0.9723557692307693 0.3004807692307692 0.026442307692307692 0.04807692307692308
0 0.84375 0.33052884615384615 0.04807692307692308 0.0673076923076923
0 0.13822115384615385 0.40625 0.04326923076923077 0.0673076923076923
0 0.3605769230769231 0.4026442307692308 0.04326923076923077 0.0673076923076923
0 0.2091346153846154 0.41586538461538464 0.04567307692307692 0.052884615384615384
0 0.7271634615384616 0.019230769230769232 0.036057692307692304 0.038461538461538464
0 0.9495192307692307 0.3605769230769231 0.040865384615384616 0.057692307692307696
0 0.5336538461538461 0.39903846153846156 0.04326923076923077 0.07211538461538461
0 0.59375 0.39663461538461536 0.04807692307692308 0.07211538461538461
0 0.6694711538461539 0.3942307692307692 0.04807692307692308 0.0673076923076923
0 0.2956730769230769 0.43028846153846156 0.04326923076923077 0.0625
0 0.7391826923076923 0.390625 0.04807692307692308 0.0625
0 0.8894230769230769 0.38461538461538464 0.04807692307692308 0.0673076923076923
0 0.8088942307692307 0.3942307692307692 0.04326923076923077 0.0625
0 0.4675480769230769 0.42427884615384615 0.04567307692307692 0.052884615384615384
0 0.06971153846153846 0.48677884615384615 0.04807692307692308 0.07211538461538461
0 0.01201923076923077 0.5048076923076923 0.02403846153846154 0.057692307692307696
0 0.04807692307692308 0.08533653846153846 0.04807692307692308 0.0673076923076923
0 0.25240384615384615 0.4891826923076923 0.04807692307692308 0.0625
0 0.6430288461538461 0.46033653846153844 0.036057692307692304 0.057692307692307696
0 0.16826923076923078 0.5012019230769231 0.036057692307692304 0.05048076923076923
0 0.7295673076923077 0.46153846153846156 0.04326923076923077 0.0673076923076923
0 0.8581730769230769 0.45072115384615385 0.04326923076923077 0.0625
0 0.9387019230769231 0.44591346153846156 0.038461538461538464 0.0625
0 0.3293269230769231 0.5 0.04326923076923077 0.0673076923076923
0 0.4807692307692308 0.49158653846153844 0.04326923076923077 0.07211538461538461
0 0.41947115384615385 0.5 0.040865384615384616 0.052884615384615384
0 0.5721153846153846 0.49399038461538464 0.04807692307692308 0.08173076923076923
0 0.7884615384615384 0.5048076923076923 0.04326923076923077 0.0673076923076923
0 0.037259615384615384 0.5757211538461539 0.057692307692307696 0.07932692307692307
0 0.20192307692307693 0.5661057692307693 0.055288461538461536 0.06490384615384616
0 0.9399038461538461 0.5060096153846154 0.052884615384615384 0.06971153846153846
0 0.12259615384615384 0.578125 0.052884615384615384 0.07932692307692307
0 0.5360576923076923 0.5444711538461539 0.040865384615384616 0.057692307692307696
0 0.37259615384615385 0.5612980769230769 0.04326923076923077 0.0625
0 0.8413461538461539 0.5276442307692307 0.040865384615384616 0.052884615384615384
0 0.6899038461538461 0.5480769230769231 0.04326923076923077 0.07692307692307693
0 0.6117788461538461 0.5552884615384616 0.04326923076923077 0.07211538461538461
0 0.44591346153846156 0.5745192307692307 0.04326923076923077 0.0673076923076923
0 0.2920673076923077 0.5877403846153846 0.057692307692307696 0.08653846153846154
0 0.25961538461538464 0.07932692307692307 0.052884615384615384 0.07451923076923077
0 0.10817307692307693 0.09254807692307693 0.036057692307692304 0.05048076923076923
0 0.47596153846153844 0.6201923076923077 0.03365384615384615 0.0625
0 0.039663461538461536 0.6634615384615384 0.052884615384615384 0.07932692307692307
0 0.17427884615384615 0.6586538461538461 0.0625 0.07932692307692307
0 0.5733173076923077 0.6262019230769231 0.038461538461538464 0.0625
0 0.9915865384615384 0.5889423076923077 0.016826923076923076 0.057692307692307696
0 0.8088942307692307 0.6105769230769231 0.04807692307692308 0.07211538461538461
0 0.23557692307692307 0.6610576923076923 0.057692307692307696 0.08173076923076923
0 0.6538461538461539 0.6237980769230769 0.036057692307692304 0.057692307692307696
0 0.41586538461538464 0.6490384615384616 0.04807692307692308 0.0625
0 0.7391826923076923 0.6225961538461539 0.04326923076923077 0.0673076923076923
0 0.9639423076923077 0.6057692307692307 0.052884615384615384 0.07451923076923077
0 0.3329326923076923 0.6658653846153846 0.055288461538461536 0.06971153846153846
0 0.9074519230769231 0.6201923076923077 0.04807692307692308 0.07211538461538461
0 0.17908653846153846 0.09615384615384616 0.040865384615384616 0.05048076923076923
0 0.6346153846153846 0.6838942307692307 0.040865384615384616 0.04567307692307692
0 0.43028846153846156 0.7043269230769231 0.040865384615384616 0.040865384615384616
0 0.7067307692307693 0.6802884615384616 0.036057692307692304 0.040865384615384616
0 0.8653846153846154 0.6682692307692307 0.040865384615384616 0.04567307692307692
0 0.7872596153846154 0.6778846153846154 0.036057692307692304 0.052884615384615384
0 0.18870192307692307 0.7307692307692307 0.04807692307692308 0.07211538461538461
0 0.2764423076923077 0.7259615384615384 0.03125 0.038461538461538464
0 0.1141826923076923 0.7427884615384616 0.04326923076923077 0.0673076923076923
0 0.5360576923076923 0.7079326923076923 0.04326923076923077 0.0625
0 0.33052884615384615 0.08533653846153846 0.036057692307692304 0.057692307692307696
0 0.39663461538461536 0.7223557692307693 0.040865384615384616 0.052884615384615384
0 0.5600961538461539 0.7103365384615384 0.026442307692307692 0.04807692307692308
0 0.9639423076923077 0.6754807692307693 0.040865384615384616 0.057692307692307696
0 0.45072115384615385 0.7295673076923077 0.040865384615384616 0.05048076923076923
0 0.09615384615384616 0.7608173076923077 0.052884615384615384 0.06971153846153846
0 0.39783653846153844 0.08173076923076923 0.036057692307692304 0.057692307692307696
0 0.8966346153846154 0.6983173076923077 0.040865384615384616 0.036057692307692304
0 0.6382211538461539 0.7271634615384616 0.04567307692307692 0.05048076923076923
0 0.3641826923076923 0.7536057692307693 0.04807692307692308 0.08173076923076923
0 0.8533653846153846 0.7127403846153846 0.04326923076923077 0.0673076923076923
0 0.7800480769230769 0.71875 0.040865384615384616 0.057692307692307696
0 0.5985576923076923 0.7379807692307693 0.04326923076923077 0.0673076923076923
0 0.6983173076923077 0.7283653846153846 0.026442307692307692 0.052884615384615384
0 0.9447115384615384 0.7067307692307693 0.038461538461538464 0.0673076923076923
0 0.2283653846153846 0.7728365384615384 0.052884615384615384 0.06971153846153846
0 0.42788461538461536 0.7620192307692307 0.04326923076923077 0.0625
0 0.33052884615384615 0.7704326923076923 0.04326923076923077 0.0673076923076923
0 0.6766826923076923 0.7427884615384616 0.040865384615384616 0.057692307692307696
0 0.5048076923076923 0.7596153846153846 0.052884615384615384 0.07932692307692307
0 0.9014423076923077 0.7307692307692307 0.040865384615384616 0.052884615384615384
0 0.16706730769230768 0.7944711538461539 0.04326923076923077 0.0673076923076923
0 0.29447115384615385 0.7848557692307693 0.04567307692307692 0.05048076923076923
0 0.9951923076923077 0.7259615384615384 0.009615384615384616 0.0673076923076923
0 0.7620192307692307 0.7584134615384616 0.038461538461538464 0.0673076923076923
0 0.2608173076923077 0.8064903846153846 0.040865384615384616 0.052884615384615384
0 0.7271634615384616 0.056490384615384616 0.036057692307692304 0.040865384615384616
0 0.8641826923076923 0.04447115384615385 0.036057692307692304 0.052884615384615384
0 0.4651442307692308 0.7908653846153846 0.04326923076923077 0.0673076923076923
0 0.1045673076923077 0.8257211538461539 0.052884615384615384 0.07451923076923077
0 0.8209134615384616 0.765625 0.040865384615384616 0.052884615384615384
0 0.19951923076923078 0.8197115384615384 0.055288461538461536 0.06009615384615385
0 0.6346153846153846 0.7860576923076923 0.052884615384615384 0.07451923076923077
0 0.8834134615384616 0.7644230769230769 0.036057692307692304 0.057692307692307696
0 0.7199519230769231 0.7800480769230769 0.04807692307692308 0.0625
0 0.7475961538461539 0.7824519230769231 0.026442307692307692 0.052884615384615384
0 0.9855769230769231 0.7596153846153846 0.028846153846153848 0.0673076923076923
0 0.8629807692307693 0.7752403846153846 0.055288461538461536 0.06971153846153846
0 0.5612980769230769 0.8052884615384616 0.052884615384615384 0.06971153846153846
0 0.2956730769230769 0.8293269230769231 0.036057692307692304 0.052884615384615384
0 0.3798076923076923 0.8245192307692307 0.036057692307692304 0.04567307692307692
0 0.6923076923076923 0.8040865384615384 0.04567307692307692 0.052884615384615384
0 0.9495192307692307 0.7860576923076923 0.04326923076923077 0.07211538461538461
0 0.5336538461538461 0.078125 0.03125 0.057692307692307696
0 0.48197115384615385 0.0829326923076923 0.036057692307692304 0.052884615384615384
0 0.23557692307692307 0.8521634615384616 0.04807692307692308 0.0673076923076923
0 0.04927884615384615 0.8737980769230769 0.03365384615384615 0.08413461538461539
0 0.7860576923076923 0.8137019230769231 0.04807692307692308 0.0673076923076923
0 0.1466346153846154 0.875 0.06009615384615385 0.07451923076923077
0 0.6622596153846154 0.06971153846153846 0.03125 0.052884615384615384
0 0.5973557692307693 0.8353365384615384 0.04567307692307692 0.05048076923076923
0 0.34615384615384615 0.859375 0.04326923076923077 0.07692307692307693
0 0.9302884615384616 0.8233173076923077 0.055288461538461536 0.06490384615384616
0 0.8425480769230769 0.8305288461538461 0.052884615384615384 0.06971153846153846
0 0.484375 0.8629807692307693 0.055288461538461536 0.07451923076923077
0 0.6033653846153846 0.07692307692307693 0.036057692307692304 0.057692307692307696
0 0.7283653846153846 0.8497596153846154 0.052884615384615384 0.06971153846153846
0 0.3798076923076923 0.8798076923076923 0.04326923076923077 0.07692307692307693
0 0.44471153846153844 0.8786057692307693 0.052884615384615384 0.04567307692307692
0 0.29086538461538464 0.8990384615384616 0.052884615384615384 0.07451923076923077
0 0.5865384615384616 0.8846153846153846 0.04326923076923077 0.07211538461538461
0 0.5276442307692307 0.8942307692307693 0.04807692307692308 0.07211538461538461
0 0.7980769230769231 0.0625 0.036057692307692304 0.040865384615384616
0 0.9278846153846154 0.051682692307692304 0.036057692307692304 0.05048076923076923
0 0.7932692307692307 0.8786057692307693 0.057692307692307696 0.07932692307692307
0 0.625 0.9002403846153846 0.040865384615384616 0.057692307692307696
0 0.2692307692307692 0.9338942307692307 0.040865384615384616 0.052884615384615384
0 0.7091346153846154 0.9002403846153846 0.04807692307692308 0.0673076923076923
0 0.9350961538461539 0.8858173076923077 0.04567307692307692 0.057692307692307696
0 0.43509615384615385 0.9290865384615384 0.06009615384615385 0.07451923076923077
0 0.9915865384615384 0.8834134615384616 0.016826923076923076 0.07932692307692307
0 0.3425480769230769 0.9555288461538461 0.06009615384615385 0.07451923076923077
0 0.1971153846153846 0.9615384615384616 0.0625 0.07692307692307693
0 0.02403846153846154 0.13942307692307693 0.036057692307692304 0.057692307692307696
0 0.3088942307692308 0.12860576923076922 0.038461538461538464 0.0625
0 0.37740384615384615 0.1346153846153846 0.04326923076923077 0.0673076923076923
0 0.8040865384615384 0.10697115384615384 0.036057692307692304 0.04567307692307692
0 0.45913461538461536 0.13701923076923078 0.036057692307692304 0.057692307692307696
0 0.1778846153846154 0.16706730769230768 0.04326923076923077 0.0625
0 0.5889423076923077 0.13341346153846154 0.036057692307692304 0.057692307692307696
0 0.7307692307692307 0.12620192307692307 0.036057692307692304 0.05048076923076923
0 0.5336538461538461 0.14543269230769232 0.04807692307692308 0.07211538461538461
0 0.6706730769230769 0.13341346153846154 0.026442307692307692 0.052884615384615384
0 0.11899038461538461 0.1875 0.04807692307692308 0.0625
0 0.007211538461538462 0.21153846153846154 0.014423076923076924 0.07211538461538461
0 0.4951923076923077 0.18389423076923078 0.036057692307692304 0.05048076923076923