0 0.253125 0.13984375 0.10625 0.1453125
0 0.70703125 0.08984375 0.0671875 0.0640625
0 0.5125 0.12421875 0.0921875 0.08125
0 0.790625 0.09453125 0.0890625 0.115625
0 0.32890625 0.16171875 0.0921875 0.0765625
0 0.890625 0.11796875 0.0703125 0.0859375
0 0.34609375 0.2015625 0.0765625 0.0640625
0 0.01953125 0.271875 0.0390625 0.128125
0 0.41875 0.21953125 0.10625 0.109375
0 0.653125 0.19140625 0.09375 0.153125
0 0.54921875 0.23359375 0.09375 0.1203125
0 0.22421875 0.28359375 0.109375 0.140625
0 0.1203125 0.0765625 0.1 0.0671875
0 0.73359375 0.246875 0.1140625 0.1375
0 0.33671875 0.30546875 0.0984375 0.0859375
0 0.15 0.37421875 0.109375 0.1328125
0 0.83671875 0.28671875 0.109375 0.1328125
0 0.94453125 0.2875 0.0765625 0.1328125
0 0.50703125 0.34921875 0.096875 0.1390625
0 0.26015625 0.41953125 0.1125 0.1328125
0 0.40234375 0.40390625 0.1140625 0.1421875
0 0.0578125 0.47265625 0.115625 0.1609375
0 0.9125 0.45859375 0.115625 0.15625
0 0.7171875 0.49765625 0.1421875 0.1765625
0 0.740625 0.0328125 0.08125 0.065625
0 0.4625 0.565625 0.1109375 0.15
0 0.23984375 0.59765625 0.121875 0.165625
0 0.3359375 0.07890625 0.0875 0.10625
0 0.853125 0.02734375 0.090625 0.0546875
0 0.91640625 0.034375 0.0453125 0.06875
0 0.075 0.134375 0.1140625 0.1375
0 0.43046875 0.0890625 0.1015625 0.1171875
0 0.60546875 0.07421875 0.0890625 0.0890625