0 0.3713942307692308 0.11778846153846154 0.016826923076923076 0.028846153846153848
0 0.10216346153846154 0.14903846153846154 0.021634615384615384 0.028846153846153848
0 0.07451923076923077 0.15504807692307693 0.038461538461538464 0.052884615384615384
0 0.4375 0.125 0.021634615384615384 0.04326923076923077
0 0.14543269230769232 0.15985576923076922 0.028846153846153848 0.026442307692307692
0 0.009615384615384616 0.17908653846153846 0.019230769230769232 0.06490384615384616
0 0.5973557692307693 0.1201923076923077 0.04326923076923077 0.057692307692307696
0 0.3233173076923077 0.15144230769230768 0.03365384615384615 0.052884615384615384
0 0.22115384615384615 0.1875 0.06490384615384616 0.09375
0 0.2668269230769231 0.1875 0.06490384615384616 0.10817307692307693
0 0.6442307692307693 0.1658653846153846 0.08413461538461539 0.10096153846153846
0 0.8197115384615384 0.1502403846153846 0.055288461538461536 0.07932692307692307
0 0.7620192307692307 0.15865384615384615 0.07451923076923077 0.10817307692307693
0 0.3088942307692308 0.21033653846153846 0.038461538461538464 0.052884615384615384
0 0.038461538461538464 0.2439903846153846 0.07692307692307693 0.13221153846153846
0 0.4375 0.21033653846153846 0.05048076923076923 0.07932692307692307
0 0.5168269230769231 0.2091346153846154 0.0625 0.08413461538461539
0 0.007211538461538462 0.27884615384615385 0.014423076923076924 0.10576923076923077
0 0.4411057692307692 0.05048076923076923 0.021634615384615384 0.038461538461538464
0 0.34375 0.0889423076923077 0.026442307692307692 0.028846153846153848
0 0.2247596153846154 0.1045673076923077 0.021634615384615384 0.028846153846153848
0 0.41466346153846156 0.09014423076923077 0.021634615384615384 0.03365384615384615
0 0.19591346153846154 0.11778846153846154 0.019230769230769232 0.02403846153846154
0 0.23076923076923078 0.11658653846153846 0.021634615384615384 0.028846153846153848
0 0.31490384615384615 0.109375 0.026442307692307692 0.028846153846153848
0 0.8088942307692307 0.0673076923076923 0.07932692307692307 0.09375
0 0.1622596153846154 0.13581730769230768 0.03125 0.05048076923076923
0 0.4014423076923077 0.11057692307692307 0.021634615384615384 0.038461538461538464
0 0.11298076923076923 0.14302884615384615 0.021634615384615384 0.038461538461538464