0 0.2932692307692308 0.40625 0.004807692307692308 0.004807692307692308
0 0.32572115384615385 0.4110576923076923 0.004807692307692308 0.009615384615384616
0 0.4723557692307692 0.4266826923076923 0.016826923076923076 0.019230769230769232
0 0.7331730769230769 0.4543269230769231 0.021634615384615384 0.038461538461538464
0 0.30528846153846156 0.4098557692307692 0.009615384615384616 0.009615384615384616
0 0.11658653846153846 0.3894230769230769 0.009615384615384616 0.009615384615384616
0 0.421875 0.42427884615384615 0.007211538461538462 0.014423076923076924
0 0.1045673076923077 0.38822115384615385 0.004807692307692308 0.009615384615384616
0 0.09254807692307693 0.3870192307692308 0.009615384615384616 0.009615384615384616
0 0.6658653846153846 0.44711538461538464 0.016826923076923076 0.028846153846153848
0 0.6983173076923077 0.45072115384615385 0.026442307692307692 0.038461538461538464
0 0.3581730769230769 0.4170673076923077 0.007211538461538462 0.014423076923076924
0 0.49158653846153844 0.4338942307692308 0.016826923076923076 0.019230769230769232
0 0.31850961538461536 0.41586538461538464 0.009615384615384616 0.009615384615384616
0 0.43028846153846156 0.4254807692307692 0.007211538461538462 0.014423076923076924
0 0.3088942307692308 0.41466346153846156 0.009615384615384616 0.009615384615384616
0 0.08653846153846154 0.3918269230769231 0.004807692307692308 0.009615384615384616
0 0.8846153846153846 0.47475961538461536 0.03125 0.040865384615384616
0 0.0985576923076923 0.39783653846153844 0.004807692307692308 0.009615384615384616
0 0.34975961538461536 0.42427884615384615 0.01201923076923077 0.019230769230769232
0 0.44471153846153844 0.43149038461538464 0.016826923076923076 0.02403846153846154
0 0.19110576923076922 0.4050480769230769 0.016826923076923076 0.02403846153846154
0 0.12139423076923077 0.40024038461538464 0.004807692307692308 0.009615384615384616
0 0.36778846153846156 0.4254807692307692 0.009615384615384616 0.009615384615384616
0 0.21033653846153846 0.4110576923076923 0.019230769230769232 0.02403846153846154
0 0.29927884615384615 0.4182692307692308 0.009615384615384616 0.009615384615384616
0 0.2620192307692308 0.41466346153846156 0.009615384615384616 0.009615384615384616
0 0.27524038461538464 0.41586538461538464 0.009615384615384616 0.009615384615384616
0 0.4338942307692308 0.43509615384615385 0.007211538461538462 0.014423076923076924
0 0.47836538461538464 0.43990384615384615 0.01201923076923077 0.02403846153846154
0 0.1466346153846154 0.4074519230769231 0.009615384615384616 0.009615384615384616
0 0.22716346153846154 0.41346153846153844 0.016826923076923076 0.02403846153846154
0 0.4014423076923077 0.4338942307692308 0.016826923076923076 0.019230769230769232
0 0.38221153846153844 0.42908653846153844 0.01201923076923077 0.014423076923076924
0 0.7451923076923077 0.4675480769230769 0.021634615384615384 0.03365384615384615
0 0.20673076923076922 0.4110576923076923 0.01201923076923077 0.014423076923076924
0 0.31490384615384615 0.4254807692307692 0.004807692307692308 0.009615384615384616
0 0.5637019230769231 0.45072115384615385 0.016826923076923076 0.019230769230769232
0 0.32572115384615385 0.42908653846153844 0.01201923076923077 0.014423076923076924
0 0.6141826923076923 0.4567307692307692 0.016826923076923076 0.028846153846153848
0 0.36899038461538464 0.4326923076923077 0.016826923076923076 0.016826923076923076
0 0.16706730769230768 0.41225961538461536 0.016826923076923076 0.02403846153846154
0 0.09254807692307693 0.40384615384615385 0.007211538461538462 0.014423076923076924
0 0.24759615384615385 0.4206730769230769 0.01201923076923077 0.014423076923076924
0 0.33413461538461536 0.43149038461538464 0.01201923076923077 0.019230769230769232
0 0.8341346153846154 0.484375 0.016826923076923076 0.019230769230769232
0 0.3629807692307692 0.4375 0.01201923076923077 0.014423076923076924
0 0.28846153846153844 0.42908653846153844 0.01201923076923077 0.014423076923076924
0 0.27403846153846156 0.42908653846153844 0.009615384615384616 0.009615384615384616
0 0.13221153846153846 0.41346153846153844 0.01201923076923077 0.014423076923076924
0 0.5252403846153846 0.4543269230769231 0.016826923076923076 0.02403846153846154
0 0.3485576923076923 0.4362980769230769 0.01201923076923077 0.014423076923076924
0 0.46274038461538464 0.4483173076923077 0.01201923076923077 0.014423076923076924
0 0.10216346153846154 0.4098557692307692 0.004807692307692308 0.004807692307692308
0 0.1622596153846154 0.41586538461538464 0.004807692307692308 0.004807692307692308
0 0.14423076923076922 0.41586538461538464 0.004807692307692308 0.009615384615384616
0 0.2608173076923077 0.43028846153846156 0.01201923076923077 0.014423076923076924
0 0.30649038461538464 0.4326923076923077 0.009615384615384616 0.009615384615384616
0 0.2956730769230769 0.43149038461538464 0.016826923076923076 0.019230769230769232
0 0.1201923076923077 0.41346153846153844 0.004807692307692308 0.009615384615384616
0 0.07692307692307693 0.40865384615384615 0.021634615384615384 0.028846153846153848
0 0.5889423076923077 0.4675480769230769 0.016826923076923076 0.028846153846153848
0 0.24158653846153846 0.42788461538461536 0.01201923076923077 0.014423076923076924
0 0.2704326923076923 0.43149038461538464 0.01201923076923077 0.014423076923076924
0 0.09495192307692307 0.41225961538461536 0.009615384615384616 0.004807692307692308
0 0.15144230769230768 0.4182692307692308 0.007211538461538462 0.014423076923076924
0 0.13822115384615385 0.41947115384615385 0.004807692307692308 0.009615384615384616
0 0.0625 0.41225961538461536 0.009615384615384616 0.009615384615384616
0 0.7127403846153846 0.48197115384615385 0.026442307692307692 0.03365384615384615
0 0.11057692307692307 0.4170673076923077 0.004807692307692308 0.009615384615384616
0 0.4326923076923077 0.45072115384615385 0.016826923076923076 0.028846153846153848
0 0.38461538461538464 0.44591346153846156 0.01201923076923077 0.019230769230769232
0 0.046875 0.4098557692307692 0.004807692307692308 0.009615384615384616
0 0.5733173076923077 0.4651442307692308 0.021634615384615384 0.028846153846153848
0 0.028846153846153848 0.41346153846153844 0.009615384615384616 0.009615384615384616
0 0.2848557692307692 0.4375 0.007211538461538462 0.014423076923076924
0 0.48677884615384615 0.45913461538461536 0.01201923076923077 0.02403846153846154
0 0.12620192307692307 0.4230769230769231 0.009615384615384616 0.009615384615384616
0 0.5588942307692307 0.46634615384615385 0.019230769230769232 0.02403846153846154
0 0.5036057692307693 0.46033653846153844 0.019230769230769232 0.02403846153846154
0 0.08653846153846154 0.4170673076923077 0.007211538461538462 0.014423076923076924
0 0.13341346153846154 0.42427884615384615 0.004807692307692308 0.009615384615384616
0 0.06610576923076923 0.4170673076923077 0.009615384615384616 0.009615384615384616
0 0.37259615384615385 0.4495192307692308 0.016826923076923076 0.019230769230769232
0 0.0985576923076923 0.4206730769230769 0.009615384615384616 0.009615384615384616
0 0.052884615384615384 0.41586538461538464 0.009615384615384616 0.009615384615384616
0 0.18870192307692307 0.43028846153846156 0.016826923076923076 0.019230769230769232
0 0.009615384615384616 0.4110576923076923 0.004807692307692308 0.009615384615384616
0 0.3269230769230769 0.44711538461538464 0.016826923076923076 0.016826923076923076
0 0.5192307692307693 0.4675480769230769 0.016826923076923076 0.02403846153846154
0 0.020432692307692308 0.4170673076923077 0.009615384615384616 0.009615384615384616
0 0.6454326923076923 0.4807692307692308 0.021634615384615384 0.03365384615384615
0 0.2620192307692308 0.4423076923076923 0.016826923076923076 0.019230769230769232
0 0.6875 0.48677884615384615 0.021634615384615384 0.038461538461538464
0 0.054086538461538464 0.4206730769230769 0.004807692307692308 0.009615384615384616
0 0.6129807692307693 0.4795673076923077 0.021634615384615384 0.028846153846153848
0 0.46634615384615385 0.46634615384615385 0.021634615384615384 0.03365384615384615
0 0.11177884615384616 0.43149038461538464 0.009615384615384616 0.009615384615384616
0 0.036057692307692304 0.4206730769230769 0.016826923076923076 0.02403846153846154
0 0.4110576923076923 0.46033653846153844 0.019230769230769232 0.02403846153846154
0 0.8161057692307693 0.5036057692307693 0.021634615384615384 0.03365384615384615
0 0.296875 0.4483173076923077 0.019230769230769232 0.02403846153846154
0 0.13221153846153846 0.43149038461538464 0.007211538461538462 0.014423076923076924
0 0.35096153846153844 0.4543269230769231 0.019230769230769232 0.02403846153846154
0 0.33413461538461536 0.4543269230769231 0.016826923076923076 0.019230769230769232
0 0.7584134615384616 0.4987980769230769 0.019230769230769232 0.038461538461538464
0 0.10216346153846154 0.4326923076923077 0.01201923076923077 0.014423076923076924
0 0.24759615384615385 0.44591346153846156 0.016826923076923076 0.019230769230769232
0 0.02403846153846154 0.421875 0.009615384615384616 0.009615384615384616
0 0.6959134615384616 0.4951923076923077 0.021634615384615384 0.03365384615384615
0 0.1201923076923077 0.43509615384615385 0.01201923076923077 0.014423076923076924
0 0.5997596153846154 0.4879807692307692 0.021634615384615384 0.038461538461538464
0 0.14783653846153846 0.4375 0.019230769230769232 0.02403846153846154
0 0.055288461538461536 0.43028846153846156 0.009615384615384616 0.009615384615384616
0 0.32091346153846156 0.4579326923076923 0.016826923076923076 0.019230769230769232
0 0.38822115384615385 0.4651442307692308 0.01201923076923077 0.019230769230769232
0 0.30408653846153844 0.45913461538461536 0.01201923076923077 0.014423076923076924
0 0.01201923076923077 0.42788461538461536 0.016826923076923076 0.02403846153846154
0 0.4495192307692308 0.47596153846153844 0.026442307692307692 0.038461538461538464
0 0.020432692307692308 0.4338942307692308 0.016826923076923076 0.016826923076923076
0 0.10576923076923077 0.4423076923076923 0.01201923076923077 0.014423076923076924
0 0.2283653846153846 0.45552884615384615 0.016826923076923076 0.02403846153846154
0 0.7872596153846154 0.515625 0.03365384615384615 0.057692307692307696
0 0.5336538461538461 0.4891826923076923 0.021634615384615384 0.028846153846153848
0 0.16346153846153846 0.4519230769230769 0.016826923076923076 0.02403846153846154
0 0.4963942307692308 0.4855769230769231 0.021634615384615384 0.028846153846153848
0 0.12620192307692307 0.4483173076923077 0.016826923076923076 0.016826923076923076
0 0.36778846153846156 0.47115384615384615 0.021634615384615384 0.038461538461538464
0 0.25721153846153844 0.4651442307692308 0.019230769230769232 0.019230769230769232
0 0.051682692307692304 0.44350961538461536 0.016826923076923076 0.019230769230769232
0 0.328125 0.47475961538461536 0.016826923076923076 0.02403846153846154
0 0.43149038461538464 0.4879807692307692 0.03125 0.03125
0 0.109375 0.4543269230769231 0.009615384615384616 0.009615384615384616
0 0.8798076923076923 0.5372596153846154 0.038461538461538464 0.052884615384615384
0 0.28365384615384615 0.47716346153846156 0.021634615384615384 0.028846153846153848
0 0.11778846153846154 0.46033653846153844 0.01201923076923077 0.019230769230769232
0 0.31490384615384615 0.4855769230769231 0.021634615384615384 0.028846153846153848
0 0.3473557692307692 0.49399038461538464 0.03125 0.03125
0 0.4026442307692308 0.49759615384615385 0.021634615384615384 0.03365384615384615
0 0.19110576923076922 0.47716346153846156 0.03125 0.040865384615384616
0 0.10817307692307693 0.46875 0.01201923076923077 0.019230769230769232
0 0.23197115384615385 0.48197115384615385 0.019230769230769232 0.019230769230769232
0 0.7103365384615384 0.5336538461538461 0.03365384615384615 0.052884615384615384
0 0.6706730769230769 0.5324519230769231 0.026442307692307692 0.038461538461538464
0 0.25961538461538464 0.49038461538461536 0.021634615384615384 0.03365384615384615
0 0.5973557692307693 0.5288461538461539 0.036057692307692304 0.05048076923076923
0 0.1045673076923077 0.4795673076923077 0.016826923076923076 0.02403846153846154
0 0.38341346153846156 0.5108173076923077 0.021634615384615384 0.038461538461538464
0 0.16105769230769232 0.49278846153846156 0.019230769230769232 0.019230769230769232
0 0.07091346153846154 0.49038461538461536 0.026442307692307692 0.03365384615384615
0 0.3329326923076923 0.5180288461538461 0.026442307692307692 0.04326923076923077
0 0.19471153846153846 0.5048076923076923 0.026442307692307692 0.028846153846153848
0 0.5360576923076923 0.5408653846153846 0.026442307692307692 0.04807692307692308
0 0.27524038461538464 0.5132211538461539 0.021634615384615384 0.028846153846153848
0 0.22956730769230768 0.5132211538461539 0.03125 0.040865384615384616
0 0.1201923076923077 0.5024038461538461 0.026442307692307692 0.038461538461538464
0 0.2932692307692308 0.5180288461538461 0.021634615384615384 0.03365384615384615
0 0.5504807692307693 0.5528846153846154 0.04326923076923077 0.057692307692307696
0 0.09735576923076923 0.5048076923076923 0.026442307692307692 0.028846153846153848
0 0.025240384615384616 0.5012019230769231 0.019230769230769232 0.019230769230769232
0 0.44711538461538464 0.5432692307692307 0.04807692307692308 0.06490384615384616
0 0.6394230769230769 0.5625 0.04807692307692308 0.07451923076923077
0 0.3557692307692308 0.5408653846153846 0.03365384615384615 0.057692307692307696
0 0.15384615384615385 0.5216346153846154 0.03125 0.04567307692307692
0 0.12860576923076922 0.5192307692307693 0.026442307692307692 0.03365384615384615
0 0.8233173076923077 0.6045673076923077 0.055288461538461536 0.08653846153846154
0 0.20673076923076922 0.5444711538461539 0.03125 0.040865384615384616
0 0.7884615384615384 0.6057692307692307 0.040865384615384616 0.07692307692307693
0 0.07932692307692307 0.5372596153846154 0.026442307692307692 0.03365384615384615
0 0.3076923076923077 0.5588942307692307 0.03125 0.040865384615384616
0 0.019230769230769232 0.5300480769230769 0.026442307692307692 0.04326923076923077
0 0.007211538461538462 0.5336538461538461 0.014423076923076924 0.04326923076923077
0 0.057692307692307696 0.5420673076923077 0.021634615384615384 0.038461538461538464
0 0.9206730769230769 0.6322115384615384 0.057692307692307696 0.0889423076923077
0 0.17908653846153846 0.5637019230769231 0.036057692307692304 0.05048076923076923
0 0.1346153846153846 0.5661057692307693 0.040865384615384616 0.04567307692307692
0 0.3161057692307692 0.6322115384615384 0.05048076923076923 0.08173076923076923
0 0.21514423076923078 0.6237980769230769 0.05048076923076923 0.07932692307692307
0 0.015625 0.6033653846153846 0.03125 0.052884615384615384
0 0.484375 0.6682692307692307 0.04807692307692308 0.07451923076923077
0 0.5444711538461539 0.6778846153846154 0.05048076923076923 0.07932692307692307
0 0.1346153846153846 0.6574519230769231 0.052884615384615384 0.06971153846153846
0 0.7572115384615384 0.7608173076923077 0.07692307692307693 0.12740384615384615
0 0.6754807692307693 0.7644230769230769 0.07211538461538461 0.125
0 0.003605769230769231 0.703125 0.007211538461538462 0.09375
0 0.18990384615384615 0.7307692307692307 0.07692307692307693 0.08413461538461539
0 0.026442307692307692 0.7391826923076923 0.052884615384615384 0.0889423076923077
0 0.39783653846153844 0.8689903846153846 0.09615384615384616 0.18028846153846154
0 0.16706730769230768 0.8521634615384616 0.08173076923076923 0.12740384615384615
0 0.9927884615384616 0.37259615384615385 0.01201923076923077 0.014423076923076924
0 0.9350961538461539 0.375 0.016826923076923076 0.016826923076923076
0 0.9651442307692307 0.3786057692307692 0.01201923076923077 0.014423076923076924
0 0.9723557692307693 0.38461538461538464 0.01201923076923077 0.014423076923076924
0 0.9915865384615384 0.38822115384615385 0.01201923076923077 0.019230769230769232
0 0.9399038461538461 0.38341346153846156 0.01201923076923077 0.019230769230769232
0 0.9963942307692307 0.3894230769230769 0.007211538461538462 0.019230769230769232
0 0.9543269230769231 0.3870192307692308 0.01201923076923077 0.02403846153846154
0 0.9050480769230769 0.38461538461538464 0.004807692307692308 0.009615384615384616
0 0.8713942307692307 0.38100961538461536 0.009615384615384616 0.009615384615384616
0 0.8846153846153846 0.38221153846153844 0.009615384615384616 0.009615384615384616
0 0.8990384615384616 0.3858173076923077 0.01201923076923077 0.014423076923076924
0 0.9711538461538461 0.3942307692307692 0.01201923076923077 0.014423076923076924
0 0.9146634615384616 0.38822115384615385 0.007211538461538462 0.014423076923076924
0 0.921875 0.38822115384615385 0.01201923076923077 0.014423076923076924
0 0.8173076923076923 0.3798076923076923 0.004807692307692308 0.009615384615384616
0 0.8521634615384616 0.3858173076923077 0.01201923076923077 0.014423076923076924
0 0.8605769230769231 0.3918269230769231 0.009615384615384616 0.004807692307692308
0 0.8305288461538461 0.38822115384615385 0.016826923076923076 0.016826923076923076
0 0.84375 0.3894230769230769 0.007211538461538462 0.014423076923076924
0 0.8076923076923077 0.38822115384615385 0.004807692307692308 0.009615384615384616
0 0.8762019230769231 0.3954326923076923 0.016826923076923076 0.019230769230769232
0 0.9110576923076923 0.39903846153846156 0.01201923076923077 0.019230769230769232
0 0.7680288461538461 0.3870192307692308 0.01201923076923077 0.014423076923076924
0 0.7860576923076923 0.38822115384615385 0.01201923076923077 0.014423076923076924
0 0.8641826923076923 0.40024038461538464 0.01201923076923077 0.014423076923076924
0 0.8233173076923077 0.3942307692307692 0.009615384615384616 0.009615384615384616
0 0.7451923076923077 0.3858173076923077 0.009615384615384616 0.009615384615384616
0 0.9975961538461539 0.4110576923076923 0.004807692307692308 0.019230769230769232
0 0.8918269230769231 0.40384615384615385 0.01201923076923077 0.014423076923076924
0 0.7752403846153846 0.38822115384615385 0.004807692307692308 0.009615384615384616
0 0.7584134615384616 0.3894230769230769 0.01201923076923077 0.014423076923076924
0 0.8028846153846154 0.3942307692307692 0.007211538461538462 0.014423076923076924
0 0.9314903846153846 0.4074519230769231 0.016826923076923076 0.02403846153846154
0 0.9423076923076923 0.4110576923076923 0.01201923076923077 0.028846153846153848
0 0.8401442307692307 0.4026442307692308 0.01201923076923077 0.014423076923076924
0 0.9927884615384616 0.4182692307692308 0.014423076923076924 0.02403846153846154
0 0.6850961538461539 0.3894230769230769 0.01201923076923077 0.019230769230769232
0 0.7151442307692307 0.3918269230769231 0.009615384615384616 0.009615384615384616
0 0.5709134615384616 0.37740384615384615 0.016826923076923076 0.019230769230769232
0 0.7067307692307693 0.3918269230769231 0.009615384615384616 0.009615384615384616
0 0.7896634615384616 0.40024038461538464 0.01201923076923077 0.019230769230769232
0 0.7776442307692307 0.4014423076923077 0.007211538461538462 0.014423076923076924
0 0.8088942307692307 0.40384615384615385 0.01201923076923077 0.014423076923076924
0 0.7992788461538461 0.40384615384615385 0.01201923076923077 0.014423076923076924
0 0.7548076923076923 0.39903846153846156 0.007211538461538462 0.014423076923076924
0 0.9579326923076923 0.421875 0.016826923076923076 0.028846153846153848
0 0.7716346153846154 0.4026442307692308 0.01201923076923077 0.019230769230769232
0 0.8233173076923077 0.40865384615384615 0.016826923076923076 0.019230769230769232
0 0.90625 0.4170673076923077 0.016826923076923076 0.019230769230769232
0 0.5132211538461539 0.3762019230769231 0.01201923076923077 0.019230769230769232
0 0.7295673076923077 0.40024038461538464 0.01201923076923077 0.014423076923076924
0 0.6322115384615384 0.38822115384615385 0.009615384615384616 0.009615384615384616
0 0.7019230769230769 0.3954326923076923 0.009615384615384616 0.009615384615384616
0 0.7223557692307693 0.39783653846153844 0.004807692307692308 0.009615384615384616
0 0.7463942307692307 0.40024038461538464 0.004807692307692308 0.009615384615384616
0 0.6923076923076923 0.3942307692307692 0.009615384615384616 0.009615384615384616
0 0.5841346153846154 0.3858173076923077 0.016826923076923076 0.02403846153846154
0 0.7367788461538461 0.4014423076923077 0.007211538461538462 0.014423076923076924
0 0.8930288461538461 0.4182692307692308 0.016826923076923076 0.02403846153846154
0 0.8581730769230769 0.41466346153846156 0.01201923076923077 0.014423076923076924
0 0.6141826923076923 0.390625 0.009615384615384616 0.009615384615384616
0 0.8737980769230769 0.4206730769230769 0.016826923076923076 0.02403846153846154
0 0.9254807692307693 0.42427884615384615 0.016826923076923076 0.019230769230769232
0 0.6274038461538461 0.39302884615384615 0.009615384615384616 0.009615384615384616
0 0.6466346153846154 0.3942307692307692 0.009615384615384616 0.009615384615384616
0 0.48677884615384615 0.38221153846153844 0.016826923076923076 0.019230769230769232
0 0.6550480769230769 0.39783653846153844 0.01201923076923077 0.014423076923076924
0 0.6778846153846154 0.40024038461538464 0.01201923076923077 0.014423076923076924
0 0.7139423076923077 0.40384615384615385 0.01201923076923077 0.014423076923076924
0 0.6682692307692307 0.40384615384615385 0.01201923076923077 0.014423076923076924
0 0.6911057692307693 0.40384615384615385 0.009615384615384616 0.009615384615384616
0 0.7463942307692307 0.41225961538461536 0.01201923076923077 0.014423076923076924
0 0.7211538461538461 0.4074519230769231 0.004807692307692308 0.009615384615384616
0 0.5 0.38822115384615385 0.016826923076923076 0.019230769230769232
0 0.5192307692307693 0.390625 0.016826923076923076 0.019230769230769232
0 0.78125 0.41586538461538464 0.016826923076923076 0.02403846153846154
0 0.5456730769230769 0.3942307692307692 0.004807692307692308 0.009615384615384616
0 0.703125 0.4098557692307692 0.016826923076923076 0.019230769230769232
0 0.7920673076923077 0.41947115384615385 0.01201923076923077 0.019230769230769232
0 0.6237980769230769 0.4026442307692308 0.016826923076923076 0.016826923076923076
0 0.6033653846153846 0.4014423076923077 0.01201923076923077 0.014423076923076924
0 0.5889423076923077 0.39903846153846156 0.01201923076923077 0.014423076923076924
0 0.6129807692307693 0.4014423076923077 0.01201923076923077 0.014423076923076924
0 0.5504807692307693 0.39783653846153844 0.004807692307692308 0.009615384615384616
0 0.8377403846153846 0.4254807692307692 0.021634615384615384 0.03365384615384615
0 0.5384615384615384 0.39663461538461536 0.009615384615384616 0.009615384615384616
0 0.5288461538461539 0.3954326923076923 0.009615384615384616 0.009615384615384616
0 0.7596153846153846 0.41947115384615385 0.021634615384615384 0.028846153846153848
0 0.7295673076923077 0.4170673076923077 0.016826923076923076 0.019230769230769232
0 0.9831730769230769 0.44591346153846156 0.026442307692307692 0.03365384615384615
0 0.7091346153846154 0.41947115384615385 0.01201923076923077 0.019230769230769232
0 0.6550480769230769 0.41586538461538464 0.016826923076923076 0.016826923076923076
0 0.6923076923076923 0.41947115384615385 0.016826923076923076 0.02403846153846154
0 0.8677884615384616 0.4411057692307692 0.02403846153846154 0.019230769230769232
0 0.8209134615384616 0.4387019230769231 0.026442307692307692 0.03365384615384615
0 0.9134615384615384 0.44591346153846156 0.026442307692307692 0.038461538461538464
0 0.5997596153846154 0.41225961538461536 0.016826923076923076 0.019230769230769232
0 0.453125 0.39903846153846156 0.007211538461538462 0.014423076923076924
0 0.5396634615384616 0.40865384615384615 0.007211538461538462 0.014423076923076924
0 0.6274038461538461 0.4182692307692308 0.016826923076923076 0.016826923076923076
0 0.4423076923076923 0.4014423076923077 0.014423076923076924 0.01201923076923077
0 0.5324519230769231 0.4098557692307692 0.009615384615384616 0.009615384615384616
0 0.46153846153846156 0.4026442307692308 0.004807692307692308 0.009615384615384616
0 0.7139423076923077 0.43149038461538464 0.016826923076923076 0.02403846153846154
0 0.9471153846153846 0.4567307692307692 0.021634615384615384 0.03365384615384615
0 0.3942307692307692 0.40024038461538464 0.009615384615384616 0.009615384615384616
0 0.2764423076923077 0.3858173076923077 0.007211538461538462 0.014423076923076924
0 0.8052884615384616 0.4411057692307692 0.026442307692307692 0.03365384615384615
0 0.42908653846153844 0.40384615384615385 0.004807692307692308 0.009615384615384616
0 0.6478365384615384 0.4254807692307692 0.01201923076923077 0.014423076923076924
0 0.37740384615384615 0.4014423076923077 0.004807692307692308 0.004807692307692308
0 0.421875 0.40625 0.01201923076923077 0.014423076923076924
0 0.359375 0.39903846153846156 0.004807692307692308 0.004807692307692308
0 0.5504807692307693 0.41947115384615385 0.01201923076923077 0.014423076923076924
0 0.5564903846153846 0.4230769230769231 0.016826923076923076 0.019230769230769232
0 0.6009615384615384 0.4266826923076923 0.01201923076923077 0.019230769230769232
0 0.6802884615384616 0.43509615384615385 0.016826923076923076 0.028846153846153848
0 0.41225961538461536 0.4074519230769231 0.009615384615384616 0.009615384615384616
0 0.8677884615384616 0.45552884615384615 0.021634615384615384 0.028846153846153848
0 0.2692307692307692 0.3918269230769231 0.009615384615384616 0.009615384615384616
0 0.40024038461538464 0.40625 0.004807692307692308 0.009615384615384616
0 0.6129807692307693 0.42788461538461536 0.016826923076923076 0.019230769230769232
0 0.36658653846153844 0.4026442307692308 0.009615384615384616 0.009615384615384616
0 0.4579326923076923 0.41466346153846156 0.01201923076923077 0.014423076923076924
0 0.3269230769230769 0.40024038461538464 0.004807692307692308 0.004807692307692308
0 0.38100961538461536 0.40865384615384615 0.004807692307692308 0.009615384615384616
0 0.32211538461538464 0.4026442307692308 0.004807692307692308 0.009615384615384616
0 0.5612980769230769 0.42788461538461536 0.014423076923076924 0.01201923076923077
0 0.3125 0.4014423076923077 0.004807692307692308 0.009615384615384616
0 0.4387019230769231 0.41466346153846156 0.009615384615384616 0.009615384615384616
0 0.33533653846153844 0.4050480769230769 0.007211538461538462 0.014423076923076924
0 0.3629807692307692 0.40865384615384615 0.004807692307692308 0.004807692307692308
0 0.41586538461538464 0.41346153846153844 0.01201923076923077 0.014423076923076924
0 0.39302884615384615 0.4110576923076923 0.01201923076923077 0.014423076923076924
0 0.7536057692307693 0.4519230769230769 0.016826923076923076 0.028846153846153848
0 0.40384615384615385 0.41225961538461536 0.007211538461538462 0.014423076923076924
0 0.2980769230769231 0.40384615384615385 0.004807692307692308 0.009615384615384616
0 0.3173076923076923 0.40384615384615385 0.004807692307692308 0.004807692307692308
0 0.5300480769230769 0.43028846153846156 0.01201923076923077 0.014423076923076924
0 0.6526442307692307 0.4411057692307692 0.016826923076923076 0.019230769230769232
0 0.33653846153846156 0.4074519230769231 0.009615384615384616 0.009615384615384616
0 0.25 0.39903846153846156 0.009615384615384616 0.009615384615384616
0 0.34134615384615385 0.4110576923076923 0.01201923076923077 0.014423076923076924
0 0.4855769230769231 0.4230769230769231 0.01201923076923077 0.019230769230769232
0 0.9651442307692307 0.47596153846153844 0.026442307692307692 0.04326923076923077
0 0.38822115384615385 0.41346153846153844 0.009615384615384616 0.009615384615384616
0 0.8509615384615384 0.4639423076923077 0.026442307692307692 0.03365384615384615