0 0.21033653846153846 0.5552884615384616 0.009615384615384616 0.014423076923076924
0 0.21995192307692307 0.5552884615384616 0.004807692307692308 0.004807692307692308
0 0.1971153846153846 0.5600961538461539 0.004807692307692308 0.004807692307692308
0 0.4170673076923077 0.5673076923076923 0.014423076923076924 0.018028846153846152
0 0.4375 0.5673076923076923 0.009615384615384616 0.009615384615384616
0 0.4579326923076923 0.5697115384615384 0.009615384615384616 0.009615384615384616
0 0.42788461538461536 0.5721153846153846 0.009615384615384616 0.014423076923076924
0 0.16466346153846154 0.5721153846153846 0.018028846153846152 0.027644230769230768
0 0.20192307692307693 0.5721153846153846 0.014423076923076924 0.018028846153846152
0 0.515625 0.5721153846153846 0.014423076923076924 0.014423076923076924
0 0.5300480769230769 0.5721153846153846 0.004807692307692308 0.004807692307692308
0 0.46274038461538464 0.5745192307692307 0.009615384615384616 0.009615384615384616
0 0.47475961538461536 0.5745192307692307 0.009615384615384616 0.009615384615384616
0 0.22956730769230768 0.5769230769230769 0.014423076923076924 0.018028846153846152
0 0.1778846153846154 0.5769230769230769 0.009615384615384616 0.018028846153846152
0 0.25721153846153844 0.5769230769230769 0.018028846153846152 0.018028846153846152
0 0.40024038461538464 0.5769230769230769 0.014423076923076924 0.009615384615384616
0 0.35697115384615385 0.5769230769230769 0.014423076923076924 0.018028846153846152
0 0.2824519230769231 0.578125 0.014423076923076924 0.018028846153846152
0 0.4375 0.578125 0.009615384615384616 0.014423076923076924
0 0.5324519230769231 0.5805288461538461 0.009615384615384616 0.014423076923076924
0 0.5901442307692307 0.5805288461538461 0.014423076923076924 0.014423076923076924
0 0.37259615384615385 0.5829326923076923 0.009615384615384616 0.004807692307692308
0 0.6730769230769231 0.5829326923076923 0.009615384615384616 0.014423076923076924
0 0.4951923076923077 0.5829326923076923 0.014423076923076924 0.018028846153846152
0 0.5144230769230769 0.5829326923076923 0.014423076923076924 0.018028846153846152
0 0.6947115384615384 0.5877403846153846 0.014423076923076924 0.018028846153846152
0 0.6370192307692307 0.5877403846153846 0.018028846153846152 0.018028846153846152
0 0.5504807692307693 0.5901442307692307 0.014423076923076924 0.018028846153846152
0 0.4230769230769231 0.5925480769230769 0.018028846153846152 0.027644230769230768
0 0.6875 0.5925480769230769 0.014423076923076924 0.018028846153846152
0 0.21033653846153846 0.5925480769230769 0.05048076923076923 0.042067307692307696
0 0.24519230769230768 0.5925480769230769 0.014423076923076924 0.018028846153846152
0 0.3701923076923077 0.5925480769230769 0.014423076923076924 0.014423076923076924
0 0.7548076923076923 0.5949519230769231 0.014423076923076924 0.027644230769230768
0 0.5372596153846154 0.5949519230769231 0.014423076923076924 0.018028846153846152
0 0.6177884615384616 0.5973557692307693 0.014423076923076924 0.02283653846153846
0 0.41466346153846156 0.5973557692307693 0.014423076923076924 0.014423076923076924
0 0.5949519230769231 0.5973557692307693 0.009615384615384616 0.014423076923076924
0 0.6550480769230769 0.5973557692307693 0.014423076923076924 0.018028846153846152
0 0.7223557692307693 0.5973557692307693 0.018028846153846152 0.027644230769230768
0 0.6346153846153846 0.5973557692307693 0.018028846153846152 0.014423076923076924
0 0.578125 0.5997596153846154 0.018028846153846152 0.02283653846153846
0 0.7403846153846154 0.5997596153846154 0.014423076923076924 0.018028846153846152
0 0.359375 0.6021634615384616 0.014423076923076924 0.014423076923076924
0 0.6694711538461539 0.6021634615384616 0.014423076923076924 0.018028846153846152
0 0.7680288461538461 0.6069711538461539 0.009615384615384616 0.018028846153846152
0 0.328125 0.609375 0.014423076923076924 0.02283653846153846
0 0.7019230769230769 0.6105769230769231 0.018028846153846152 0.018028846153846152
0 0.7776442307692307 0.6129807692307693 0.014423076923076924 0.018028846153846152
0 0.37259615384615385 0.6129807692307693 0.02283653846153846 0.02283653846153846
0 0.6346153846153846 0.6153846153846154 0.02283653846153846 0.027644230769230768
0 0.8100961538461539 0.6177884615384616 0.03245192307692308 0.027644230769230768
0 0.31490384615384615 0.6177884615384616 0.027644230769230768 0.037259615384615384
0 0.35697115384615385 0.6225961538461539 0.02283653846153846 0.03245192307692308
0 0.453125 0.6225961538461539 0.02283653846153846 0.027644230769230768
0 0.5949519230769231 0.625 0.02283653846153846 0.03245192307692308
0 0.2824519230769231 0.625 0.037259615384615384 0.03245192307692308
0 0.4951923076923077 0.6298076923076923 0.027644230769230768 0.042067307692307696
0 0.11057692307692307 0.6346153846153846 0.042067307692307696 0.06009615384615385
0 0.16466346153846154 0.6370192307692307 0.042067307692307696 0.05048076923076923
0 0.390625 0.6394230769230769 0.02283653846153846 0.042067307692307696
0 0.8894230769230769 0.6430288461538461 0.042067307692307696 0.05048076923076923
0 0.37740384615384615 0.6430288461538461 0.02283653846153846 0.042067307692307696
0 0.7223557692307693 0.6454326923076923 0.027644230769230768 0.03245192307692308
0 0.625 0.6454326923076923 0.027644230769230768 0.046875
0 0.8004807692307693 0.6502403846153846 0.042067307692307696 0.06490384615384616
0 0.6526442307692307 0.6550480769230769 0.037259615384615384 0.05048076923076923
0 0.22235576923076922 0.6574519230769231 0.06490384615384616 0.09254807692307693
0 0.9651442307692307 0.6598557692307693 0.06009615384615385 0.10697115384615384
0 0.8569711538461539 0.6646634615384616 0.037259615384615384 0.05048076923076923
0 0.2848557692307692 0.6646634615384616 0.03245192307692308 0.046875
0 0.546875 0.6670673076923077 0.027644230769230768 0.042067307692307696
0 0.12740384615384615 0.6670673076923077 0.027644230769230768 0.042067307692307696
0 0.703125 0.6730769230769231 0.03245192307692308 0.046875
0 0.5 0.6754807692307693 0.046875 0.042067307692307696
0 0.44471153846153844 0.6826923076923077 0.046875 0.06971153846153846
0 0.359375 0.6875 0.037259615384615384 0.046875
0 0.09495192307692307 0.703125 0.03245192307692308 0.055288461538461536
0 0.7379807692307693 0.7055288461538461 0.046875 0.06009615384615385
0 0.9146634615384616 0.7199519230769231 0.0829326923076923 0.11538461538461539
0 0.4951923076923077 0.7355769230769231 0.042067307692307696 0.06009615384615385
0 0.40024038461538464 0.7824519230769231 0.06971153846153846 0.10216346153846154
0 0.30288461538461536 0.8329326923076923 0.10216346153846154 0.1201923076923077