0 0.6730769230769231 0.19831730769230768 0.02403846153846154 0.03365384615384615
0 0.9507211538461539 0.20793269230769232 0.02403846153846154 0.03365384615384615
0 0.13581730769230768 0.1814903846153846 0.019230769230769232 0.028846153846153848
0 0.6911057692307693 0.203125 0.019230769230769232 0.028846153846153848
0 0.4735576923076923 0.20072115384615385 0.019230769230769232 0.03365384615384615
0 0.29086538461538464 0.19471153846153846 0.019230769230769232 0.028846153846153848
0 0.9723557692307693 0.21995192307692307 0.02403846153846154 0.03365384615384615
0 0.11778846153846154 0.18990384615384615 0.019230769230769232 0.028846153846153848
0 0.5084134615384616 0.203125 0.02403846153846154 0.03365384615384615
0 0.17307692307692307 0.19591346153846154 0.019230769230769232 0.028846153846153848
0 0.5817307692307693 0.21033653846153846 0.02403846153846154 0.03365384615384615
0 0.9002403846153846 0.22355769230769232 0.02403846153846154 0.028846153846153848
0 0.06370192307692307 0.1971153846153846 0.019230769230769232 0.03365384615384615
0 0.04927884615384615 0.20432692307692307 0.019230769230769232 0.028846153846153848
0 0.6923076923076923 0.23557692307692307 0.02403846153846154 0.03365384615384615
0 0.24519230769230768 0.21995192307692307 0.02403846153846154 0.028846153846153848
0 0.21995192307692307 0.2247596153846154 0.019230769230769232 0.028846153846153848
0 0.953125 0.25 0.02403846153846154 0.038461538461538464
0 0.7572115384615384 0.2439903846153846 0.019230769230769232 0.03365384615384615
0 0.6021634615384616 0.24158653846153846 0.02403846153846154 0.038461538461538464
0 0.7884615384615384 0.25240384615384615 0.019230769230769232 0.028846153846153848
0 0.5264423076923077 0.24639423076923078 0.019230769230769232 0.028846153846153848
0 0.36899038461538464 0.24278846153846154 0.02403846153846154 0.04326923076923077
0 0.41586538461538464 0.24639423076923078 0.019230769230769232 0.038461538461538464
0 0.02403846153846154 0.2403846153846154 0.02403846153846154 0.03365384615384615
0 0.9338942307692307 0.27403846153846156 0.019230769230769232 0.02403846153846154
0 0.11658653846153846 0.014423076923076924 0.028846153846153848 0.028846153846153848
0 0.0985576923076923 0.25 0.02403846153846154 0.03365384615384615
0 0.7379807692307693 0.2764423076923077 0.019230769230769232 0.038461538461538464
0 0.12620192307692307 0.2548076923076923 0.02403846153846154 0.038461538461538464
0 0.44350961538461536 0.2704326923076923 0.019230769230769232 0.028846153846153848
0 0.9002403846153846 0.28725961538461536 0.02403846153846154 0.02403846153846154
0 0.7944711538461539 0.2848557692307692 0.02403846153846154 0.038461538461538464
0 0.8701923076923077 0.28846153846153844 0.019230769230769232 0.02403846153846154
0 0.9771634615384616 0.29447115384615385 0.02403846153846154 0.03365384615384615
0 0.6274038461538461 0.2824519230769231 0.02403846153846154 0.038461538461538464
0 0.4050480769230769 0.27884615384615385 0.02403846153846154 0.038461538461538464
0 0.3293269230769231 0.2860576923076923 0.019230769230769232 0.03365384615384615
0 0.7475961538461539 0.30288461538461536 0.02403846153846154 0.028846153846153848
0 0.2247596153846154 0.28725961538461536 0.019230769230769232 0.028846153846153848
0 0.8245192307692307 0.3076923076923077 0.02403846153846154 0.028846153846153848
0 0.18389423076923078 0.019230769230769232 0.02403846153846154 0.03365384615384615
0 0.6875 0.30649038461538464 0.019230769230769232 0.02403846153846154
0 0.3641826923076923 0.2956730769230769 0.028846153846153848 0.038461538461538464
0 0.19951923076923078 0.2920673076923077 0.02403846153846154 0.02403846153846154
0 0.7067307692307693 0.3125 0.019230769230769232 0.02403846153846154
0 0.8016826923076923 0.3161057692307692 0.019230769230769232 0.028846153846153848
0 0.6622596153846154 0.3112980769230769 0.019230769230769232 0.019230769230769232
0 0.28725961538461536 0.3004807692307692 0.02403846153846154 0.038461538461538464
0 0.019230769230769232 0.29086538461538464 0.016826923076923076 0.04326923076923077
0 0.5733173076923077 0.3125 0.02403846153846154 0.038461538461538464
0 0.8810096153846154 0.33052884615384615 0.019230769230769232 0.028846153846153848
0 0.5204326923076923 0.32091346153846156 0.02403846153846154 0.03365384615384615
0 0.6033653846153846 0.32572115384615385 0.02403846153846154 0.03365384615384615
0 0.18389423076923078 0.3137019230769231 0.019230769230769232 0.028846153846153848
0 0.0829326923076923 0.31009615384615385 0.019230769230769232 0.02403846153846154
0 0.9338942307692307 0.34615384615384615 0.02403846153846154 0.028846153846153848
0 0.026442307692307692 0.3233173076923077 0.019230769230769232 0.03365384615384615
0 0.8677884615384616 0.3557692307692308 0.019230769230769232 0.02403846153846154
0 0.9795673076923077 0.3641826923076923 0.014423076923076924 0.028846153846153848
0 0.11899038461538461 0.33413461538461536 0.019230769230769232 0.03365384615384615
0 0.8954326923076923 0.3605769230769231 0.02403846153846154 0.02403846153846154
0 0.8245192307692307 0.3605769230769231 0.019230769230769232 0.03365384615384615
0 0.4795673076923077 0.35096153846153844 0.019230769230769232 0.03365384615384615
0 0.9807692307692307 0.054086538461538464 0.019230769230769232 0.028846153846153848
0 0.6394230769230769 0.36538461538461536 0.02403846153846154 0.03365384615384615
0 0.2704326923076923 0.3545673076923077 0.019230769230769232 0.03365384615384615
0 0.8557692307692307 0.3894230769230769 0.019230769230769232 0.028846153846153848
0 0.6935096153846154 0.38461538461538464 0.019230769230769232 0.03365384615384615
0 0.9783653846153846 0.39663461538461536 0.019230769230769232 0.02403846153846154
0 0.4074519230769231 0.3762019230769231 0.019230769230769232 0.028846153846153848
0 0.24759615384615385 0.3713942307692308 0.02403846153846154 0.03365384615384615
0 0.09014423076923077 0.36538461538461536 0.02403846153846154 0.03365384615384615
0 0.4362980769230769 0.38221153846153844 0.019230769230769232 0.03365384615384615
0 0.30408653846153844 0.3798076923076923 0.019230769230769232 0.03365384615384615
0 0.33413461538461536 0.38461538461538464 0.02403846153846154 0.028846153846153848
0 0.6658653846153846 0.4014423076923077 0.02403846153846154 0.028846153846153848
0 0.10576923076923077 0.3858173076923077 0.02403846153846154 0.03365384615384615
0 0.17668269230769232 0.3894230769230769 0.019230769230769232 0.03365384615384615
0 0.5384615384615384 0.4110576923076923 0.02403846153846154 0.03365384615384615
0 0.7223557692307693 0.42427884615384615 0.02403846153846154 0.038461538461538464
0 0.7596153846153846 0.43149038461538464 0.019230769230769232 0.028846153846153848
0 0.23197115384615385 0.41225961538461536 0.019230769230769232 0.03365384615384615
0 0.039663461538461536 0.4098557692307692 0.019230769230769232 0.028846153846153848
0 0.8269230769230769 0.4387019230769231 0.019230769230769232 0.02403846153846154
0 0.20793269230769232 0.4170673076923077 0.02403846153846154 0.038461538461538464
0 0.6610576923076923 0.04927884615384615 0.02403846153846154 0.028846153846153848
0 0.41346153846153844 0.040865384615384616 0.02403846153846154 0.028846153846153848
0 0.7884615384615384 0.4543269230769231 0.02403846153846154 0.03365384615384615
0 0.05048076923076923 0.43149038461538464 0.019230769230769232 0.02403846153846154
0 0.6382211538461539 0.4519230769230769 0.02403846153846154 0.03365384615384615
0 0.9663461538461539 0.4699519230769231 0.019230769230769232 0.02403846153846154
0 0.578125 0.4579326923076923 0.028846153846153848 0.038461538461538464
0 0.265625 0.44711538461538464 0.019230769230769232 0.038461538461538464
0 0.3762019230769231 0.46274038461538464 0.02403846153846154 0.038461538461538464
0 0.4362980769230769 0.4675480769230769 0.019230769230769232 0.038461538461538464
0 0.6887019230769231 0.47596153846153844 0.019230769230769232 0.028846153846153848
0 0.30649038461538464 0.46274038461538464 0.019230769230769232 0.02403846153846154
0 0.4567307692307692 0.47115384615384615 0.02403846153846154 0.02403846153846154
0 0.06850961538461539 0.4567307692307692 0.02403846153846154 0.038461538461538464
0 0.39903846153846156 0.47115384615384615 0.019230769230769232 0.028846153846153848
0 0.7572115384615384 0.49038461538461536 0.014423076923076924 0.019230769230769232
0 0.12620192307692307 0.46875 0.02403846153846154 0.038461538461538464
0 0.3473557692307692 0.4807692307692308 0.02403846153846154 0.03365384615384615
0 0.9122596153846154 0.5024038461538461 0.019230769230769232 0.028846153846153848
0 0.4879807692307692 0.49038461538461536 0.019230769230769232 0.03365384615384615
0 0.8377403846153846 0.5072115384615384 0.019230769230769232 0.03365384615384615
0 0.2644230769230769 0.48677884615384615 0.019230769230769232 0.028846153846153848
0 0.5252403846153846 0.5012019230769231 0.02403846153846154 0.038461538461538464
0 0.9423076923076923 0.515625 0.02403846153846154 0.03365384615384615
0 0.055288461538461536 0.49399038461538464 0.019230769230769232 0.028846153846153848
0 0.5997596153846154 0.515625 0.014423076923076924 0.03365384615384615
0 0.14302884615384615 0.5 0.02403846153846154 0.03365384615384615
0 0.7307692307692307 0.5228365384615384 0.02403846153846154 0.028846153846153848
0 0.21995192307692307 0.5048076923076923 0.019230769230769232 0.03365384615384615
0 0.09014423076923077 0.5036057692307693 0.019230769230769232 0.038461538461538464
0 0.18269230769230768 0.5096153846153846 0.02403846153846154 0.028846153846153848
0 0.7584134615384616 0.5300480769230769 0.019230769230769232 0.028846153846153848
0 0.7908653846153846 0.5324519230769231 0.019230769230769232 0.03365384615384615
0 0.8713942307692307 0.5360576923076923 0.019230769230769232 0.028846153846153848
0 0.4338942307692308 0.5324519230769231 0.019230769230769232 0.028846153846153848
0 0.3293269230769231 0.5288461538461539 0.02403846153846154 0.038461538461538464
0 0.6310096153846154 0.5420673076923077 0.02403846153846154 0.03365384615384615
0 0.359375 0.5348557692307693 0.02403846153846154 0.028846153846153848
0 0.9110576923076923 0.5540865384615384 0.019230769230769232 0.03365384615384615
0 0.8341346153846154 0.5540865384615384 0.019230769230769232 0.028846153846153848
0 0.3581730769230769 0.05048076923076923 0.02403846153846154 0.03365384615384615
0 0.5637019230769231 0.057692307692307696 0.019230769230769232 0.028846153846153848
0 0.11177884615384616 0.53125 0.019230769230769232 0.038461538461538464
0 0.39663461538461536 0.546875 0.019230769230769232 0.028846153846153848
0 0.7247596153846154 0.5637019230769231 0.019230769230769232 0.028846153846153848
0 0.19591346153846154 0.5444711538461539 0.028846153846153848 0.028846153846153848
0 0.07572115384615384 0.5432692307692307 0.019230769230769232 0.028846153846153848
0 0.5877403846153846 0.5637019230769231 0.02403846153846154 0.038461538461538464
0 0.9795673076923077 0.5817307692307693 0.019230769230769232 0.028846153846153848
0 0.8076923076923077 0.5757211538461539 0.019230769230769232 0.02403846153846154
0 0.004807692307692308 0.5480769230769231 0.009615384615384616 0.028846153846153848
0 0.042067307692307696 0.5540865384615384 0.019230769230769232 0.038461538461538464
0 0.49038461538461536 0.5697115384615384 0.02403846153846154 0.028846153846153848
0 0.7824519230769231 0.5901442307692307 0.019230769230769232 0.028846153846153848
0 0.6850961538461539 0.5865384615384616 0.028846153846153848 0.03365384615384615
0 0.3004807692307692 0.5733173076923077 0.02403846153846154 0.03365384615384615
0 0.02283653846153846 0.5709134615384616 0.019230769230769232 0.028846153846153848
0 0.9435096153846154 0.6081730769230769 0.019230769230769232 0.038461538461538464
0 0.34615384615384615 0.5901442307692307 0.009615384615384616 0.028846153846153848
0 0.8689903846153846 0.6129807692307693 0.02403846153846154 0.028846153846153848
0 0.25600961538461536 0.5913461538461539 0.019230769230769232 0.028846153846153848
0 0.6442307692307693 0.6045673076923077 0.02403846153846154 0.028846153846153848
0 0.43149038461538464 0.5997596153846154 0.019230769230769232 0.028846153846153848
0 0.16947115384615385 0.5949519230769231 0.019230769230769232 0.028846153846153848
0 0.8112980769230769 0.6213942307692307 0.02403846153846154 0.028846153846153848
0 0.5444711538461539 0.6117788461538461 0.02403846153846154 0.038461538461538464
0 0.9302884615384616 0.6310096153846154 0.019230769230769232 0.028846153846153848
0 0.38221153846153844 0.6189903846153846 0.019230769230769232 0.03365384615384615
0 0.20192307692307693 0.6141826923076923 0.02403846153846154 0.028846153846153848
0 0.07451923076923077 0.6129807692307693 0.019230769230769232 0.03365384615384615
0 0.6670673076923077 0.6334134615384616 0.019230769230769232 0.028846153846153848
0 0.9723557692307693 0.6490384615384616 0.019230769230769232 0.03365384615384615
0 0.23076923076923078 0.625 0.02403846153846154 0.03365384615384615
0 0.5757211538461539 0.6394230769230769 0.02403846153846154 0.03365384615384615
0 0.32211538461538464 0.6346153846153846 0.019230769230769232 0.03365384615384615
0 0.7704326923076923 0.6574519230769231 0.019230769230769232 0.028846153846153848
0 0.5228365384615384 0.6490384615384616 0.02403846153846154 0.038461538461538464
0 0.6225961538461539 0.6574519230769231 0.014423076923076924 0.028846153846153848
0 0.037259615384615384 0.6370192307692307 0.019230769230769232 0.03365384615384615
0 0.9459134615384616 0.6706730769230769 0.019230769230769232 0.038461538461538464
0 0.7319711538461539 0.6634615384615384 0.019230769230769232 0.038461538461538464
0 0.48197115384615385 0.6598557692307693 0.019230769230769232 0.03365384615384615
0 0.2860576923076923 0.6658653846153846 0.019230769230769232 0.03365384615384615
0 0.8762019230769231 0.6887019230769231 0.02403846153846154 0.038461538461538464
0 0.84375 0.6899038461538461 0.019230769230769232 0.03365384615384615
0 0.8185096153846154 0.6911057692307693 0.02403846153846154 0.03365384615384615
0 0.25600961538461536 0.6742788461538461 0.019230769230769232 0.038461538461538464
0 0.4495192307692308 0.6814903846153846 0.019230769230769232 0.03365384615384615
0 0.13701923076923078 0.6730769230769231 0.019230769230769232 0.028846153846153848
0 0.9783653846153846 0.7043269230769231 0.019230769230769232 0.038461538461538464
0 0.6826923076923077 0.6935096153846154 0.019230769230769232 0.03365384615384615
0 0.10697115384615384 0.6742788461538461 0.02403846153846154 0.03365384615384615
0 0.6430288461538461 0.6947115384615384 0.02403846153846154 0.038461538461538464
0 0.375 0.6875 0.02403846153846154 0.03365384615384615
0 0.3329326923076923 0.6862980769230769 0.02403846153846154 0.03365384615384615
0 0.9483173076923077 0.7151442307692307 0.019230769230769232 0.03365384615384615
0 0.22235576923076922 0.6959134615384616 0.019230769230769232 0.038461538461538464
0 0.9158653846153846 0.7223557692307693 0.019230769230769232 0.038461538461538464
0 0.49278846153846156 0.7103365384615384 0.019230769230769232 0.03365384615384615
0 0.4074519230769231 0.7091346153846154 0.019230769230769232 0.03365384615384615
0 0.7355769230769231 0.7211538461538461 0.02403846153846154 0.03365384615384615
0 0.16826923076923078 0.703125 0.02403846153846154 0.028846153846153848
0 0.5997596153846154 0.7211538461538461 0.02403846153846154 0.038461538461538464
0 0.26322115384615385 0.7115384615384616 0.02403846153846154 0.03365384615384615
0 0.2932692307692308 0.7151442307692307 0.02403846153846154 0.038461538461538464
0 0.5637019230769231 0.7319711538461539 0.02403846153846154 0.03365384615384615
0 0.22956730769230768 0.06490384615384616 0.02403846153846154 0.03365384615384615
0 0.2848557692307692 0.0673076923076923 0.019230769230769232 0.028846153846153848
0 0.11899038461538461 0.7247596153846154 0.019230769230769232 0.03365384615384615
0 0.9759615384615384 0.7596153846153846 0.02403846153846154 0.038461538461538464
0 0.7668269230769231 0.7524038461538461 0.02403846153846154 0.038461538461538464
0 0.19471153846153846 0.7367788461538461 0.019230769230769232 0.038461538461538464
0 0.06850961538461539 0.7331730769230769 0.019230769230769232 0.03365384615384615
0 0.8137019230769231 0.7608173076923077 0.019230769230769232 0.038461538461538464
0 0.8509615384615384 0.7668269230769231 0.019230769230769232 0.028846153846153848
0 0.4387019230769231 0.7524038461538461 0.019230769230769232 0.03365384615384615
0 0.9326923076923077 0.7728365384615384 0.02403846153846154 0.03365384615384615
0 0.5108173076923077 0.7596153846153846 0.019230769230769232 0.028846153846153848
0 0.6730769230769231 0.765625 0.02403846153846154 0.03365384615384615
0 0.1658653846153846 0.7524038461538461 0.02403846153846154 0.03365384615384615
0 0.35336538461538464 0.7608173076923077 0.02403846153846154 0.03365384615384615
0 0.8798076923076923 0.7788461538461539 0.02403846153846154 0.028846153846153848
0 0.5973557692307693 0.7716346153846154 0.019230769230769232 0.028846153846153848
0 0.9927884615384616 0.09375 0.014423076923076924 0.02403846153846154
0 0.5685096153846154 0.7728365384615384 0.014423076923076924 0.028846153846153848
0 0.5372596153846154 0.7788461538461539 0.019230769230769232 0.03365384615384615
0 0.4050480769230769 0.7740384615384616 0.019230769230769232 0.03365384615384615
0 0.23557692307692307 0.7704326923076923 0.019230769230769232 0.028846153846153848
0 0.7259615384615384 0.7908653846153846 0.02403846153846154 0.04326923076923077
0 0.6334134615384616 0.7872596153846154 0.02403846153846154 0.03365384615384615
0 0.47596153846153844 0.78125 0.019230769230769232 0.03365384615384615
0 0.27283653846153844 0.7800480769230769 0.019230769230769232 0.028846153846153848
0 0.31490384615384615 0.7836538461538461 0.02403846153846154 0.028846153846153848
0 0.10576923076923077 0.78125 0.019230769230769232 0.038461538461538464
0 0.03245192307692308 0.7824519230769231 0.019230769230769232 0.038461538461538464
0 0.20192307692307693 0.7932692307692307 0.016826923076923076 0.038461538461538464
0 0.8221153846153846 0.8221153846153846 0.02403846153846154 0.03365384615384615
0 0.4411057692307692 0.8149038461538461 0.019230769230769232 0.03365384615384615
0 0.5661057692307693 0.8245192307692307 0.019230769230769232 0.03365384615384615
0 0.056490384615384616 0.8064903846153846 0.02403846153846154 0.04326923076923077
0 0.3389423076923077 0.8161057692307693 0.019230769230769232 0.03365384615384615
0 0.6478365384615384 0.8293269230769231 0.019230769230769232 0.03365384615384615
0 0.6935096153846154 0.8341346153846154 0.02403846153846154 0.019230769230769232
0 0.8485576923076923 0.8389423076923077 0.019230769230769232 0.038461538461538464
0 0.49038461538461536 0.8329326923076923 0.02403846153846154 0.028846153846153848
0 0.7632211538461539 0.8425480769230769 0.019230769230769232 0.028846153846153848
0 0.5324519230769231 0.8365384615384616 0.019230769230769232 0.03365384615384615
0 0.7283653846153846 0.84375 0.019230769230769232 0.028846153846153848
0 0.9158653846153846 0.8521634615384616 0.02403846153846154 0.03365384615384615
0 0.3605769230769231 0.8377403846153846 0.019230769230769232 0.028846153846153848
0 0.2668269230769231 0.07451923076923077 0.02403846153846154 0.03365384615384615
0 0.07451923076923077 0.06971153846153846 0.019230769230769232 0.028846153846153848
0 0.39302884615384615 0.84375 0.019230769230769232 0.038461538461538464
0 0.8125 0.8605769230769231 0.02403846153846154 0.028846153846153848
0 0.5060096153846154 0.8497596153846154 0.019230769230769232 0.028846153846153848
0 0.265625 0.84375 0.019230769230769232 0.038461538461538464
0 0.09735576923076923 0.8401442307692307 0.02403846153846154 0.038461538461538464
0 0.027644230769230768 0.8401442307692307 0.02403846153846154 0.038461538461538464
0 0.8737980769230769 0.8725961538461539 0.019230769230769232 0.028846153846153848
0 0.051682692307692304 0.07211538461538461 0.02403846153846154 0.03365384615384615
0 0.9543269230769231 0.8810096153846154 0.019230769230769232 0.028846153846153848
0 0.13581730769230768 0.8533653846153846 0.02403846153846154 0.038461538461538464
0 0.23677884615384615 0.859375 0.019230769230769232 0.04807692307692308
0 0.21394230769230768 0.8605769230769231 0.02403846153846154 0.03365384615384615
0 0.6947115384615384 0.8822115384615384 0.02403846153846154 0.03365384615384615
0 0.41225961538461536 0.8725961538461539 0.019230769230769232 0.03365384615384615
0 0.8365384615384616 0.8894230769230769 0.019230769230769232 0.03365384615384615
0 0.7415865384615384 0.890625 0.019230769230769232 0.028846153846153848
0 0.34975961538461536 0.8798076923076923 0.02403846153846154 0.038461538461538464
0 0.3088942307692308 0.8810096153846154 0.019230769230769232 0.038461538461538464
0 0.12139423076923077 0.8762019230769231 0.019230769230769232 0.028846153846153848
0 0.46153846153846156 0.8894230769230769 0.019230769230769232 0.028846153846153848
0 0.484375 0.8930288461538461 0.019230769230769232 0.028846153846153848
0 0.5793269230769231 0.8954326923076923 0.02403846153846154 0.03365384615384615
0 0.7560096153846154 0.9050480769230769 0.019230769230769232 0.028846153846153848
0 0.7776442307692307 0.9050480769230769 0.019230769230769232 0.028846153846153848
0 0.0673076923076923 0.8858173076923077 0.02403846153846154 0.03365384615384615
0 0.014423076923076924 0.8834134615384616 0.02403846153846154 0.038461538461538464
0 0.3545673076923077 0.08533653846153846 0.02403846153846154 0.028846153846153848
0 0.7596153846153846 0.0985576923076923 0.019230769230769232 0.03365384615384615
0 0.9074519230769231 0.9146634615384616 0.028846153846153848 0.038461538461538464
0 0.6358173076923077 0.9098557692307693 0.02403846153846154 0.028846153846153848
0 0.6730769230769231 0.9110576923076923 0.019230769230769232 0.028846153846153848
0 0.375 0.9086538461538461 0.02403846153846154 0.028846153846153848
0 0.27283653846153844 0.9074519230769231 0.019230769230769232 0.03365384615384615
0 0.17548076923076922 0.90625 0.019230769230769232 0.028846153846153848
0 0.6983173076923077 0.9302884615384616 0.028846153846153848 0.03365384615384615
0 0.8257211538461539 0.9350961538461539 0.019230769230769232 0.028846153846153848
0 0.21754807692307693 0.9134615384615384 0.019230769230769232 0.028846153846153848
0 0.2980769230769231 0.9182692307692307 0.019230769230769232 0.028846153846153848
0 0.9699519230769231 0.9423076923076923 0.019230769230769232 0.028846153846153848
0 0.734375 0.9362980769230769 0.019230769230769232 0.028846153846153848
0 0.9423076923076923 0.953125 0.019230769230769232 0.028846153846153848
0 0.4338942307692308 0.9423076923076923 0.019230769230769232 0.03365384615384615
0 0.5997596153846154 0.9483173076923077 0.019230769230769232 0.028846153846153848
0 0.7764423076923077 0.9567307692307693 0.019230769230769232 0.03365384615384615
0 0.8497596153846154 0.9639423076923077 0.019230769230769232 0.028846153846153848
0 0.5745192307692307 0.9543269230769231 0.02403846153846154 0.028846153846153848
0 0.5024038461538461 0.9519230769230769 0.02403846153846154 0.028846153846153848
0 0.6394230769230769 0.9627403846153846 0.02403846153846154 0.03365384615384615
0 0.14423076923076922 0.953125 0.019230769230769232 0.028846153846153848
0 0.6706730769230769 0.9783653846153846 0.019230769230769232 0.03365384615384615
0 0.3894230769230769 0.09375 0.02403846153846154 0.03365384615384615
0 0.5408653846153846 0.9831730769230769 0.02403846153846154 0.03365384615384615
0 0.26322115384615385 0.9759615384615384 0.02403846153846154 0.028846153846153848
0 0.46875 0.984375 0.02403846153846154 0.028846153846153848
0 0.23798076923076922 0.9771634615384616 0.019230769230769232 0.019230769230769232
0 0.4387019230769231 0.9855769230769231 0.019230769230769232 0.019230769230769232
0 0.17427884615384615 0.08774038461538461 0.02403846153846154 0.03365384615384615
0 0.6983173076923077 0.109375 0.019230769230769232 0.028846153846153848
0 0.9483173076923077 0.125 0.02403846153846154 0.038461538461538464
0 0.9026442307692307 0.12379807692307693 0.014423076923076924 0.028846153846153848
0 0.6899038461538461 0.018028846153846152 0.019230769230769232 0.02403846153846154
0 0.057692307692307696 0.003605769230769231 0.019230769230769232 0.007211538461538462
0 0.31490384615384615 0.010817307692307692 0.02403846153846154 0.021634615384615384
0 0.7283653846153846 0.1201923076923077 0.02403846153846154 0.03365384615384615
0 0.96875 0.12860576923076922 0.019230769230769232 0.03365384615384615
0 0.9230769230769231 0.12740384615384615 0.02403846153846154 0.028846153846153848
0 0.7860576923076923 0.12980769230769232 0.019230769230769232 0.038461538461538464
0 0.5036057692307693 0.1201923076923077 0.02403846153846154 0.03365384615384615
0 0.11538461538461539 0.109375 0.02403846153846154 0.03365384615384615
0 0.4651442307692308 0.12620192307692307 0.019230769230769232 0.03365384615384615
0 0.5757211538461539 0.13221153846153846 0.019230769230769232 0.028846153846153848
0 0.13581730769230768 0.12139423076923077 0.02403846153846154 0.03365384615384615
0 0.8665865384615384 0.14903846153846154 0.019230769230769232 0.028846153846153848
0 0.42427884615384615 0.13822115384615385 0.019230769230769232 0.03365384615384615
0 0.3401442307692308 0.1346153846153846 0.028846153846153848 0.04326923076923077
0 0.6021634615384616 0.14903846153846154 0.02403846153846154 0.028846153846153848
0 0.37259615384615385 0.14783653846153846 0.02403846153846154 0.03365384615384615
0 0.8365384615384616 0.16466346153846154 0.019230769230769232 0.03365384615384615
0 0.9615384615384616 0.17548076923076922 0.019230769230769232 0.019230769230769232
0 0.9122596153846154 0.17668269230769232 0.019230769230769232 0.02403846153846154
0 0.0625 0.15144230769230768 0.02403846153846154 0.028846153846153848
0 0.9338942307692307 0.18389423076923078 0.02403846153846154 0.028846153846153848
0 0.53125 0.17427884615384615 0.019230769230769232 0.028846153846153848
0 0.8882211538461539 0.18870192307692307 0.02403846153846154 0.03365384615384615
0 0.265625 0.16947115384615385 0.019230769230769232 0.03365384615384615
0 0.22355769230769232 0.16826923076923078 0.014423076923076924 0.03365384615384615
0 0.40625 0.17908653846153846 0.028846153846153848 0.03365384615384615
0 0.7752403846153846 0.19471153846153846 0.028846153846153848 0.03365384615384615