0 0.76328125 0.14296875 0.034375 0.05
0 0.9859375 0.17890625 0.028125 0.0546875
0 0.7015625 0.13359375 0.034375 0.0453125
0 0.59296875 0.11875 0.0328125 0.040625
0 0.3625 0.08203125 0.0296875 0.0484375
0 0.9359375 0.175 0.0375 0.0453125
0 0.42265625 0.0984375 0.028125 0.040625
0 0.86015625 0.17734375 0.034375 0.05
0 0.19765625 0.07265625 0.0390625 0.05
0 0.8078125 0.16875 0.025 0.0390625
0 0.4828125 0.1203125 0.034375 0.0453125
0 0.521875 0.128125 0.0375 0.040625
0 0.075 0.06015625 0.0296875 0.0453125
0 0.1265625 0.078125 0.034375 0.05
0 0.30390625 0.10859375 0.0328125 0.040625
0 0.6671875 0.0390625 0.0328125 0.040625
0 0.94296875 0.0828125 0.0328125 0.040625
0 0.609375 0.0296875 0.0375 0.040625
0 0.8265625 0.06484375 0.0328125 0.0359375
0 0.92421875 0.25078125 0.0359375 0.0546875
0 0.88828125 0.07421875 0.0328125 0.040625
0 0.9875 0.27109375 0.025 0.0546875
0 0.84375 0.25 0.04375 0.0515625
0 0.60390625 0.21171875 0.04375 0.0515625
0 0.67265625 0.22265625 0.0390625 0.05
0 0.159375 0.14609375 0.034375 0.0453125
0 0.4484375 0.1921875 0.0359375 0.0359375
0 0.21796875 0.1625 0.034375 0.0453125
0 0.7203125 0.246875 0.034375 0.0453125
0 0.0890625 0.146875 0.034375 0.0453125
0 0.27578125 0.18046875 0.034375 0.0453125
0 0.4921875 0.01796875 0.028125 0.0359375
0 0.50703125 0.21953125 0.0328125 0.0359375
0 0.3484375 0.196875 0.0328125 0.040625
0 0.403125 0.2078125 0.028125 0.040625
0 0.546875 0.025 0.0328125 0.040625
0 0.76171875 0.059375 0.034375 0.05
0 0.4296875 0.01640625 0.034375 0.0328125
0 0.80703125 0.3265625 0.034375 0.0453125
0 0.30078125 0.00625 0.0296875 0.0125
0 0.6109375 0.30390625 0.034375 0.05
0 0.546875 0.29609375 0.034375 0.05
0 0.740625 0.32890625 0.034375 0.05
0 0.86171875 0.35078125 0.034375 0.05
0 0.3203125 0.271875 0.028125 0.0359375
0 0.4640625 0.3 0.034375 0.0453125
0 0.15078125 0.25 0.04375 0.0515625
0 0.40625 0.290625 0.0296875 0.0453125
0 0.678125 0.33828125 0.034375 0.0453125
0 0.26171875 0.27265625 0.028125 0.040625
0 0.93125 0.38046875 0.034375 0.0453125
0 0.28125 0.2828125 0.0390625 0.05
0 0.2 0.27421875 0.034375 0.0453125
0 0.07890625 0.25546875 0.034375 0.05
0 0.9796875 0.4609375 0.0390625 0.0546875
0 0.35 0.01484375 0.028125 0.0296875
0 0.775 0.43828125 0.034375 0.05
0 0.8953125 0.46015625 0.0359375 0.0546875
0 0.27578125 0.3640625 0.0296875 0.0484375
0 0.40390625 0.384375 0.0390625 0.05
0 0.65625 0.43046875 0.0359375 0.0546875
0 0.0296875 0.33125 0.028125 0.0625
0 0.51484375 0.4078125 0.034375 0.05
0 0.18828125 0.36328125 0.034375 0.0453125
0 0.06796875 0.35625 0.0390625 0.05
0 0.45390625 0.42265625 0.034375 0.05
0 0.571875 0.44609375 0.034375 0.05
0 0.3203125 0.40859375 0.0296875 0.0453125
0 0.8015625 0.48671875 0.028125 0.040625
0 0.24375 0.0078125 0.028125 0.015625
0 0.57265625 0.5140625 0.034375 0.05
0 0.36796875 0.490625 0.034375 0.05
0 0.18125 0.46875 0.034375 0.0453125
0 0.5015625 0.51953125 0.034375 0.05
0 0.72578125 0.5546875 0.0390625 0.05
0 0.11640625 0.46328125 0.0296875 0.0453125
0 0.79765625 0.57109375 0.0390625 0.0546875
0 0.7046875 0.0796875 0.0296875 0.0484375
0 0.9296875 0.596875 0.0390625 0.0546875
0 0.41875 0.521875 0.034375 0.05
0 0.0578125 0.4671875 0.028125 0.040625
0 0.86171875 0.596875 0.0359375 0.0546875
0 0.296875 0.50703125 0.0359375 0.0546875
0 0.125 0.4875 0.034375 0.0453125
0 0.659375 0.57421875 0.0328125 0.040625
0 0.23359375 0.50703125 0.0296875 0.0484375
0 0.38359375 0.03359375 0.0328125 0.040625
0 0.2890625 0.5859375 0.0375 0.040625
0 0.34296875 0.60390625 0.034375 0.0453125
0 0.48984375 0.63671875 0.0390625 0.0546875
0 0.08046875 0.57421875 0.0390625 0.05
0 0.61953125 0.6625 0.0390625 0.0546875
0 0.55 0.65859375 0.040625 0.059375
0 0.85625 0.709375 0.0390625 0.05
0 0.9171875 0.72109375 0.05 0.0609375
0 0.78203125 0.70234375 0.034375 0.05
0 0.15703125 0.60703125 0.040625 0.059375
0 0.4015625 0.64609375 0.040625 0.059375
0 0.05546875 0.5984375 0.0328125 0.0359375
0 0.69921875 0.7046875 0.0375 0.0453125
0 0.21640625 0.63046875 0.034375 0.05
0 0.84453125 0.7515625 0.0390625 0.05
0 0.44921875 0.759375 0.0453125 0.065625
0 0.23203125 0.7296875 0.040625 0.059375
0 0.52109375 0.7828125 0.04375 0.05625
0 0.871875 0.84453125 0.0390625 0.0546875
0 0.59375 0.8125 0.05 0.0609375
0 0.1453125 0.74140625 0.0453125 0.065625
0 0.65703125 0.825 0.0390625 0.0546875
0 0.26796875 0.76796875 0.0453125 0.0609375
0 0.065625 0.73828125 0.04375 0.05625
0 0.01171875 0.734375 0.0234375 0.065625
0 0.74375 0.8546875 0.0453125 0.0609375
0 0.3609375 0.79921875 0.0453125 0.0609375
0 0.828125 0.88515625 0.04375 0.05625
0 0.92265625 0.90703125 0.046875 0.075
0 0.8453125 0.95078125 0.040625 0.0375
0 0.84609375 0.146875 0.0296875 0.0453125
0 0.65 0.115625 0.0296875 0.0453125
0 0.265625 0.059375 0.0328125 0.040625