0 0.6766826923076923 0.16105769230769232 0.040865384615384616 0.06009615384615385
0 0.7608173076923077 0.17427884615384615 0.038461538461538464 0.055288461538461536
0 0.38822115384615385 0.14423076923076922 0.038461538461538464 0.06971153846153846
0 0.7247596153846154 0.17548076923076922 0.040865384615384616 0.06490384615384616
0 0.16466346153846154 0.12740384615384615 0.036057692307692304 0.05048076923076923
0 0.4639423076923077 0.15865384615384615 0.038461538461538464 0.057692307692307696
0 0.9927884615384616 0.21394230769230768 0.014423076923076924 0.0673076923076923
0 0.8737980769230769 0.203125 0.036057692307692304 0.0625
0 0.6201923076923077 0.18269230769230768 0.026442307692307692 0.04326923076923077
0 0.11658653846153846 0.16706730769230768 0.036057692307692304 0.057692307692307696
0 0.5552884615384616 0.20673076923076922 0.03365384615384615 0.04567307692307692
0 0.9230769230769231 0.23918269230769232 0.038461538461538464 0.052884615384615384
0 0.3293269230769231 0.19471153846153846 0.03365384615384615 0.05048076923076923
0 0.05048076923076923 0.1778846153846154 0.03125 0.04807692307692308
0 0.19230769230769232 0.19230769230769232 0.036057692307692304 0.055288461538461536
0 0.7824519230769231 0.24759615384615385 0.05048076923076923 0.06971153846153846
0 0.2692307692307692 0.20432692307692307 0.036057692307692304 0.06490384615384616
0 0.36778846153846156 0.2247596153846154 0.028846153846153848 0.04807692307692308
0 0.4254807692307692 0.23557692307692307 0.036057692307692304 0.05048076923076923
0 0.9447115384615384 0.28125 0.038461538461538464 0.0625
0 0.8918269230769231 0.2800480769230769 0.04326923076923077 0.07211538461538461
0 0.484375 0.24759615384615385 0.036057692307692304 0.04326923076923077
0 0.6358173076923077 0.2608173076923077 0.03365384615384615 0.05048076923076923
0 0.7091346153846154 0.2668269230769231 0.036057692307692304 0.057692307692307696
0 0.5600961538461539 0.2620192307692308 0.03365384615384615 0.05048076923076923
0 0.8473557692307693 0.2860576923076923 0.040865384615384616 0.04807692307692308
0 0.21394230769230768 0.2536057692307692 0.040865384615384616 0.055288461538461536
0 0.055288461538461536 0.24278846153846154 0.026442307692307692 0.04326923076923077
0 0.32091346153846156 0.27283653846153844 0.040865384615384616 0.055288461538461536
0 0.2692307692307692 0.2764423076923077 0.03365384615384615 0.052884615384615384
0 0.4026442307692308 0.28966346153846156 0.038461538461538464 0.05048076923076923
0 0.07692307692307693 0.26322115384615385 0.036057692307692304 0.06009615384615385
0 0.4375 0.3004807692307692 0.040865384615384616 0.057692307692307696
0 0.1310096153846154 0.28725961538461536 0.04326923076923077 0.0625
0 0.6790865384615384 0.33413461538461536 0.04567307692307692 0.06009615384615385
0 0.8497596153846154 0.35096153846153844 0.036057692307692304 0.0625
0 0.17908653846153846 0.29447115384615385 0.038461538461538464 0.06490384615384616
0 0.5865384615384616 0.3329326923076923 0.038461538461538464 0.0625
0 0.5240384615384616 0.328125 0.038461538461538464 0.052884615384615384
0 0.9663461538461539 0.36778846153846156 0.038461538461538464 0.057692307692307696
0 0.040865384615384616 0.28966346153846156 0.03125 0.052884615384615384
0 0.23798076923076922 0.3088942307692308 0.040865384615384616 0.06971153846153846
0 0.7379807692307693 0.3545673076923077 0.03365384615384615 0.052884615384615384
0 0.7932692307692307 0.36177884615384615 0.038461538461538464 0.057692307692307696
0 0.7019230769230769 0.36177884615384615 0.038461538461538464 0.05048076923076923
0 0.9086538461538461 0.3918269230769231 0.03365384615384615 0.05048076923076923
0 0.2980769230769231 0.34375 0.040865384615384616 0.06490384615384616
0 0.3942307692307692 0.3557692307692308 0.040865384615384616 0.06490384615384616
0 0.578125 0.04326923076923077 0.036057692307692304 0.055288461538461536
0 0.49278846153846156 0.38221153846153844 0.04326923076923077 0.0625
0 0.10697115384615384 0.35336538461538464 0.038461538461538464 0.055288461538461536
0 0.5600961538461539 0.4050480769230769 0.04326923076923077 0.057692307692307696
0 0.046875 0.3605769230769231 0.038461538461538464 0.057692307692307696
0 0.9783653846153846 0.4423076923076923 0.03365384615384615 0.055288461538461536
0 0.6382211538461539 0.4230769230769231 0.038461538461538464 0.06009615384615385
0 0.8545673076923077 0.44471153846153844 0.03365384615384615 0.04567307692307692
0 0.21875 0.390625 0.040865384615384616 0.06490384615384616
0 0.7091346153846154 0.4362980769230769 0.03365384615384615 0.06009615384615385
0 0.7716346153846154 0.44471153846153844 0.036057692307692304 0.055288461538461536
0 0.1778846153846154 0.4014423076923077 0.036057692307692304 0.06009615384615385
0 0.9182692307692307 0.47115384615384615 0.036057692307692304 0.0625
0 0.14903846153846154 0.42788461538461536 0.04326923076923077 0.06009615384615385
0 0.07451923076923077 0.43149038461538464 0.038461538461538464 0.057692307692307696
0 0.019230769230769232 0.43028846153846156 0.03125 0.0625
0 0.5408653846153846 0.47596153846153844 0.038461538461538464 0.06490384615384616
0 0.984375 0.515625 0.03125 0.05048076923076923
0 0.7956730769230769 0.5072115384615384 0.038461538461538464 0.0673076923076923
0 0.45552884615384615 0.47716346153846156 0.03365384615384615 0.06009615384615385
0 0.5973557692307693 0.49278846153846156 0.040865384615384616 0.06490384615384616
0 0.29447115384615385 0.46634615384615385 0.040865384615384616 0.0673076923076923
0 0.8834134615384616 0.5204326923076923 0.038461538461538464 0.06490384615384616
0 0.2283653846153846 0.4639423076923077 0.036057692307692304 0.06009615384615385
0 0.4182692307692308 0.4807692307692308 0.036057692307692304 0.0625
0 0.35697115384615385 0.47836538461538464 0.036057692307692304 0.057692307692307696
0 0.6586538461538461 0.5060096153846154 0.038461538461538464 0.0673076923076923
0 0.7211538461538461 0.5192307692307693 0.04326923076923077 0.06971153846153846
0 0.009615384615384616 0.47596153846153844 0.019230769230769232 0.04807692307692308
0 0.6850961538461539 0.5540865384615384 0.03365384615384615 0.057692307692307696
0 0.9939903846153846 0.09615384615384616 0.01201923076923077 0.02403846153846154
0 0.18389423076923078 0.515625 0.038461538461538464 0.057692307692307696
0 0.24759615384615385 0.5288461538461539 0.040865384615384616 0.0673076923076923
0 0.5240384615384616 0.5552884615384616 0.040865384615384616 0.07211538461538461
0 0.84375 0.5829326923076923 0.03365384615384615 0.052884615384615384
0 0.11658653846153846 0.5300480769230769 0.038461538461538464 0.06490384615384616
0 0.9543269230769231 0.6033653846153846 0.03125 0.04567307692307692
0 0.9254807692307693 0.6045673076923077 0.04807692307692308 0.05048076923076923
0 0.4074519230769231 0.5612980769230769 0.040865384615384616 0.06490384615384616
0 0.7475961538461539 0.5901442307692307 0.036057692307692304 0.06009615384615385
0 0.6165865384615384 0.5805288461538461 0.036057692307692304 0.0625
0 0.7752403846153846 0.5973557692307693 0.028846153846153848 0.05048076923076923
0 0.010817307692307692 0.5324519230769231 0.021634615384615384 0.06971153846153846
0 0.3389423076923077 0.5673076923076923 0.03365384615384615 0.055288461538461536
0 0.04927884615384615 0.5432692307692307 0.038461538461538464 0.057692307692307696
0 0.8617788461538461 0.6153846153846154 0.03365384615384615 0.03125
0 0.47115384615384615 0.5913461538461539 0.04326923076923077 0.05048076923076923
0 0.6875 0.6213942307692307 0.036057692307692304 0.06490384615384616
0 0.009615384615384616 0.5721153846153846 0.019230769230769232 0.04326923076923077
0 0.07692307692307693 0.5793269230769231 0.04326923076923077 0.036057692307692304
0 0.7487980769230769 0.6574519230769231 0.03125 0.057692307692307696
0 0.5877403846153846 0.6526442307692307 0.036057692307692304 0.055288461538461536
0 0.25 0.625 0.04326923076923077 0.06009615384615385
0 0.9411057692307693 0.6862980769230769 0.040865384615384616 0.06009615384615385
0 0.3918269230769231 0.640625 0.03125 0.05048076923076923
0 0.15745192307692307 0.6201923076923077 0.040865384615384616 0.055288461538461536
0 0.4543269230769231 0.6466346153846154 0.040865384615384616 0.0625
0 0.6105769230769231 0.6610576923076923 0.03365384615384615 0.06490384615384616
0 0.53125 0.6574519230769231 0.038461538461538464 0.057692307692307696
0 0.015625 0.6129807692307693 0.03125 0.0625
0 0.7800480769230769 0.6802884615384616 0.036057692307692304 0.06009615384615385
0 0.4891826923076923 0.6598557692307693 0.036057692307692304 0.06009615384615385
0 0.7295673076923077 0.6802884615384616 0.036057692307692304 0.0673076923076923
0 0.20673076923076922 0.6358173076923077 0.038461538461538464 0.0625
0 0.3016826923076923 0.6466346153846154 0.040865384615384616 0.06009615384615385
0 0.08533653846153846 0.6310096153846154 0.05048076923076923 0.06009615384615385
0 0.006009615384615385 0.6262019230769231 0.01201923076923077 0.05048076923076923
0 0.36658653846153844 0.6610576923076923 0.04326923076923077 0.0625
0 0.27403846153846156 0.04567307692307692 0.036057692307692304 0.055288461538461536
0 0.6370192307692307 0.7019230769230769 0.04326923076923077 0.057692307692307696
0 0.8365384615384616 0.0985576923076923 0.03365384615384615 0.055288461538461536
0 0.18269230769230768 0.04326923076923077 0.038461538461538464 0.0625
0 0.17427884615384615 0.6947115384615384 0.040865384615384616 0.0673076923076923
0 0.4795673076923077 0.06971153846153846 0.038461538461538464 0.052884615384615384
0 0.9723557692307693 0.11298076923076923 0.021634615384615384 0.03125
0 0.039663461538461536 0.7007211538461539 0.036057692307692304 0.07211538461538461
0 0.7752403846153846 0.7680288461538461 0.03365384615384615 0.05048076923076923
0 0.32091346153846156 0.7319711538461539 0.038461538461538464 0.057692307692307696
0 0.5625 0.7524038461538461 0.04567307692307692 0.07211538461538461
0 0.3954326923076923 0.7391826923076923 0.04326923076923077 0.0625
0 0.7283653846153846 0.7680288461538461 0.038461538461538464 0.057692307692307696
0 0.2512019230769231 0.7295673076923077 0.05048076923076923 0.07692307692307693
0 0.8137019230769231 0.7788461538461539 0.04326923076923077 0.0625
0 0.47716346153846156 0.7548076923076923 0.05048076923076923 0.06490384615384616
0 0.09495192307692307 0.7259615384615384 0.04326923076923077 0.06490384615384616
0 0.12379807692307693 0.7367788461538461 0.038461538461538464 0.07451923076923077
0 0.8617788461538461 0.8064903846153846 0.036057692307692304 0.04567307692307692
0 0.8112980769230769 0.10336538461538461 0.03365384615384615 0.052884615384615384
0 0.9074519230769231 0.8149038461538461 0.038461538461538464 0.0625
0 0.8665865384615384 0.109375 0.038461538461538464 0.06009615384615385
0 0.6959134615384616 0.828125 0.04326923076923077 0.06490384615384616
0 0.43028846153846156 0.07572115384615384 0.03365384615384615 0.055288461538461536
0 0.38100961538461536 0.8137019230769231 0.05048076923076923 0.07451923076923077
0 0.5480769230769231 0.8293269230769231 0.05048076923076923 0.07211538461538461
0 0.18389423076923078 0.7992788461538461 0.038461538461538464 0.06490384615384616
0 0.8653846153846154 0.8605769230769231 0.04567307692307692 0.07692307692307693
0 0.46634615384615385 0.8269230769230769 0.04326923076923077 0.06490384615384616
0 0.3125 0.8125 0.04326923076923077 0.07211538461538461
0 0.9278846153846154 0.8665865384615384 0.036057692307692304 0.0673076923076923
0 0.039663461538461536 0.7932692307692307 0.04807692307692308 0.07692307692307693
0 0.25600961538461536 0.8245192307692307 0.04567307692307692 0.06490384615384616
0 0.6778846153846154 0.09975961538461539 0.03365384615384615 0.052884615384615384
0 0.9350961538461539 0.12139423076923077 0.03125 0.055288461538461536
0 0.9423076923076923 0.8978365384615384 0.038461538461538464 0.057692307692307696
0 0.13701923076923078 0.8305288461538461 0.04326923076923077 0.06009615384615385
0 0.24519230769230768 0.0625 0.03365384615384615 0.05048076923076923
0 0.359375 0.07211538461538461 0.03365384615384615 0.05048076923076923
0 0.6322115384615384 0.09615384615384616 0.036057692307692304 0.057692307692307696
0 0.5012019230769231 0.8701923076923077 0.040865384615384616 0.06490384615384616
0 0.8930288461538461 0.9110576923076923 0.038461538461538464 0.06971153846153846
0 0.08533653846153846 0.8413461538461539 0.038461538461538464 0.06490384615384616
0 0.24639423076923078 0.8978365384615384 0.040865384615384616 0.05048076923076923
0 0.5925480769230769 0.9278846153846154 0.04326923076923077 0.06490384615384616
0 0.6418269230769231 0.9338942307692307 0.04567307692307692 0.0673076923076923
0 0.4543269230769231 0.9290865384615384 0.036057692307692304 0.0673076923076923
0 0.16706730769230768 0.90625 0.04326923076923077 0.06490384615384616
0 0.1045673076923077 0.90625 0.036057692307692304 0.06009615384615385
0 0.5600961538461539 0.9519230769230769 0.038461538461538464 0.0625
0 0.8485576923076923 0.9735576923076923 0.04326923076923077 0.052884615384615384
0 0.9963942307692307 0.13822115384615385 0.007211538461538462 0.055288461538461536
0 0.31971153846153844 0.9375 0.038461538461538464 0.057692307692307696
0 0.4074519230769231 0.9459134615384616 0.038461538461538464 0.06009615384615385
0 0.71875 0.9711538461538461 0.038461538461538464 0.057692307692307696
0 0.484375 0.9543269230769231 0.04326923076923077 0.0625
0 0.7752403846153846 0.9783653846153846 0.04567307692307692 0.04326923076923077
0 0.9038461538461539 0.984375 0.03365384615384615 0.03125
0 0.3473557692307692 0.9579326923076923 0.04567307692307692 0.0625
0 0.08173076923076923 0.9362980769230769 0.0625 0.0625
0 0.23918269230769232 0.9519230769230769 0.05048076923076923 0.04567307692307692
0 0.5336538461538461 0.10576923076923077 0.036057692307692304 0.05048076923076923
0 0.7439903846153846 0.12620192307692307 0.038461538461538464 0.06490384615384616
0 0.7860576923076923 0.12980769230769232 0.03365384615384615 0.057692307692307696
0 0.6045673076923077 0.140625 0.03365384615384615 0.05048076923076923
0 0.8028846153846154 0.16105769230769232 0.03365384615384615 0.052884615384615384
0 0.5697115384615384 0.14423076923076922 0.03365384615384615 0.057692307692307696
0 0.31490384615384615 0.12379807692307693 0.036057692307692304 0.052884615384615384
0 0.09975961538461539 0.10697115384615384 0.036057692307692304 0.06009615384615385
0 0.2247596153846154 0.1201923076923077 0.038461538461538464 0.057692307692307696