0 0.8701923076923077 0.10817307692307693 0.004807692307692308 0.004807692307692308
0 0.8461538461538461 0.10576923076923077 0.004807692307692308 0.004807692307692308
0 0.8305288461538461 0.1045673076923077 0.009615384615384616 0.004807692307692308
0 0.7584134615384616 0.09735576923076923 0.004807692307692308 0.004807692307692308
0 0.7728365384615384 0.10096153846153846 0.004807692307692308 0.009615384615384616
0 0.7836538461538461 0.10216346153846154 0.009615384615384616 0.009615384615384616
0 0.1935096153846154 0.7415865384615384 0.036057692307692304 0.040865384615384616
0 0.039663461538461536 0.7403846153846154 0.036057692307692304 0.040865384615384616
0 0.1141826923076923 0.7560096153846154 0.03125 0.036057692307692304
0 0.7355769230769231 0.10336538461538461 0.004807692307692308 0.004807692307692308
0 0.15384615384615385 0.7752403846153846 0.03125 0.03125
0 0.7992788461538461 0.109375 0.004807692307692308 0.004807692307692308
0 0.7355769230769231 0.10336538461538461 0.004807692307692308 0.004807692307692308
0 0.6935096153846154 0.0985576923076923 0.004807692307692308 0.004807692307692308
0 0.7644230769230769 0.10576923076923077 0.009615384615384616 0.004807692307692308
0 0.8521634615384616 0.11778846153846154 0.009615384615384616 0.009615384615384616
0 0.7692307692307693 0.109375 0.009615384615384616 0.009615384615384616
0 0.15625 0.8076923076923077 0.03125 0.040865384615384616
0 0.009615384615384616 0.7932692307692307 0.019230769230769232 0.03365384615384615
0 0.7740384615384616 0.11177884615384616 0.009615384615384616 0.004807692307692308
0 0.7055288461538461 0.03125 0.004807692307692308 0.004807692307692308
0 0.7235576923076923 0.03245192307692308 0.004807692307692308 0.004807692307692308
0 0.06610576923076923 0.8269230769230769 0.040865384615384616 0.040865384615384616
0 0.8269230769230769 0.1201923076923077 0.004807692307692308 0.009615384615384616
0 0.8197115384615384 0.11899038461538461 0.009615384615384616 0.009615384615384616
0 0.8052884615384616 0.12259615384615384 0.009615384615384616 0.009615384615384616
0 0.8461538461538461 0.1310096153846154 0.009615384615384616 0.009615384615384616
0 0.8653846153846154 0.13341346153846154 0.009615384615384616 0.009615384615384616
0 0.7235576923076923 0.12139423076923077 0.004807692307692308 0.004807692307692308
0 0.8317307692307693 0.1346153846153846 0.009615384615384616 0.009615384615384616
0 0.859375 0.14302884615384615 0.009615384615384616 0.009615384615384616
0 0.8016826923076923 0.040865384615384616 0.004807692307692308 0.004807692307692308
0 0.6971153846153846 0.13341346153846154 0.009615384615384616 0.009615384615384616
0 0.8305288461538461 0.15264423076923078 0.009615384615384616 0.009615384615384616
0 0.7463942307692307 0.14182692307692307 0.009615384615384616 0.004807692307692308
0 0.7139423076923077 0.140625 0.009615384615384616 0.009615384615384616
0 0.6899038461538461 0.13581730769230768 0.004807692307692308 0.004807692307692308
0 0.8365384615384616 0.15144230769230768 0.004807692307692308 0.004807692307692308
0 0.8629807692307693 0.15625 0.009615384615384616 0.009615384615384616
0 0.8125 0.15625 0.004807692307692308 0.009615384615384616
0 0.7740384615384616 0.15144230769230768 0.009615384615384616 0.009615384615384616
0 0.703125 0.14182692307692307 0.004807692307692308 0.004807692307692308
0 0.8197115384615384 0.15625 0.009615384615384616 0.009615384615384616
0 0.7235576923076923 0.1466346153846154 0.009615384615384616 0.009615384615384616
0 0.59375 0.13581730769230768 0.01201923076923077 0.014423076923076924
0 0.7920673076923077 0.15625 0.009615384615384616 0.004807692307692308
0 0.75 0.15144230769230768 0.009615384615384616 0.004807692307692308
0 0.7175480769230769 0.15745192307692307 0.01201923076923077 0.014423076923076924
0 0.7668269230769231 0.040865384615384616 0.009615384615384616 0.004807692307692308
0 0.71875 0.036057692307692304 0.004807692307692308 0.004807692307692308
0 0.7920673076923077 0.042067307692307696 0.004807692307692308 0.009615384615384616
0 0.6141826923076923 0.1466346153846154 0.016826923076923076 0.016826923076923076
0 0.7355769230769231 0.1622596153846154 0.009615384615384616 0.009615384615384616
0 0.8040865384615384 0.17067307692307693 0.01201923076923077 0.014423076923076924
0 0.7716346153846154 0.16706730769230768 0.01201923076923077 0.014423076923076924
0 0.6742788461538461 0.15745192307692307 0.016826923076923076 0.016826923076923076
0 0.8641826923076923 0.17668269230769232 0.009615384615384616 0.004807692307692308
0 0.8545673076923077 0.18269230769230768 0.009615384615384616 0.009615384615384616
0 0.8197115384615384 0.17908653846153846 0.004807692307692308 0.009615384615384616
0 0.7824519230769231 0.17548076923076922 0.014423076923076924 0.01201923076923077
0 0.7632211538461539 0.17307692307692307 0.009615384615384616 0.009615384615384616
0 0.7355769230769231 0.17067307692307693 0.009615384615384616 0.009615384615384616
0 0.8846153846153846 0.18629807692307693 0.014423076923076924 0.01201923076923077
0 0.8269230769230769 0.18269230769230768 0.009615384615384616 0.004807692307692308
0 0.8305288461538461 0.18990384615384615 0.009615384615384616 0.009615384615384616
0 0.7271634615384616 0.037259615384615384 0.004807692307692308 0.004807692307692308
0 0.7548076923076923 0.18509615384615385 0.016826923076923076 0.016826923076923076
0 0.8581730769230769 0.19591346153846154 0.01201923076923077 0.014423076923076924
0 0.9098557692307693 0.20793269230769232 0.014423076923076924 0.01201923076923077
0 0.7980769230769231 0.1971153846153846 0.009615384615384616 0.009615384615384616
0 0.7716346153846154 0.19591346153846154 0.016826923076923076 0.016826923076923076
0 0.8064903846153846 0.19951923076923078 0.01201923076923077 0.014423076923076924
0 0.7115384615384616 0.1935096153846154 0.016826923076923076 0.016826923076923076
0 0.7872596153846154 0.20432692307692307 0.009615384615384616 0.009615384615384616
0 0.8930288461538461 0.21514423076923078 0.009615384615384616 0.009615384615384616
0 0.9314903846153846 0.22115384615384615 0.016826923076923076 0.016826923076923076
0 0.8689903846153846 0.21754807692307693 0.009615384615384616 0.009615384615384616
0 0.6790865384615384 0.20673076923076922 0.009615384615384616 0.009615384615384616
0 0.6706730769230769 0.20673076923076922 0.01201923076923077 0.019230769230769232
0 0.7980769230769231 0.22956730769230768 0.009615384615384616 0.009615384615384616
0 0.59375 0.21033653846153846 0.016826923076923076 0.016826923076923076
0 0.9387019230769231 0.24639423076923078 0.016826923076923076 0.016826923076923076
0 0.6971153846153846 0.2247596153846154 0.019230769230769232 0.016826923076923076
0 0.5612980769230769 0.20793269230769232 0.016826923076923076 0.019230769230769232
0 0.7632211538461539 0.234375 0.014423076923076924 0.01201923076923077
0 0.7932692307692307 0.24158653846153846 0.009615384615384616 0.009615384615384616
0 0.7728365384615384 0.028846153846153848 0.009615384615384616 0.004807692307692308
0 0.7211538461538461 0.02283653846153846 0.004807692307692308 0.004807692307692308
0 0.3545673076923077 0.20072115384615385 0.019230769230769232 0.019230769230769232
0 0.9026442307692307 0.25841346153846156 0.009615384615384616 0.009615384615384616
0 0.7680288461538461 0.2439903846153846 0.009615384615384616 0.009615384615384616
0 0.9146634615384616 0.2620192307692308 0.014423076923076924 0.007211538461538462
0 0.5408653846153846 0.22716346153846154 0.016826923076923076 0.016826923076923076
0 0.8617788461538461 0.2608173076923077 0.016826923076923076 0.016826923076923076
0 0.6165865384615384 0.23557692307692307 0.019230769230769232 0.016826923076923076
0 0.8942307692307693 0.2668269230769231 0.014423076923076924 0.01201923076923077
0 0.6502403846153846 0.23918269230769232 0.016826923076923076 0.016826923076923076
0 0.7223557692307693 0.24879807692307693 0.009615384615384616 0.009615384615384616
0 0.5805288461538461 0.23677884615384615 0.016826923076923076 0.016826923076923076
0 0.8389423076923077 0.26322115384615385 0.016826923076923076 0.016826923076923076
0 0.9170673076923077 0.27163461538461536 0.016826923076923076 0.016826923076923076
0 0.7295673076923077 0.2548076923076923 0.009615384615384616 0.009615384615384616
0 0.25841346153846156 0.20793269230769232 0.016826923076923076 0.016826923076923076
0 0.7716346153846154 0.2620192307692308 0.01201923076923077 0.014423076923076924
0 0.734375 0.25721153846153844 0.01201923076923077 0.014423076923076924
0 0.7584134615384616 0.2608173076923077 0.019230769230769232 0.019230769230769232
0 0.5180288461538461 0.23557692307692307 0.01201923076923077 0.019230769230769232
0 0.6670673076923077 0.25600961538461536 0.016826923076923076 0.019230769230769232
0 0.7379807692307693 0.2692307692307692 0.009615384615384616 0.009615384615384616
0 0.8858173076923077 0.2824519230769231 0.019230769230769232 0.016826923076923076
0 0.9891826923076923 0.2932692307692308 0.016826923076923076 0.016826923076923076
0 0.9759615384615384 0.29086538461538464 0.016826923076923076 0.016826923076923076
0 0.7800480769230769 0.27524038461538464 0.01201923076923077 0.014423076923076924
0 0.6165865384615384 0.25841346153846156 0.016826923076923076 0.016826923076923076
0 0.5661057692307693 0.25600961538461536 0.014423076923076924 0.01201923076923077
0 0.5288461538461539 0.2536057692307692 0.016826923076923076 0.016826923076923076
0 0.7091346153846154 0.04447115384615385 0.004807692307692308 0.004807692307692308
0 0.6995192307692307 0.04326923076923077 0.004807692307692308 0.004807692307692308
0 0.7487980769230769 0.2800480769230769 0.014423076923076924 0.01201923076923077
0 0.7139423076923077 0.2764423076923077 0.019230769230769232 0.019230769230769232
0 0.8161057692307693 0.055288461538461536 0.009615384615384616 0.004807692307692308
0 0.4855769230769231 0.25721153846153844 0.016826923076923076 0.019230769230769232
0 0.6742788461538461 0.28125 0.014423076923076924 0.01201923076923077
0 0.7175480769230769 0.05048076923076923 0.004807692307692308 0.004807692307692308
0 0.9447115384615384 0.3112980769230769 0.016826923076923076 0.016826923076923076
0 0.21875 0.23677884615384615 0.014423076923076924 0.01201923076923077
0 0.7451923076923077 0.2920673076923077 0.009615384615384616 0.009615384615384616
0 0.49399038461538464 0.265625 0.016826923076923076 0.019230769230769232
0 0.37740384615384615 0.25600961538461536 0.019230769230769232 0.016826923076923076
0 0.328125 0.2512019230769231 0.016826923076923076 0.016826923076923076
0 0.8713942307692307 0.3076923076923077 0.016826923076923076 0.016826923076923076
0 0.5264423076923077 0.27403846153846156 0.016826923076923076 0.019230769230769232
0 0.8269230769230769 0.3088942307692308 0.019230769230769232 0.016826923076923076
0 0.6057692307692307 0.2848557692307692 0.01201923076923077 0.014423076923076924
0 0.39663461538461536 0.26322115384615385 0.016826923076923076 0.016826923076923076
0 0.13581730769230768 0.23557692307692307 0.019230769230769232 0.016826923076923076
0 0.8822115384615384 0.3137019230769231 0.019230769230769232 0.016826923076923076
0 0.6694711538461539 0.296875 0.01201923076923077 0.014423076923076924
0 0.6322115384615384 0.2932692307692308 0.016826923076923076 0.016826923076923076
0 0.7512019230769231 0.30528846153846156 0.016826923076923076 0.016826923076923076
0 0.22956730769230768 0.25 0.016826923076923076 0.016826923076923076
0 0.9110576923076923 0.3269230769230769 0.016826923076923076 0.016826923076923076
0 0.4675480769230769 0.2800480769230769 0.019230769230769232 0.016826923076923076
0 0.8954326923076923 0.3233173076923077 0.009615384615384616 0.009615384615384616
0 0.6117788461538461 0.2956730769230769 0.016826923076923076 0.016826923076923076
0 0.49038461538461536 0.2824519230769231 0.019230769230769232 0.016826923076923076
0 0.953125 0.3317307692307692 0.016826923076923076 0.016826923076923076
0 0.3161057692307692 0.2644230769230769 0.019230769230769232 0.016826923076923076
0 0.16105769230769232 0.25 0.02403846153846154 0.019230769230769232
0 0.21875 0.2536057692307692 0.019230769230769232 0.016826923076923076
0 0.7536057692307693 0.026442307692307692 0.009615384615384616 0.004807692307692308
0 0.7848557692307693 0.3161057692307692 0.019230769230769232 0.019230769230769232
0 0.3401442307692308 0.2692307692307692 0.014423076923076924 0.01201923076923077
0 0.6490384615384616 0.30408653846153844 0.016826923076923076 0.016826923076923076
0 0.5288461538461539 0.2920673076923077 0.016826923076923076 0.016826923076923076
0 0.11899038461538461 0.2512019230769231 0.016826923076923076 0.019230769230769232
0 0.6802884615384616 0.31009615384615385 0.014423076923076924 0.01201923076923077
0 0.13341346153846154 0.2548076923076923 0.016826923076923076 0.016826923076923076
0 0.5853365384615384 0.30528846153846156 0.019230769230769232 0.019230769230769232
0 0.24759615384615385 0.2692307692307692 0.014423076923076924 0.01201923076923077
0 0.0985576923076923 0.2536057692307692 0.019230769230769232 0.019230769230769232
0 0.36658653846153844 0.2824519230769231 0.016826923076923076 0.016826923076923076
0 0.48677884615384615 0.2956730769230769 0.016826923076923076 0.016826923076923076
0 0.4735576923076923 0.29447115384615385 0.016826923076923076 0.016826923076923076
0 0.23317307692307693 0.2692307692307692 0.016826923076923076 0.016826923076923076
0 0.7127403846153846 0.31971153846153844 0.016826923076923076 0.016826923076923076
0 0.8894230769230769 0.33774038461538464 0.019230769230769232 0.016826923076923076
0 0.14783653846153846 0.2644230769230769 0.019230769230769232 0.016826923076923076
0 0.16346153846153846 0.2644230769230769 0.016826923076923076 0.019230769230769232
0 0.6694711538461539 0.31971153846153844 0.016826923076923076 0.016826923076923076
0 0.30649038461538464 0.28125 0.016826923076923076 0.016826923076923076
0 0.5709134615384616 0.3112980769230769 0.009615384615384616 0.009615384615384616
0 0.12980769230769232 0.26802884615384615 0.019230769230769232 0.016826923076923076
0 0.6346153846153846 0.32091346153846156 0.019230769230769232 0.016826923076923076
0 0.5504807692307693 0.3112980769230769 0.016826923076923076 0.02403846153846154
0 0.5180288461538461 0.3088942307692308 0.016826923076923076 0.016826923076923076
0 0.11177884615384616 0.2704326923076923 0.016826923076923076 0.016826923076923076
0 0.6838942307692307 0.328125 0.016826923076923076 0.019230769230769232
0 0.65625 0.32572115384615385 0.016826923076923076 0.019230769230769232
0 0.9579326923076923 0.35697115384615385 0.019230769230769232 0.01201923076923077
0 0.375 0.2980769230769231 0.016826923076923076 0.016826923076923076
0 0.7331730769230769 0.3389423076923077 0.016826923076923076 0.019230769230769232
0 0.3485576923076923 0.2980769230769231 0.019230769230769232 0.019230769230769232
0 0.8173076923076923 0.06370192307692307 0.004807692307692308 0.009615384615384616
0 0.5036057692307693 0.3161057692307692 0.016826923076923076 0.016826923076923076
0 0.5733173076923077 0.3269230769230769 0.019230769230769232 0.019230769230769232
0 0.6730769230769231 0.33653846153846156 0.016826923076923076 0.019230769230769232
0 0.25240384615384615 0.2932692307692308 0.019230769230769232 0.01201923076923077
0 0.640625 0.33774038461538464 0.014423076923076924 0.01201923076923077
0 0.7439903846153846 0.3473557692307692 0.019230769230769232 0.016826923076923076
0 0.7103365384615384 0.34375 0.016826923076923076 0.016826923076923076
0 0.6009615384615384 0.3317307692307692 0.019230769230769232 0.016826923076923076
0 0.375 0.3161057692307692 0.019230769230769232 0.016826923076923076
0 0.5817307692307693 0.3401442307692308 0.019230769230769232 0.019230769230769232
0 0.7728365384615384 0.3605769230769231 0.014423076923076924 0.01201923076923077
0 0.6959134615384616 0.3545673076923077 0.019230769230769232 0.016826923076923076
0 0.24879807692307693 0.30528846153846156 0.02403846153846154 0.019230769230769232
0 0.6418269230769231 0.3473557692307692 0.019230769230769232 0.019230769230769232
0 0.671875 0.35216346153846156 0.02403846153846154 0.016826923076923076
0 0.47475961538461536 0.33413461538461536 0.019230769230769232 0.019230769230769232
0 0.7259615384615384 0.056490384615384616 0.004807692307692308 0.004807692307692308
0 0.7259615384615384 0.3605769230769231 0.016826923076923076 0.019230769230769232
0 0.7127403846153846 0.36177884615384615 0.016826923076923076 0.016826923076923076
0 0.49399038461538464 0.34134615384615385 0.019230769230769232 0.01201923076923077
0 0.7728365384615384 0.3701923076923077 0.016826923076923076 0.019230769230769232
0 0.6971153846153846 0.36778846153846156 0.014423076923076924 0.01201923076923077
0 0.31490384615384615 0.3245192307692308 0.016826923076923076 0.016826923076923076
0 0.29927884615384615 0.32572115384615385 0.019230769230769232 0.019230769230769232
0 0.8413461538461539 0.38461538461538464 0.016826923076923076 0.02403846153846154
0 0.8762019230769231 0.38822115384615385 0.02403846153846154 0.016826923076923076
0 0.9603365384615384 0.40024038461538464 0.014423076923076924 0.01201923076923077
0 0.7896634615384616 0.38221153846153844 0.016826923076923076 0.019230769230769232
0 0.671875 0.36899038461538464 0.019230769230769232 0.019230769230769232
0 0.9411057692307693 0.40024038461538464 0.016826923076923076 0.016826923076923076
0 0.6935096153846154 0.052884615384615384 0.004807692307692308 0.004807692307692308
0 0.49278846153846156 0.3557692307692308 0.019230769230769232 0.019230769230769232
0 0.7355769230769231 0.38100961538461536 0.019230769230769232 0.019230769230769232
0 0.8028846153846154 0.38822115384615385 0.016826923076923076 0.019230769230769232
0 0.6923076923076923 0.3762019230769231 0.014423076923076924 0.01201923076923077
0 0.5420673076923077 0.3641826923076923 0.019230769230769232 0.019230769230769232
0 0.5841346153846154 0.36899038461538464 0.019230769230769232 0.019230769230769232
0 0.703125 0.38100961538461536 0.019230769230769232 0.019230769230769232
0 0.9242788461538461 0.40625 0.028846153846153848 0.016826923076923076
0 0.28365384615384615 0.34134615384615385 0.019230769230769232 0.019230769230769232
0 0.8605769230769231 0.4098557692307692 0.016826923076923076 0.016826923076923076
0 0.6442307692307693 0.3894230769230769 0.02403846153846154 0.019230769230769232
0 0.39663461538461536 0.3605769230769231 0.02403846153846154 0.02403846153846154
0 0.7091346153846154 0.05889423076923077 0.009615384615384616 0.004807692307692308
0 0.5588942307692307 0.3858173076923077 0.019230769230769232 0.019230769230769232
0 0.7896634615384616 0.0673076923076923 0.004807692307692308 0.004807692307692308
0 0.7295673076923077 0.06129807692307692 0.004807692307692308 0.004807692307692308
0 0.35336538461538464 0.36658653846153844 0.016826923076923076 0.016826923076923076
0 0.6478365384615384 0.39903846153846156 0.02403846153846154 0.019230769230769232
0 0.8401442307692307 0.421875 0.016826923076923076 0.016826923076923076
0 0.734375 0.06129807692307692 0.004807692307692308 0.004807692307692308
0 0.5805288461538461 0.40625 0.019230769230769232 0.019230769230769232
0 0.32211538461538464 0.3786057692307692 0.019230769230769232 0.019230769230769232
0 0.7620192307692307 0.42427884615384615 0.02403846153846154 0.019230769230769232
0 0.7199519230769231 0.06490384615384616 0.004807692307692308 0.004807692307692308
0 0.8677884615384616 0.44591346153846156 0.019230769230769232 0.019230769230769232
0 0.7524038461538461 0.06850961538461539 0.004807692307692308 0.004807692307692308
0 0.21394230769230768 0.38461538461538464 0.019230769230769232 0.02403846153846154
0 0.78125 0.06850961538461539 0.004807692307692308 0.009615384615384616
0 0.6766826923076923 0.4375 0.02403846153846154 0.02403846153846154
0 0.27524038461538464 0.4014423076923077 0.02403846153846154 0.019230769230769232
0 0.5949519230769231 0.4326923076923077 0.019230769230769232 0.016826923076923076
0 0.7716346153846154 0.07091346153846154 0.004807692307692308 0.004807692307692308
0 0.6502403846153846 0.44350961538461536 0.019230769230769232 0.02403846153846154
0 0.9098557692307693 0.4735576923076923 0.014423076923076924 0.01201923076923077
0 0.41466346153846156 0.4230769230769231 0.019230769230769232 0.02403846153846154
0 0.7668269230769231 0.06971153846153846 0.004807692307692308 0.004807692307692308
0 0.7439903846153846 0.0673076923076923 0.004807692307692308 0.004807692307692308
0 0.5420673076923077 0.4362980769230769 0.02403846153846154 0.02403846153846154
0 0.056490384615384616 0.38822115384615385 0.019230769230769232 0.019230769230769232
0 0.8028846153846154 0.46875 0.02403846153846154 0.02403846153846154
0 0.8004807692307693 0.0733173076923077 0.009615384615384616 0.004807692307692308
0 0.12139423076923077 0.4026442307692308 0.02403846153846154 0.02403846153846154
0 0.3245192307692308 0.4230769230769231 0.02403846153846154 0.02403846153846154
0 0.4831730769230769 0.4423076923076923 0.019230769230769232 0.01201923076923077
0 0.6923076923076923 0.0625 0.004807692307692308 0.004807692307692308
0 0.014423076923076924 0.40024038461538464 0.007211538461538462 0.02403846153846154
0 0.08533653846153846 0.4098557692307692 0.019230769230769232 0.019230769230769232
0 0.30408653846153844 0.4375 0.016826923076923076 0.019230769230769232
0 0.7355769230769231 0.07091346153846154 0.009615384615384616 0.004807692307692308
0 0.7163461538461539 0.06850961538461539 0.004807692307692308 0.004807692307692308
0 0.5564903846153846 0.46634615384615385 0.02403846153846154 0.02403846153846154
0 0.4879807692307692 0.4639423076923077 0.02403846153846154 0.016826923076923076
0 0.39302884615384615 0.4567307692307692 0.019230769230769232 0.019230769230769232
0 0.10336538461538461 0.4254807692307692 0.021634615384615384 0.028846153846153848
0 0.8329326923076923 0.07932692307692307 0.009615384615384616 0.009615384615384616
0 0.7235576923076923 0.06971153846153846 0.004807692307692308 0.004807692307692308
0 0.3581730769230769 0.4543269230769231 0.016826923076923076 0.02403846153846154
0 0.6322115384615384 0.4831730769230769 0.019230769230769232 0.02403846153846154
0 0.16466346153846154 0.4375 0.02403846153846154 0.019230769230769232
0 0.5853365384615384 0.4831730769230769 0.019230769230769232 0.02403846153846154
0 0.3269230769230769 0.4639423076923077 0.019230769230769232 0.019230769230769232
0 0.08533653846153846 0.4362980769230769 0.02403846153846154 0.02403846153846154
0 0.7704326923076923 0.5108173076923077 0.02403846153846154 0.019230769230769232
0 0.7067307692307693 0.5036057692307693 0.02403846153846154 0.019230769230769232
0 0.23317307692307693 0.4567307692307692 0.02403846153846154 0.02403846153846154
0 0.8125 0.5168269230769231 0.02403846153846154 0.02403846153846154
0 0.4735576923076923 0.48197115384615385 0.028846153846153848 0.026442307692307692
0 0.5985576923076923 0.4987980769230769 0.019230769230769232 0.02403846153846154
0 0.7884615384615384 0.07572115384615384 0.004807692307692308 0.004807692307692308
0 0.4987980769230769 0.49278846153846156 0.02403846153846154 0.02403846153846154
0 0.8076923076923077 0.08052884615384616 0.004807692307692308 0.009615384615384616
0 0.7307692307692307 0.5216346153846154 0.028846153846153848 0.026442307692307692
0 0.8377403846153846 0.5360576923076923 0.026442307692307692 0.028846153846153848
0 0.7283653846153846 0.07211538461538461 0.004807692307692308 0.009615384615384616
0 0.38461538461538464 0.49278846153846156 0.028846153846153848 0.021634615384615384
0 0.7007211538461539 0.07211538461538461 0.004807692307692308 0.004807692307692308
0 0.2644230769230769 0.48677884615384615 0.019230769230769232 0.02403846153846154
0 0.3641826923076923 0.5012019230769231 0.019230769230769232 0.02403846153846154
0 0.29447115384615385 0.49278846153846156 0.02403846153846154 0.019230769230769232
0 0.7836538461538461 0.5480769230769231 0.028846153846153848 0.021634615384615384
0 0.6959134615384616 0.07091346153846154 0.004807692307692308 0.004807692307692308
0 0.7151442307692307 0.0733173076923077 0.004807692307692308 0.004807692307692308
0 0.7512019230769231 0.07692307692307693 0.004807692307692308 0.004807692307692308
0 0.5192307692307693 0.5372596153846154 0.028846153846153848 0.026442307692307692
0 0.09615384615384616 0.4951923076923077 0.028846153846153848 0.021634615384615384
0 0.3786057692307692 0.5324519230769231 0.02403846153846154 0.016826923076923076
0 0.6670673076923077 0.5625 0.026442307692307692 0.03365384615384615
0 0.6814903846153846 0.5637019230769231 0.02403846153846154 0.02403846153846154
0 0.7235576923076923 0.5709134615384616 0.026442307692307692 0.028846153846153848
0 0.5661057692307693 0.5576923076923077 0.026442307692307692 0.028846153846153848
0 0.2848557692307692 0.5300480769230769 0.02403846153846154 0.02403846153846154
0 0.7932692307692307 0.5865384615384616 0.03125 0.03125
0 0.26802884615384615 0.5384615384615384 0.019230769230769232 0.02403846153846154
0 0.36658653846153844 0.5540865384615384 0.02403846153846154 0.02403846153846154
0 0.23317307692307693 0.5372596153846154 0.02403846153846154 0.019230769230769232
0 0.8365384615384616 0.6165865384615384 0.03125 0.036057692307692304
0 0.90625 0.6213942307692307 0.040865384615384616 0.03125
0 0.7788461538461539 0.6177884615384616 0.026442307692307692 0.028846153846153848
0 0.4651442307692308 0.5865384615384616 0.036057692307692304 0.036057692307692304
0 0.9375 0.6394230769230769 0.03125 0.03125
0 0.3137019230769231 0.5757211538461539 0.026442307692307692 0.03365384615384615
0 0.8641826923076923 0.0985576923076923 0.009615384615384616 0.004807692307692308
0 0.8197115384615384 0.09375 0.004807692307692308 0.004807692307692308
0 0.21514423076923078 0.578125 0.036057692307692304 0.03125
0 0.16706730769230768 0.5805288461538461 0.036057692307692304 0.040865384615384616
0 0.7788461538461539 0.0889423076923077 0.004807692307692308 0.004807692307692308
0 0.8161057692307693 0.6586538461538461 0.026442307692307692 0.028846153846153848
0 0.7644230769230769 0.08774038461538461 0.004807692307692308 0.004807692307692308
0 0.35096153846153844 0.6129807692307693 0.02403846153846154 0.02403846153846154
0 0.796875 0.09134615384615384 0.004807692307692308 0.004807692307692308
0 0.24759615384615385 0.6225961538461539 0.026442307692307692 0.028846153846153848
0 0.8245192307692307 0.09615384615384616 0.004807692307692308 0.009615384615384616
0 0.7920673076923077 0.09375 0.004807692307692308 0.009615384615384616
0 0.8052884615384616 0.09735576923076923 0.004807692307692308 0.004807692307692308
0 0.8016826923076923 0.09375 0.004807692307692308 0.009615384615384616
0 0.31850961538461536 0.6298076923076923 0.03125 0.03125
0 0.8461538461538461 0.10096153846153846 0.004807692307692308 0.004807692307692308
0 0.7800480769230769 0.09375 0.009615384615384616 0.004807692307692308
0 0.15144230769230768 0.6310096153846154 0.03125 0.03125
0 0.39903846153846156 0.6658653846153846 0.03125 0.03125
0 0.7475961538461539 0.09134615384615384 0.009615384615384616 0.004807692307692308
0 0.22115384615384615 0.6490384615384616 0.02403846153846154 0.02403846153846154
0 0.8557692307692307 0.7211538461538461 0.036057692307692304 0.036057692307692304
0 0.8161057692307693 0.10096153846153846 0.009615384615384616 0.009615384615384616
0 0.3173076923076923 0.6670673076923077 0.026442307692307692 0.038461538461538464
0 0.8377403846153846 0.10336538461538461 0.004807692307692308 0.009615384615384616
0 0.06009615384615385 0.6490384615384616 0.03125 0.040865384615384616
0 0.2860576923076923 0.6778846153846154 0.03125 0.03125
0 0.14783653846153846 0.6658653846153846 0.028846153846153848 0.026442307692307692
0 0.7740384615384616 0.7355769230769231 0.03125 0.036057692307692304
0 0.7427884615384616 0.09495192307692307 0.009615384615384616 0.004807692307692308