0 0.26875 0.08671875 0.034375 0.0296875
0 0.7078125 0.05625 0.0328125 0.025
0 0.765625 0.05234375 0.0328125 0.025
0 0.03828125 0.76171875 0.04375 0.04375
0 0.0140625 0.10625 0.028125 0.025
0 0.27421875 0.7546875 0.0390625 0.03125
0 0.17265625 0.0984375 0.0375 0.0265625
0 0.86484375 0.7734375 0.053125 0.040625
0 0.615625 0.79375 0.0484375 0.040625
0 0.98046875 0.76953125 0.0390625 0.0390625
0 0.73359375 0.7875 0.04375 0.034375
0 0.32109375 0.83515625 0.0484375 0.0359375
0 0.52265625 0.828125 0.04375 0.034375
0 0.1796875 0.85703125 0.053125 0.0359375
0 0.05078125 0.87265625 0.053125 0.040625
0 0.759375 0.82734375 0.053125 0.040625
0 0.4140625 0.85859375 0.053125 0.0359375
0 0.51171875 0.1046875 0.034375 0.0296875
0 0.9 0.0796875 0.0375 0.0265625
0 0.01953125 0.14140625 0.0296875 0.0296875
0 0.4265625 0.11484375 0.0296875 0.025
0 0.6 0.103125 0.04375 0.03125
0 0.3390625 0.1234375 0.0390625 0.03125
0 0.7390625 0.09765625 0.0328125 0.025
0 0.6625 0.103125 0.0328125 0.025
0 0.2171875 0.13671875 0.0390625 0.03125
0 0.7875 0.1015625 0.0375 0.0265625
0 0.04921875 0.1578125 0.0328125 0.025
0 0.06171875 0.04375 0.0328125 0.025
0 0.1515625 0.1671875 0.034375 0.0296875
0 0.4875 0.0140625 0.0296875 0.025
0 0.89375 0.12890625 0.0390625 0.03125
0 0.56953125 0.01015625 0.0203125 0.0203125
0 0.6390625 0.0109375 0.034375 0.021875
0 0.77265625 0.00390625 0.0296875 0.0078125
0 0.07890625 0.190625 0.0140625 0.0109375
0 0.75 0.00703125 0.025 0.0140625
0 0.05 0.196875 0.0328125 0.0203125
0 0.7359375 0.15390625 0.0328125 0.025
0 0.1546875 0.04140625 0.0375 0.021875
0 0.340625 0.18359375 0.0390625 0.03125
0 0.103125 0.2046875 0.04375 0.03125
0 0.6671875 0.165625 0.0390625 0.03125
0 0.22578125 0.19921875 0.0390625 0.03125
0 0.79921875 0.003125 0.0328125 0.00625
0 0.95546875 0.14765625 0.04375 0.03125
0 0.54453125 0.17890625 0.04375 0.03125
0 0.46640625 0.18671875 0.0390625 0.03125
0 0.81796875 0.1625 0.0328125 0.025
0 0.00703125 0.23359375 0.0140625 0.0296875
0 0.359375 0.21796875 0.0375 0.021875
0 0.59375 0.01328125 0.0375 0.0265625
0 0.91015625 0.18984375 0.0375 0.0265625
0 0.00546875 0.0578125 0.0109375 0.03125
0 0.4578125 0.22890625 0.0390625 0.03125
0 0.84140625 0.20703125 0.0390625 0.03125
0 0.5203125 0.23125 0.0390625 0.03125
0 0.90625 0.209375 0.0375 0.0265625
0 0.69453125 0.2265625 0.0328125 0.025
0 0.16796875 0.265625 0.0390625 0.03125
0 0.775 0.2234375 0.034375 0.0296875
0 0.23046875 0.265625 0.0375 0.0265625
0 0.0671875 0.27734375 0.0421875 0.0265625
0 0.31640625 0.26015625 0.0390625 0.03125
0 0.6375 0.2375 0.0328125 0.025
0 0.58125 0.24375 0.0328125 0.025
0 0.3765625 0.26015625 0.0390625 0.03125
0 0.52421875 0.02265625 0.034375 0.0296875
0 0.82265625 0.00703125 0.0328125 0.0140625
0 0.61484375 0.01875 0.0390625 0.034375
0 0.08125 0.05859375 0.034375 0.0296875
0 0.78984375 0.2703125 0.0328125 0.025
0 0.96796875 0.2578125 0.0296875 0.0296875
0 0.69609375 0.2796875 0.04375 0.03125
0 0.4375 0.29765625 0.0421875 0.0265625
0 0.21328125 0.04921875 0.034375 0.0296875
0 0.54140625 0.29296875 0.04375 0.034375
0 0.88359375 0.27109375 0.04375 0.034375
0 0.31796875 0.31796875 0.0375 0.0265625
0 0.61875 0.3015625 0.0390625 0.03125
0 0.1078125 0.3390625 0.0484375 0.0359375
0 0.18828125 0.35 0.04375 0.034375
0 0.84921875 0.32421875 0.04375 0.034375
0 0.5828125 0.02734375 0.0296875 0.0203125
0 0.9671875 0.32109375 0.04375 0.0390625
0 0.65859375 0.346875 0.0421875 0.0265625
0 0.76796875 0.3421875 0.034375 0.0296875
0 0.33515625 0.37421875 0.0390625 0.03125
0 0.553125 0.3640625 0.0328125 0.025
0 0.4625 0.3703125 0.0421875 0.0265625
0 0.90546875 0.00703125 0.0328125 0.0140625
0 0.3703125 0.40234375 0.0421875 0.0265625
0 0.10703125 0.42578125 0.0328125 0.025
0 0.14921875 0.425 0.0484375 0.0359375
0 0.04296875 0.4375 0.04375 0.03125
0 0.959375 0.39140625 0.0390625 0.03125
0 0.17265625 0.06328125 0.0328125 0.025
0 0.284375 0.4453125 0.04375 0.0390625
0 0.2421875 0.0609375 0.0296875 0.0203125
0 0.5765625 0.42734375 0.04375 0.034375
0 0.86953125 0.409375 0.0390625 0.03125
0 0.4890625 0.4453125 0.0390625 0.0390625
0 0.74609375 0.43203125 0.0390625 0.03125
0 0.37265625 0.4671875 0.0328125 0.025
0 0.1578125 0.4875 0.034375 0.034375
0 0.04296875 0.50390625 0.04375 0.0390625
0 0.1359375 0.075 0.0375 0.0265625
0 0.6828125 0.48984375 0.0390625 0.03125
0 0.37578125 0.5203125 0.053125 0.03125
0 0.2515625 0.52890625 0.04375 0.034375
0 0.58203125 0.5109375 0.04375 0.034375
0 0.7875 0.50078125 0.0390625 0.03125
0 0.9171875 0.4921875 0.0390625 0.03125
0 0.47109375 0.5234375 0.0390625 0.03125
0 0.071875 0.553125 0.0484375 0.03125
0 0.54765625 0.0484375 0.034375 0.034375
0 0.184375 0.56796875 0.0390625 0.03125
0 0.82890625 0.03125 0.0328125 0.025
0 0.753125 0.0390625 0.0328125 0.025
0 0.9078125 0.03046875 0.034375 0.0296875
0 0.42109375 0.60703125 0.04375 0.034375
0 0.51875 0.603125 0.04375 0.034375
0 0.61796875 0.5984375 0.04375 0.03125
0 0.96484375 0.57421875 0.04375 0.03125
0 0.79140625 0.5953125 0.0484375 0.0359375
0 0.2609375 0.63515625 0.04375 0.034375
0 0.896875 0.59296875 0.04375 0.03125
0 0.7 0.60859375 0.04375 0.034375
0 0.13984375 0.6578125 0.04375 0.034375
0 0.48828125 0.0625 0.0390625 0.03125
0 0.3390625 0.65078125 0.0390625 0.03125
0 0.34296875 0.075 0.034375 0.034375
0 0.078125 0.6734375 0.04375 0.0390625
0 0.37265625 0.07265625 0.0328125 0.0203125
0 0.6453125 0.05390625 0.034375 0.0296875
0 0.4171875 0.071875 0.0375 0.0265625
0 0.09140625 0.09453125 0.0296875 0.025
0 0.62578125 0.67890625 0.0484375 0.0359375
0 0.9421875 0.65703125 0.0484375 0.040625
0 0.75390625 0.67734375 0.0390625 0.0390625
0 0.53984375 0.696875 0.04375 0.03125
0 0.85390625 0.67734375 0.0484375 0.0359375
0 0.05703125 0.1015625 0.0328125 0.025
0 0.3015625 0.72265625 0.053125 0.03125
0 0.421875 0.71953125 0.0390625 0.03125
0 0.16953125 0.74140625 0.0484375 0.0359375