0 0.5576923076923077 0.1045673076923077 0.014423076923076924 0.018028846153846152
0 0.5853365384615384 0.10697115384615384 0.018028846153846152 0.02283653846153846
0 0.6105769230769231 0.10697115384615384 0.014423076923076924 0.018028846153846152
0 0.5697115384615384 0.10697115384615384 0.014423076923076924 0.027644230769230768
0 0.7271634615384616 0.10697115384615384 0.014423076923076924 0.02283653846153846
0 0.5024038461538461 0.11057692307692307 0.018028846153846152 0.02283653846153846
0 0.5372596153846154 0.11057692307692307 0.014423076923076924 0.02283653846153846
0 0.9146634615384616 0.11298076923076923 0.02283653846153846 0.027644230769230768
0 0.7644230769230769 0.11298076923076923 0.018028846153846152 0.02283653846153846
0 0.8497596153846154 0.11538461538461539 0.02283653846153846 0.02283653846153846
0 0.8725961538461539 0.11778846153846154 0.014423076923076924 0.018028846153846152
0 0.6778846153846154 0.11778846153846154 0.018028846153846152 0.02283653846153846
0 0.5805288461538461 0.1201923076923077 0.018028846153846152 0.018028846153846152
0 0.6177884615384616 0.12259615384615384 0.014423076923076924 0.018028846153846152
0 0.6971153846153846 0.12259615384615384 0.018028846153846152 0.02283653846153846
0 0.5480769230769231 0.12259615384615384 0.018028846153846152 0.02283653846153846
0 0.6550480769230769 0.125 0.018028846153846152 0.018028846153846152
0 0.8798076923076923 0.13221153846153846 0.018028846153846152 0.02283653846153846
0 0.5 0.1346153846153846 0.014423076923076924 0.02283653846153846
0 0.7848557692307693 0.13701923076923078 0.02283653846153846 0.027644230769230768
0 0.6574519230769231 0.140625 0.02283653846153846 0.02283653846153846
0 0.8473557692307693 0.140625 0.02283653846153846 0.018028846153846152
0 0.515625 0.140625 0.018028846153846152 0.027644230769230768
0 0.6153846153846154 0.14302884615384615 0.018028846153846152 0.02283653846153846
0 0.7451923076923077 0.14543269230769232 0.018028846153846152 0.027644230769230768
0 0.9495192307692307 0.14543269230769232 0.018028846153846152 0.018028846153846152
0 0.4723557692307692 0.14783653846153846 0.018028846153846152 0.018028846153846152
0 0.7019230769230769 0.14783653846153846 0.018028846153846152 0.02283653846153846
0 0.5576923076923077 0.1502403846153846 0.018028846153846152 0.027644230769230768
0 0.7752403846153846 0.1622596153846154 0.018028846153846152 0.02283653846153846
0 0.8954326923076923 0.16706730769230768 0.018028846153846152 0.02283653846153846
0 0.9146634615384616 0.16706730769230768 0.018028846153846152 0.02283653846153846
0 0.9651442307692307 0.16947115384615385 0.018028846153846152 0.027644230769230768
0 0.5048076923076923 0.17307692307692307 0.018028846153846152 0.03245192307692308
0 0.8245192307692307 0.17548076923076922 0.02283653846153846 0.02283653846153846
0 0.8521634615384616 0.1778846153846154 0.018028846153846152 0.027644230769230768
0 0.47475961538461536 0.1778846153846154 0.014423076923076924 0.018028846153846152
0 0.9471153846153846 0.18028846153846154 0.018028846153846152 0.027644230769230768
0 0.8052884615384616 0.18509615384615385 0.018028846153846152 0.018028846153846152
0 0.5901442307692307 0.18509615384615385 0.018028846153846152 0.02283653846153846
0 0.9819711538461539 0.1875 0.018028846153846152 0.027644230769230768
0 0.6502403846153846 0.18990384615384615 0.02283653846153846 0.03245192307692308
0 0.4699519230769231 0.19471153846153846 0.018028846153846152 0.027644230769230768
0 0.875 0.19951923076923078 0.018028846153846152 0.02283653846153846
0 0.6069711538461539 0.203125 0.02283653846153846 0.027644230769230768
0 0.45552884615384615 0.21033653846153846 0.02283653846153846 0.03245192307692308
0 0.7403846153846154 0.2127403846153846 0.018028846153846152 0.03245192307692308
0 0.8076923076923077 0.22235576923076922 0.02283653846153846 0.02283653846153846
0 0.7103365384615384 0.22235576923076922 0.018028846153846152 0.027644230769230768
0 0.5480769230769231 0.2247596153846154 0.02283653846153846 0.03245192307692308
0 0.484375 0.2247596153846154 0.018028846153846152 0.03245192307692308
0 0.9699519230769231 0.22956730769230768 0.02283653846153846 0.03245192307692308
0 0.9026442307692307 0.23197115384615385 0.02283653846153846 0.03245192307692308
0 0.5925480769230769 0.2403846153846154 0.027644230769230768 0.03245192307692308
0 0.7980769230769231 0.25961538461538464 0.018028846153846152 0.02283653846153846
0 0.8569711538461539 0.2620192307692308 0.014423076923076924 0.02283653846153846
0 0.4423076923076923 0.2704326923076923 0.02283653846153846 0.037259615384615384
0 0.8497596153846154 0.27524038461538464 0.018028846153846152 0.02283653846153846
0 0.7199519230769231 0.27524038461538464 0.03245192307692308 0.042067307692307696
0 0.9471153846153846 0.2800480769230769 0.027644230769230768 0.03245192307692308
0 0.8353365384615384 0.2800480769230769 0.02283653846153846 0.03245192307692308
0 0.8774038461538461 0.2800480769230769 0.027644230769230768 0.027644230769230768
0 0.2980769230769231 0.2848557692307692 0.004807692307692308 0.004807692307692308
0 0.3125 0.28725961538461536 0.004807692307692308 0.004807692307692308
0 0.25961538461538464 0.28725961538461536 0.03245192307692308 0.046875
0 0.30288461538461536 0.28966346153846156 0.004807692307692308 0.004807692307692308
0 0.01201923076923077 0.29447115384615385 0.02283653846153846 0.042067307692307696
0 0.16466346153846154 0.29447115384615385 0.027644230769230768 0.046875
0 0.3954326923076923 0.29447115384615385 0.042067307692307696 0.055288461538461536
0 0.203125 0.296875 0.004807692307692308 0.018028846153846152
0 0.08052884615384616 0.296875 0.014423076923076924 0.014423076923076924
0 0.13221153846153846 0.2980769230769231 0.05048076923076923 0.078125
0 0.296875 0.2980769230769231 0.004807692307692308 0.004807692307692308
0 0.3473557692307692 0.3004807692307692 0.027644230769230768 0.037259615384615384
0 0.09735576923076923 0.3004807692307692 0.018028846153846152 0.018028846153846152
0 0.3701923076923077 0.3004807692307692 0.009615384615384616 0.009615384615384616
0 0.35697115384615385 0.3004807692307692 0.004807692307692308 0.009615384615384616
0 0.5625 0.3004807692307692 0.03245192307692308 0.037259615384615384
0 0.03485576923076923 0.30288461538461536 0.027644230769230768 0.046875
0 0.30288461538461536 0.30288461538461536 0.004807692307692308 0.004807692307692308
0 0.31009615384615385 0.30288461538461536 0.004807692307692308 0.004807692307692308
0 0.3245192307692308 0.30288461538461536 0.004807692307692308 0.009615384615384616
0 0.08533653846153846 0.30528846153846156 0.014423076923076924 0.02283653846153846
0 0.24759615384615385 0.3076923076923077 0.004807692307692308 0.009615384615384616
0 0.3125 0.3076923076923077 0.004807692307692308 0.009615384615384616
0 0.6430288461538461 0.3076923076923077 0.055288461538461536 0.06009615384615385
0 0.43028846153846156 0.31009615384615385 0.02283653846153846 0.037259615384615384
0 0.8125 0.31009615384615385 0.046875 0.06490384615384616
0 0.1875 0.31009615384615385 0.027644230769230768 0.042067307692307696
0 0.21995192307692307 0.31490384615384615 0.027644230769230768 0.046875
0 0.9579326923076923 0.3173076923076923 0.027644230769230768 0.037259615384615384
0 0.07211538461538461 0.32211538461538464 0.03245192307692308 0.037259615384615384
0 0.4651442307692308 0.3269230769230769 0.03245192307692308 0.042067307692307696
0 0.9122596153846154 0.3329326923076923 0.027644230769230768 0.03245192307692308
0 0.6502403846153846 0.07692307692307693 0.018028846153846152 0.02283653846153846
0 0.46033653846153844 0.08052884615384616 0.018028846153846152 0.027644230769230768
0 0.8004807692307693 0.08052884615384616 0.014423076923076924 0.009615384615384616
0 0.4879807692307692 0.0829326923076923 0.018028846153846152 0.027644230769230768
0 0.5504807692307693 0.08533653846153846 0.014423076923076924 0.014423076923076924
0 0.47716346153846156 0.08774038461538461 0.018028846153846152 0.027644230769230768
0 0.7596153846153846 0.08774038461538461 0.014423076923076924 0.018028846153846152
0 0.5901442307692307 0.08774038461538461 0.014423076923076924 0.018028846153846152
0 0.8305288461538461 0.08774038461538461 0.014423076923076924 0.02283653846153846
0 0.5697115384615384 0.08774038461538461 0.014423076923076924 0.014423076923076924
0 0.6045673076923077 0.09014423076923077 0.014423076923076924 0.009615384615384616
0 0.7451923076923077 0.09014423076923077 0.014423076923076924 0.02283653846153846
0 0.7728365384615384 0.09014423076923077 0.009615384615384616 0.014423076923076924
0 0.9026442307692307 0.09014423076923077 0.014423076923076924 0.018028846153846152
0 0.5072115384615384 0.09254807692307693 0.014423076923076924 0.02283653846153846
0 0.6430288461538461 0.09254807692307693 0.018028846153846152 0.027644230769230768
0 0.6574519230769231 0.09254807692307693 0.014423076923076924 0.02283653846153846
0 0.5420673076923077 0.09254807692307693 0.014423076923076924 0.02283653846153846
0 0.859375 0.09735576923076923 0.014423076923076924 0.018028846153846152
0 0.8197115384615384 0.09735576923076923 0.009615384615384616 0.018028846153846152
0 0.6346153846153846 0.09735576923076923 0.014423076923076924 0.014423076923076924
0 0.7127403846153846 0.09735576923076923 0.018028846153846152 0.018028846153846152
0 0.6225961538461539 0.09975961538461539 0.014423076923076924 0.02283653846153846
0 0.8100961538461539 0.09975961538461539 0.014423076923076924 0.018028846153846152
0 0.8028846153846154 0.10216346153846154 0.014423076923076924 0.018028846153846152
0 0.6923076923076923 0.10216346153846154 0.014423076923076924 0.018028846153846152
0 0.7776442307692307 0.10216346153846154 0.014423076923076924 0.014423076923076924
0 0.5204326923076923 0.10216346153846154 0.018028846153846152 0.02283653846153846
0 0.5997596153846154 0.10216346153846154 0.009615384615384616 0.02283653846153846
0 0.7680288461538461 0.10216346153846154 0.018028846153846152 0.02283653846153846
0 0.875 0.1045673076923077 0.014423076923076924 0.02283653846153846