0 0.016826923076923076 0.03245192307692308 0.02403846153846154 0.03125
0 0.3894230769230769 0.019230769230769232 0.028846153846153848 0.03125
0 0.38341346153846156 0.16105769230769232 0.019230769230769232 0.04326923076923077
0 0.5480769230769231 0.15745192307692307 0.019230769230769232 0.03365384615384615
0 0.41586538461538464 0.16947115384615385 0.02403846153846154 0.04807692307692308
0 0.7355769230769231 0.16105769230769232 0.028846153846153848 0.04326923076923077
0 0.7860576923076923 0.1622596153846154 0.019230769230769232 0.04807692307692308
0 0.8629807692307693 0.15865384615384615 0.028846153846153848 0.04326923076923077
0 0.8858173076923077 0.15985576923076922 0.028846153846153848 0.04807692307692308
0 0.7055288461538461 0.1658653846153846 0.019230769230769232 0.038461538461538464
0 0.4266826923076923 0.020432692307692308 0.02403846153846154 0.036057692307692304
0 0.5012019230769231 0.018028846153846152 0.019230769230769232 0.03365384615384615
0 0.6802884615384616 0.014423076923076924 0.028846153846153848 0.028846153846153848
0 0.8185096153846154 0.16466346153846154 0.028846153846153848 0.05048076923076923
0 0.6550480769230769 0.16947115384615385 0.019230769230769232 0.04326923076923077
0 0.6322115384615384 0.17307692307692307 0.02403846153846154 0.04807692307692308
0 0.33653846153846156 0.18629807692307693 0.02403846153846154 0.05048076923076923
0 0.36658653846153844 0.19230769230769232 0.02403846153846154 0.038461538461538464
0 0.9362980769230769 0.171875 0.019230769230769232 0.05048076923076923
0 0.5612980769230769 0.016826923076923076 0.016826923076923076 0.03365384615384615
0 0.4411057692307692 0.19471153846153846 0.02403846153846154 0.04326923076923077
0 0.6081730769230769 0.018028846153846152 0.019230769230769232 0.036057692307692304
0 0.16826923076923078 0.21754807692307693 0.019230769230769232 0.04807692307692308
0 0.4891826923076923 0.20552884615384615 0.028846153846153848 0.04326923076923077
0 0.20552884615384615 0.21514423076923078 0.028846153846153848 0.05048076923076923
0 0.1201923076923077 0.22115384615384615 0.019230769230769232 0.04326923076923077
0 0.04807692307692308 0.22355769230769232 0.019230769230769232 0.04326923076923077
0 0.08774038461538461 0.22716346153846154 0.02403846153846154 0.04807692307692308
0 0.2800480769230769 0.030048076923076924 0.019230769230769232 0.04326923076923077
0 0.6322115384615384 0.019230769230769232 0.019230769230769232 0.038461538461538464
0 0.9098557692307693 0.20552884615384615 0.028846153846153848 0.05048076923076923
0 0.7548076923076923 0.21033653846153846 0.028846153846153848 0.04326923076923077
0 0.008413461538461538 0.23798076923076922 0.016826923076923076 0.04326923076923077
0 0.7103365384615384 0.21754807692307693 0.028846153846153848 0.04807692307692308
0 0.9783653846153846 0.21514423076923078 0.016826923076923076 0.055288461538461536
0 0.34975961538461536 0.24278846153846154 0.02403846153846154 0.05048076923076923
0 0.5480769230769231 0.23798076923076922 0.019230769230769232 0.055288461538461536
0 0.4675480769230769 0.026442307692307692 0.02403846153846154 0.04326923076923077
0 0.8605769230769231 0.015625 0.019230769230769232 0.03125
0 0.5817307692307693 0.24759615384615385 0.02403846153846154 0.04326923076923077
0 0.5060096153846154 0.25721153846153844 0.028846153846153848 0.05048076923076923
0 0.007211538461538462 0.27403846153846156 0.014423076923076924 0.04807692307692308
0 0.7091346153846154 0.25240384615384615 0.028846153846153848 0.04326923076923077
0 0.6586538461538461 0.2536057692307692 0.028846153846153848 0.055288461538461536
0 0.06610576923076923 0.27884615384615385 0.02403846153846154 0.05048076923076923
0 0.1141826923076923 0.2776442307692308 0.02403846153846154 0.06009615384615385
0 0.036057692307692304 0.28125 0.02403846153846154 0.04807692307692308
0 0.7920673076923077 0.2548076923076923 0.03365384615384615 0.04326923076923077
0 0.7439903846153846 0.25961538461538464 0.019230769230769232 0.04807692307692308
0 0.8269230769230769 0.265625 0.028846153846153848 0.04326923076923077
0 0.9435096153846154 0.2620192307692308 0.028846153846153848 0.055288461538461536
0 0.7139423076923077 0.020432692307692308 0.028846153846153848 0.040865384615384616
0 0.14783653846153846 0.28966346153846156 0.028846153846153848 0.04807692307692308
0 0.1875 0.29086538461538464 0.028846153846153848 0.04807692307692308
0 0.22235576923076922 0.28966346153846156 0.02403846153846154 0.04807692307692308
0 0.30288461538461536 0.28966346153846156 0.02403846153846154 0.04807692307692308
0 0.265625 0.2932692307692308 0.02403846153846154 0.04807692307692308
0 0.46274038461538464 0.2860576923076923 0.028846153846153848 0.055288461538461536
0 0.4951923076923077 0.28966346153846156 0.028846153846153848 0.04807692307692308
0 0.9783653846153846 0.27524038461538464 0.019230769230769232 0.055288461538461536
0 0.41225961538461536 0.29447115384615385 0.028846153846153848 0.05048076923076923
0 0.24519230769230768 0.038461538461538464 0.02403846153846154 0.05048076923076923
0 0.09495192307692307 0.3112980769230769 0.02403846153846154 0.05048076923076923
0 0.640625 0.2980769230769231 0.028846153846153848 0.04807692307692308
0 0.5805288461538461 0.30288461538461536 0.028846153846153848 0.04807692307692308
0 0.6225961538461539 0.30288461538461536 0.02403846153846154 0.05048076923076923
0 0.31850961538461536 0.31850961538461536 0.02403846153846154 0.04326923076923077
0 0.53125 0.3112980769230769 0.014423076923076924 0.019230769230769232
0 0.051682692307692304 0.3329326923076923 0.02403846153846154 0.05048076923076923
0 0.7415865384615384 0.3088942307692308 0.02403846153846154 0.04326923076923077
0 0.016826923076923076 0.33653846153846156 0.019230769230769232 0.04807692307692308
0 0.7475961538461539 0.02403846153846154 0.019230769230769232 0.04326923076923077
0 0.07451923076923077 0.3389423076923077 0.02403846153846154 0.04326923076923077
0 0.17908653846153846 0.33533653846153844 0.019230769230769232 0.04807692307692308
0 0.7091346153846154 0.31971153846153844 0.028846153846153848 0.04326923076923077
0 0.13942307692307693 0.3389423076923077 0.02403846153846154 0.05048076923076923
0 0.20673076923076922 0.33774038461538464 0.02403846153846154 0.05048076923076923
0 0.2536057692307692 0.3485576923076923 0.02403846153846154 0.05048076923076923
0 0.48197115384615385 0.3425480769230769 0.02403846153846154 0.05048076923076923
0 0.3954326923076923 0.3485576923076923 0.03365384615384615 0.06009615384615385
0 0.03485576923076923 0.36538461538461536 0.028846153846153848 0.055288461538461536
0 0.5372596153846154 0.3485576923076923 0.028846153846153848 0.05048076923076923
0 0.6105769230769231 0.3557692307692308 0.03365384615384615 0.05048076923076923
0 0.7199519230769231 0.35336538461538464 0.019230769230769232 0.04807692307692308
0 0.8125 0.3545673076923077 0.028846153846153848 0.05048076923076923
0 0.7752403846153846 0.3581730769230769 0.028846153846153848 0.04807692307692308
0 0.15264423076923078 0.3798076923076923 0.019230769230769232 0.05048076923076923
0 0.9771634615384616 0.35336538461538464 0.02403846153846154 0.05048076923076923
0 0.6899038461538461 0.36538461538461536 0.02403846153846154 0.038461538461538464
0 0.8858173076923077 0.359375 0.028846153846153848 0.04807692307692308
0 0.6274038461538461 0.375 0.028846153846153848 0.04326923076923077
0 0.9362980769230769 0.3737980769230769 0.02403846153846154 0.05048076923076923
0 0.3942307692307692 0.40625 0.03365384615384615 0.05048076923076923
0 0.26802884615384615 0.4206730769230769 0.02403846153846154 0.05048076923076923
0 0.013221153846153846 0.4338942307692308 0.02403846153846154 0.04326923076923077
0 0.765625 0.41225961538461536 0.028846153846153848 0.04807692307692308
0 0.1346153846153846 0.4362980769230769 0.028846153846153848 0.055288461538461536
0 0.6370192307692307 0.4182692307692308 0.028846153846153848 0.04807692307692308
0 0.09254807692307693 0.4375 0.02403846153846154 0.06009615384615385
0 0.052884615384615384 0.4387019230769231 0.028846153846153848 0.06009615384615385
0 0.8449519230769231 0.41346153846153844 0.02403846153846154 0.04807692307692308
0 0.7247596153846154 0.421875 0.028846153846153848 0.04807692307692308
0 0.43028846153846156 0.4375 0.02403846153846154 0.04807692307692308
0 0.6778846153846154 0.42908653846153844 0.028846153846153848 0.05048076923076923
0 0.8100961538461539 0.42908653846153844 0.02403846153846154 0.04326923076923077
0 0.3004807692307692 0.4519230769230769 0.02403846153846154 0.05048076923076923
0 0.8173076923076923 0.036057692307692304 0.028846153846153848 0.038461538461538464
0 0.38461538461538464 0.05048076923076923 0.019230769230769232 0.028846153846153848
0 0.33653846153846156 0.45913461538461536 0.028846153846153848 0.06490384615384616
0 0.4543269230769231 0.46153846153846156 0.02403846153846154 0.04807692307692308
0 0.9134615384615384 0.45072115384615385 0.019230769230769232 0.03365384615384615
0 0.7115384615384616 0.46033653846153844 0.019230769230769232 0.038461538461538464
0 0.039663461538461536 0.0625 0.02403846153846154 0.04807692307692308
0 0.5793269230769231 0.04447115384615385 0.019230769230769232 0.038461538461538464
0 0.007211538461538462 0.4855769230769231 0.014423076923076924 0.04326923076923077
0 0.8040865384615384 0.45913461538461536 0.03365384615384615 0.04807692307692308
0 0.5060096153846154 0.4723557692307692 0.028846153846153848 0.055288461538461536
0 0.6634615384615384 0.46875 0.03365384615384615 0.055288461538461536
0 0.7536057692307693 0.46634615384615385 0.028846153846153848 0.04807692307692308
0 0.5432692307692307 0.47596153846153844 0.02403846153846154 0.04326923076923077
0 0.5841346153846154 0.47716346153846156 0.028846153846153848 0.05048076923076923
0 0.037259615384615384 0.4951923076923077 0.02403846153846154 0.055288461538461536
0 0.6358173076923077 0.47475961538461536 0.03365384615384615 0.055288461538461536
0 0.1502403846153846 0.49399038461538464 0.019230769230769232 0.05048076923076923
0 0.45913461538461536 0.04927884615384615 0.02403846153846154 0.038461538461538464
0 0.34975961538461536 0.052884615384615384 0.02403846153846154 0.05048076923076923
0 0.12259615384615384 0.49759615384615385 0.02403846153846154 0.055288461538461536
0 0.734375 0.47596153846153844 0.019230769230769232 0.04326923076923077
0 0.07692307692307693 0.5 0.019230769230769232 0.055288461538461536
0 0.23798076923076922 0.49759615384615385 0.02403846153846154 0.055288461538461536
0 0.8798076923076923 0.4795673076923077 0.02403846153846154 0.05048076923076923
0 0.5745192307692307 0.5 0.028846153846153848 0.05048076923076923
0 0.2824519230769231 0.5120192307692307 0.02403846153846154 0.05048076923076923
0 0.9879807692307693 0.4879807692307692 0.02403846153846154 0.05048076923076923
0 0.9254807692307693 0.49038461538461536 0.028846153846153848 0.04807692307692308
0 0.19951923076923078 0.5204326923076923 0.03365384615384615 0.06490384615384616
0 0.3161057692307692 0.5204326923076923 0.02403846153846154 0.05048076923076923
0 0.7596153846153846 0.5108173076923077 0.019230769230769232 0.04326923076923077
0 0.04927884615384615 0.5456730769230769 0.019230769230769232 0.04326923076923077
0 0.49399038461538464 0.5300480769230769 0.028846153846153848 0.04807692307692308
0 0.013221153846153846 0.5492788461538461 0.02403846153846154 0.05048076923076923
0 0.5480769230769231 0.5336538461538461 0.028846153846153848 0.04326923076923077
0 0.6730769230769231 0.5288461538461539 0.028846153846153848 0.05048076923076923
0 0.6418269230769231 0.5420673076923077 0.028846153846153848 0.05048076923076923
0 0.890625 0.5336538461538461 0.03365384615384615 0.04807692307692308
0 0.13942307692307693 0.5612980769230769 0.02403846153846154 0.055288461538461536
0 0.18509615384615385 0.5588942307692307 0.03365384615384615 0.05048076923076923
0 0.22716346153846154 0.5600961538461539 0.02403846153846154 0.06009615384615385
0 0.3125 0.5588942307692307 0.03365384615384615 0.04807692307692308
0 0.09975961538461539 0.5745192307692307 0.02403846153846154 0.05048076923076923
0 0.3870192307692308 0.5661057692307693 0.028846153846153848 0.06490384615384616
0 0.9555288461538461 0.5492788461538461 0.03365384615384615 0.055288461538461536
0 0.006009615384615385 0.07451923076923077 0.01201923076923077 0.04807692307692308
0 0.2704326923076923 0.5805288461538461 0.02403846153846154 0.04326923076923077
0 0.44471153846153844 0.5769230769230769 0.028846153846153848 0.04807692307692308
0 0.5204326923076923 0.5733173076923077 0.028846153846153848 0.04326923076923077
0 0.3473557692307692 0.5877403846153846 0.02403846153846154 0.04326923076923077
0 0.5673076923076923 0.5829326923076923 0.028846153846153848 0.04807692307692308
0 0.6153846153846154 0.5817307692307693 0.028846153846153848 0.05048076923076923
0 0.7055288461538461 0.5829326923076923 0.028846153846153848 0.04326923076923077
0 0.49158653846153844 0.5901442307692307 0.028846153846153848 0.05048076923076923
0 0.6658653846153846 0.5889423076923077 0.028846153846153848 0.055288461538461536
0 0.7379807692307693 0.5889423076923077 0.028846153846153848 0.04807692307692308
0 0.42427884615384615 0.0625 0.02403846153846154 0.04326923076923077
0 0.15144230769230768 0.6189903846153846 0.028846153846153848 0.06009615384615385
0 0.5444711538461539 0.06009615384615385 0.019230769230769232 0.04326923076923077
0 0.1141826923076923 0.6310096153846154 0.028846153846153848 0.04807692307692308
0 0.24278846153846154 0.6274038461538461 0.02403846153846154 0.05048076923076923
0 0.03245192307692308 0.6346153846153846 0.028846153846153848 0.05048076923076923
0 0.20432692307692307 0.6310096153846154 0.028846153846153848 0.055288461538461536
0 0.9362980769230769 0.6069711538461539 0.028846153846153848 0.055288461538461536
0 0.3401442307692308 0.6286057692307693 0.02403846153846154 0.055288461538461536
0 0.4963942307692308 0.0625 0.02403846153846154 0.05048076923076923
0 0.4326923076923077 0.6346153846153846 0.03365384615384615 0.055288461538461536
0 0.984375 0.6177884615384616 0.028846153846153848 0.04807692307692308
0 0.2848557692307692 0.6442307692307693 0.02403846153846154 0.04326923076923077
0 0.3918269230769231 0.6430288461538461 0.03365384615384615 0.055288461538461536
0 0.6370192307692307 0.6430288461538461 0.028846153846153848 0.055288461538461536
0 0.6790865384615384 0.05889423076923077 0.028846153846153848 0.05048076923076923
0 0.7776442307692307 0.6478365384615384 0.028846153846153848 0.05048076923076923
0 0.8329326923076923 0.6478365384615384 0.028846153846153848 0.04326923076923077
0 0.140625 0.6730769230769231 0.028846153846153848 0.055288461538461536
0 0.6887019230769231 0.65625 0.028846153846153848 0.06009615384615385
0 0.7379807692307693 0.65625 0.028846153846153848 0.05048076923076923
0 0.056490384615384616 0.6850961538461539 0.02403846153846154 0.05048076923076923
0 0.018028846153846152 0.6887019230769231 0.02403846153846154 0.05048076923076923
0 0.8762019230769231 0.6586538461538461 0.028846153846153848 0.05048076923076923
0 0.0985576923076923 0.6875 0.028846153846153848 0.06009615384615385
0 0.3233173076923077 0.07572115384615384 0.019230769230769232 0.03365384615384615
0 0.96875 0.6754807692307693 0.028846153846153848 0.06490384615384616
0 0.18509615384615385 0.7103365384615384 0.03365384615384615 0.06009615384615385
0 0.39302884615384615 0.0733173076923077 0.019230769230769232 0.038461538461538464
0 0.3701923076923077 0.7079326923076923 0.03365384615384615 0.04807692307692308
0 0.5516826923076923 0.7067307692307693 0.028846153846153848 0.055288461538461536
0 0.6370192307692307 0.7055288461538461 0.028846153846153848 0.04326923076923077
0 0.44711538461538464 0.7151442307692307 0.028846153846153848 0.06490384615384616
0 0.6790865384615384 0.7091346153846154 0.03365384615384615 0.055288461538461536
0 0.6394230769230769 0.0673076923076923 0.019230769230769232 0.038461538461538464
0 0.002403846153846154 0.0889423076923077 0.004807692307692308 0.04326923076923077
0 0.48677884615384615 0.7223557692307693 0.02403846153846154 0.05048076923076923
0 0.40625 0.7259615384615384 0.02403846153846154 0.04326923076923077
0 0.7824519230769231 0.06490384615384616 0.028846153846153848 0.055288461538461536
0 0.7536057692307693 0.06490384615384616 0.02403846153846154 0.04326923076923077
0 0.7307692307692307 0.7271634615384616 0.028846153846153848 0.05048076923076923
0 0.9338942307692307 0.7235576923076923 0.036057692307692304 0.07451923076923077
0 0.8713942307692307 0.7271634615384616 0.028846153846153848 0.04326923076923077
0 0.8257211538461539 0.7319711538461539 0.03365384615384615 0.06490384615384616
0 0.0829326923076923 0.7572115384615384 0.03365384615384615 0.05048076923076923
0 0.12620192307692307 0.7584134615384616 0.019230769230769232 0.05048076923076923
0 0.7836538461538461 0.7379807692307693 0.028846153846153848 0.06490384615384616
0 0.03245192307692308 0.7740384615384616 0.03365384615384615 0.055288461538461536
0 0.30408653846153844 0.7644230769230769 0.03365384615384615 0.06009615384615385
0 0.171875 0.7776442307692307 0.03365384615384615 0.055288461538461536
0 0.22716346153846154 0.7872596153846154 0.02403846153846154 0.055288461538461536
0 0.359375 0.7848557692307693 0.028846153846153848 0.04807692307692308
0 0.5925480769230769 0.7860576923076923 0.028846153846153848 0.05048076923076923
0 0.9387019230769231 0.0625 0.02403846153846154 0.04326923076923077
0 0.4110576923076923 0.7956730769230769 0.028846153846153848 0.05048076923076923
0 0.02283653846153846 0.8088942307692307 0.02403846153846154 0.06009615384615385
0 0.5384615384615384 0.7932692307692307 0.02403846153846154 0.04326923076923077
0 0.13822115384615385 0.8209134615384616 0.028846153846153848 0.06009615384615385
0 0.7235576923076923 0.8028846153846154 0.02403846153846154 0.05048076923076923
0 0.10817307692307693 0.8245192307692307 0.028846153846153848 0.05048076923076923
0 0.04326923076923077 0.8329326923076923 0.028846153846153848 0.05048076923076923
0 0.2824519230769231 0.8353365384615384 0.028846153846153848 0.05048076923076923
0 0.3317307692307692 0.8341346153846154 0.03125 0.06971153846153846
0 0.6514423076923077 0.8233173076923077 0.03365384615384615 0.04807692307692308
0 0.41947115384615385 0.8341346153846154 0.028846153846153848 0.055288461538461536
0 0.8978365384615384 0.06850961538461539 0.019230769230769232 0.04326923076923077
0 0.47716346153846156 0.8341346153846154 0.02403846153846154 0.055288461538461536
0 0.5673076923076923 0.8305288461538461 0.040865384615384616 0.07692307692307693
0 0.5216346153846154 0.8377403846153846 0.028846153846153848 0.04326923076923077
0 0.8533653846153846 0.0733173076923077 0.02403846153846154 0.038461538461538464
0 0.7151442307692307 0.078125 0.028846153846153848 0.04326923076923077
0 0.18990384615384615 0.8629807692307693 0.028846153846153848 0.038461538461538464
0 0.7644230769230769 0.8449519230769231 0.019230769230769232 0.028846153846153848
0 0.03245192307692308 0.10336538461538461 0.019230769230769232 0.038461538461538464
0 0.20552884615384615 0.09735576923076923 0.028846153846153848 0.04807692307692308
0 0.15865384615384615 0.10216346153846154 0.028846153846153848 0.06490384615384616
0 0.3161057692307692 0.10096153846153846 0.02403846153846154 0.03365384615384615
0 0.9651442307692307 0.0829326923076923 0.019230769230769232 0.055288461538461536
0 0.5228365384615384 0.10096153846153846 0.028846153846153848 0.05048076923076923
0 0.4519230769230769 0.10576923076923077 0.019230769230769232 0.04326923076923077
0 0.6141826923076923 0.10216346153846154 0.02403846153846154 0.04326923076923077
0 0.48197115384615385 0.10697115384615384 0.028846153846153848 0.04807692307692308
0 0.7271634615384616 0.10096153846153846 0.019230769230769232 0.038461538461538464
0 0.328125 0.018028846153846152 0.02403846153846154 0.02403846153846154
0 0.6646634615384616 0.11658653846153846 0.019230769230769232 0.04326923076923077
0 0.78125 0.11538461538461539 0.02403846153846154 0.04326923076923077
0 0.9723557692307693 0.10817307692307693 0.019230769230769232 0.04807692307692308
0 0.6394230769230769 0.125 0.02403846153846154 0.05048076923076923
0 0.1935096153846154 0.14783653846153846 0.02403846153846154 0.04807692307692308
0 0.9362980769230769 0.12379807692307693 0.028846153846153848 0.04326923076923077
0 0.1201923076923077 0.15384615384615385 0.02403846153846154 0.04326923076923077
0 0.47596153846153844 0.1466346153846154 0.02403846153846154 0.04326923076923077