0 0.9302884615384616 0.25600961538461536 0.0625 0.08173076923076923
0 0.8125 0.2848557692307692 0.057692307692307696 0.07932692307692307
0 0.8822115384615384 0.28125 0.04567307692307692 0.05048076923076923
0 0.2536057692307692 0.3425480769230769 0.040865384615384616 0.04567307692307692
0 0.31850961538461536 0.34375 0.036057692307692304 0.052884615384615384
0 0.7944711538461539 0.30408653846153844 0.04567307692307692 0.057692307692307696
0 0.039663461538461536 0.3701923076923077 0.05048076923076923 0.06009615384615385
0 0.546875 0.3425480769230769 0.04326923076923077 0.0673076923076923
0 0.1935096153846154 0.3762019230769231 0.057692307692307696 0.07932692307692307
0 0.6394230769230769 0.3389423076923077 0.05048076923076923 0.055288461538461536
0 0.5769230769230769 0.3449519230769231 0.05048076923076923 0.06009615384615385
0 0.1141826923076923 0.38822115384615385 0.052884615384615384 0.07451923076923077
0 0.16706730769230768 0.3858173076923077 0.03125 0.038461538461538464
0 0.4074519230769231 0.36658653846153844 0.04807692307692308 0.07211538461538461
0 0.7271634615384616 0.3425480769230769 0.052884615384615384 0.06971153846153846
0 0.49759615384615385 0.36538461538461536 0.04326923076923077 0.0625
0 0.2536057692307692 0.3894230769230769 0.052884615384615384 0.06490384615384616
0 0.14903846153846154 0.39783653846153844 0.04807692307692308 0.0625
0 0.34615384615384615 0.38822115384615385 0.04567307692307692 0.057692307692307696
0 0.45913461538461536 0.38100961538461536 0.036057692307692304 0.05048076923076923
0 0.3173076923076923 0.39783653846153844 0.04567307692307692 0.057692307692307696
0 0.6983173076923077 0.4014423076923077 0.052884615384615384 0.06971153846153846
0 0.6502403846153846 0.40865384615384615 0.04807692307692308 0.0625
0 0.6081730769230769 0.4375 0.05048076923076923 0.055288461538461536
0 0.4326923076923077 0.6334134615384616 0.05048076923076923 0.055288461538461536