0 0.16466346153846154 0.14783653846153846 0.08173076923076923 0.10576923076923077
0 0.5997596153846154 0.09975961538461539 0.08653846153846154 0.11057692307692307
0 0.019230769230769232 0.18389423076923078 0.038461538461538464 0.12740384615384615
0 0.38461538461538464 0.14903846153846154 0.06971153846153846 0.08413461538461539
0 0.6742788461538461 0.11538461538461539 0.0673076923076923 0.07211538461538461
0 0.9194711538461539 0.10096153846153846 0.06971153846153846 0.09375
0 0.07932692307692307 0.2091346153846154 0.07932692307692307 0.08653846153846154
0 0.8509615384615384 0.1141826923076923 0.06971153846153846 0.09375
0 0.7247596153846154 0.14783653846153846 0.04807692307692308 0.06490384615384616
0 0.5048076923076923 0.18990384615384615 0.07692307692307693 0.10336538461538461
0 0.6887019230769231 0.17427884615384615 0.07451923076923077 0.08173076923076923
0 0.7692307692307693 0.17307692307692307 0.06971153846153846 0.0889423076923077
0 0.5661057692307693 0.1971153846153846 0.06490384615384616 0.08173076923076923
0 0.13822115384615385 0.2692307692307692 0.07211538461538461 0.0985576923076923
0 0.20552884615384615 0.2692307692307692 0.07211538461538461 0.07211538461538461
0 0.5625 0.24519230769230768 0.06490384615384616 0.0889423076923077
0 0.0829326923076923 0.30649038461538464 0.06971153846153846 0.09375
0 0.3942307692307692 0.27283653846153844 0.06971153846153846 0.08413461538461539
0 0.6550480769230769 0.24158653846153846 0.06490384615384616 0.09375
0 0.3629807692307692 0.040865384615384616 0.07692307692307693 0.0625
0 0.8305288461538461 0.23557692307692307 0.07451923076923077 0.09134615384615384
0 0.9170673076923077 0.23197115384615385 0.07932692307692307 0.08653846153846154
0 0.7319711538461539 0.25721153846153844 0.06490384615384616 0.08173076923076923
0 0.039663461538461536 0.34975961538461536 0.07932692307692307 0.06971153846153846
0 0.48197115384615385 0.2956730769230769 0.06971153846153846 0.08413461538461539
0 0.9158653846153846 0.2620192307692308 0.0673076923076923 0.07211538461538461
0 0.7740384615384616 0.015625 0.07211538461538461 0.03125
0 0.1935096153846154 0.3629807692307692 0.09615384615384616 0.125
0 0.8798076923076923 0.28725961538461536 0.06490384615384616 0.08413461538461539
0 0.2692307692307692 0.3701923076923077 0.08653846153846154 0.11057692307692307
0 0.1141826923076923 0.39302884615384615 0.07451923076923077 0.08173076923076923
0 0.3798076923076923 0.3605769230769231 0.07692307692307693 0.10817307692307693
0 0.6766826923076923 0.33653846153846156 0.08653846153846154 0.10576923076923077
0 0.6177884615384616 0.35216346153846156 0.055288461538461536 0.08413461538461539
0 0.8918269230769231 0.010817307692307692 0.0673076923076923 0.021634615384615384
0 0.33413461538461536 0.4014423076923077 0.08413461538461539 0.09615384615384616
0 0.7644230769230769 0.35697115384615385 0.0889423076923077 0.10576923076923077
0 0.4987980769230769 0.3894230769230769 0.08173076923076923 0.10576923076923077
0 0.6754807692307693 0.02283653846153846 0.057692307692307696 0.04567307692307692
0 0.04567307692307692 0.453125 0.07692307692307693 0.11778846153846154
0 0.14903846153846154 0.4495192307692308 0.07692307692307693 0.10817307692307693
0 0.9182692307692307 0.3581730769230769 0.0673076923076923 0.07692307692307693
0 0.18509615384615385 0.08173076923076923 0.0673076923076923 0.0625
0 0.3737980769230769 0.47596153846153844 0.09615384615384616 0.07932692307692307
0 0.08774038461538461 0.5300480769230769 0.08653846153846154 0.10576923076923077
0 0.7740384615384616 0.45072115384615385 0.08173076923076923 0.07932692307692307
0 0.19951923076923078 0.5216346153846154 0.08413461538461539 0.09615384615384616
0 0.33774038461538464 0.5480769230769231 0.0889423076923077 0.12740384615384615
0 0.5552884615384616 0.5204326923076923 0.09134615384615384 0.1201923076923077
0 0.8341346153846154 0.49158653846153844 0.07692307692307693 0.10817307692307693
0 0.042067307692307696 0.5889423076923077 0.07932692307692307 0.09134615384615384
0 0.9651442307692307 0.4795673076923077 0.06971153846153846 0.10817307692307693
0 0.4110576923076923 0.5504807692307693 0.0625 0.10336538461538461
0 0.45552884615384615 0.055288461538461536 0.0625 0.0673076923076923
0 0.12620192307692307 0.5901442307692307 0.08653846153846154 0.08653846153846154
0 0.6923076923076923 0.5252403846153846 0.08413461538461539 0.12259615384615384
0 0.7680288461538461 0.5324519230769231 0.08173076923076923 0.11778846153846154
0 0.23557692307692307 0.6021634615384616 0.07211538461538461 0.0985576923076923
0 0.47475961538461536 0.5805288461538461 0.06009615384615385 0.08413461538461539
0 0.38100961538461536 0.6334134615384616 0.07692307692307693 0.11298076923076923
0 0.15745192307692307 0.6634615384615384 0.11057692307692307 0.12259615384615384
0 0.057692307692307696 0.6899038461538461 0.08413461538461539 0.10096153846153846
0 0.44711538461538464 0.6598557692307693 0.08173076923076923 0.11778846153846154
0 0.9627403846153846 0.5997596153846154 0.06971153846153846 0.08413461538461539
0 0.2848557692307692 0.6826923076923077 0.07932692307692307 0.12259615384615384
0 0.9903846153846154 0.6069711538461539 0.019230769230769232 0.07932692307692307
0 0.028846153846153848 0.12139423076923077 0.057692307692307696 0.08413461538461539
0 0.8365384615384616 0.6526442307692307 0.08413461538461539 0.09615384615384616
0 0.3581730769230769 0.08653846153846154 0.0673076923076923 0.0673076923076923
0 0.27163461538461536 0.09735576923076923 0.05048076923076923 0.08173076923076923
0 0.16466346153846154 0.7704326923076923 0.09615384615384616 0.12980769230769232
0 0.8966346153846154 0.6887019230769231 0.07692307692307693 0.11778846153846154
0 0.9711538461538461 0.6911057692307693 0.057692307692307696 0.11778846153846154
0 0.09615384615384616 0.8040865384615384 0.07211538461538461 0.10336538461538461
0 0.7127403846153846 0.7331730769230769 0.0985576923076923 0.10817307692307693
0 0.8125 0.7295673076923077 0.06490384615384616 0.09375
0 0.28966346153846156 0.8149038461538461 0.0625 0.11538461538461539
0 0.5817307692307693 0.7836538461538461 0.07692307692307693 0.10817307692307693
0 0.49399038461538464 0.7992788461538461 0.08413461538461539 0.09134615384615384
0 0.21995192307692307 0.8401442307692307 0.09615384615384616 0.125
0 0.7800480769230769 0.8125 0.08653846153846154 0.11538461538461539
0 0.5408653846153846 0.8569711538461539 0.0985576923076923 0.0985576923076923
0 0.3918269230769231 0.875 0.10336538461538461 0.10817307692307693
0 0.6790865384615384 0.8533653846153846 0.09134615384615384 0.07932692307692307
0 0.9278846153846154 0.03485576923076923 0.040865384615384616 0.055288461538461536
0 0.234375 0.12259615384615384 0.0889423076923077 0.12740384615384615
0 0.5300480769230769 0.08533653846153846 0.07211538461538461 0.0985576923076923
0 0.8076923076923077 0.056490384615384616 0.07932692307692307 0.09134615384615384
0 0.7043269230769231 0.07211538461538461 0.0625 0.07692307692307693
0 0.8762019230769231 0.055288461538461536 0.0673076923076923 0.0673076923076923