0 0.6358173076923077 0.10336538461538461 0.038461538461538464 0.055288461538461536
0 0.5901442307692307 0.11778846153846154 0.05048076923076923 0.09134615384615384
0 0.39302884615384615 0.14182692307692307 0.038461538461538464 0.02403846153846154
0 0.018028846153846152 0.18028846153846154 0.036057692307692304 0.09615384615384616
0 0.18629807692307693 0.16466346153846154 0.040865384615384616 0.08173076923076923
0 0.09134615384615384 0.17668269230769232 0.04807692307692308 0.0889423076923077
0 0.6322115384615384 0.010817307692307692 0.02403846153846154 0.021634615384615384
0 0.26802884615384615 0.18028846153846154 0.04567307692307692 0.08173076923076923
0 0.49158653846153844 0.1658653846153846 0.040865384615384616 0.07692307692307693
0 0.15504807692307693 0.20072115384615385 0.04326923076923077 0.07932692307692307
0 0.5228365384615384 0.17067307692307693 0.04807692307692308 0.040865384615384616
0 0.33774038461538464 0.19591346153846154 0.05048076923076923 0.08413461538461539
0 0.30288461538461536 0.036057692307692304 0.05048076923076923 0.04326923076923077
0 0.12139423076923077 0.2283653846153846 0.04567307692307692 0.07692307692307693
0 0.40625 0.20552884615384615 0.04807692307692308 0.08413461538461539
0 0.3918269230769231 0.027644230769230768 0.06009615384615385 0.04567307692307692
0 0.6514423076923077 0.014423076923076924 0.028846153846153848 0.028846153846153848
0 0.5504807692307693 0.24519230769230768 0.05048076923076923 0.07451923076923077
0 0.30649038461538464 0.2692307692307692 0.055288461538461536 0.07211538461538461
0 0.203125 0.28725961538461536 0.06009615384615385 0.09375
0 0.6634615384615384 0.2848557692307692 0.055288461538461536 0.09615384615384616
0 0.13221153846153846 0.3389423076923077 0.04567307692307692 0.0625
0 0.6105769230769231 0.3016826923076923 0.055288461538461536 0.07932692307692307
0 0.5480769230769231 0.32091346153846156 0.04807692307692308 0.08173076923076923
0 0.20432692307692307 0.35336538461538464 0.04567307692307692 0.052884615384615384
0 0.42427884615384615 0.33533653846153844 0.04326923076923077 0.06971153846153846
0 0.17067307692307693 0.3605769230769231 0.052884615384615384 0.04326923076923077
0 0.4579326923076923 0.34375 0.04807692307692308 0.09134615384615384
0 0.05048076923076923 0.38221153846153844 0.055288461538461536 0.09375
0 0.27884615384615385 0.3641826923076923 0.04326923076923077 0.08173076923076923
0 0.3161057692307692 0.3629807692307692 0.04326923076923077 0.07211538461538461
0 0.06971153846153846 0.07211538461538461 0.04567307692307692 0.0673076923076923
0 0.20432692307692307 0.06129807692307692 0.03125 0.0625
0 0.6646634615384616 0.3786057692307692 0.052884615384615384 0.0625
0 0.328125 0.4110576923076923 0.03125 0.0625
0 0.18870192307692307 0.4254807692307692 0.057692307692307696 0.09375
0 0.5721153846153846 0.4026442307692308 0.04326923076923077 0.10336538461538461
0 0.5540865384615384 0.03485576923076923 0.038461538461538464 0.06971153846153846
0 0.28125 0.4326923076923077 0.038461538461538464 0.06490384615384616
0 0.36778846153846156 0.4266826923076923 0.04326923076923077 0.08653846153846154
0 0.11298076923076923 0.4723557692307692 0.04326923076923077 0.057692307692307696
0 0.23317307692307693 0.06610576923076923 0.036057692307692304 0.07451923076923077
0 0.6550480769230769 0.43509615384615385 0.04807692307692308 0.07211538461538461
0 0.06850961538461539 0.4855769230769231 0.05048076923076923 0.08413461538461539
0 0.609375 0.43990384615384615 0.052884615384615384 0.09375
0 0.016826923076923076 0.4987980769230769 0.03365384615384615 0.0889423076923077
0 0.14182692307692307 0.07692307692307693 0.03125 0.08413461538461539
0 0.32211538461538464 0.4831730769230769 0.04807692307692308 0.0625
0 0.5192307692307693 0.4891826923076923 0.06009615384615385 0.08653846153846154
0 0.14783653846153846 0.53125 0.055288461538461536 0.07692307692307693
0 0.578125 0.4951923076923077 0.057692307692307696 0.06490384615384616
0 0.2764423076923077 0.5240384615384616 0.055288461538461536 0.09134615384615384
0 0.7127403846153846 0.49038461538461536 0.05048076923076923 0.07932692307692307
0 0.41225961538461536 0.5204326923076923 0.06009615384615385 0.04326923076923077
0 0.6225961538461539 0.042067307692307696 0.06009615384615385 0.06009615384615385
0 0.3317307692307692 0.5516826923076923 0.057692307692307696 0.09134615384615384
0 0.4375 0.5649038461538461 0.06009615384615385 0.07692307692307693
0 0.021634615384615384 0.6057692307692307 0.038461538461538464 0.125
0 0.4987980769230769 0.5637019230769231 0.06490384615384616 0.10336538461538461
0 0.16706730769230768 0.08533653846153846 0.055288461538461536 0.07932692307692307
0 0.09615384615384616 0.609375 0.0673076923076923 0.0673076923076923
0 0.2860576923076923 0.59375 0.04567307692307692 0.06009615384615385
0 0.6634615384615384 0.5637019230769231 0.05048076923076923 0.0673076923076923
0 0.15985576923076922 0.609375 0.055288461538461536 0.07932692307692307
0 0.9411057692307693 0.5444711538461539 0.04567307692307692 0.04807692307692308
0 0.8137019230769231 0.5612980769230769 0.05048076923076923 0.04567307692307692
0 0.5757211538461539 0.5841346153846154 0.052884615384615384 0.08653846153846154
0 0.21754807692307693 0.6322115384615384 0.055288461538461536 0.08173076923076923
0 0.9170673076923077 0.5841346153846154 0.057692307692307696 0.0889423076923077
0 0.7307692307692307 0.6105769230769231 0.057692307692307696 0.10336538461538461
0 0.4254807692307692 0.6454326923076923 0.06009615384615385 0.0889423076923077
0 0.5360576923076923 0.6370192307692307 0.04567307692307692 0.04567307692307692
0 0.08413461538461539 0.6766826923076923 0.0625 0.0889423076923077
0 0.8088942307692307 0.6177884615384616 0.06490384615384616 0.08653846153846154
0 0.27163461538461536 0.08533653846153846 0.03365384615384615 0.07692307692307693
0 0.8581730769230769 0.6322115384615384 0.052884615384615384 0.10336538461538461
0 0.2956730769230769 0.6826923076923077 0.0673076923076923 0.11057692307692307
0 0.5793269230769231 0.6838942307692307 0.06971153846153846 0.10096153846153846
0 0.6622596153846154 0.6802884615384616 0.04567307692307692 0.09375
0 0.984375 0.6526442307692307 0.03125 0.08413461538461539
0 0.22115384615384615 0.7223557692307693 0.057692307692307696 0.0985576923076923
0 0.40384615384615385 0.7067307692307693 0.0673076923076923 0.06971153846153846
0 0.9158653846153846 0.6622596153846154 0.038461538461538464 0.06490384615384616
0 0.03485576923076923 0.7415865384615384 0.040865384615384616 0.11538461538461539
0 0.7572115384615384 0.6814903846153846 0.04807692307692308 0.0889423076923077
0 0.5300480769230769 0.7079326923076923 0.06490384615384616 0.09615384615384616
0 0.38822115384615385 0.08052884615384616 0.04326923076923077 0.06971153846153846
0 0.0829326923076923 0.7644230769230769 0.057692307692307696 0.07932692307692307
0 0.9711538461538461 0.6887019230769231 0.057692307692307696 0.11298076923076923
0 0.8257211538461539 0.7079326923076923 0.0673076923076923 0.0889423076923077
0 0.296875 0.7584134615384616 0.0625 0.036057692307692304
0 0.6935096153846154 0.7331730769230769 0.0673076923076923 0.10336538461538461
0 0.3870192307692308 0.7872596153846154 0.057692307692307696 0.0889423076923077
0 0.21033653846153846 0.8185096153846154 0.057692307692307696 0.08653846153846154
0 0.11658653846153846 0.8305288461538461 0.057692307692307696 0.06971153846153846
0 0.2704326923076923 0.026442307692307692 0.02403846153846154 0.019230769230769232
0 0.7704326923076923 0.7896634615384616 0.052884615384615384 0.09375
0 0.6105769230769231 0.8052884615384616 0.05048076923076923 0.11538461538461539
0 0.9807692307692307 0.7740384615384616 0.038461538461538464 0.057692307692307696
0 0.3112980769230769 0.8353365384615384 0.06490384615384616 0.10096153846153846
0 0.47716346153846156 0.0829326923076923 0.03365384615384615 0.07932692307692307
0 0.8329326923076923 0.8028846153846154 0.06009615384615385 0.09375
0 0.5168269230769231 0.8449519230769231 0.06971153846153846 0.10096153846153846
0 0.48197115384615385 0.8497596153846154 0.036057692307692304 0.04326923076923077
0 0.6658653846153846 0.8377403846153846 0.055288461538461536 0.07932692307692307
0 0.4411057692307692 0.8617788461538461 0.06490384615384616 0.09375
0 0.953125 0.8185096153846154 0.0625 0.06009615384615385
0 0.875 0.8293269230769231 0.055288461538461536 0.06971153846153846
0 0.13701923076923078 0.8942307692307693 0.0625 0.0673076923076923
0 0.7331730769230769 0.8473557692307693 0.0625 0.0673076923076923
0 0.9879807692307693 0.8257211538461539 0.02403846153846154 0.06009615384615385
0 0.36658653846153844 0.8822115384615384 0.052884615384615384 0.057692307692307696
0 0.24759615384615385 0.8942307692307693 0.07211538461538461 0.06490384615384616
0 0.8317307692307693 0.8545673076923077 0.05048076923076923 0.038461538461538464
0 0.6153846153846154 0.8737980769230769 0.08173076923076923 0.040865384615384616
0 0.04567307692307692 0.12860576923076922 0.055288461538461536 0.09134615384615384
0 0.5024038461538461 0.0889423076923077 0.04807692307692308 0.06490384615384616
0 0.3125 0.11177884615384616 0.04326923076923077 0.07932692307692307
0 0.6514423076923077 0.08653846153846154 0.04326923076923077 0.05048076923076923
0 0.43028846153846156 0.015625 0.026442307692307692 0.021634615384615384
0 0.42908653846153844 0.11538461538461539 0.040865384615384616 0.07211538461538461