0 0.38221153846153844 0.18269230769230768 0.06971153846153846 0.1346153846153846
0 0.4519230769230769 0.18269230769230768 0.05048076923076923 0.10697115384615384
0 0.7524038461538461 0.22956730769230768 0.06490384615384616 0.15264423076923078
0 0.8329326923076923 0.23197115384615385 0.06971153846153846 0.1346153846153846
0 0.6298076923076923 0.234375 0.055288461538461536 0.12980769230769232
0 0.23197115384615385 0.23557692307692307 0.06009615384615385 0.12980769230769232
0 0.34975961538461536 0.26802884615384615 0.05048076923076923 0.11057692307692307
0 0.5420673076923077 0.26802884615384615 0.07451923076923077 0.171875
0 0.30528846153846156 0.2776442307692308 0.06490384615384616 0.12980769230769232
0 0.0625 0.2848557692307692 0.06009615384615385 0.1622596153846154
0 0.4170673076923077 0.328125 0.06490384615384616 0.1346153846153846
0 0.19230769230769232 0.33774038461538464 0.055288461538461536 0.125
0 0.24519230769230768 0.5048076923076923 0.06009615384615385 0.1346153846153846
0 0.8076923076923077 0.08052884615384616 0.055288461538461536 0.1201923076923077
0 0.6153846153846154 0.0829326923076923 0.05048076923076923 0.10216346153846154
0 0.6971153846153846 0.08533653846153846 0.055288461538461536 0.13942307692307693
0 0.9723557692307693 0.09735576923076923 0.05048076923076923 0.13942307692307693
0 0.8725961538461539 0.1346153846153846 0.05048076923076923 0.1201923076923077
0 0.5096153846153846 0.13942307692307693 0.05048076923076923 0.1201923076923077
0 0.921875 0.15745192307692307 0.05048076923076923 0.1346153846153846
0 0.06009615384615385 0.171875 0.055288461538461536 0.1201923076923077
0 0.15745192307692307 0.1778846153846154 0.06490384615384616 0.1201923076923077