0 0.19591346153846154 0.057692307692307696 0.021634615384615384 0.026442307692307692
0 0.5360576923076923 0.10096153846153846 0.021634615384615384 0.03125
0 0.3389423076923077 0.03245192307692308 0.021634615384615384 0.026442307692307692
0 0.5805288461538461 0.1045673076923077 0.02403846153846154 0.036057692307692304
0 0.9194711538461539 0.055288461538461536 0.02403846153846154 0.040865384615384616
0 0.28365384615384615 0.04567307692307692 0.021634615384615384 0.026442307692307692
0 0.7836538461538461 0.09254807692307693 0.021634615384615384 0.03125
0 0.8401442307692307 0.08533653846153846 0.02403846153846154 0.036057692307692304
0 0.6153846153846154 0.12740384615384615 0.026442307692307692 0.026442307692307692
0 0.18389423076923078 0.203125 0.02403846153846154 0.036057692307692304
0 0.22355769230769232 0.19831730769230768 0.026442307692307692 0.03125
0 0.6574519230769231 0.125 0.026442307692307692 0.03125
0 0.8810096153846154 0.08533653846153846 0.028846153846153848 0.036057692307692304
0 0.08052884615384616 0.2283653846153846 0.03365384615384615 0.036057692307692304
0 0.5865384615384616 0.14182692307692307 0.026442307692307692 0.03125
0 0.7175480769230769 0.11899038461538461 0.02403846153846154 0.036057692307692304
0 0.10817307692307693 0.22596153846153846 0.021634615384615384 0.03125
0 0.34975961538461536 0.18389423076923078 0.026442307692307692 0.03125
0 0.40024038461538464 0.17668269230769232 0.021634615384615384 0.03125
0 0.27524038461538464 0.19951923076923078 0.02403846153846154 0.036057692307692304
0 0.5060096153846154 0.15865384615384615 0.021634615384615384 0.03125
0 0.4423076923076923 0.171875 0.026442307692307692 0.03125
0 0.8004807692307693 0.13221153846153846 0.03365384615384615 0.036057692307692304
0 0.234375 0.234375 0.02403846153846154 0.036057692307692304
0 0.055288461538461536 0.26802884615384615 0.026442307692307692 0.03125
0 0.6514423076923077 0.16346153846153846 0.021634615384615384 0.026442307692307692
0 0.9242788461538461 0.11778846153846154 0.028846153846153848 0.036057692307692304
0 0.7548076923076923 0.14783653846153846 0.021634615384615384 0.026442307692307692
0 0.1466346153846154 0.25721153846153844 0.028846153846153848 0.040865384615384616
0 0.6875 0.1622596153846154 0.038461538461538464 0.04326923076923077
0 0.28846153846153844 0.23197115384615385 0.021634615384615384 0.026442307692307692
0 0.19471153846153846 0.2512019230769231 0.021634615384615384 0.026442307692307692
0 0.7680288461538461 0.15384615384615385 0.021634615384615384 0.03125
0 0.8341346153846154 0.14903846153846154 0.019230769230769232 0.028846153846153848
0 0.4170673076923077 0.24278846153846154 0.02403846153846154 0.036057692307692304
0 0.9026442307692307 0.15985576923076922 0.02403846153846154 0.040865384615384616
0 0.8713942307692307 0.17067307692307693 0.019230769230769232 0.028846153846153848
0 0.5480769230769231 0.2283653846153846 0.02403846153846154 0.036057692307692304
0 0.016826923076923076 0.34975961538461536 0.026442307692307692 0.03125
0 0.14903846153846154 0.32572115384615385 0.028846153846153848 0.040865384615384616
0 0.051682692307692304 0.3485576923076923 0.028846153846153848 0.040865384615384616
0 0.6694711538461539 0.23918269230769232 0.026442307692307692 0.03125
0 0.47475961538461536 0.2764423076923077 0.028846153846153848 0.036057692307692304
0 0.9459134615384616 0.1935096153846154 0.019230769230769232 0.02403846153846154
0 0.2668269230769231 0.31490384615384615 0.021634615384615384 0.03125
0 0.35336538461538464 0.3004807692307692 0.026442307692307692 0.03125
0 0.5252403846153846 0.27163461538461536 0.026442307692307692 0.03125
0 0.8725961538461539 0.21153846153846154 0.019230769230769232 0.028846153846153848
0 0.10697115384615384 0.34615384615384615 0.028846153846153848 0.036057692307692304
0 0.7524038461538461 0.23197115384615385 0.02403846153846154 0.036057692307692304
0 0.23076923076923078 0.3245192307692308 0.03365384615384615 0.036057692307692304
0 0.18870192307692307 0.33413461538461536 0.026442307692307692 0.03125
0 0.7055288461538461 0.24278846153846154 0.026442307692307692 0.03125
0 0.6274038461538461 0.25961538461538464 0.028846153846153848 0.036057692307692304
0 0.5865384615384616 0.2692307692307692 0.021634615384615384 0.026442307692307692
0 0.9158653846153846 0.21033653846153846 0.021634615384615384 0.026442307692307692
0 0.3173076923076923 0.3161057692307692 0.026442307692307692 0.026442307692307692
0 0.8209134615384616 0.22716346153846154 0.02403846153846154 0.036057692307692304
0 0.3942307692307692 0.30528846153846156 0.026442307692307692 0.03125
0 0.7920673076923077 0.24158653846153846 0.03365384615384615 0.036057692307692304
0 0.42908653846153844 0.3269230769230769 0.021634615384615384 0.03125
0 0.14903846153846154 0.3762019230769231 0.021634615384615384 0.026442307692307692
0 0.013221153846153846 0.40024038461538464 0.026442307692307692 0.036057692307692304
0 0.6370192307692307 0.28966346153846156 0.021634615384615384 0.03125
0 0.953125 0.234375 0.019230769230769232 0.028846153846153848
0 0.33653846153846156 0.34615384615384615 0.02403846153846154 0.036057692307692304
0 0.057692307692307696 0.3954326923076923 0.03125 0.03125
0 0.10216346153846154 0.3894230769230769 0.02403846153846154 0.040865384615384616
0 0.21875 0.36899038461538464 0.021634615384615384 0.026442307692307692
0 0.8677884615384616 0.2548076923076923 0.026442307692307692 0.03125
0 0.2776442307692308 0.3581730769230769 0.028846153846153848 0.036057692307692304
0 0.6610576923076923 0.29086538461538464 0.026442307692307692 0.026442307692307692
0 0.5504807692307693 0.31009615384615385 0.02403846153846154 0.040865384615384616
0 0.7127403846153846 0.28125 0.026442307692307692 0.03125
0 0.4675480769230769 0.328125 0.021634615384615384 0.03125
0 0.7632211538461539 0.27524038461538464 0.021634615384615384 0.03125
0 0.9122596153846154 0.2512019230769231 0.026442307692307692 0.026442307692307692
0 0.2439903846153846 0.36899038461538464 0.028846153846153848 0.036057692307692304
0 0.6862980769230769 0.2920673076923077 0.019230769230769232 0.02403846153846154
0 0.5048076923076923 0.3245192307692308 0.026442307692307692 0.03125
0 0.38461538461538464 0.3485576923076923 0.021634615384615384 0.03125
0 0.6081730769230769 0.3137019230769231 0.021634615384615384 0.026442307692307692
0 0.17908653846153846 0.3918269230769231 0.028846153846153848 0.036057692307692304
0 0.010817307692307692 0.4387019230769231 0.021634615384615384 0.03125
0 0.13701923076923078 0.09375 0.021634615384615384 0.03125
0 0.03485576923076923 0.11177884615384616 0.026442307692307692 0.03125
0 0.33653846153846156 0.3858173076923077 0.026442307692307692 0.03125
0 0.5817307692307693 0.34375 0.026442307692307692 0.03125
0 0.921875 0.28365384615384615 0.02403846153846154 0.036057692307692304
0 0.10697115384615384 0.43028846153846156 0.03365384615384615 0.036057692307692304
0 0.6213942307692307 0.3389423076923077 0.026442307692307692 0.03125
0 0.49399038461538464 0.36177884615384615 0.021634615384615384 0.026442307692307692
0 0.4579326923076923 0.36778846153846156 0.028846153846153848 0.040865384615384616
0 0.24158653846153846 0.40625 0.03365384615384615 0.040865384615384616
0 0.5480769230769231 0.3545673076923077 0.026442307692307692 0.026442307692307692
0 0.4170673076923077 0.37740384615384615 0.02403846153846154 0.036057692307692304
0 0.7932692307692307 0.3112980769230769 0.021634615384615384 0.03125
0 0.9627403846153846 0.28365384615384615 0.019230769230769232 0.03365384615384615
0 0.21514423076923078 0.41346153846153844 0.028846153846153848 0.040865384615384616
0 0.07091346153846154 0.10576923076923077 0.028846153846153848 0.036057692307692304
0 0.3762019230769231 0.38461538461538464 0.03365384615384615 0.036057692307692304
0 0.04807692307692308 0.44350961538461536 0.021634615384615384 0.026442307692307692
0 0.7536057692307693 0.3233173076923077 0.021634615384615384 0.026442307692307692
0 0.8737980769230769 0.3016826923076923 0.021634615384615384 0.026442307692307692
0 0.7175480769230769 0.33533653846153844 0.021634615384615384 0.03125
0 0.007211538461538462 0.11658653846153846 0.014423076923076924 0.03125
0 0.8305288461538461 0.3173076923076923 0.028846153846153848 0.036057692307692304
0 0.31009615384615385 0.41346153846153844 0.026442307692307692 0.03125
0 0.5252403846153846 0.027644230769230768 0.021634615384615384 0.03125
0 0.026442307692307692 0.48197115384615385 0.028846153846153848 0.040865384615384616
0 0.003605769230769231 0.4879807692307692 0.007211538461538462 0.03365384615384615
0 0.06129807692307692 0.47836538461538464 0.02403846153846154 0.036057692307692304
0 0.8185096153846154 0.3449519230769231 0.02403846153846154 0.036057692307692304
0 0.18990384615384615 0.45552884615384615 0.02403846153846154 0.036057692307692304
0 0.6502403846153846 0.37740384615384615 0.026442307692307692 0.026442307692307692
0 0.2920673076923077 0.43990384615384615 0.026442307692307692 0.03125
0 0.734375 0.36177884615384615 0.021634615384615384 0.03125
0 0.7764423076923077 0.35697115384615385 0.021634615384615384 0.03125
0 0.24519230769230768 0.45072115384615385 0.02403846153846154 0.036057692307692304
0 0.11177884615384616 0.47475961538461536 0.02403846153846154 0.040865384615384616
0 0.40865384615384615 0.421875 0.021634615384615384 0.03125
0 0.43028846153846156 0.046875 0.026442307692307692 0.03125
0 0.29086538461538464 0.07211538461538461 0.021634615384615384 0.03125
0 0.23317307692307693 0.08173076923076923 0.021634615384615384 0.03125
0 0.5997596153846154 0.390625 0.028846153846153848 0.036057692307692304
0 0.6935096153846154 0.3737980769230769 0.028846153846153848 0.040865384615384616
0 0.9399038461538461 0.3329326923076923 0.02403846153846154 0.036057692307692304
0 0.8497596153846154 0.34975961538461536 0.02403846153846154 0.036057692307692304
0 0.33653846153846156 0.43990384615384615 0.02403846153846154 0.036057692307692304
0 0.3713942307692308 0.4362980769230769 0.02403846153846154 0.036057692307692304
0 0.47115384615384615 0.4182692307692308 0.02403846153846154 0.036057692307692304
0 0.5516826923076923 0.40625 0.026442307692307692 0.03125
0 0.5180288461538461 0.41466346153846156 0.028846153846153848 0.036057692307692304
0 0.15384615384615385 0.48197115384615385 0.021634615384615384 0.026442307692307692
0 0.43990384615384615 0.4326923076923077 0.021634615384615384 0.026442307692307692
0 0.4735576923076923 0.042067307692307696 0.019230769230769232 0.02403846153846154
0 0.17668269230769232 0.09495192307692307 0.021634615384615384 0.03125
0 0.06009615384615385 0.5264423076923077 0.026442307692307692 0.03125
0 0.7103365384615384 0.004807692307692308 0.021634615384615384 0.009615384615384616
0 0.3942307692307692 0.056490384615384616 0.019230769230769232 0.028846153846153848
0 0.9747596153846154 0.36899038461538464 0.021634615384615384 0.03125
0 0.6526442307692307 0.42788461538461536 0.02403846153846154 0.040865384615384616
0 0.9026442307692307 0.38341346153846156 0.03125 0.03125
0 0.6887019230769231 0.421875 0.019230769230769232 0.02403846153846154
0 0.8185096153846154 0.4014423076923077 0.028846153846153848 0.040865384615384616
0 0.3918269230769231 0.47596153846153844 0.03125 0.026442307692307692
0 0.6009615384615384 0.43990384615384615 0.028846153846153848 0.036057692307692304
0 0.47475961538461536 0.46153846153846156 0.021634615384615384 0.03125
0 0.25600961538461536 0.5 0.026442307692307692 0.03125
0 0.18990384615384615 0.5120192307692307 0.026442307692307692 0.026442307692307692
0 0.10697115384615384 0.53125 0.026442307692307692 0.03125
0 0.7283653846153846 0.421875 0.02403846153846154 0.036057692307692304
0 0.3317307692307692 0.49399038461538464 0.03365384615384615 0.036057692307692304
0 0.9362980769230769 0.3870192307692308 0.026442307692307692 0.03125
0 0.015625 0.5528846153846154 0.021634615384615384 0.03125
0 0.5240384615384616 0.46274038461538464 0.026442307692307692 0.026442307692307692
0 0.859375 0.40384615384615385 0.028846153846153848 0.040865384615384616
0 0.2956730769230769 0.5060096153846154 0.03125 0.026442307692307692
0 0.5540865384615384 0.03125 0.021634615384615384 0.03125
0 0.5540865384615384 0.46033653846153844 0.026442307692307692 0.03125
0 0.7860576923076923 0.42427884615384615 0.021634615384615384 0.026442307692307692
0 0.5865384615384616 0.45913461538461536 0.02403846153846154 0.036057692307692304
0 0.7596153846153846 0.43149038461538464 0.021634615384615384 0.026442307692307692
0 0.22596153846153846 0.5276442307692307 0.03125 0.03125
0 0.15625 0.5396634615384616 0.021634615384615384 0.03125
0 0.5913461538461539 0.025240384615384616 0.028846153846153848 0.036057692307692304
0 0.4387019230769231 0.4963942307692308 0.028846153846153848 0.036057692307692304
0 0.359375 0.06610576923076923 0.021634615384615384 0.03125
0 0.6622596153846154 0.46875 0.028846153846153848 0.036057692307692304
0 0.019230769230769232 0.5853365384615384 0.021634615384615384 0.038461538461538464
0 0.9879807692307693 0.41346153846153844 0.014423076923076924 0.028846153846153848
0 0.359375 0.5276442307692307 0.03125 0.03125
0 0.7908653846153846 0.45072115384615385 0.026442307692307692 0.03125
0 0.27283653846153844 0.5444711538461539 0.028846153846153848 0.040865384615384616
0 0.8293269230769231 0.4495192307692308 0.026442307692307692 0.03125
0 0.13701923076923078 0.5709134615384616 0.03125 0.03125
0 0.6153846153846154 0.4891826923076923 0.026442307692307692 0.03125
0 0.5757211538461539 0.4987980769230769 0.028846153846153848 0.036057692307692304
0 0.22596153846153846 0.5600961538461539 0.028846153846153848 0.040865384615384616
0 0.953125 0.4326923076923077 0.03365384615384615 0.036057692307692304
0 0.10576923076923077 0.5841346153846154 0.03125 0.03125
0 0.3173076923076923 0.546875 0.026442307692307692 0.03125
0 0.7391826923076923 0.4723557692307692 0.03365384615384615 0.036057692307692304
0 0.49278846153846156 0.515625 0.03125 0.03125
0 0.41586538461538464 0.5288461538461539 0.021634615384615384 0.03125
0 0.44591346153846156 0.5252403846153846 0.03365384615384615 0.036057692307692304
0 0.7019230769230769 0.4807692307692308 0.028846153846153848 0.036057692307692304
0 0.5300480769230769 0.5132211538461539 0.026442307692307692 0.03125
0 0.9939903846153846 0.46153846153846156 0.01201923076923077 0.028846153846153848
0 0.30649038461538464 0.5829326923076923 0.03125 0.03125
0 0.265625 0.5949519230769231 0.028846153846153848 0.040865384615384616
0 0.6526442307692307 0.5264423076923077 0.028846153846153848 0.040865384615384616
0 0.3858173076923077 0.5733173076923077 0.026442307692307692 0.03125
0 0.8028846153846154 0.5024038461538461 0.03365384615384615 0.036057692307692304
0 0.5300480769230769 0.5504807692307693 0.02403846153846154 0.040865384615384616
0 0.7019230769230769 0.5228365384615384 0.026442307692307692 0.03125
0 0.875 0.49278846153846156 0.021634615384615384 0.03125
0 0.18269230769230768 0.6165865384615384 0.026442307692307692 0.03125
0 0.109375 0.6298076923076923 0.03365384615384615 0.036057692307692304
0 0.9122596153846154 0.4879807692307692 0.026442307692307692 0.03125
0 0.14182692307692307 0.6262019230769231 0.028846153846153848 0.036057692307692304
0 0.9639423076923077 0.48197115384615385 0.021634615384615384 0.03125
0 0.7620192307692307 0.5192307692307693 0.028846153846153848 0.040865384615384616
0 0.4795673076923077 0.5697115384615384 0.02403846153846154 0.04567307692307692
0 0.05048076923076923 0.6454326923076923 0.02403846153846154 0.040865384615384616
0 0.8377403846153846 0.5084134615384616 0.03365384615384615 0.040865384615384616
0 0.2247596153846154 0.6189903846153846 0.02403846153846154 0.036057692307692304
0 0.5829326923076923 0.5564903846153846 0.028846153846153848 0.036057692307692304
0 0.35096153846153844 0.5997596153846154 0.028846153846153848 0.040865384615384616
0 0.6201923076923077 0.5540865384615384 0.021634615384615384 0.03125
0 0.4495192307692308 0.5865384615384616 0.028846153846153848 0.036057692307692304
0 0.6237980769230769 0.5841346153846154 0.026442307692307692 0.03125
0 0.18990384615384615 0.6610576923076923 0.03365384615384615 0.040865384615384616
0 0.8052884615384616 0.5516826923076923 0.02403846153846154 0.04567307692307692
0 0.8401442307692307 0.5480769230769231 0.028846153846153848 0.036057692307692304
0 0.6694711538461539 0.5793269230769231 0.028846153846153848 0.036057692307692304
0 0.921875 0.5336538461538461 0.021634615384615384 0.03125
0 0.7548076923076923 0.5637019230769231 0.026442307692307692 0.03125
0 0.9819711538461539 0.5264423076923077 0.028846153846153848 0.036057692307692304
0 0.5853365384615384 0.5961538461538461 0.021634615384615384 0.03125
0 0.4579326923076923 0.6189903846153846 0.02403846153846154 0.040865384615384616
0 0.36177884615384615 0.6370192307692307 0.028846153846153848 0.036057692307692304
0 0.22956730769230768 0.6598557692307693 0.026442307692307692 0.03125
0 0.31490384615384615 0.6478365384615384 0.02403846153846154 0.036057692307692304
0 0.5420673076923077 0.6069711538461539 0.028846153846153848 0.036057692307692304
0 0.1045673076923077 0.6850961538461539 0.028846153846153848 0.036057692307692304
0 0.8846153846153846 0.546875 0.028846153846153848 0.036057692307692304
0 0.734375 0.5733173076923077 0.028846153846153848 0.036057692307692304
0 0.15264423076923078 0.6778846153846154 0.03365384615384615 0.036057692307692304
0 0.41225961538461536 0.6322115384615384 0.03365384615384615 0.036057692307692304
0 0.5 0.6189903846153846 0.02403846153846154 0.036057692307692304
0 0.2704326923076923 0.6622596153846154 0.028846153846153848 0.036057692307692304
0 0.06610576923076923 0.703125 0.03365384615384615 0.036057692307692304
0 0.9783653846153846 0.5757211538461539 0.028846153846153848 0.036057692307692304
0 0.6682692307692307 0.6322115384615384 0.028846153846153848 0.036057692307692304
0 0.7584134615384616 0.6165865384615384 0.02403846153846154 0.036057692307692304
0 0.6141826923076923 0.6418269230769231 0.03365384615384615 0.036057692307692304
0 0.21754807692307693 0.7139423076923077 0.03365384615384615 0.036057692307692304
0 0.40024038461538464 0.6826923076923077 0.028846153846153848 0.036057692307692304
0 0.17908653846153846 0.7235576923076923 0.028846153846153848 0.036057692307692304
0 0.5649038461538461 0.65625 0.03125 0.03125
0 0.9375 0.5925480769230769 0.03365384615384615 0.036057692307692304
0 0.051682692307692304 0.7487980769230769 0.028846153846153848 0.040865384615384616
0 0.3641826923076923 0.6935096153846154 0.021634615384615384 0.03125
0 0.13701923076923078 0.7331730769230769 0.028846153846153848 0.036057692307692304
0 0.8245192307692307 0.6117788461538461 0.028846153846153848 0.036057692307692304
0 0.5240384615384616 0.6658653846153846 0.03365384615384615 0.036057692307692304
0 0.265625 0.7115384615384616 0.028846153846153848 0.040865384615384616
0 0.0829326923076923 0.7427884615384616 0.026442307692307692 0.03125
0 0.4519230769230769 0.6778846153846154 0.03125 0.03125
0 0.4879807692307692 0.6742788461538461 0.02403846153846154 0.036057692307692304
0 0.7235576923076923 0.6346153846153846 0.02403846153846154 0.036057692307692304
0 0.3161057692307692 0.7067307692307693 0.03365384615384615 0.040865384615384616
0 0.8545673076923077 0.6177884615384616 0.03365384615384615 0.036057692307692304
0 0.13822115384615385 0.12740384615384615 0.03365384615384615 0.036057692307692304
0 0.4519230769230769 0.7175480769230769 0.028846153846153848 0.036057692307692304
0 0.578125 0.6995192307692307 0.028846153846153848 0.036057692307692304
0 0.6201923076923077 0.6923076923076923 0.028846153846153848 0.040865384615384616
0 0.4326923076923077 0.07692307692307693 0.026442307692307692 0.03125
0 0.26802884615384615 0.7572115384615384 0.026442307692307692 0.03125
0 0.8004807692307693 0.6634615384615384 0.028846153846153848 0.040865384615384616
0 0.6754807692307693 0.6850961538461539 0.026442307692307692 0.03125
0 0.34975961538461536 0.7427884615384616 0.03365384615384615 0.040865384615384616
0 0.16826923076923078 0.7764423076923077 0.021634615384615384 0.03125
0 0.7680288461538461 0.6706730769230769 0.026442307692307692 0.03125
0 0.9002403846153846 0.6502403846153846 0.026442307692307692 0.03125
0 0.39903846153846156 0.7391826923076923 0.03365384615384615 0.036057692307692304
0 0.22956730769230768 0.7680288461538461 0.03365384615384615 0.040865384615384616
0 0.859375 0.6574519230769231 0.02403846153846154 0.036057692307692304
0 0.9507211538461539 0.6442307692307693 0.02403846153846154 0.036057692307692304
0 0.9134615384615384 0.003605769230769231 0.014423076923076924 0.007211538461538462
0 0.5336538461538461 0.7175480769230769 0.028846153846153848 0.036057692307692304
0 0.7355769230769231 0.6838942307692307 0.028846153846153848 0.040865384615384616
0 0.9831730769230769 0.640625 0.03365384615384615 0.040865384615384616
0 0.49278846153846156 0.7271634615384616 0.02403846153846154 0.036057692307692304
0 0.31850961538461536 0.7632211538461539 0.02403846153846154 0.036057692307692304
0 0.12379807692307693 0.7992788461538461 0.021634615384615384 0.03125
0 0.2283653846153846 0.05048076923076923 0.021634615384615384 0.021634615384615384
0 0.09735576923076923 0.8245192307692307 0.019230769230769232 0.028846153846153848
0 0.9266826923076923 0.6935096153846154 0.028846153846153848 0.036057692307692304
0 0.8016826923076923 0.7151442307692307 0.02403846153846154 0.040865384615384616
0 0.7536057692307693 0.7235576923076923 0.02403846153846154 0.036057692307692304
0 0.9867788461538461 0.6838942307692307 0.026442307692307692 0.040865384615384616
0 0.06971153846153846 0.8533653846153846 0.02403846153846154 0.040865384615384616
0 0.25721153846153844 0.8173076923076923 0.028846153846153848 0.036057692307692304
0 0.4735576923076923 0.7788461538461539 0.028846153846153848 0.036057692307692304
0 0.3004807692307692 0.8100961538461539 0.021634615384615384 0.03125
0 0.8461538461538461 0.7163461538461539 0.02403846153846154 0.040865384615384616
0 0.8028846153846154 0.016826923076923076 0.02403846153846154 0.03365384615384615
0 0.2536057692307692 0.1141826923076923 0.026442307692307692 0.03125
0 0.11658653846153846 0.8449519230769231 0.028846153846153848 0.036057692307692304
0 0.44471153846153844 0.7872596153846154 0.03365384615384615 0.040865384615384616
0 0.6634615384615384 0.7512019230769231 0.03365384615384615 0.040865384615384616
0 0.390625 0.7992788461538461 0.03125 0.03125
0 0.20793269230769232 0.8329326923076923 0.028846153846153848 0.040865384615384616
0 0.15384615384615385 0.8425480769230769 0.02403846153846154 0.036057692307692304
0 0.7079326923076923 0.7451923076923077 0.028846153846153848 0.036057692307692304
0 0.8954326923076923 0.7151442307692307 0.03365384615384615 0.040865384615384616
0 0.34615384615384615 0.8112980769230769 0.021634615384615384 0.03125
0 0.5264423076923077 0.7800480769230769 0.02403846153846154 0.036057692307692304
0 0.3629807692307692 0.09615384615384616 0.03125 0.03125
0 0.31850961538461536 0.10336538461538461 0.026442307692307692 0.03125
0 0.21033653846153846 0.12259615384615384 0.021634615384615384 0.03125
0 0.6129807692307693 0.7692307692307693 0.03365384615384615 0.036057692307692304
0 0.5793269230769231 0.7752403846153846 0.028846153846153848 0.036057692307692304
0 0.8870192307692307 0.01201923076923077 0.02403846153846154 0.02403846153846154
0 0.421875 0.8149038461538461 0.028846153846153848 0.036057692307692304
0 0.7788461538461539 0.025240384615384616 0.021634615384615384 0.03125
0 0.09495192307692307 0.14543269230769232 0.021634615384615384 0.026442307692307692
0 0.18389423076923078 0.12980769230769232 0.026442307692307692 0.03125
0 0.6959134615384616 0.039663461538461536 0.021634615384615384 0.03125
0 0.47475961538461536 0.078125 0.026442307692307692 0.026442307692307692
0 0.17067307692307693 0.8846153846153846 0.028846153846153848 0.036057692307692304
0 0.24158653846153846 0.8725961538461539 0.028846153846153848 0.04567307692307692
0 0.3786057692307692 0.8509615384615384 0.03365384615384615 0.040865384615384616
0 0.42908653846153844 0.8425480769230769 0.028846153846153848 0.036057692307692304
0 0.7475961538461539 0.03245192307692308 0.028846153846153848 0.036057692307692304
0 0.5168269230769231 0.0733173076923077 0.028846153846153848 0.036057692307692304
0 0.7956730769230769 0.7800480769230769 0.028846153846153848 0.04567307692307692
0 0.8425480769230769 0.7716346153846154 0.03365384615384615 0.040865384615384616
0 0.2860576923076923 0.8713942307692307 0.03365384615384615 0.036057692307692304
0 0.6550480769230769 0.8052884615384616 0.028846153846153848 0.040865384615384616
0 0.609375 0.8137019230769231 0.03365384615384615 0.04567307692307692
0 0.5612980769230769 0.8221153846153846 0.03365384615384615 0.036057692307692304
0 0.9903846153846154 0.7487980769230769 0.019230769230769232 0.040865384615384616
0 0.5300480769230769 0.8329326923076923 0.026442307692307692 0.03125
0 0.3389423076923077 0.8665865384615384 0.028846153846153848 0.036057692307692304
0 0.9002403846153846 0.7680288461538461 0.02403846153846154 0.040865384615384616
0 0.9338942307692307 0.7620192307692307 0.026442307692307692 0.03125
0 0.4735576923076923 0.8425480769230769 0.03365384615384615 0.040865384615384616
0 0.8461538461538461 0.015625 0.019230769230769232 0.028846153846153848
0 0.11177884615384616 0.9086538461538461 0.028846153846153848 0.040865384615384616
0 0.203125 0.8954326923076923 0.028846153846153848 0.036057692307692304
0 0.07572115384615384 0.9182692307692307 0.016826923076923076 0.038461538461538464
0 0.7391826923076923 0.8028846153846154 0.028846153846153848 0.04567307692307692
0 0.4026442307692308 0.09615384615384616 0.021634615384615384 0.026442307692307692
0 0.7091346153846154 0.8209134615384616 0.02403846153846154 0.036057692307692304
0 0.31971153846153844 0.9170673076923077 0.026442307692307692 0.03125
0 0.7043269230769231 0.8545673076923077 0.026442307692307692 0.03125
0 0.6466346153846154 0.8653846153846154 0.028846153846153848 0.036057692307692304
0 0.4735576923076923 0.8954326923076923 0.02403846153846154 0.036057692307692304
0 0.7992788461538461 0.8377403846153846 0.026442307692307692 0.03125
0 0.11658653846153846 0.9603365384615384 0.028846153846153848 0.036057692307692304
0 0.09014423076923077 0.9651442307692307 0.02403846153846154 0.036057692307692304
0 0.2668269230769231 0.9338942307692307 0.03365384615384615 0.040865384615384616
0 0.1935096153846154 0.9471153846153846 0.026442307692307692 0.03125
0 0.8257211538461539 0.8377403846153846 0.028846153846153848 0.040865384615384616
0 0.9951923076923077 0.8040865384615384 0.009615384615384616 0.040865384615384616
0 0.390625 0.9146634615384616 0.03365384615384615 0.040865384615384616
0 0.9663461538461539 0.8137019230769231 0.03125 0.03125
0 0.42427884615384615 0.9086538461538461 0.03125 0.03125
0 0.15144230769230768 0.9579326923076923 0.03365384615384615 0.036057692307692304
0 0.75 0.8521634615384616 0.026442307692307692 0.03125
0 0.5697115384615384 0.8846153846153846 0.03125 0.03125
0 0.9302884615384616 0.8233173076923077 0.021634615384615384 0.03125
0 0.6069711538461539 0.8798076923076923 0.026442307692307692 0.026442307692307692
0 0.5240384615384616 0.8942307692307693 0.03125 0.03125
0 0.21634615384615385 0.9495192307692307 0.026442307692307692 0.026442307692307692
0 0.34975961538461536 0.9254807692307693 0.021634615384615384 0.026442307692307692
0 0.8918269230769231 0.8329326923076923 0.021634615384615384 0.03125
0 0.6298076923076923 0.06370192307692307 0.026442307692307692 0.026442307692307692
0 0.6610576923076923 0.06009615384615385 0.021634615384615384 0.026442307692307692