0 0.4074519230769231 0.18990384615384615 0.03245192307692308 0.055288461538461536
0 0.2800480769230769 0.20793269230769232 0.037259615384615384 0.055288461538461536
0 0.14783653846153846 0.20793269230769232 0.03245192307692308 0.05048076923076923
0 0.609375 0.21033653846153846 0.037259615384615384 0.06009615384615385
0 0.9326923076923077 0.2127403846153846 0.037259615384615384 0.06009615384615385
0 0.4879807692307692 0.21514423076923078 0.03245192307692308 0.05048076923076923
0 0.34975961538461536 0.21754807692307693 0.037259615384615384 0.06009615384615385
0 0.21033653846153846 0.21754807692307693 0.037259615384615384 0.06009615384615385
0 0.8521634615384616 0.21995192307692307 0.03245192307692308 0.06009615384615385
0 0.5528846153846154 0.22235576923076922 0.037259615384615384 0.055288461538461536
0 0.6899038461538461 0.22235576923076922 0.03245192307692308 0.046875
0 0.7620192307692307 0.2247596153846154 0.03245192307692308 0.06009615384615385
0 0.08052884615384616 0.2247596153846154 0.03245192307692308 0.05048076923076923
0 0.22235576923076922 0.2824519230769231 0.03245192307692308 0.05048076923076923
0 0.30528846153846156 0.2920673076923077 0.03245192307692308 0.055288461538461536
0 0.6995192307692307 0.2920673076923077 0.037259615384615384 0.055288461538461536
0 0.0673076923076923 0.29447115384615385 0.027644230769230768 0.055288461538461536
0 0.140625 0.3004807692307692 0.03245192307692308 0.055288461538461536
0 0.5973557692307693 0.3076923076923077 0.03245192307692308 0.06009615384615385
0 0.5096153846153846 0.31009615384615385 0.03245192307692308 0.055288461538461536
0 0.7596153846153846 0.3245192307692308 0.042067307692307696 0.06971153846153846
0 0.8894230769230769 0.3269230769230769 0.03245192307692308 0.055288461538461536
0 0.27283653846153844 0.03485576923076923 0.03245192307692308 0.055288461538461536
0 0.19471153846153846 0.03485576923076923 0.037259615384615384 0.06009615384615385
0 0.19951923076923078 0.3798076923076923 0.037259615384615384 0.06009615384615385
0 0.3245192307692308 0.390625 0.027644230769230768 0.05048076923076923
0 0.4050480769230769 0.390625 0.027644230769230768 0.055288461538461536
0 0.12259615384615384 0.39302884615384615 0.027644230769230768 0.055288461538461536
0 0.44471153846153844 0.3954326923076923 0.03245192307692308 0.046875
0 0.6694711538461539 0.39783653846153844 0.03245192307692308 0.055288461538461536
0 0.5721153846153846 0.39783653846153844 0.03245192307692308 0.055288461538461536
0 0.042067307692307696 0.40024038461538464 0.042067307692307696 0.06490384615384616
0 0.859375 0.046875 0.037259615384615384 0.055288461538461536
0 0.49278846153846156 0.4699519230769231 0.03245192307692308 0.06490384615384616
0 0.046875 0.4723557692307692 0.037259615384615384 0.055288461538461536
0 0.1875 0.47716346153846156 0.037259615384615384 0.06009615384615385
0 0.25 0.47716346153846156 0.037259615384615384 0.055288461538461536
0 0.6153846153846154 0.4795673076923077 0.037259615384615384 0.055288461538461536
0 0.8449519230769231 0.4795673076923077 0.042067307692307696 0.06009615384615385
0 0.10697115384615384 0.48197115384615385 0.037259615384615384 0.06009615384615385
0 0.3245192307692308 0.48197115384615385 0.042067307692307696 0.06009615384615385
0 0.9819711538461539 0.484375 0.027644230769230768 0.078125
0 0.43509615384615385 0.484375 0.03245192307692308 0.055288461538461536
0 0.5528846153846154 0.49038461538461536 0.027644230769230768 0.055288461538461536
0 0.7776442307692307 0.49038461538461536 0.03245192307692308 0.06009615384615385
0 0.38461538461538464 0.4951923076923077 0.037259615384615384 0.06490384615384616
0 0.6899038461538461 0.4951923076923077 0.037259615384615384 0.06490384615384616
0 0.9098557692307693 0.4951923076923077 0.037259615384615384 0.06009615384615385
0 0.953125 0.05048076923076923 0.027644230769230768 0.06009615384615385
0 0.8028846153846154 0.052884615384615384 0.027644230769230768 0.055288461538461536
0 0.078125 0.5552884615384616 0.037259615384615384 0.06490384615384616
0 0.47716346153846156 0.057692307692307696 0.03245192307692308 0.055288461538461536
0 0.22956730769230768 0.5805288461538461 0.027644230769230768 0.055288461538461536
0 0.5528846153846154 0.5829326923076923 0.027644230769230768 0.06009615384615385
0 0.7055288461538461 0.5901442307692307 0.037259615384615384 0.06009615384615385
0 0.36778846153846156 0.5925480769230769 0.037259615384615384 0.06009615384615385
0 0.9098557692307693 0.5925480769230769 0.03245192307692308 0.05048076923076923
0 0.8605769230769231 0.5973557692307693 0.042067307692307696 0.07451923076923077
0 0.49278846153846156 0.6045673076923077 0.027644230769230768 0.055288461538461536
0 0.30288461538461536 0.6694711538461539 0.037259615384615384 0.06490384615384616
0 0.1045673076923077 0.671875 0.037259615384615384 0.06009615384615385
0 0.039663461538461536 0.6754807692307693 0.027644230769230768 0.06009615384615385
0 0.9771634615384616 0.6802884615384616 0.042067307692307696 0.06490384615384616
0 0.46033653846153844 0.6826923076923077 0.037259615384615384 0.07451923076923077
0 0.921875 0.6826923076923077 0.042067307692307696 0.06971153846153846
0 0.38221153846153844 0.6850961538461539 0.037259615384615384 0.05048076923076923
0 0.7680288461538461 0.6875 0.042067307692307696 0.06490384615384616
0 0.8377403846153846 0.6875 0.037259615384615384 0.06490384615384616
0 0.24519230769230768 0.6923076923076923 0.037259615384615384 0.06971153846153846
0 0.5552884615384616 0.6947115384615384 0.037259615384615384 0.06490384615384616
0 0.6370192307692307 0.6971153846153846 0.03245192307692308 0.06009615384615385
0 0.7055288461538461 0.703125 0.042067307692307696 0.06490384615384616
0 0.28966346153846156 0.7824519230769231 0.03245192307692308 0.06971153846153846
0 0.36538461538461536 0.7824519230769231 0.037259615384615384 0.06971153846153846
0 0.6153846153846154 0.7896634615384616 0.037259615384615384 0.06971153846153846
0 0.140625 0.7896634615384616 0.03245192307692308 0.07451923076923077
0 0.765625 0.7980769230769231 0.03245192307692308 0.05048076923076923
0 0.19230769230769232 0.8004807692307693 0.037259615384615384 0.07451923076923077
0 0.7127403846153846 0.8028846153846154 0.037259615384615384 0.06971153846153846
0 0.9699519230769231 0.8052884615384616 0.042067307692307696 0.06490384615384616
0 0.9122596153846154 0.8125 0.037259615384615384 0.06009615384615385
0 0.8305288461538461 0.8149038461538461 0.037259615384615384 0.06009615384615385
0 0.03485576923076923 0.8197115384615384 0.042067307692307696 0.06490384615384616
0 0.5204326923076923 0.8305288461538461 0.042067307692307696 0.07451923076923077
0 0.5673076923076923 0.0829326923076923 0.03245192307692308 0.06009615384615385
0 0.46033653846153844 0.890625 0.042067307692307696 0.055288461538461536
0 0.39302884615384615 0.9002403846153846 0.042067307692307696 0.06490384615384616
0 0.1875 0.9050480769230769 0.037259615384615384 0.078125
0 0.703125 0.9074519230769231 0.042067307692307696 0.06490384615384616
0 0.265625 0.9170673076923077 0.037259615384615384 0.078125
0 0.5396634615384616 0.921875 0.037259615384615384 0.055288461538461536
0 0.8473557692307693 0.9747596153846154 0.037259615384615384 0.046875
0 0.038461538461538464 0.9783653846153846 0.038461538461538464 0.04326923076923077
0 0.3269230769230769 0.9807692307692307 0.03365384615384615 0.038461538461538464
0 0.25240384615384615 0.9879807692307693 0.042067307692307696 0.018028846153846152
0 0.671875 0.9879807692307693 0.03245192307692308 0.018028846153846152
0 0.23798076923076922 0.10697115384615384 0.03245192307692308 0.055288461538461536
0 0.41947115384615385 0.10697115384615384 0.037259615384615384 0.06490384615384616
0 0.5829326923076923 0.1201923076923077 0.03245192307692308 0.06490384615384616
0 0.12740384615384615 0.1201923076923077 0.03245192307692308 0.06009615384615385
0 0.3004807692307692 0.12259615384615384 0.03245192307692308 0.055288461538461536
0 0.0625 0.12980769230769232 0.03245192307692308 0.055288461538461536
0 0.8798076923076923 0.13221153846153846 0.027644230769230768 0.05048076923076923
0 0.8100961538461539 0.1346153846153846 0.037259615384615384 0.046875
0 0.5324519230769231 0.1346153846153846 0.027644230769230768 0.055288461538461536
0 0.7319711538461539 0.14302884615384615 0.037259615384615384 0.055288461538461536