0 0.2824519230769231 0.10697115384615384 0.027644230769230768 0.037259615384615384
0 0.125 0.109375 0.03245192307692308 0.037259615384615384
0 0.44711538461538464 0.11057692307692307 0.02283653846153846 0.027644230769230768
0 0.5997596153846154 0.11057692307692307 0.027644230769230768 0.03245192307692308
0 0.8677884615384616 0.01201923076923077 0.018028846153846152 0.02283653846153846
0 0.109375 0.01201923076923077 0.018028846153846152 0.02283653846153846
0 0.8497596153846154 0.11538461538461539 0.027644230769230768 0.037259615384615384
0 0.8677884615384616 0.11778846153846154 0.02283653846153846 0.027644230769230768
0 0.6598557692307693 0.12259615384615384 0.018028846153846152 0.03245192307692308
0 0.25721153846153844 0.014423076923076924 0.02283653846153846 0.027644230769230768
0 0.30288461538461536 0.014423076923076924 0.018028846153846152 0.027644230769230768
0 0.7752403846153846 0.12740384615384615 0.018028846153846152 0.027644230769230768
0 0.9795673076923077 0.12740384615384615 0.02283653846153846 0.042067307692307696
0 0.21754807692307693 0.13221153846153846 0.018028846153846152 0.03245192307692308
0 0.40024038461538464 0.13221153846153846 0.02283653846153846 0.027644230769230768
0 0.359375 0.1346153846153846 0.027644230769230768 0.037259615384615384
0 0.9074519230769231 0.140625 0.027644230769230768 0.037259615384615384
0 0.8329326923076923 0.14302884615384615 0.018028846153846152 0.027644230769230768
0 0.0625 0.14543269230769232 0.02283653846153846 0.037259615384615384
0 0.04447115384615385 0.14783653846153846 0.018028846153846152 0.03245192307692308
0 0.18990384615384615 0.15264423076923078 0.018028846153846152 0.02283653846153846
0 0.7403846153846154 0.15264423076923078 0.03245192307692308 0.042067307692307696
0 0.5420673076923077 0.15504807692307693 0.027644230769230768 0.042067307692307696
0 0.08533653846153846 0.15745192307692307 0.027644230769230768 0.042067307692307696
0 0.20552884615384615 0.15745192307692307 0.027644230769230768 0.03245192307692308
0 0.11057692307692307 0.1622596153846154 0.018028846153846152 0.03245192307692308
0 0.5625 0.16466346153846154 0.027644230769230768 0.03245192307692308
0 0.6971153846153846 0.16466346153846154 0.02283653846153846 0.03245192307692308
0 0.9375 0.16706730769230768 0.027644230769230768 0.042067307692307696
0 0.25961538461538464 0.171875 0.02283653846153846 0.027644230769230768
0 0.4951923076923077 0.17307692307692307 0.027644230769230768 0.03245192307692308
0 0.015625 0.1778846153846154 0.02283653846153846 0.037259615384615384
0 0.8449519230769231 0.1778846153846154 0.03245192307692308 0.037259615384615384
0 0.4098557692307692 0.18269230769230768 0.02283653846153846 0.03245192307692308
0 0.31009615384615385 0.18509615384615385 0.02283653846153846 0.03245192307692308
0 0.6694711538461539 0.1875 0.027644230769230768 0.037259615384615384
0 0.8629807692307693 0.18990384615384615 0.02283653846153846 0.037259615384615384
0 0.7644230769230769 0.19230769230769232 0.027644230769230768 0.042067307692307696
0 0.47716346153846156 0.19471153846153846 0.018028846153846152 0.03245192307692308
0 0.5949519230769231 0.19471153846153846 0.027644230769230768 0.042067307692307696
0 0.21514423076923078 0.1971153846153846 0.018028846153846152 0.037259615384615384
0 0.3605769230769231 0.1971153846153846 0.02283653846153846 0.03245192307692308
0 0.7379807692307693 0.20192307692307693 0.018028846153846152 0.027644230769230768
0 0.1622596153846154 0.20552884615384615 0.02283653846153846 0.037259615384615384
0 0.2548076923076923 0.20793269230769232 0.02283653846153846 0.03245192307692308
0 0.018028846153846152 0.020432692307692308 0.02283653846153846 0.018028846153846152
0 0.8125 0.2127403846153846 0.027644230769230768 0.042067307692307696
0 0.39783653846153844 0.21514423076923078 0.02283653846153846 0.03245192307692308
0 0.9098557692307693 0.21514423076923078 0.027644230769230768 0.042067307692307696
0 0.01201923076923077 0.22716346153846154 0.02283653846153846 0.037259615384615384
0 0.10697115384615384 0.234375 0.027644230769230768 0.03245192307692308
0 0.0829326923076923 0.23798076923076922 0.027644230769230768 0.03245192307692308
0 0.7271634615384616 0.23798076923076922 0.02283653846153846 0.027644230769230768
0 0.38221153846153844 0.2403846153846154 0.027644230769230768 0.037259615384615384
0 0.4879807692307692 0.02283653846153846 0.018028846153846152 0.027644230769230768
0 0.6478365384615384 0.24519230769230768 0.02283653846153846 0.042067307692307696
0 0.7175480769230769 0.25961538461538464 0.02283653846153846 0.03245192307692308
0 0.6045673076923077 0.2620192307692308 0.027644230769230768 0.037259615384615384
0 0.9555288461538461 0.2620192307692308 0.03245192307692308 0.042067307692307696
0 0.5180288461538461 0.2620192307692308 0.027644230769230768 0.037259615384615384
0 0.625 0.2644230769230769 0.02283653846153846 0.037259615384615384
0 0.052884615384615384 0.265625 0.027644230769230768 0.03245192307692308
0 0.14783653846153846 0.2704326923076923 0.027644230769230768 0.037259615384615384
0 0.12980769230769232 0.027644230769230768 0.02283653846153846 0.027644230769230768
0 0.25961538461538464 0.2776442307692308 0.02283653846153846 0.03245192307692308
0 0.8377403846153846 0.2800480769230769 0.018028846153846152 0.03245192307692308
0 0.7451923076923077 0.2800480769230769 0.018028846153846152 0.03245192307692308
0 0.08052884615384616 0.027644230769230768 0.018028846153846152 0.03245192307692308
0 0.5276442307692307 0.28966346153846156 0.027644230769230768 0.037259615384615384
0 0.41225961538461536 0.28966346153846156 0.03245192307692308 0.042067307692307696
0 0.16466346153846154 0.030048076923076924 0.02283653846153846 0.02283653846153846
0 0.47475961538461536 0.29447115384615385 0.027644230769230768 0.042067307692307696
0 0.8125 0.3004807692307692 0.027644230769230768 0.042067307692307696
0 0.9819711538461539 0.3004807692307692 0.027644230769230768 0.042067307692307696
0 0.6947115384615384 0.030048076923076924 0.02283653846153846 0.03245192307692308
0 0.2127403846153846 0.030048076923076924 0.02283653846153846 0.018028846153846152
0 0.3269230769230769 0.30528846153846156 0.027644230769230768 0.03245192307692308
0 0.10697115384615384 0.03245192307692308 0.018028846153846152 0.027644230769230768
0 0.890625 0.3173076923076923 0.02283653846153846 0.037259615384615384
0 0.009615384615384616 0.31971153846153844 0.018028846153846152 0.042067307692307696
0 0.18028846153846154 0.03245192307692308 0.02283653846153846 0.027644230769230768
0 0.859375 0.3269230769230769 0.02283653846153846 0.037259615384615384
0 0.41225961538461536 0.03245192307692308 0.02283653846153846 0.027644230769230768
0 0.2127403846153846 0.3401442307692308 0.02283653846153846 0.037259615384615384
0 0.3701923076923077 0.3473557692307692 0.027644230769230768 0.037259615384615384
0 0.2644230769230769 0.3473557692307692 0.02283653846153846 0.03245192307692308
0 0.7620192307692307 0.35216346153846156 0.02283653846153846 0.037259615384615384
0 0.7019230769230769 0.3605769230769231 0.027644230769230768 0.042067307692307696
0 0.16466346153846154 0.3629807692307692 0.02283653846153846 0.027644230769230768
0 0.6153846153846154 0.037259615384615384 0.018028846153846152 0.027644230769230768
0 0.5228365384615384 0.36778846153846156 0.03245192307692308 0.037259615384615384
0 0.8052884615384616 0.3701923076923077 0.027644230769230768 0.042067307692307696
0 0.6129807692307693 0.37259615384615385 0.027644230769230768 0.042067307692307696
0 0.09975961538461539 0.37259615384615385 0.027644230769230768 0.03245192307692308
0 0.04807692307692308 0.039663461538461536 0.02283653846153846 0.03245192307692308
0 0.24519230769230768 0.38221153846153844 0.02283653846153846 0.037259615384615384
0 0.453125 0.039663461538461536 0.018028846153846152 0.027644230769230768
0 0.6598557692307693 0.039663461538461536 0.018028846153846152 0.027644230769230768
0 0.8377403846153846 0.04447115384615385 0.018028846153846152 0.037259615384615384
0 0.014423076923076924 0.44471153846153844 0.027644230769230768 0.046875
0 0.09495192307692307 0.046875 0.02283653846153846 0.027644230769230768
0 0.5600961538461539 0.046875 0.018028846153846152 0.02283653846153846
0 0.5901442307692307 0.04807692307692308 0.018028846153846152 0.03245192307692308
0 0.8173076923076923 0.04807692307692308 0.02283653846153846 0.03245192307692308
0 0.21514423076923078 0.05048076923076923 0.018028846153846152 0.02283653846153846
0 0.4050480769230769 0.052884615384615384 0.018028846153846152 0.03245192307692308
0 0.7728365384615384 0.055288461538461536 0.018028846153846152 0.027644230769230768
0 0.9471153846153846 0.055288461538461536 0.018028846153846152 0.018028846153846152
0 0.2980769230769231 0.057692307692307696 0.02283653846153846 0.03245192307692308
0 0.25 0.057692307692307696 0.018028846153846152 0.02283653846153846
0 0.5805288461538461 0.06009615384615385 0.018028846153846152 0.03245192307692308
0 0.06490384615384616 0.06009615384615385 0.018028846153846152 0.03245192307692308
0 0.6730769230769231 0.0625 0.018028846153846152 0.03245192307692308
0 0.7319711538461539 0.0625 0.02283653846153846 0.03245192307692308
0 0.35216346153846156 0.0625 0.02283653846153846 0.027644230769230768
0 0.9074519230769231 0.06490384615384616 0.027644230769230768 0.03245192307692308
0 0.01201923076923077 0.6478365384615384 0.02283653846153846 0.042067307692307696
0 0.6778846153846154 0.6574519230769231 0.042067307692307696 0.055288461538461536
0 0.5228365384615384 0.6622596153846154 0.042067307692307696 0.05048076923076923
0 0.8149038461538461 0.6694711538461539 0.037259615384615384 0.05048076923076923
0 0.8028846153846154 0.0673076923076923 0.02283653846153846 0.037259615384615384
0 0.015625 0.0673076923076923 0.018028846153846152 0.027644230769230768
0 0.4050480769230769 0.6802884615384616 0.042067307692307696 0.06490384615384616
0 0.9230769230769231 0.6875 0.037259615384615384 0.06009615384615385
0 0.9627403846153846 0.06971153846153846 0.027644230769230768 0.037259615384615384
0 0.1045673076923077 0.6923076923076923 0.037259615384615384 0.05048076923076923
0 0.3449519230769231 0.6947115384615384 0.037259615384615384 0.05048076923076923
0 0.203125 0.6971153846153846 0.042067307692307696 0.055288461538461536
0 0.08774038461538461 0.078125 0.027644230769230768 0.037259615384615384
0 0.765625 0.078125 0.027644230769230768 0.042067307692307696
0 0.22716346153846154 0.078125 0.027644230769230768 0.027644230769230768
0 0.26802884615384615 0.078125 0.02283653846153846 0.027644230769230768
0 0.546875 0.078125 0.027644230769230768 0.03245192307692308
0 0.13701923076923078 0.08052884615384616 0.027644230769230768 0.03245192307692308
0 0.7223557692307693 0.8269230769230769 0.05048076923076923 0.06490384615384616
0 0.25961538461538464 0.8269230769230769 0.042067307692307696 0.06490384615384616
0 0.20793269230769232 0.0829326923076923 0.02283653846153846 0.03245192307692308
0 0.9603365384615384 0.08774038461538461 0.018028846153846152 0.03245192307692308
0 0.05048076923076923 0.09014423076923077 0.02283653846153846 0.027644230769230768
0 0.36778846153846156 0.09254807692307693 0.02283653846153846 0.037259615384615384
0 0.5252403846153846 0.009615384615384616 0.018028846153846152 0.018028846153846152
0 0.16706730769230768 0.10216346153846154 0.018028846153846152 0.03245192307692308
0 0.49759615384615385 0.1045673076923077 0.02283653846153846 0.027644230769230768