0 0.7427884615384616 0.16466346153846154 0.0625 0.08653846153846154
0 0.6057692307692307 0.17548076923076922 0.08413461538461539 0.0985576923076923
0 0.12620192307692307 0.11177884615384616 0.07451923076923077 0.09134615384615384
0 0.3798076923076923 0.15865384615384615 0.07211538461538461 0.08653846153846154
0 0.2439903846153846 0.16346153846153846 0.07451923076923077 0.09615384615384616
0 0.4639423076923077 0.020432692307692308 0.0625 0.040865384615384616
0 0.7548076923076923 0.2956730769230769 0.08653846153846154 0.11778846153846154
0 0.9699519230769231 0.34134615384615385 0.06009615384615385 0.10576923076923077
0 0.4495192307692308 0.2536057692307692 0.07451923076923077 0.09134615384615384
0 0.5420673076923077 0.27403846153846156 0.07211538461538461 0.08653846153846154
0 0.18509615384615385 0.2824519230769231 0.07211538461538461 0.07932692307692307
0 0.29086538461538464 0.35216346153846156 0.07451923076923077 0.09615384615384616
0 0.421875 0.3798076923076923 0.07451923076923077 0.09615384615384616
0 0.037259615384615384 0.31490384615384615 0.036057692307692304 0.07692307692307693
0 0.7944711538461539 0.4723557692307692 0.07932692307692307 0.0985576923076923
0 0.6826923076923077 0.4567307692307692 0.08653846153846154 0.11778846153846154
0 0.15985576923076922 0.01201923076923077 0.06971153846153846 0.02403846153846154
0 0.5288461538461539 0.4519230769230769 0.08653846153846154 0.11298076923076923
0 0.32091346153846156 0.026442307692307692 0.07932692307692307 0.052884615384615384
0 0.07451923076923077 0.46274038461538464 0.0889423076923077 0.09375
0 0.8185096153846154 0.59375 0.10096153846153846 0.1201923076923077
0 0.22956730769230768 0.5012019230769231 0.07451923076923077 0.09134615384615384
0 0.21995192307692307 0.6105769230769231 0.10096153846153846 0.1201923076923077
0 0.021634615384615384 0.578125 0.04326923076923077 0.13701923076923078
0 0.5300480769230769 0.6778846153846154 0.08653846153846154 0.11778846153846154
0 0.44350961538461536 0.6899038461538461 0.10096153846153846 0.12259615384615384
0 0.6790865384615384 0.7367788461538461 0.10096153846153846 0.12259615384615384
0 0.8557692307692307 0.7764423076923077 0.08653846153846154 0.10817307692307693
0 0.9242788461538461 0.15144230769230768 0.07932692307692307 0.09375