0 0.25240384615384615 0.004807692307692308 0.028846153846153848 0.009615384615384616
0 0.8966346153846154 0.16706730769230768 0.036057692307692304 0.0625
0 0.04447115384615385 0.11298076923076923 0.028846153846153848 0.02403846153846154
0 0.9819711538461539 0.18269230769230768 0.036057692307692304 0.07211538461538461
0 0.5685096153846154 0.16346153846153846 0.026442307692307692 0.052884615384615384
0 0.9963942307692307 0.1971153846153846 0.007211538461538462 0.0673076923076923
0 0.7608173076923077 0.1814903846153846 0.026442307692307692 0.052884615384615384
0 0.6201923076923077 0.17668269230769232 0.03125 0.0625
0 0.10697115384615384 0.1466346153846154 0.03125 0.0673076923076923
0 0.046875 0.14302884615384615 0.03125 0.038461538461538464
0 0.6430288461538461 0.18509615384615385 0.03125 0.057692307692307696
0 0.3629807692307692 0.16706730769230768 0.026442307692307692 0.04326923076923077
0 0.23317307692307693 0.15865384615384615 0.03365384615384615 0.03365384615384615
0 0.12620192307692307 0.17067307692307693 0.026442307692307692 0.052884615384615384
0 0.16466346153846154 0.17307692307692307 0.03125 0.0625
0 0.9375 0.22956730769230768 0.03125 0.0673076923076923
0 0.7151442307692307 0.21995192307692307 0.03125 0.04326923076923077
0 0.4855769230769231 0.20192307692307693 0.036057692307692304 0.0673076923076923
0 0.5480769230769231 0.21033653846153846 0.03125 0.057692307692307696
0 0.4230769230769231 0.20192307692307693 0.03125 0.057692307692307696
0 0.16346153846153846 0.010817307692307692 0.02403846153846154 0.021634615384615384
0 0.3942307692307692 0.019230769230769232 0.02403846153846154 0.038461538461538464
0 0.44591346153846156 0.018028846153846152 0.021634615384615384 0.036057692307692304
0 0.23677884615384615 0.21033653846153846 0.03125 0.052884615384615384
0 0.3329326923076923 0.2283653846153846 0.021634615384615384 0.038461538461538464
0 0.8521634615384616 0.2668269230769231 0.036057692307692304 0.0625
0 0.36538461538461536 0.23317307692307693 0.03125 0.0625
0 0.042067307692307696 0.2127403846153846 0.03125 0.057692307692307696
0 0.9591346153846154 0.2764423076923077 0.036057692307692304 0.057692307692307696
0 0.27283653846153844 0.23076923076923078 0.03125 0.07211538461538461
0 0.30288461538461536 0.24278846153846154 0.026442307692307692 0.0625
0 0.027644230769230768 0.22355769230769232 0.021634615384615384 0.05048076923076923
0 0.5841346153846154 0.25961538461538464 0.036057692307692304 0.057692307692307696
0 0.40625 0.2548076923076923 0.03125 0.07211538461538461
0 0.6622596153846154 0.037259615384615384 0.03125 0.04807692307692308
0 0.8918269230769231 0.30649038461538464 0.036057692307692304 0.07211538461538461
0 0.5036057692307693 0.2800480769230769 0.026442307692307692 0.052884615384615384
0 0.7115384615384616 0.3016826923076923 0.036057692307692304 0.0673076923076923
0 0.6394230769230769 0.296875 0.03125 0.0673076923076923
0 0.04447115384615385 0.01201923076923077 0.026442307692307692 0.02403846153846154
0 0.46634615384615385 0.28966346153846156 0.036057692307692304 0.057692307692307696
0 0.9951923076923077 0.33052884615384615 0.009615384615384616 0.07451923076923077
0 0.15745192307692307 0.27403846153846156 0.03125 0.052884615384615384
0 0.22956730769230768 0.28365384615384615 0.026442307692307692 0.052884615384615384
0 0.1141826923076923 0.016826923076923076 0.036057692307692304 0.03365384615384615
0 0.5637019230769231 0.3137019230769231 0.03125 0.057692307692307696
0 0.7572115384615384 0.33533653846153844 0.03125 0.052884615384615384
0 0.5901442307692307 0.3233173076923077 0.03125 0.0625
0 0.3016826923076923 0.3161057692307692 0.026442307692307692 0.052884615384615384
0 0.7884615384615384 0.3545673076923077 0.03125 0.0625
0 0.039663461538461536 0.30528846153846156 0.03125 0.057692307692307696
0 0.8353365384615384 0.3629807692307692 0.03125 0.0625
0 0.3894230769230769 0.3317307692307692 0.036057692307692304 0.0625
0 0.84375 0.06009615384615385 0.036057692307692304 0.0673076923076923
0 0.6971153846153846 0.36538461538461536 0.026442307692307692 0.038461538461538464
0 0.3269230769230769 0.35336538461538464 0.026442307692307692 0.0673076923076923
0 0.17668269230769232 0.3473557692307692 0.03125 0.038461538461538464
0 0.5528846153846154 0.38100961538461536 0.036057692307692304 0.0625
0 0.46153846153846156 0.37740384615384615 0.03125 0.0673076923076923
0 0.42788461538461536 0.036057692307692304 0.026442307692307692 0.057692307692307696
0 0.6274038461538461 0.40384615384615385 0.03125 0.0625
0 0.9206730769230769 0.4266826923076923 0.038461538461538464 0.07692307692307693
0 0.020432692307692308 0.36658653846153844 0.026442307692307692 0.07211538461538461
0 0.7487980769230769 0.4170673076923077 0.036057692307692304 0.07211538461538461
0 0.6658653846153846 0.41346153846153844 0.026442307692307692 0.057692307692307696
0 0.96875 0.4375 0.03125 0.052884615384615384
0 0.24759615384615385 0.3942307692307692 0.03125 0.0673076923076923
0 0.6911057692307693 0.4254807692307692 0.03125 0.0673076923076923
0 0.36658653846153844 0.4050480769230769 0.03125 0.052884615384615384
0 0.5264423076923077 0.4182692307692308 0.026442307692307692 0.057692307692307696
0 0.08774038461538461 0.38822115384615385 0.026442307692307692 0.057692307692307696
0 0.17067307692307693 0.4074519230769231 0.026442307692307692 0.0673076923076923
0 0.8509615384615384 0.4519230769230769 0.040865384615384616 0.07211538461538461
0 0.2800480769230769 0.41947115384615385 0.026442307692307692 0.057692307692307696
0 0.38221153846153844 0.4338942307692308 0.036057692307692304 0.052884615384615384
0 0.33052884615384615 0.44350961538461536 0.036057692307692304 0.07211538461538461
0 0.016826923076923076 0.4543269230769231 0.03125 0.052884615384615384
0 0.9591346153846154 0.5252403846153846 0.036057692307692304 0.0625
0 0.10336538461538461 0.4651442307692308 0.03125 0.04326923076923077
0 0.3004807692307692 0.4879807692307692 0.03125 0.0625
0 0.3870192307692308 0.49158653846153844 0.038461538461538464 0.07692307692307693
0 0.5552884615384616 0.5060096153846154 0.040865384615384616 0.0625
0 0.22716346153846154 0.4879807692307692 0.03125 0.052884615384615384
0 0.25240384615384615 0.49759615384615385 0.036057692307692304 0.0673076923076923
0 0.7692307692307693 0.53125 0.036057692307692304 0.0625
0 0.6682692307692307 0.5276442307692307 0.036057692307692304 0.04326923076923077
0 0.4519230769230769 0.5120192307692307 0.03125 0.0625
0 0.17908653846153846 0.030048076923076924 0.03125 0.06009615384615385
0 0.19110576923076922 0.5132211538461539 0.036057692307692304 0.0625
0 0.6165865384615384 0.5480769230769231 0.03125 0.0625
0 0.9831730769230769 0.578125 0.019230769230769232 0.07932692307692307
0 0.8413461538461539 0.5721153846153846 0.036057692307692304 0.0625
0 0.2247596153846154 0.53125 0.03125 0.04807692307692308
0 0.7163461538461539 0.5661057692307693 0.036057692307692304 0.0673076923076923
0 0.11057692307692307 0.5252403846153846 0.026442307692307692 0.052884615384615384
0 0.9230769230769231 0.5853365384615384 0.036057692307692304 0.057692307692307696
0 0.16105769230769232 0.5336538461538461 0.036057692307692304 0.04326923076923077
0 0.8918269230769231 0.5973557692307693 0.04326923076923077 0.07692307692307693
0 0.6586538461538461 0.5853365384615384 0.036057692307692304 0.0673076923076923
0 0.8064903846153846 0.5997596153846154 0.036057692307692304 0.0673076923076923
0 0.5721153846153846 0.5817307692307693 0.03125 0.0625
0 0.09495192307692307 0.030048076923076924 0.036057692307692304 0.06009615384615385
0 0.7572115384615384 0.6105769230769231 0.03125 0.0673076923076923
0 0.06850961538461539 0.5649038461538461 0.021634615384615384 0.04326923076923077
0 0.30408653846153844 0.04567307692307692 0.03125 0.0673076923076923
0 0.4891826923076923 0.057692307692307696 0.021634615384615384 0.04807692307692308
0 0.37740384615384615 0.6009615384615384 0.03125 0.07211538461538461
0 0.003605769230769231 0.578125 0.007211538461538462 0.05048076923076923
0 0.25721153846153844 0.6057692307692307 0.026442307692307692 0.052884615384615384
0 0.4519230769230769 0.6213942307692307 0.036057692307692304 0.0673076923076923
0 0.49399038461538464 0.625 0.026442307692307692 0.057692307692307696
0 0.8269230769230769 0.6658653846153846 0.04326923076923077 0.07692307692307693
0 0.9290865384615384 0.6778846153846154 0.04326923076923077 0.07692307692307693
0 0.6141826923076923 0.6658653846153846 0.040865384615384616 0.0673076923076923
0 0.055288461538461536 0.6286057692307693 0.040865384615384616 0.0625
0 0.13942307692307693 0.6370192307692307 0.036057692307692304 0.0673076923076923
0 0.5204326923076923 0.6670673076923077 0.021634615384615384 0.05048076923076923
0 0.3016826923076923 0.6514423076923077 0.036057692307692304 0.052884615384615384
0 0.5420673076923077 0.6887019230769231 0.040865384615384616 0.057692307692307696
0 0.20192307692307693 0.671875 0.036057692307692304 0.0625
0 0.5697115384615384 0.0733173076923077 0.026442307692307692 0.04807692307692308
0 0.7199519230769231 0.7127403846153846 0.036057692307692304 0.052884615384615384
0 0.7824519230769231 0.7223557692307693 0.040865384615384616 0.0625
0 0.6286057692307693 0.7151442307692307 0.03125 0.04326923076923077
0 0.375 0.6995192307692307 0.03125 0.04807692307692308
0 0.4675480769230769 0.7067307692307693 0.03125 0.0673076923076923
0 0.7019230769230769 0.08533653846153846 0.016826923076923076 0.05048076923076923
0 0.9903846153846154 0.10817307692307693 0.019230769230769232 0.057692307692307696
0 0.29927884615384615 0.71875 0.03125 0.057692307692307696
0 0.23076923076923078 0.7271634615384616 0.036057692307692304 0.0673076923076923
0 0.9519230769230769 0.7824519230769231 0.038461538461538464 0.07692307692307693
0 0.875 0.7788461538461539 0.052884615384615384 0.08173076923076923
0 0.7007211538461539 0.7740384615384616 0.036057692307692304 0.0673076923076923
0 0.5216346153846154 0.7668269230769231 0.036057692307692304 0.0673076923076923
0 0.25240384615384615 0.7475961538461539 0.026442307692307692 0.057692307692307696
0 0.34134615384615385 0.7620192307692307 0.040865384615384616 0.0673076923076923
0 0.4338942307692308 0.7692307692307693 0.03125 0.04807692307692308
0 0.6310096153846154 0.7848557692307693 0.036057692307692304 0.0625
0 0.4579326923076923 0.07451923076923077 0.026442307692307692 0.038461538461538464
0 0.109375 0.7512019230769231 0.036057692307692304 0.0673076923076923
0 0.09134615384615384 0.7548076923076923 0.03365384615384615 0.07692307692307693
0 0.3762019230769231 0.7764423076923077 0.026442307692307692 0.0625
0 0.17668269230769232 0.7788461538461539 0.036057692307692304 0.0673076923076923
0 0.036057692307692304 0.7860576923076923 0.036057692307692304 0.0625
0 0.44350961538461536 0.8413461538461539 0.040865384615384616 0.0625
0 0.12379807692307693 0.8269230769230769 0.040865384615384616 0.057692307692307696
0 0.8641826923076923 0.8942307692307693 0.036057692307692304 0.07211538461538461
0 0.7836538461538461 0.890625 0.03125 0.038461538461538464
0 0.7079326923076923 0.890625 0.036057692307692304 0.057692307692307696
0 0.6310096153846154 0.8894230769230769 0.03125 0.057692307692307696
0 0.22956730769230768 0.859375 0.040865384615384616 0.07211538461538461
0 0.3713942307692308 0.8713942307692307 0.03125 0.057692307692307696
0 0.3233173076923077 0.8737980769230769 0.036057692307692304 0.0673076923076923
0 0.5084134615384616 0.8858173076923077 0.036057692307692304 0.0673076923076923
0 0.5745192307692307 0.9014423076923077 0.03125 0.0625
0 0.10697115384615384 0.8882211538461539 0.03125 0.052884615384615384
0 0.7427884615384616 0.10817307692307693 0.026442307692307692 0.057692307692307696
0 0.8221153846153846 0.1141826923076923 0.036057692307692304 0.0673076923076923
0 0.6346153846153846 0.10096153846153846 0.03125 0.04807692307692308
0 0.7103365384615384 0.10576923076923077 0.026442307692307692 0.0673076923076923
0 0.8942307692307693 0.9591346153846154 0.040865384615384616 0.0673076923076923
0 0.78125 0.953125 0.036057692307692304 0.07211538461538461
0 0.6634615384615384 0.9519230769230769 0.03125 0.0673076923076923
0 0.2548076923076923 0.9242788461538461 0.036057692307692304 0.0673076923076923
0 0.037259615384615384 0.9158653846153846 0.036057692307692304 0.04326923076923077
0 0.33533653846153844 0.9519230769230769 0.026442307692307692 0.0673076923076923
0 0.7127403846153846 0.9771634615384616 0.03125 0.04567307692307692
0 0.39783653846153844 0.9639423076923077 0.03125 0.0625
0 0.1346153846153846 0.9483173076923077 0.040865384615384616 0.057692307692307696
0 0.9615384615384616 0.12860576923076922 0.03125 0.057692307692307696
0 0.08533653846153846 0.9471153846153846 0.036057692307692304 0.04326923076923077
0 0.4170673076923077 0.9699519230769231 0.040865384615384616 0.052884615384615384
0 0.3762019230769231 0.9723557692307693 0.03365384615384615 0.03365384615384615
0 0.5036057692307693 0.9831730769230769 0.038461538461538464 0.03125
0 0.24278846153846154 0.9663461538461539 0.040865384615384616 0.036057692307692304
0 0.8605769230769231 0.12379807692307693 0.03125 0.0625
0 0.29086538461538464 0.9723557692307693 0.028846153846153848 0.028846153846153848
0 0.3401442307692308 0.09254807692307693 0.026442307692307692 0.0625
0 0.921875 0.1310096153846154 0.026442307692307692 0.057692307692307696
0 0.2956730769230769 0.003605769230769231 0.03365384615384615 0.007211538461538462
0 0.5120192307692307 0.11538461538461539 0.021634615384615384 0.04807692307692308
0 0.53125 0.11899038461538461 0.03125 0.052884615384615384
0 0.0829326923076923 0.09495192307692307 0.03125 0.0673076923076923
0 0.32091346153846156 0.1141826923076923 0.026442307692307692 0.07211538461538461
0 0.38341346153846156 0.11778846153846154 0.03125 0.0625
0 0.19951923076923078 0.10576923076923077 0.026442307692307692 0.052884615384615384
0 0.4651442307692308 0.13341346153846154 0.03125 0.0625