0 0.4423076923076923 0.32091346153846156 0.040865384615384616 0.0673076923076923
0 0.6165865384615384 0.3088942307692308 0.04807692307692308 0.0673076923076923
0 0.3473557692307692 0.3557692307692308 0.055288461538461536 0.08173076923076923
0 0.5144230769230769 0.33653846153846156 0.038461538461538464 0.057692307692307696
0 0.22716346153846154 0.3786057692307692 0.05048076923076923 0.0625
0 0.40865384615384615 0.35336538461538464 0.04567307692307692 0.07211538461538461
0 0.6899038461538461 0.35336538461538464 0.04807692307692308 0.07451923076923077
0 0.59375 0.36658653846153844 0.055288461538461536 0.08173076923076923
0 0.2932692307692308 0.41225961538461536 0.04807692307692308 0.07932692307692307
0 0.47836538461538464 0.39783653846153844 0.052884615384615384 0.08653846153846154
0 0.7427884615384616 0.3605769230769231 0.0625 0.0985576923076923
0 0.5492788461538461 0.3942307692307692 0.055288461538461536 0.08413461538461539
0 0.22956730769230768 0.4495192307692308 0.040865384615384616 0.06490384615384616
0 0.6658653846153846 0.39783653846153844 0.0625 0.0889423076923077
0 0.3954326923076923 0.44591346153846156 0.057692307692307696 0.07692307692307693
0 0.3401442307692308 0.5108173076923077 0.05048076923076923 0.07692307692307693
0 0.21514423076923078 0.5661057692307693 0.057692307692307696 0.09375
0 0.4651442307692308 0.5360576923076923 0.06490384615384616 0.10576923076923077
0 0.6286057692307693 0.5432692307692307 0.055288461538461536 0.07451923076923077
0 0.5504807692307693 0.5661057692307693 0.06009615384615385 0.09375