0 0.84375 0.5240384615384616 0.016826923076923076 0.019230769230769232
0 0.8209134615384616 0.5228365384615384 0.016826923076923076 0.019230769230769232
0 0.7740384615384616 0.5216346153846154 0.016826923076923076 0.02403846153846154
0 0.43509615384615385 0.49759615384615385 0.009615384615384616 0.014423076923076924
0 0.8942307692307693 0.5324519230769231 0.016826923076923076 0.019230769230769232
0 0.3954326923076923 0.49759615384615385 0.016826923076923076 0.019230769230769232
0 0.9182692307692307 0.5360576923076923 0.016826923076923076 0.02403846153846154
0 0.5889423076923077 0.5132211538461539 0.014423076923076924 0.014423076923076924
0 0.9507211538461539 0.5384615384615384 0.014423076923076924 0.014423076923076924
0 0.7007211538461539 0.5264423076923077 0.014423076923076924 0.014423076923076924
0 0.46033653846153844 0.5072115384615384 0.016826923076923076 0.019230769230769232
0 0.9627403846153846 0.5444711538461539 0.014423076923076924 0.014423076923076924
0 0.6394230769230769 0.5192307692307693 0.016826923076923076 0.019230769230769232
0 0.6862980769230769 0.5228365384615384 0.016826923076923076 0.019230769230769232
0 0.7367788461538461 0.5288461538461539 0.014423076923076924 0.014423076923076924
0 0.6165865384615384 0.5204326923076923 0.014423076923076924 0.014423076923076924
0 0.7560096153846154 0.5324519230769231 0.016826923076923076 0.019230769230769232
0 0.8629807692307693 0.5396634615384616 0.019230769230769232 0.028846153846153848
0 0.5564903846153846 0.5180288461538461 0.016826923076923076 0.019230769230769232
0 0.7235576923076923 0.5276442307692307 0.014423076923076924 0.014423076923076924
0 0.671875 0.5276442307692307 0.016826923076923076 0.02403846153846154
0 0.9855769230769231 0.5480769230769231 0.014423076923076924 0.009615384615384616
0 0.4182692307692308 0.5120192307692307 0.016826923076923076 0.019230769230769232
0 0.3713942307692308 0.5120192307692307 0.016826923076923076 0.02403846153846154
0 0.4831730769230769 0.5192307692307693 0.014423076923076924 0.014423076923076924
0 0.3329326923076923 0.5252403846153846 0.016826923076923076 0.019230769230769232
0 0.3329326923076923 0.5348557692307693 0.016826923076923076 0.019230769230769232
0 0.46153846153846156 0.5528846153846154 0.014423076923076924 0.009615384615384616
0 0.5480769230769231 0.5685096153846154 0.02403846153846154 0.028846153846153848
0 0.38461538461538464 0.5612980769230769 0.019230769230769232 0.019230769230769232
0 0.6081730769230769 0.5745192307692307 0.026442307692307692 0.04326923076923077
0 0.10336538461538461 0.5396634615384616 0.019230769230769232 0.02403846153846154
0 0.06129807692307692 0.5372596153846154 0.019230769230769232 0.02403846153846154
0 0.8689903846153846 0.5961538461538461 0.019230769230769232 0.028846153846153848
0 0.9795673076923077 0.6033653846153846 0.019230769230769232 0.019230769230769232
0 0.7235576923076923 0.5853365384615384 0.026442307692307692 0.038461538461538464
0 0.03125 0.5372596153846154 0.02403846153846154 0.028846153846153848
0 0.4651442307692308 0.5673076923076923 0.02403846153846154 0.028846153846153848
0 0.7860576923076923 0.5925480769230769 0.019230769230769232 0.02403846153846154
0 0.26802884615384615 0.5564903846153846 0.019230769230769232 0.03365384615384615
0 0.11177884615384616 0.5456730769230769 0.019230769230769232 0.02403846153846154
0 0.3581730769230769 0.5625 0.02403846153846154 0.03365384615384615
0 0.5192307692307693 0.578125 0.014423076923076924 0.014423076923076924
0 0.5745192307692307 0.5829326923076923 0.016826923076923076 0.03365384615384615
0 0.6971153846153846 0.5913461538461539 0.019230769230769232 0.016826923076923076
0 0.8293269230769231 0.6009615384615384 0.026442307692307692 0.038461538461538464
0 0.0673076923076923 0.5480769230769231 0.026442307692307692 0.038461538461538464
0 0.2608173076923077 0.5661057692307693 0.02403846153846154 0.028846153846153848
0 0.6694711538461539 0.5925480769230769 0.019230769230769232 0.02403846153846154
0 0.9399038461538461 0.6165865384615384 0.016826923076923076 0.02403846153846154
0 0.4362980769230769 0.578125 0.016826923076923076 0.019230769230769232
0 0.7439903846153846 0.6021634615384616 0.028846153846153848 0.03365384615384615
0 0.6911057692307693 0.5985576923076923 0.02403846153846154 0.02403846153846154
0 0.33413461538461536 0.5769230769230769 0.016826923076923076 0.019230769230769232
0 0.3894230769230769 0.5805288461538461 0.016826923076923076 0.019230769230769232
0 0.9098557692307693 0.6165865384615384 0.019230769230769232 0.028846153846153848
0 0.9699519230769231 0.6213942307692307 0.019230769230769232 0.028846153846153848
0 0.3112980769230769 0.5769230769230769 0.016826923076923076 0.02403846153846154
0 0.5240384615384616 0.5925480769230769 0.02403846153846154 0.03365384615384615
0 0.47596153846153844 0.5913461538461539 0.019230769230769232 0.028846153846153848
0 0.7896634615384616 0.6153846153846154 0.019230769230769232 0.03365384615384615
0 0.4014423076923077 0.5877403846153846 0.009615384615384616 0.014423076923076924
0 0.1141826923076923 0.5685096153846154 0.028846153846153848 0.03365384615384615
0 0.036057692307692304 0.5649038461538461 0.028846153846153848 0.028846153846153848
0 0.20432692307692307 0.5769230769230769 0.02403846153846154 0.028846153846153848
0 0.41586538461538464 0.5913461538461539 0.019230769230769232 0.028846153846153848
0 0.6598557692307693 0.6105769230769231 0.028846153846153848 0.03365384615384615
0 0.021634615384615384 0.5661057692307693 0.028846153846153848 0.03365384615384615
0 0.9591346153846154 0.6322115384615384 0.019230769230769232 0.02403846153846154
0 0.12620192307692307 0.5733173076923077 0.02403846153846154 0.03365384615384615
0 0.1466346153846154 0.578125 0.019230769230769232 0.028846153846153848
0 0.17908653846153846 0.5829326923076923 0.019230769230769232 0.03365384615384615
0 0.4579326923076923 0.6045673076923077 0.02403846153846154 0.019230769230769232
0 0.23317307692307693 0.5889423076923077 0.019230769230769232 0.028846153846153848
0 0.5600961538461539 0.6117788461538461 0.026442307692307692 0.038461538461538464
0 0.32091346153846156 0.5973557692307693 0.021634615384615384 0.04326923076923077
0 0.9362980769230769 0.6382211538461539 0.019230769230769232 0.019230769230769232
0 0.6334134615384616 0.6165865384615384 0.036057692307692304 0.038461538461538464
0 0.3701923076923077 0.6009615384615384 0.02403846153846154 0.03365384615384615
0 0.25 0.59375 0.02403846153846154 0.028846153846153848
0 0.6694711538461539 0.6225961538461539 0.02403846153846154 0.028846153846153848
0 0.8317307692307693 0.6346153846153846 0.02403846153846154 0.028846153846153848
0 0.6971153846153846 0.625 0.036057692307692304 0.04807692307692308
0 0.875 0.6442307692307693 0.019230769230769232 0.03365384615384615
0 0.48677884615384615 0.6165865384615384 0.019230769230769232 0.03365384615384615
0 0.07091346153846154 0.5877403846153846 0.03125 0.04326923076923077
0 0.3918269230769231 0.6105769230769231 0.02403846153846154 0.03365384615384615
0 0.9783653846153846 0.6538461538461539 0.016826923076923076 0.028846153846153848
0 0.7932692307692307 0.640625 0.026442307692307692 0.038461538461538464
0 0.40865384615384615 0.6141826923076923 0.019230769230769232 0.028846153846153848
0 0.7367788461538461 0.6370192307692307 0.03125 0.038461538461538464
0 0.9122596153846154 0.6490384615384616 0.019230769230769232 0.028846153846153848
0 0.30649038461538464 0.6069711538461539 0.03125 0.04807692307692308
0 0.05048076923076923 0.5913461538461539 0.02403846153846154 0.02403846153846154
0 0.10216346153846154 0.5949519230769231 0.026442307692307692 0.04326923076923077
0 0.01201923076923077 0.5865384615384616 0.02403846153846154 0.03365384615384615
0 0.9555288461538461 0.6574519230769231 0.02403846153846154 0.028846153846153848
0 0.5252403846153846 0.6322115384615384 0.026442307692307692 0.038461538461538464
0 0.19110576923076922 0.6057692307692307 0.019230769230769232 0.03365384615384615
0 0.8185096153846154 0.6526442307692307 0.03125 0.038461538461538464
0 0.15384615384615385 0.6033653846153846 0.028846153846153848 0.03365384615384615
0 0.8954326923076923 0.6598557692307693 0.016826923076923076 0.02403846153846154
0 0.42788461538461536 0.6274038461538461 0.016826923076923076 0.03365384615384615
0 0.6201923076923077 0.6430288461538461 0.03125 0.038461538461538464
0 0.234375 0.6165865384615384 0.02403846153846154 0.028846153846153848
0 0.8521634615384616 0.6622596153846154 0.02403846153846154 0.03365384615384615
0 0.4699519230769231 0.6358173076923077 0.026442307692307692 0.04326923076923077
0 0.7560096153846154 0.6550480769230769 0.036057692307692304 0.04326923076923077
0 0.3425480769230769 0.6262019230769231 0.03125 0.04326923076923077
0 0.5901442307692307 0.6478365384615384 0.02403846153846154 0.03365384615384615
0 0.038461538461538464 0.6081730769230769 0.019230769230769232 0.03365384615384615
0 0.2800480769230769 0.6298076923076923 0.026442307692307692 0.04326923076923077
0 0.14783653846153846 0.6262019230769231 0.03125 0.04326923076923077
0 0.3870192307692308 0.6454326923076923 0.019230769230769232 0.028846153846153848
0 0.35216346153846156 0.6430288461538461 0.026442307692307692 0.04807692307692308
0 0.36899038461538464 0.6490384615384616 0.021634615384615384 0.038461538461538464
0 0.2439903846153846 0.6394230769230769 0.021634615384615384 0.038461538461538464
0 0.4338942307692308 0.6550480769230769 0.019230769230769232 0.03365384615384615
0 0.17427884615384615 0.6370192307692307 0.03125 0.04326923076923077
0 0.21394230769230768 0.6430288461538461 0.036057692307692304 0.038461538461538464
0 0.051682692307692304 0.6310096153846154 0.026442307692307692 0.038461538461538464
0 0.007211538461538462 0.6322115384615384 0.014423076923076924 0.038461538461538464
0 0.453125 0.6694711538461539 0.026442307692307692 0.038461538461538464
0 0.11899038461538461 0.6490384615384616 0.03125 0.04807692307692308
0 0.037259615384615384 0.6430288461538461 0.026442307692307692 0.038461538461538464
0 0.32572115384615385 0.6634615384615384 0.03125 0.04807692307692308
0 0.39903846153846156 0.6814903846153846 0.028846153846153848 0.03365384615384615
0 0.7836538461538461 0.7175480769230769 0.026442307692307692 0.04326923076923077
0 0.5396634615384616 0.7259615384615384 0.021634615384615384 0.038461538461538464
0 0.6129807692307693 0.7536057692307693 0.019230769230769232 0.028846153846153848
0 0.8870192307692307 0.7776442307692307 0.02403846153846154 0.028846153846153848
0 0.5673076923076923 0.7572115384615384 0.02403846153846154 0.03365384615384615
0 0.7223557692307693 0.7728365384615384 0.021634615384615384 0.04326923076923077
0 0.49399038461538464 0.7620192307692307 0.026442307692307692 0.04326923076923077
0 0.6730769230769231 0.7788461538461539 0.02403846153846154 0.03365384615384615
0 0.640625 0.7836538461538461 0.026442307692307692 0.038461538461538464
0 0.6057692307692307 0.7860576923076923 0.019230769230769232 0.028846153846153848
0 0.14423076923076922 0.78125 0.036057692307692304 0.04807692307692308