0 0.7560096153846154 0.1778846153846154 0.02403846153846154 0.028846153846153848
0 0.7355769230769231 0.1778846153846154 0.019230769230769232 0.02403846153846154
0 0.35697115384615385 0.16826923076923078 0.019230769230769232 0.019230769230769232
0 0.6382211538461539 0.18028846153846154 0.019230769230769232 0.02403846153846154
0 0.7764423076923077 0.18509615384615385 0.014423076923076924 0.02403846153846154
0 0.8088942307692307 0.18629807692307693 0.019230769230769232 0.019230769230769232
0 0.5805288461538461 0.1778846153846154 0.019230769230769232 0.02403846153846154
0 0.4639423076923077 0.17908653846153846 0.02403846153846154 0.038461538461538464
0 0.7463942307692307 0.18870192307692307 0.019230769230769232 0.02403846153846154
0 0.6983173076923077 0.19230769230769232 0.028846153846153848 0.038461538461538464
0 0.5288461538461539 0.18629807692307693 0.019230769230769232 0.028846153846153848
0 0.7211538461538461 0.19471153846153846 0.019230769230769232 0.028846153846153848
0 0.47115384615384615 0.18629807692307693 0.019230769230769232 0.02403846153846154
0 0.6153846153846154 0.1935096153846154 0.028846153846153848 0.04807692307692308
0 0.6778846153846154 0.19591346153846154 0.014423076923076924 0.019230769230769232
0 0.3605769230769231 0.18509615384615385 0.019230769230769232 0.019230769230769232
0 0.5661057692307693 0.19471153846153846 0.014423076923076924 0.028846153846153848
0 0.4411057692307692 0.18990384615384615 0.02403846153846154 0.02403846153846154
0 0.38341346153846156 0.18990384615384615 0.02403846153846154 0.04326923076923077
0 0.4951923076923077 0.19951923076923078 0.02403846153846154 0.04807692307692308
0 0.32091346153846156 0.1935096153846154 0.02403846153846154 0.02403846153846154
0 0.39783653846153844 0.19831730769230768 0.019230769230769232 0.02403846153846154
0 0.5480769230769231 0.203125 0.02403846153846154 0.04326923076923077
0 0.7860576923076923 0.21153846153846154 0.02403846153846154 0.02403846153846154
0 0.6430288461538461 0.20673076923076922 0.028846153846153848 0.04326923076923077
0 0.4387019230769231 0.20072115384615385 0.014423076923076924 0.019230769230769232
0 0.5264423076923077 0.20432692307692307 0.028846153846153848 0.04326923076923077
0 0.8149038461538461 0.21634615384615385 0.028846153846153848 0.05048076923076923
0 0.5144230769230769 0.20793269230769232 0.02403846153846154 0.04326923076923077
0 0.21634615384615385 0.20072115384615385 0.038461538461538464 0.028846153846153848
0 0.7644230769230769 0.22235576923076922 0.02403846153846154 0.04326923076923077
0 0.35697115384615385 0.21033653846153846 0.02403846153846154 0.028846153846153848
0 0.5901442307692307 0.21754807692307693 0.03365384615384615 0.04807692307692308
0 0.12740384615384615 0.20432692307692307 0.038461538461538464 0.03365384615384615
0 0.07211538461538461 0.20432692307692307 0.02403846153846154 0.028846153846153848
0 0.296875 0.21514423076923078 0.02403846153846154 0.03365384615384615
0 0.4699519230769231 0.22115384615384615 0.02403846153846154 0.02403846153846154
0 0.3173076923076923 0.21875 0.02403846153846154 0.03365384615384615
0 0.5324519230769231 0.22596153846153846 0.028846153846153848 0.04326923076923077
0 0.2620192307692308 0.21875 0.028846153846153848 0.038461538461538464
0 0.9867788461538461 0.24639423076923078 0.026442307692307692 0.06490384615384616
0 0.19230769230769232 0.21634615384615385 0.028846153846153848 0.03365384615384615
0 0.4375 0.22716346153846154 0.02403846153846154 0.03365384615384615
0 0.21995192307692307 0.21995192307692307 0.028846153846153848 0.03365384615384615
0 0.7367788461538461 0.24278846153846154 0.04807692307692308 0.0673076923076923
0 0.24158653846153846 0.2247596153846154 0.02403846153846154 0.038461538461538464
0 0.2824519230769231 0.23076923076923078 0.02403846153846154 0.038461538461538464
0 0.8533653846153846 0.25240384615384615 0.04326923076923077 0.0625
0 0.41466346153846156 0.23918269230769232 0.028846153846153848 0.038461538461538464
0 0.32572115384615385 0.23918269230769232 0.02403846153846154 0.038461538461538464
0 0.11177884615384616 0.23197115384615385 0.028846153846153848 0.05048076923076923
0 0.13581730769230768 0.23918269230769232 0.04326923076923077 0.0673076923076923
0 0.6189903846153846 0.25841346153846156 0.04326923076923077 0.057692307692307696
0 0.6478365384615384 0.25961538461538464 0.03365384615384615 0.04326923076923077
0 0.6862980769230769 0.2608173076923077 0.04567307692307692 0.07211538461538461
0 0.7836538461538461 0.27163461538461536 0.04326923076923077 0.0673076923076923
0 0.18870192307692307 0.2536057692307692 0.028846153846153848 0.04326923076923077
0 0.08653846153846154 0.2536057692307692 0.04326923076923077 0.052884615384615384
0 0.47115384615384615 0.2668269230769231 0.03365384615384615 0.05048076923076923
0 0.06129807692307692 0.25240384615384615 0.038461538461538464 0.0673076923076923
0 0.390625 0.2668269230769231 0.03365384615384615 0.05048076923076923
0 0.43149038461538464 0.27283653846153844 0.038461538461538464 0.04807692307692308
0 0.03125 0.25961538461538464 0.04807692307692308 0.07932692307692307
0 0.34975961538461536 0.27524038461538464 0.052884615384615384 0.07211538461538461
0 0.9170673076923077 0.30649038461538464 0.0625 0.07932692307692307
0 0.21995192307692307 0.28725961538461536 0.052884615384615384 0.0673076923076923
0 0.9651442307692307 0.3269230769230769 0.06971153846153846 0.10096153846153846
0 0.640625 0.3425480769230769 0.0625 0.08413461538461539
0 0.2608173076923077 0.3762019230769231 0.057692307692307696 0.0889423076923077
0 0.7560096153846154 0.39302884615384615 0.0673076923076923 0.10336538461538461
0 0.12379807692307693 0.3762019230769231 0.07211538461538461 0.0985576923076923
0 0.5504807692307693 0.4338942307692308 0.10817307692307693 0.1466346153846154
0 0.31971153846153844 0.4338942307692308 0.0625 0.0985576923076923
0 0.12259615384615384 0.5673076923076923 0.14903846153846154 0.18990384615384615
0 0.4362980769230769 0.6105769230769231 0.12980769230769232 0.16105769230769232