0 0.5048076923076923 0.24519230769230768 0.06009615384615385 0.05048076923076923
0 0.34134615384615385 0.43028846153846156 0.014423076923076924 0.009615384615384616
0 0.04927884615384615 0.4266826923076923 0.02403846153846154 0.019230769230769232
0 0.07572115384615384 0.43509615384615385 0.028846153846153848 0.019230769230769232
0 0.14903846153846154 0.4411057692307692 0.019230769230769232 0.014423076923076924
0 0.7584134615384616 0.4579326923076923 0.02403846153846154 0.019230769230769232
0 0.34615384615384615 0.453125 0.028846153846153848 0.02403846153846154
0 0.8341346153846154 0.4639423076923077 0.02403846153846154 0.014423076923076924
0 0.78125 0.46274038461538464 0.019230769230769232 0.014423076923076924
0 0.17668269230769232 0.4519230769230769 0.02403846153846154 0.019230769230769232
0 0.03365384615384615 0.4495192307692308 0.028846153846153848 0.014423076923076924
0 0.9338942307692307 0.4675480769230769 0.04326923076923077 0.02403846153846154
0 0.24639423076923078 0.4579326923076923 0.03365384615384615 0.019230769230769232
0 0.3161057692307692 0.45913461538461536 0.03365384615384615 0.019230769230769232
0 0.5012019230769231 0.4651442307692308 0.028846153846153848 0.019230769230769232
0 0.6430288461538461 0.4675480769230769 0.014423076923076924 0.019230769230769232
0 0.75 0.4699519230769231 0.019230769230769232 0.014423076923076924
0 0.6670673076923077 0.4675480769230769 0.03365384615384615 0.02403846153846154
0 0.04927884615384615 0.45913461538461536 0.03365384615384615 0.019230769230769232
0 0.8052884615384616 0.47475961538461536 0.02403846153846154 0.019230769230769232
0 0.22235576923076922 0.4651442307692308 0.03365384615384615 0.02403846153846154
0 0.41466346153846156 0.47115384615384615 0.03365384615384615 0.02403846153846154
0 0.2824519230769231 0.46875 0.02403846153846154 0.014423076923076924
0 0.7271634615384616 0.47836538461538464 0.028846153846153848 0.02403846153846154
0 0.8425480769230769 0.4807692307692308 0.02403846153846154 0.02403846153846154
0 0.47716346153846156 0.47716346153846156 0.03365384615384615 0.02403846153846154
0 0.6105769230769231 0.4795673076923077 0.028846153846153848 0.02403846153846154
0 0.765625 0.48197115384615385 0.03365384615384615 0.02403846153846154
0 0.5805288461538461 0.47836538461538464 0.028846153846153848 0.019230769230769232
0 0.49278846153846156 0.4795673076923077 0.02403846153846154 0.02403846153846154
0 0.11538461538461539 0.4723557692307692 0.028846153846153848 0.019230769230769232
0 0.5625 0.4807692307692308 0.019230769230769232 0.02403846153846154
0 0.9350961538461539 0.4891826923076923 0.03365384615384615 0.02403846153846154
0 0.9855769230769231 0.49038461538461536 0.02403846153846154 0.02403846153846154
0 0.14302884615384615 0.47836538461538464 0.04326923076923077 0.028846153846153848
0 0.5180288461538461 0.484375 0.03365384615384615 0.02403846153846154
0 0.020432692307692308 0.47475961538461536 0.040865384615384616 0.03365384615384615
0 0.33533653846153844 0.48197115384615385 0.03365384615384615 0.028846153846153848
0 0.6826923076923077 0.4879807692307692 0.028846153846153848 0.02403846153846154
0 0.10697115384615384 0.47716346153846156 0.03365384615384615 0.019230769230769232
0 0.046875 0.47716346153846156 0.019230769230769232 0.019230769230769232
0 0.9723557692307693 0.49399038461538464 0.038461538461538464 0.028846153846153848
0 0.4170673076923077 0.48677884615384615 0.02403846153846154 0.019230769230769232
0 0.234375 0.4831730769230769 0.028846153846153848 0.028846153846153848
0 0.26802884615384615 0.484375 0.03365384615384615 0.02403846153846154
0 0.30528846153846156 0.484375 0.038461538461538464 0.02403846153846154
0 0.7127403846153846 0.49399038461538464 0.028846153846153848 0.009615384615384616
0 0.22235576923076922 0.4879807692307692 0.03365384615384615 0.028846153846153848
0 0.7355769230769231 0.4963942307692308 0.028846153846153848 0.02403846153846154
0 0.6430288461538461 0.4951923076923077 0.028846153846153848 0.02403846153846154
0 0.39302884615384615 0.49278846153846156 0.04326923076923077 0.028846153846153848
0 0.8798076923076923 0.5024038461538461 0.038461538461538464 0.02403846153846154
0 0.19951923076923078 0.49038461538461536 0.038461538461538464 0.02403846153846154
0 0.8305288461538461 0.5012019230769231 0.03365384615384615 0.02403846153846154
0 0.5973557692307693 0.4963942307692308 0.028846153846153848 0.02403846153846154
0 0.765625 0.5048076923076923 0.03365384615384615 0.019230769230769232
0 0.7175480769230769 0.5084134615384616 0.03365384615384615 0.028846153846153848
0 0.9230769230769231 0.5120192307692307 0.019230769230769232 0.02403846153846154
0 0.9375 0.5144230769230769 0.028846153846153848 0.019230769230769232
0 0.9026442307692307 0.5168269230769231 0.02403846153846154 0.02403846153846154
0 0.625 0.5168269230769231 0.03365384615384615 0.028846153846153848
0 0.7944711538461539 0.5252403846153846 0.038461538461538464 0.028846153846153848
0 0.1658653846153846 0.5384615384615384 0.07932692307692307 0.052884615384615384
0 0.5240384615384616 0.5444711538461539 0.06490384615384616 0.05048076923076923
0 0.6983173076923077 0.5504807692307693 0.055288461538461536 0.05048076923076923
0 0.9831730769230769 0.5637019230769231 0.02403846153846154 0.028846153846153848
0 0.30288461538461536 0.6033653846153846 0.028846153846153848 0.02403846153846154
0 0.1971153846153846 0.6045673076923077 0.028846153846153848 0.02403846153846154
0 0.9651442307692307 0.6177884615384616 0.04326923076923077 0.019230769230769232
0 0.8822115384615384 0.6201923076923077 0.038461538461538464 0.03365384615384615
0 0.06490384615384616 0.6081730769230769 0.04807692307692308 0.03365384615384615
0 0.2776442307692308 0.6117788461538461 0.038461538461538464 0.028846153846153848
0 0.7980769230769231 0.6274038461538461 0.04326923076923077 0.03365384615384615
0 0.24278846153846154 0.6201923076923077 0.04326923076923077 0.028846153846153848
0 0.6526442307692307 0.6274038461538461 0.038461538461538464 0.028846153846153848
0 0.5901442307692307 0.6286057692307693 0.04807692307692308 0.03365384615384615
0 0.02283653846153846 0.6177884615384616 0.04567307692307692 0.02403846153846154
0 0.9651442307692307 0.6382211538461539 0.03365384615384615 0.019230769230769232
0 0.3245192307692308 0.6286057692307693 0.038461538461538464 0.028846153846153848
0 0.41225961538461536 0.6334134615384616 0.038461538461538464 0.028846153846153848
0 0.9699519230769231 0.65625 0.038461538461538464 0.02403846153846154
0 0.2127403846153846 0.6502403846153846 0.038461538461538464 0.038461538461538464
0 0.057692307692307696 0.6478365384615384 0.04807692307692308 0.028846153846153848
0 0.8473557692307693 0.6610576923076923 0.04807692307692308 0.028846153846153848
0 0.3605769230769231 0.6574519230769231 0.038461538461538464 0.028846153846153848
0 0.7728365384615384 0.6670673076923077 0.03365384615384615 0.028846153846153848
0 0.013221153846153846 0.6610576923076923 0.026442307692307692 0.03365384615384615
0 0.9038461538461539 0.6766826923076923 0.038461538461538464 0.028846153846153848
0 0.30288461538461536 0.6682692307692307 0.05048076923076923 0.028846153846153848
0 0.4411057692307692 0.671875 0.05048076923076923 0.03365384615384615
0 0.9519230769230769 0.6887019230769231 0.038461538461538464 0.028846153846153848
0 0.6213942307692307 0.6875 0.02403846153846154 0.03365384615384615
0 0.7692307692307693 0.6971153846153846 0.04807692307692308 0.03365384615384615