0 0.7403846153846154 0.2439903846153846 0.09375 0.12980769230769232
0 0.2403846153846154 0.3329326923076923 0.06971153846153846 0.0985576923076923
0 0.6262019230769231 0.2920673076923077 0.09134615384615384 0.125
0 0.5168269230769231 0.32211538461538464 0.08413461538461539 0.125
0 0.28725961538461536 0.4170673076923077 0.09134615384615384 0.14903846153846154
0 0.41466346153846156 0.39783653846153844 0.09375 0.1466346153846154
0 0.13822115384615385 0.47716346153846156 0.09134615384615384 0.13701923076923078
0 0.8269230769230769 0.36778846153846156 0.10576923076923077 0.14182692307692307
0 0.7379807692307693 0.3870192307692308 0.0985576923076923 0.15625
0 0.21995192307692307 0.5817307692307693 0.10336538461538461 0.13221153846153846
0 0.5384615384615384 0.546875 0.10096153846153846 0.14182692307692307
0 0.6947115384615384 0.5817307692307693 0.0985576923076923 0.14903846153846154