0 0.5859375 0.2265625 0.009375 0.009375
0 0.52578125 0.22890625 0.0140625 0.01875
0 0.6015625 0.22890625 0.0140625 0.01875
0 0.73359375 0.23359375 0.009375 0.01875
0 0.75703125 0.23359375 0.0140625 0.01875
0 0.4421875 0.2359375 0.0140625 0.028125
0 0.6921875 0.23828125 0.009375 0.0234375
0 0.33828125 0.23828125 0.009375 0.01875
0 0.653125 0.23828125 0.0140625 0.0234375
0 0.6109375 0.23828125 0.009375 0.0140625
0 0.4140625 0.240625 0.0140625 0.01875
0 0.5484375 0.240625 0.01875 0.0234375
0 0.5859375 0.240625 0.009375 0.0140625
0 0.634375 0.240625 0.0140625 0.01875
0 0.38203125 0.240625 0.0140625 0.01875
0 0.5578125 0.240625 0.009375 0.0140625
0 0.803125 0.2453125 0.0140625 0.01875
0 0.4765625 0.24765625 0.0140625 0.0234375
0 0.509375 0.24765625 0.009375 0.0234375
0 0.66640625 0.25 0.009375 0.01875
0 0.57890625 0.25234375 0.009375 0.01875
0 0.4515625 0.25234375 0.0140625 0.0234375
0 0.51875 0.25234375 0.0140625 0.01875
0 0.678125 0.25234375 0.009375 0.01875
0 0.278125 0.25234375 0.0140625 0.01875
0 0.3078125 0.2546875 0.0140625 0.0234375
0 0.721875 0.25703125 0.009375 0.01875
0 0.71328125 0.25703125 0.009375 0.0234375
0 0.4953125 0.259375 0.0140625 0.0234375
0 0.6203125 0.259375 0.0140625 0.0234375
0 0.78046875 0.259375 0.0140625 0.0234375
0 0.64375 0.259375 0.0140625 0.0140625
0 0.39375 0.26171875 0.0140625 0.01875
0 0.53046875 0.26171875 0.0140625 0.01875
0 0.6109375 0.26171875 0.009375 0.0140625
0 0.55078125 0.26171875 0.009375 0.01875
0 0.3359375 0.2640625 0.009375 0.01875
0 0.571875 0.2640625 0.009375 0.01875
0 0.59453125 0.2640625 0.0046875 0.01875
0 0.81484375 0.2640625 0.0140625 0.0234375
0 0.4375 0.26640625 0.0140625 0.0140625
0 0.46953125 0.26640625 0.0140625 0.0234375
0 0.68515625 0.26640625 0.0140625 0.01875
0 0.24765625 0.26875 0.01875 0.028125
0 0.740625 0.26875 0.0140625 0.0140625
0 0.6015625 0.27109375 0.009375 0.0234375
0 0.56015625 0.27109375 0.0140625 0.0234375
0 0.65703125 0.27109375 0.009375 0.0234375
0 0.7640625 0.27109375 0.009375 0.0234375
0 0.6203125 0.27109375 0.0140625 0.01875
0 0.25703125 0.27578125 0.0140625 0.01875
0 0.32890625 0.27578125 0.0140625 0.0234375
0 0.37734375 0.27578125 0.0140625 0.01875
0 0.403125 0.28046875 0.0140625 0.0234375
0 0.51875 0.284375 0.0140625 0.01875
0 0.69921875 0.284375 0.0140625 0.01875
0 0.590625 0.284375 0.0140625 0.01875
0 0.7265625 0.28671875 0.009375 0.01875
0 0.2890625 0.28671875 0.0140625 0.028125
0 0.31953125 0.2890625 0.0140625 0.01875
0 0.4328125 0.2890625 0.0140625 0.0140625
0 0.6640625 0.2890625 0.0140625 0.0140625
0 0.30078125 0.29140625 0.0140625 0.0234375
0 0.57890625 0.29140625 0.0140625 0.01875
0 0.6296875 0.29140625 0.0140625 0.0234375
0 0.65546875 0.29375 0.009375 0.0140625
0 0.3515625 0.29375 0.0140625 0.0234375
0 0.5484375 0.29609375 0.009375 0.0140625
0 0.18046875 0.29609375 0.01875 0.0234375
0 0.3796875 0.29609375 0.0140625 0.01875
0 0.76875 0.2984375 0.0140625 0.0234375
0 0.60390625 0.30078125 0.009375 0.01875
0 0.84453125 0.30078125 0.0140625 0.0234375
0 0.51171875 0.303125 0.0140625 0.0234375
0 0.4328125 0.303125 0.0140625 0.0140625
0 0.3265625 0.30546875 0.0140625 0.01875
0 0.48359375 0.30546875 0.009375 0.01875
0 0.471875 0.3078125 0.0140625 0.01875
0 0.26171875 0.31015625 0.009375 0.0234375
0 0.784375 0.31015625 0.01875 0.01875
0 0.7359375 0.31015625 0.0140625 0.0234375
0 0.54375 0.3125 0.0140625 0.0234375
0 0.66875 0.3125 0.0140625 0.028125
0 0.6390625 0.3125 0.0140625 0.0234375
0 0.7109375 0.3125 0.0140625 0.0234375
0 0.34296875 0.31484375 0.0140625 0.0234375
0 0.76171875 0.31484375 0.0140625 0.0234375
0 0.821875 0.31484375 0.0140625 0.0234375
0 0.4515625 0.3171875 0.0140625 0.0234375
0 0.89375 0.31953125 0.0140625 0.028125
0 0.5 0.31953125 0.0140625 0.01875
0 0.60625 0.31953125 0.0140625 0.01875
0 0.5578125 0.321875 0.0140625 0.0234375
0 0.375 0.32421875 0.0140625 0.0234375
0 0.30546875 0.32421875 0.0140625 0.028125
0 0.39140625 0.3265625 0.0140625 0.0234375
0 0.23359375 0.3265625 0.0140625 0.03125
0 0.2546875 0.32890625 0.0140625 0.03125
0 0.53046875 0.32890625 0.0140625 0.0234375
0 0.659375 0.32890625 0.0140625 0.0234375
0 0.740625 0.32890625 0.0140625 0.0234375
0 0.778125 0.3359375 0.01875 0.028125
0 0.48359375 0.3359375 0.0140625 0.0234375
0 0.41875 0.33828125 0.0140625 0.0234375
0 0.63203125 0.33828125 0.0140625 0.0234375
0 0.20625 0.33828125 0.0140625 0.0234375
0 0.803125 0.33828125 0.0140625 0.028125
0 0.58359375 0.340625 0.0140625 0.0234375
0 0.83125 0.340625 0.0140625 0.0234375
0 0.29375 0.34296875 0.01875 0.028125
0 0.70859375 0.34453125 0.0140625 0.028125
0 0.5578125 0.346875 0.01875 0.0234375
0 0.6109375 0.346875 0.01875 0.0234375
0 0.8703125 0.346875 0.0140625 0.028125
0 0.76640625 0.34921875 0.0140625 0.028125
0 0.69453125 0.35390625 0.0140625 0.028125
0 0.73828125 0.35859375 0.0140625 0.0234375
0 0.840625 0.35859375 0.0140625 0.028125
0 0.64140625 0.3609375 0.01875 0.03125
0 0.48828125 0.3609375 0.0140625 0.01875
0 0.5390625 0.3609375 0.0140625 0.028125
0 0.88671875 0.3609375 0.0140625 0.028125
0 0.66875 0.36328125 0.0140625 0.0234375
0 0.44921875 0.36328125 0.0140625 0.01875
0 0.68046875 0.365625 0.009375 0.0140625
0 0.721875 0.365625 0.0140625 0.028125
0 0.79140625 0.36796875 0.0140625 0.028125
0 0.47421875 0.3703125 0.0140625 0.01875
0 0.58125 0.3703125 0.0140625 0.0234375
0 0.8171875 0.37265625 0.0140625 0.0234375
0 0.5046875 0.37265625 0.01875 0.028125
0 0.31015625 0.375 0.01875 0.0375
0 0.6015625 0.375 0.0140625 0.01875
0 0.41875 0.37734375 0.0140625 0.0234375
0 0.15546875 0.38203125 0.01875 0.028125
0 0.70859375 0.38203125 0.0140625 0.0234375
0 0.7453125 0.38203125 0.0140625 0.0234375
0 0.86796875 0.384375 0.0140625 0.0234375
0 0.33359375 0.384375 0.0140625 0.0234375
0 0.4859375 0.38671875 0.01875 0.028125
0 0.83828125 0.38671875 0.01875 0.028125
0 0.9234375 0.38671875 0.01875 0.028125
0 0.20625 0.39375 0.0140625 0.01875
0 0.76875 0.403125 0.01875 0.0234375
0 0.54140625 0.40546875 0.0140625 0.01875
0 0.59453125 0.40546875 0.009375 0.028125
0 0.78671875 0.40703125 0.01875 0.0234375
0 0.51640625 0.409375 0.0140625 0.0234375
0 0.82421875 0.409375 0.01875 0.028125
0 0.56953125 0.41171875 0.0140625 0.028125
0 0.88671875 0.41171875 0.0140625 0.028125
0 0.84921875 0.4140625 0.0140625 0.0234375
0 0.45625 0.41640625 0.01875 0.0234375
0 0.91640625 0.42109375 0.0140625 0.0375
0 0.2453125 0.42578125 0.01875 0.028125
0 0.48828125 0.428125 0.0140625 0.0234375
0 0.41640625 0.43984375 0.0140625 0.03125
0 0.46796875 0.4421875 0.01875 0.028125
0 0.5046875 0.4421875 0.0140625 0.01875
0 0.2015625 0.44453125 0.01875 0.028125
0 0.12734375 0.44453125 0.01875 0.028125
0 0.40546875 0.44453125 0.01875 0.03125
0 0.4375 0.44453125 0.0140625 0.028125
0 0.5625 0.446875 0.0140625 0.0234375
0 0.159375 0.4515625 0.01875 0.03125
0 0.66640625 0.45625 0.01875 0.0375
0 0.7265625 0.45859375 0.01875 0.0375
0 0.51171875 0.465625 0.0140625 0.0234375
0 0.44921875 0.46796875 0.01875 0.0375
0 0.38203125 0.46953125 0.01875 0.028125
0 0.83828125 0.47421875 0.01875 0.03125
0 0.6015625 0.4765625 0.0140625 0.0234375
0 0.42109375 0.48359375 0.0140625 0.028125
0 0.2453125 0.4859375 0.01875 0.03125
0 0.53046875 0.48828125 0.0140625 0.03125
0 0.30546875 0.490625 0.0234375 0.028125
0 0.2015625 0.49296875 0.01875 0.028125
0 0.50703125 0.4953125 0.01875 0.03125
0 0.159375 0.5 0.01875 0.03125
0 0.7546875 0.5 0.01875 0.03125
0 0.884375 0.5 0.01875 0.03125
0 0.3359375 0.50234375 0.01875 0.03125
0 0.56015625 0.5046875 0.01875 0.028125
0 0.60625 0.50703125 0.01875 0.028125
0 0.634375 0.50703125 0.01875 0.028125
0 0.40703125 0.509375 0.01875 0.028125
0 0.28046875 0.51171875 0.01875 0.0375
0 0.23359375 0.5140625 0.0140625 0.028125
0 0.46328125 0.5140625 0.01875 0.028125
0 0.67109375 0.51875 0.01875 0.028125
0 0.778125 0.52578125 0.0234375 0.03125
0 0.70859375 0.52578125 0.01875 0.03125
0 0.81953125 0.528125 0.01875 0.0375
0 0.15078125 0.5390625 0.01875 0.0375
0 0.1875 0.54375 0.01875 0.028125
0 0.39609375 0.54609375 0.0234375 0.03125
0 0.72421875 0.5484375 0.0140625 0.028125
0 0.23828125 0.553125 0.01875 0.03125
0 0.5671875 0.56015625 0.01875 0.03125
0 0.46328125 0.5765625 0.01875 0.028125
0 0.17578125 0.5765625 0.01875 0.03125
0 0.7546875 0.5765625 0.01875 0.0375
0 0.49296875 0.58125 0.0234375 0.028125
0 0.215625 0.58359375 0.01875 0.03125
0 0.8078125 0.5859375 0.0234375 0.040625
0 0.40546875 0.6015625 0.0234375 0.03125
0 0.34296875 0.61328125 0.01875 0.03125
0 0.6734375 0.615625 0.01875 0.028125
0 0.16875 0.61796875 0.028125 0.028125
0 0.30546875 0.62265625 0.01875 0.028125
0 0.75234375 0.62734375 0.01875 0.03125
0 0.46953125 0.634375 0.01875 0.03125
0 0.60625 0.634375 0.0140625 0.0234375
0 0.71328125 0.6390625 0.01875 0.0375
0 0.1875 0.64375 0.0234375 0.03125
0 0.784375 0.66171875 0.01875 0.0375
0 0.25703125 0.66640625 0.0234375 0.03125
0 0.50703125 0.67109375 0.0234375 0.03125
0 0.70390625 0.68515625 0.01875 0.03125
0 0.55078125 0.6875 0.0140625 0.03125
0 0.17578125 0.6875 0.0234375 0.0375
0 0.28046875 0.68984375 0.0234375 0.040625
0 0.14609375 0.69453125 0.0234375 0.040625
0 0.7640625 0.71328125 0.01875 0.03125
0 0.72421875 0.71953125 0.01875 0.03125
0 0.16171875 0.72421875 0.03125 0.040625
0 0.80078125 0.72421875 0.0234375 0.040625
0 0.46953125 0.75234375 0.01875 0.028125
0 0.2546875 0.7546875 0.0234375 0.03125
0 0.5046875 0.7546875 0.0234375 0.028125
0 0.54609375 0.76875 0.01875 0.03125
0 0.42578125 0.7734375 0.01875 0.0234375
0 0.23125 0.78671875 0.01875 0.0375
0 0.73125 0.79609375 0.028125 0.046875
0 0.8078125 0.846875 0.028125 0.05