0 0.10336538461538461 0.038461538461538464 0.02403846153846154 0.02403846153846154
0 0.22596153846153846 0.13341346153846154 0.028846153846153848 0.03365384615384615
0 0.19230769230769232 0.140625 0.040865384615384616 0.057692307692307696
0 0.11658653846153846 0.16105769230769232 0.036057692307692304 0.04326923076923077
0 0.2620192307692308 0.15264423076923078 0.036057692307692304 0.052884615384615384
0 0.30408653846153844 0.15625 0.026442307692307692 0.052884615384615384
0 0.8016826923076923 0.12139423076923077 0.04807692307692308 0.07692307692307693
0 0.90625 0.1141826923076923 0.03125 0.038461538461538464
0 0.7475961538461539 0.12740384615384615 0.04567307692307692 0.0673076923076923
0 0.3954326923076923 0.15625 0.026442307692307692 0.04807692307692308
0 0.4387019230769231 0.15384615384615385 0.03125 0.052884615384615384
0 0.36658653846153844 0.16105769230769232 0.026442307692307692 0.04807692307692308
0 0.13701923076923078 0.17908653846153846 0.04567307692307692 0.0625
0 0.27524038461538464 0.030048076923076924 0.02403846153846154 0.03365384615384615
0 0.234375 0.17548076923076922 0.04567307692307692 0.0625
0 0.35216346153846156 0.16947115384615385 0.03125 0.04807692307692308
0 0.8389423076923077 0.13822115384615385 0.028846153846153848 0.03365384615384615
0 0.7103365384615384 0.15384615384615385 0.05048076923076923 0.0673076923076923
0 0.5348557692307693 0.16826923076923078 0.028846153846153848 0.03365384615384615
0 0.4795673076923077 0.17427884615384615 0.03125 0.04326923076923077
0 0.5144230769230769 0.17307692307692307 0.02403846153846154 0.028846153846153848
0 0.18629807692307693 0.19951923076923078 0.040865384615384616 0.0625
0 0.5901442307692307 0.17067307692307693 0.040865384615384616 0.052884615384615384
0 0.5576923076923077 0.17548076923076922 0.03125 0.038461538461538464
0 0.08653846153846154 0.2127403846153846 0.04567307692307692 0.04567307692307692
0 0.14783653846153846 0.2091346153846154 0.036057692307692304 0.04807692307692308
0 0.6213942307692307 0.18269230769230768 0.04567307692307692 0.052884615384615384
0 0.46875 0.1935096153846154 0.026442307692307692 0.038461538461538464
0 0.9543269230769231 0.1622596153846154 0.026442307692307692 0.04807692307692308
0 0.013221153846153846 0.2283653846153846 0.026442307692307692 0.0625
0 0.5120192307692307 0.20072115384615385 0.03125 0.04807692307692308
0 0.3016826923076923 0.22115384615384615 0.036057692307692304 0.04807692307692308
0 0.23076923076923078 0.038461538461538464 0.03365384615384615 0.04326923076923077
0 0.359375 0.21995192307692307 0.040865384615384616 0.052884615384615384
0 0.39903846153846156 0.21875 0.040865384615384616 0.057692307692307696
0 0.5769230769230769 0.2091346153846154 0.03125 0.04326923076923077
0 0.5528846153846154 0.21514423076923078 0.03125 0.04326923076923077
0 0.49278846153846156 0.2247596153846154 0.036057692307692304 0.038461538461538464
0 0.0625 0.2548076923076923 0.05048076923076923 0.0625
0 0.6586538461538461 0.22355769230769232 0.05048076923076923 0.07211538461538461
0 0.1658653846153846 0.26802884615384615 0.040865384615384616 0.05048076923076923
0 0.4254807692307692 0.2548076923076923 0.026442307692307692 0.04807692307692308
0 0.5012019230769231 0.25600961538461536 0.03125 0.038461538461538464
0 0.5661057692307693 0.25240384615384615 0.026442307692307692 0.04326923076923077
0 0.38100961538461536 0.2668269230769231 0.040865384615384616 0.0673076923076923
0 0.3485576923076923 0.2692307692307692 0.036057692307692304 0.052884615384615384
0 0.5408653846153846 0.25600961538461536 0.040865384615384616 0.04567307692307692
0 0.4639423076923077 0.2824519230769231 0.026442307692307692 0.04326923076923077
0 0.5192307692307693 0.2800480769230769 0.021634615384615384 0.05048076923076923
0 0.11057692307692307 0.3088942307692308 0.036057692307692304 0.04807692307692308
0 0.4951923076923077 0.28725961538461536 0.03125 0.04326923076923077
0 0.9038461538461539 0.26802884615384615 0.15865384615384615 0.2403846153846154
0 0.15384615384615385 0.3269230769230769 0.04567307692307692 0.07211538461538461
0 0.5540865384615384 0.30528846153846156 0.040865384615384616 0.052884615384615384
0 0.42427884615384615 0.3173076923076923 0.036057692307692304 0.0673076923076923
0 0.34134615384615385 0.3233173076923077 0.03125 0.057692307692307696
0 0.08052884615384616 0.34615384615384615 0.06490384615384616 0.07932692307692307
0 0.37259615384615385 0.3329326923076923 0.040865384615384616 0.052884615384615384
0 0.5036057692307693 0.35096153846153844 0.040865384615384616 0.057692307692307696
0 0.265625 0.3701923076923077 0.055288461538461536 0.08173076923076923
0 0.5685096153846154 0.38461538461538464 0.07211538461538461 0.09615384615384616
0 0.3942307692307692 0.054086538461538464 0.036057692307692304 0.052884615384615384
0 0.36658653846153844 0.06370192307692307 0.036057692307692304 0.04326923076923077
0 0.4579326923076923 0.06490384615384616 0.036057692307692304 0.04326923076923077
0 0.24278846153846154 0.08173076923076923 0.036057692307692304 0.04807692307692308
0 0.33533653846153844 0.078125 0.036057692307692304 0.04326923076923077
0 0.47716346153846156 0.07211538461538461 0.026442307692307692 0.04326923076923077
0 0.5036057692307693 0.08173076923076923 0.03125 0.04807692307692308
0 0.5240384615384616 0.08774038461538461 0.026442307692307692 0.04326923076923077
0 0.07572115384615384 0.12860576923076922 0.036057692307692304 0.052884615384615384