0 0.8713942307692307 0.018028846153846152 0.02403846153846154 0.02403846153846154
0 0.7548076923076923 0.1201923076923077 0.028846153846153848 0.03365384615384615
0 0.7884615384615384 0.125 0.038461538461538464 0.055288461538461536
0 0.8653846153846154 0.140625 0.03365384615384615 0.04326923076923077
0 0.71875 0.140625 0.03365384615384615 0.05048076923076923
0 0.6778846153846154 0.1466346153846154 0.02403846153846154 0.05048076923076923
0 0.17908653846153846 0.13701923076923078 0.04326923076923077 0.07451923076923077
0 0.0733173076923077 0.13581730769230768 0.028846153846153848 0.038461538461538464
0 0.23317307692307693 0.140625 0.04326923076923077 0.06490384615384616
0 0.5865384615384616 0.15144230769230768 0.02403846153846154 0.04807692307692308
0 0.5432692307692307 0.15144230769230768 0.028846153846153848 0.05048076923076923
0 0.6153846153846154 0.15504807692307693 0.02403846153846154 0.04807692307692308
0 0.8461538461538461 0.16105769230769232 0.04326923076923077 0.06009615384615385
0 0.6995192307692307 0.019230769230769232 0.021634615384615384 0.03125
0 0.7487980769230769 0.1622596153846154 0.04326923076923077 0.06009615384615385
0 0.6310096153846154 0.1622596153846154 0.028846153846153848 0.04807692307692308
0 0.14302884615384615 0.15625 0.028846153846153848 0.03365384615384615
0 0.27163461538461536 0.1658653846153846 0.04807692307692308 0.06490384615384616
0 0.4483173076923077 0.17067307692307693 0.028846153846153848 0.03365384615384615
0 0.5036057692307693 0.17307692307692307 0.028846153846153848 0.04326923076923077
0 0.46875 0.17548076923076922 0.02403846153846154 0.028846153846153848
0 0.7980769230769231 0.18269230769230768 0.038461538461538464 0.06009615384615385
0 0.39302884615384615 0.17548076923076922 0.038461538461538464 0.05048076923076923
0 0.4254807692307692 0.17908653846153846 0.028846153846153848 0.038461538461538464
0 0.8990384615384616 0.19230769230769232 0.04326923076923077 0.04326923076923077
0 0.8365384615384616 0.19110576923076922 0.03365384615384615 0.04807692307692308
0 0.36177884615384615 0.18990384615384615 0.04326923076923077 0.05048076923076923
0 0.5144230769230769 0.19230769230769232 0.02403846153846154 0.038461538461538464
0 0.027644230769230768 0.18629807692307693 0.02403846153846154 0.04807692307692308
0 0.9771634615384616 0.203125 0.038461538461538464 0.06009615384615385
0 0.4723557692307692 0.20192307692307693 0.028846153846153848 0.04807692307692308
0 0.6826923076923077 0.21153846153846154 0.03365384615384615 0.04807692307692308
0 0.7451923076923077 0.02403846153846154 0.03125 0.040865384615384616
0 0.625 0.2127403846153846 0.038461538461538464 0.05048076923076923
0 0.5853365384615384 0.21394230769230768 0.038461538461538464 0.055288461538461536
0 0.4074519230769231 0.21394230769230768 0.028846153846153848 0.04326923076923077
0 0.4326923076923077 0.21875 0.028846153846153848 0.04326923076923077
0 0.49278846153846156 0.2247596153846154 0.03365384615384615 0.038461538461538464
0 0.9242788461538461 0.23197115384615385 0.04807692307692308 0.06009615384615385
0 0.3269230769230769 0.23197115384615385 0.04807692307692308 0.06971153846153846
0 0.8221153846153846 0.2512019230769231 0.038461538461538464 0.04807692307692308
0 0.5625 0.2512019230769231 0.02403846153846154 0.04807692307692308
0 0.48677884615384615 0.25721153846153844 0.028846153846153848 0.038461538461538464
0 0.421875 0.25600961538461536 0.02403846153846154 0.04326923076923077
0 0.6057692307692307 0.2620192307692308 0.038461538461538464 0.06490384615384616
0 0.6382211538461539 0.2620192307692308 0.03365384615384615 0.05048076923076923
0 0.44591346153846156 0.25841346153846156 0.038461538461538464 0.04326923076923077
0 0.5240384615384616 0.2800480769230769 0.02403846153846154 0.04326923076923077
0 0.46875 0.2824519230769231 0.019230769230769232 0.05048076923076923
0 0.8786057692307693 0.28846153846153844 0.03365384615384615 0.04807692307692308
0 0.49399038461538464 0.28725961538461536 0.028846153846153848 0.04326923076923077
0 0.08413461538461539 0.28966346153846156 0.1466346153846154 0.23557692307692307
0 0.8365384615384616 0.3088942307692308 0.04326923076923077 0.06971153846153846
0 0.4362980769230769 0.3088942307692308 0.038461538461538464 0.05048076923076923
0 0.5661057692307693 0.3137019230769231 0.03365384615384615 0.06490384615384616
0 0.6490384615384616 0.31490384615384615 0.028846153846153848 0.055288461538461536
0 0.9110576923076923 0.3245192307692308 0.0625 0.07451923076923077
0 0.6189903846153846 0.3269230769230769 0.038461538461538464 0.05048076923076923
0 0.4879807692307692 0.35216346153846156 0.038461538461538464 0.055288461538461536
0 0.7271634615384616 0.3581730769230769 0.052884615384615384 0.07932692307692307
0 0.4254807692307692 0.38822115384615385 0.0673076923076923 0.09375
0 0.5829326923076923 0.04927884615384615 0.03365384615384615 0.05048076923076923
0 0.609375 0.057692307692307696 0.03365384615384615 0.04326923076923077
0 0.5192307692307693 0.0625 0.03365384615384615 0.04326923076923077
0 0.734375 0.06850961538461539 0.03365384615384615 0.04807692307692308
0 0.6418269230769231 0.06971153846153846 0.03365384615384615 0.04326923076923077
0 0.5 0.07211538461538461 0.02403846153846154 0.04326923076923077
0 0.47475961538461536 0.0829326923076923 0.028846153846153848 0.04807692307692308
0 0.4543269230769231 0.0889423076923077 0.02403846153846154 0.04326923076923077
0 0.9050480769230769 0.10697115384615384 0.03365384615384615 0.05048076923076923