0 0.23557692307692307 0.23557692307692307 0.052884615384615384 0.07451923076923077
0 0.2848557692307692 0.24278846153846154 0.04567307692307692 0.06009615384615385
0 0.3701923076923077 0.2548076923076923 0.05048076923076923 0.06490384615384616
0 0.4651442307692308 0.2800480769230769 0.06009615384615385 0.0889423076923077
0 0.7331730769230769 0.2548076923076923 0.057692307692307696 0.08413461538461539
0 0.22115384615384615 0.3389423076923077 0.055288461538461536 0.07211538461538461
0 0.3401442307692308 0.3329326923076923 0.052884615384615384 0.06971153846153846
0 0.38822115384615385 0.32572115384615385 0.06009615384615385 0.0889423076923077
0 0.890625 0.2692307692307692 0.057692307692307696 0.08173076923076923
0 0.5757211538461539 0.32091346153846156 0.06009615384615385 0.09375
0 0.8353365384615384 0.29927884615384615 0.052884615384615384 0.08413461538461539
0 0.7043269230769231 0.3233173076923077 0.052884615384615384 0.07932692307692307
0 0.21394230769230768 0.4206730769230769 0.052884615384615384 0.07451923076923077
0 0.53125 0.3942307692307692 0.057692307692307696 0.08413461538461539
0 0.35697115384615385 0.4387019230769231 0.055288461538461536 0.0889423076923077
0 0.6730769230769231 0.421875 0.052884615384615384 0.06971153846153846
0 0.9675480769230769 0.3762019230769231 0.05048076923076923 0.08413461538461539
0 0.7836538461538461 0.42427884615384615 0.04807692307692308 0.07451923076923077
0 0.8737980769230769 0.41947115384615385 0.052884615384615384 0.08413461538461539
0 0.5012019230769231 0.5072115384615384 0.057692307692307696 0.08413461538461539
0 0.5793269230769231 0.5084134615384616 0.0625 0.09375
0 0.3545673076923077 0.5432692307692307 0.0625 0.08413461538461539
0 0.6838942307692307 0.49158653846153844 0.052884615384615384 0.08413461538461539
0 0.0889423076923077 0.6105769230769231 0.0625 0.08413461538461539
0 0.7824519230769231 0.5060096153846154 0.04807692307692308 0.07932692307692307
0 0.9807692307692307 0.48677884615384615 0.038461538461538464 0.0985576923076923
0 0.9026442307692307 0.5 0.06009615384615385 0.09375
0 0.22235576923076922 0.6117788461538461 0.057692307692307696 0.08413461538461539