0 0.09615384615384616 0.038461538461538464 0.019230769230769232 0.02403846153846154
0 0.42788461538461536 0.11057692307692307 0.016826923076923076 0.02403846153846154
0 0.4951923076923077 0.109375 0.014423076923076924 0.014423076923076924
0 0.2860576923076923 0.125 0.019230769230769232 0.028846153846153848
0 0.9170673076923077 0.0829326923076923 0.019230769230769232 0.02403846153846154
0 0.6526442307692307 0.10336538461538461 0.019230769230769232 0.019230769230769232
0 0.546875 0.008413461538461538 0.016826923076923076 0.016826923076923076
0 0.06490384615384616 0.14783653846153846 0.02403846153846154 0.028846153846153848
0 0.5432692307692307 0.11899038461538461 0.016826923076923076 0.02403846153846154
0 0.45913461538461536 0.125 0.019230769230769232 0.028846153846153848
0 0.5805288461538461 0.11899038461538461 0.02403846153846154 0.02403846153846154
0 0.22956730769230768 0.14543269230769232 0.019230769230769232 0.02403846153846154
0 0.2091346153846154 0.14903846153846154 0.02403846153846154 0.028846153846153848
0 0.3173076923076923 0.1466346153846154 0.019230769230769232 0.02403846153846154
0 0.6153846153846154 0.12620192307692307 0.016826923076923076 0.02403846153846154
0 0.7019230769230769 0.003605769230769231 0.019230769230769232 0.007211538461538462
0 0.6875 0.12259615384615384 0.016826923076923076 0.019230769230769232
0 0.5516826923076923 0.1346153846153846 0.016826923076923076 0.019230769230769232
0 0.7367788461538461 0.12379807692307693 0.019230769230769232 0.02403846153846154
0 0.9615384615384616 0.109375 0.016826923076923076 0.038461538461538464
0 0.8473557692307693 0.11778846153846154 0.02403846153846154 0.02403846153846154
0 0.8786057692307693 0.11538461538461539 0.019230769230769232 0.02403846153846154
0 0.6358173076923077 0.007211538461538462 0.016826923076923076 0.014423076923076924
0 0.9399038461538461 0.11658653846153846 0.02403846153846154 0.028846153846153848
0 0.7944711538461539 0.13341346153846154 0.019230769230769232 0.028846153846153848
0 0.17427884615384615 0.037259615384615384 0.014423076923076924 0.014423076923076924
0 0.3762019230769231 0.16466346153846154 0.02403846153846154 0.028846153846153848
0 0.1875 0.18269230769230768 0.019230769230769232 0.02403846153846154
0 0.4807692307692308 0.015625 0.009615384615384616 0.014423076923076924
0 0.13341346153846154 0.19471153846153846 0.019230769230769232 0.02403846153846154
0 0.33533653846153844 0.18870192307692307 0.019230769230769232 0.028846153846153848
0 0.5024038461538461 0.17668269230769232 0.019230769230769232 0.019230769230769232
0 0.7992788461538461 0.15865384615384615 0.019230769230769232 0.028846153846153848
0 0.002403846153846154 0.21875 0.004807692307692308 0.02403846153846154
0 0.1658653846153846 0.20793269230769232 0.019230769230769232 0.019230769230769232
0 0.4387019230769231 0.19591346153846154 0.02403846153846154 0.02403846153846154
0 0.2764423076923077 0.2091346153846154 0.019230769230769232 0.028846153846153848
0 0.030048076923076924 0.22956730769230768 0.019230769230769232 0.02403846153846154
0 0.12740384615384615 0.04567307692307692 0.014423076923076924 0.014423076923076924
0 0.24278846153846154 0.037259615384615384 0.019230769230769232 0.02403846153846154
0 0.7692307692307693 0.006009615384615385 0.019230769230769232 0.01201923076923077
0 0.8834134615384616 0.17427884615384615 0.019230769230769232 0.03365384615384615
0 0.12139423076923077 0.23076923076923078 0.019230769230769232 0.028846153846153848
0 0.9459134615384616 0.17307692307692307 0.019230769230769232 0.02403846153846154
0 0.22596153846153846 0.23557692307692307 0.02403846153846154 0.02403846153846154
0 0.3125 0.03485576923076923 0.016826923076923076 0.019230769230769232
0 0.4110576923076923 0.027644230769230768 0.009615384615384616 0.009615384615384616
0 0.53125 0.21995192307692307 0.019230769230769232 0.028846153846153848
0 0.8966346153846154 0.19591346153846154 0.019230769230769232 0.028846153846153848
0 0.6129807692307693 0.21875 0.02403846153846154 0.028846153846153848
0 0.33653846153846156 0.2403846153846154 0.019230769230769232 0.028846153846153848
0 0.49158653846153844 0.02283653846153846 0.016826923076923076 0.019230769230769232
0 0.6862980769230769 0.22235576923076922 0.02403846153846154 0.028846153846153848
0 0.37740384615384615 0.24639423076923078 0.019230769230769232 0.02403846153846154
0 0.8233173076923077 0.004807692307692308 0.016826923076923076 0.009615384615384616
0 0.5661057692307693 0.019230769230769232 0.014423076923076924 0.014423076923076924
0 0.7163461538461539 0.22716346153846154 0.02403846153846154 0.028846153846153848
0 0.5 0.2439903846153846 0.019230769230769232 0.02403846153846154
0 0.53125 0.021634615384615384 0.014423076923076924 0.014423076923076924
0 0.8990384615384616 0.22596153846153846 0.02403846153846154 0.02403846153846154
0 0.7872596153846154 0.23677884615384615 0.028846153846153848 0.02403846153846154
0 0.2692307692307692 0.2776442307692308 0.02403846153846154 0.02403846153846154
0 0.140625 0.04927884615384615 0.016826923076923076 0.02403846153846154
0 0.07932692307692307 0.29447115384615385 0.02403846153846154 0.028846153846153848
0 0.20432692307692307 0.29086538461538464 0.02403846153846154 0.02403846153846154
0 0.734375 0.010817307692307692 0.016826923076923076 0.021634615384615384
0 0.9543269230769231 0.2644230769230769 0.019230769230769232 0.03365384615384615
0 0.8461538461538461 0.27524038461538464 0.028846153846153848 0.028846153846153848
0 0.17548076923076922 0.051682692307692304 0.016826923076923076 0.019230769230769232
0 0.6538461538461539 0.018028846153846152 0.019230769230769232 0.02403846153846154
0 0.003605769230769231 0.34134615384615385 0.007211538461538462 0.038461538461538464
0 0.4495192307692308 0.03485576923076923 0.016826923076923076 0.02403846153846154
0 0.6069711538461539 0.02403846153846154 0.019230769230769232 0.02403846153846154
0 0.31850961538461536 0.3293269230769231 0.026442307692307692 0.038461538461538464
0 0.6262019230769231 0.31009615384615385 0.026442307692307692 0.038461538461538464
0 0.7223557692307693 0.3088942307692308 0.02403846153846154 0.03365384615384615
0 0.41466346153846156 0.037259615384615384 0.014423076923076924 0.014423076923076924
0 0.4879807692307692 0.3269230769230769 0.02403846153846154 0.03365384615384615
0 0.18028846153846154 0.3737980769230769 0.028846153846153848 0.028846153846153848
0 0.2668269230769231 0.38100961538461536 0.02403846153846154 0.02403846153846154
0 0.8137019230769231 0.014423076923076924 0.014423076923076924 0.014423076923076924
0 0.025240384615384616 0.4098557692307692 0.040865384615384616 0.040865384615384616
0 0.27403846153846156 0.051682692307692304 0.019230769230769232 0.028846153846153848
0 0.9266826923076923 0.008413461538461538 0.016826923076923076 0.016826923076923076
0 0.7896634615384616 0.018028846153846152 0.016826923076923076 0.019230769230769232
0 0.5985576923076923 0.4026442307692308 0.03125 0.038461538461538464
0 0.46634615384615385 0.41947115384615385 0.026442307692307692 0.038461538461538464
0 0.09615384615384616 0.07211538461538461 0.019230769230769232 0.02403846153846154
0 0.19110576923076922 0.46153846153846156 0.03125 0.038461538461538464
0 0.051682692307692304 0.07451923076923077 0.02403846153846154 0.028846153846153848
0 0.8653846153846154 0.018028846153846152 0.019230769230769232 0.019230769230769232
0 0.7355769230769231 0.028846153846153848 0.019230769230769232 0.016826923076923076
0 0.8810096153846154 0.42908653846153844 0.028846153846153848 0.028846153846153848
0 0.31850961538461536 0.05889423076923077 0.016826923076923076 0.028846153846153848
0 0.12620192307692307 0.0733173076923077 0.019230769230769232 0.019230769230769232
0 0.06971153846153846 0.5204326923076923 0.028846153846153848 0.03365384615384615
0 0.1622596153846154 0.0733173076923077 0.016826923076923076 0.019230769230769232
0 0.6911057692307693 0.4795673076923077 0.03125 0.038461538461538464
0 0.578125 0.04447115384615385 0.019230769230769232 0.02403846153846154
0 0.5276442307692307 0.5024038461538461 0.021634615384615384 0.038461538461538464
0 0.3233173076923077 0.5192307692307693 0.028846153846153848 0.03365384615384615
0 0.359375 0.06129807692307692 0.009615384615384616 0.014423076923076924
0 0.21033653846153846 0.07211538461538461 0.016826923076923076 0.02403846153846154
0 0.15504807692307693 0.5540865384615384 0.03365384615384615 0.03365384615384615
0 0.9134615384615384 0.5060096153846154 0.03125 0.038461538461538464
0 0.8725961538461539 0.027644230769230768 0.019230769230769232 0.019230769230769232
0 0.7608173076923077 0.038461538461538464 0.019230769230769232 0.019230769230769232
0 0.9423076923076923 0.025240384615384616 0.016826923076923076 0.019230769230769232
0 0.9483173076923077 0.5637019230769231 0.036057692307692304 0.04326923076923077
0 0.7884615384615384 0.038461538461538464 0.016826923076923076 0.019230769230769232
0 0.9110576923076923 0.030048076923076924 0.019230769230769232 0.02403846153846154
0 0.6790865384615384 0.046875 0.016826923076923076 0.019230769230769232
0 0.7896634615384616 0.5925480769230769 0.036057692307692304 0.04326923076923077
0 0.421875 0.0673076923076923 0.019230769230769232 0.02403846153846154
0 0.5480769230769231 0.6165865384615384 0.03125 0.04326923076923077
0 0.3942307692307692 0.013221153846153846 0.009615384615384616 0.014423076923076924
0 0.09375 0.09495192307692307 0.016826923076923076 0.019230769230769232
0 0.36538461538461536 0.07572115384615384 0.016826923076923076 0.02403846153846154
0 0.5096153846153846 0.06610576923076923 0.016826923076923076 0.02403846153846154
0 0.8209134615384616 0.04326923076923077 0.019230769230769232 0.016826923076923076
0 0.33052884615384615 0.7019230769230769 0.040865384615384616 0.04567307692307692
0 0.5721153846153846 0.06850961538461539 0.019230769230769232 0.02403846153846154
0 0.1935096153846154 0.09495192307692307 0.019230769230769232 0.019230769230769232
0 0.0625 0.7668269230769231 0.040865384615384616 0.04567307692307692
0 0.8713942307692307 0.046875 0.016826923076923076 0.02403846153846154
0 0.453125 0.7512019230769231 0.040865384615384616 0.052884615384615384
0 0.2512019230769231 0.09375 0.016826923076923076 0.02403846153846154
0 0.4675480769230769 0.078125 0.016826923076923076 0.02403846153846154
0 0.30649038461538464 0.09014423076923077 0.016826923076923076 0.02403846153846154
0 0.5180288461538461 0.07572115384615384 0.019230769230769232 0.019230769230769232
0 0.15865384615384615 0.8245192307692307 0.05048076923076923 0.0673076923076923
0 0.140625 0.1045673076923077 0.019230769230769232 0.02403846153846154
0 0.31490384615384615 0.8725961538461539 0.04567307692307692 0.057692307692307696
0 0.9579326923076923 0.055288461538461536 0.016826923076923076 0.028846153846153848
0 0.48677884615384615 0.08774038461538461 0.016826923076923076 0.019230769230769232
0 0.052884615384615384 0.9170673076923077 0.05048076923076923 0.04567307692307692
0 0.59375 0.0829326923076923 0.019230769230769232 0.02403846153846154
0 0.7608173076923077 0.07091346153846154 0.016826923076923076 0.02403846153846154
0 0.38221153846153844 0.9002403846153846 0.040865384615384616 0.040865384615384616
0 0.12259615384615384 0.11538461538461539 0.019230769230769232 0.028846153846153848
0 0.8064903846153846 0.0673076923076923 0.019230769230769232 0.02403846153846154
0 0.8533653846153846 0.06971153846153846 0.019230769230769232 0.019230769230769232
0 0.20673076923076922 0.1141826923076923 0.019230769230769232 0.02403846153846154
0 0.39783653846153844 0.10096153846153846 0.016826923076923076 0.02403846153846154
0 0.7860576923076923 0.07932692307692307 0.019230769230769232 0.02403846153846154
0 0.6838942307692307 0.08533653846153846 0.019230769230769232 0.02403846153846154
0 0.7391826923076923 0.08173076923076923 0.019230769230769232 0.019230769230769232
0 0.04807692307692308 0.13341346153846154 0.016826923076923076 0.028846153846153848