0 0.8328125 0.196875 0.06875 0.109375
0 0.3859375 0.11484375 0.0671875 0.1015625
0 0.0890625 0.06640625 0.0453125 0.096875
0 0.159375 0.084375 0.065625 0.0875
0 0.46640625 0.01015625 0.0515625 0.0203125
0 0.228125 0.1 0.05625 0.090625
0 0.1171875 0.07890625 0.0421875 0.0828125
0 0.753125 0.21640625 0.0640625 0.0828125
0 0.334375 0.13984375 0.0609375 0.090625
0 0.66875 0.0453125 0.0359375 0.0453125
0 0.49609375 0.19296875 0.078125 0.128125
0 0.79375 0.06953125 0.03125 0.0453125
0 0.86484375 0.27421875 0.08125 0.125
0 0.278125 0.16484375 0.05625 0.0859375
0 0.96953125 0.303125 0.0609375 0.11875
0 0.68125 0.24765625 0.0671875 0.1015625
0 0.45390625 0.20546875 0.0546875 0.10625
0 0.55390625 0.225 0.0703125 0.11875
0 0.96328125 0.1046875 0.0328125 0.0328125
0 0.1828125 0.1671875 0.078125 0.10625
0 0.40390625 0.21484375 0.090625 0.153125
0 0.2640625 0.196875 0.053125 0.05
0 0.621875 0.27578125 0.065625 0.0921875
0 0.7609375 0.3078125 0.0859375 0.13125
0 0.10703125 0.18046875 0.0625 0.1
0 0.22109375 0.2125 0.065625 0.065625
0 0.7578125 0.06953125 0.0515625 0.0625
0 0.6953125 0.33046875 0.06875 0.0828125
0 0.33828125 0.26328125 0.05625 0.0671875
0 0.57265625 0.3203125 0.065625 0.0921875
0 0.2828125 0.28125 0.0578125 0.0984375
0 0.14921875 0.2671875 0.0640625 0.1078125
0 0.43984375 0.3234375 0.0609375 0.0859375
0 0.0671875 0.253125 0.0890625 0.1875
0 0.62890625 0.38125 0.08125 0.125
0 0.5453125 0.03671875 0.0390625 0.0640625
0 0.925 0.11328125 0.0546875 0.084375
0 0.9390625 0.47265625 0.0984375 0.1671875
0 0.525 0.39453125 0.06875 0.109375
0 0.20703125 0.34453125 0.0953125 0.1546875
0 0.70625 0.4453125 0.0796875 0.1203125
0 0.29921875 0.37109375 0.08125 0.0984375
0 0.27890625 0.0171875 0.0578125 0.034375
0 0.50703125 0.0390625 0.0578125 0.078125
0 0.36953125 0.3921875 0.084375 0.121875
0 0.82265625 0.09765625 0.0578125 0.09375
0 0.12421875 0.35625 0.1203125 0.1234375
0 0.96796875 0.5234375 0.0640625 0.178125
0 0.7109375 0.0765625 0.05625 0.09375
0 0.83203125 0.52734375 0.0890625 0.1390625
0 0.45625 0.46015625 0.0875 0.134375
0 0.56875 0.496875 0.0859375 0.1265625
0 0.2578125 0.46015625 0.1078125 0.1484375
0 0.38125 0.49375 0.0625 0.078125
0 0.74765625 0.58515625 0.0703125 0.11875
0 0.60078125 0.06640625 0.0671875 0.1171875
0 0.6578125 0.58515625 0.1421875 0.171875
0 0.08203125 0.4796875 0.0546875 0.08125
0 0.0421875 0.46953125 0.084375 0.1734375
0 0.6296875 0.075 0.03125 0.0453125
0 0.95703125 0.696875 0.0515625 0.1765625
0 0.253125 0.0203125 0.046875 0.040625
0 0.384375 0.63359375 0.1234375 0.18125
0 0.46953125 0.05078125 0.0390625 0.046875
0 0.3234375 0.02890625 0.046875 0.0578125
0 0.778125 0.72109375 0.115625 0.1671875
0 0.4984375 0.68828125 0.096875 0.1421875
0 0.2359375 0.646875 0.0921875 0.1578125
0 0.8859375 0.1390625 0.0671875 0.096875
0 0.04375 0.62734375 0.0875 0.1640625
0 0.36640625 0.0375 0.0609375 0.06875
0 0.64765625 0.82109375 0.11875 0.1796875
0 0.8703125 0.9 0.11875 0.1796875
0 0.74296875 0.12265625 0.0453125 0.0796875
0 0.17421875 0.02109375 0.0546875 0.0421875
0 0.409375 0.8671875 0.1265625 0.2
0 0.09609375 0.81796875 0.1125 0.175
0 0.528125 0.090625 0.0421875 0.065625
0 0.9875 0.18515625 0.025 0.1046875
0 0.77734375 0.140625 0.0609375 0.090625
0 0.425 0.07265625 0.0296875 0.040625
0 0.559375 0.1078125 0.059375 0.103125
0 0.9546875 0.18984375 0.0703125 0.11875
0 0.63671875 0.13515625 0.0515625 0.0890625
0 0.6640625 0.1453125 0.0578125 0.0984375
0 0.46171875 0.115625 0.0546875 0.0765625