0 0.23677884615384615 0.14302884615384615 0.03365384615384615 0.04807692307692308
0 0.01201923076923077 0.18028846153846154 0.02403846153846154 0.052884615384615384
0 0.2980769230769231 0.13341346153846154 0.03125 0.04567307692307692
0 0.4074519230769231 0.11778846153846154 0.03125 0.040865384615384616
0 0.6370192307692307 0.0829326923076923 0.03125 0.04567307692307692
0 0.0625 0.17668269230769232 0.036057692307692304 0.04567307692307692
0 0.578125 0.0985576923076923 0.028846153846153848 0.038461538461538464
0 0.13942307692307693 0.1778846153846154 0.03365384615384615 0.05048076923076923
0 0.8004807692307693 0.07211538461538461 0.038461538461538464 0.04807692307692308
0 0.1935096153846154 0.16947115384615385 0.026442307692307692 0.038461538461538464
0 0.5168269230769231 0.1201923076923077 0.03365384615384615 0.04567307692307692
0 0.47716346153846156 0.12740384615384615 0.03365384615384615 0.040865384615384616
0 0.9254807692307693 0.05889423076923077 0.028846153846153848 0.04567307692307692
0 0.8725961538461539 0.07692307692307693 0.03125 0.05048076923076923
0 0.6959134615384616 0.10817307692307693 0.03125 0.038461538461538464
0 0.33413461538461536 0.037259615384615384 0.028846153846153848 0.036057692307692304
0 0.056490384615384616 0.08173076923076923 0.03125 0.038461538461538464
0 0.390625 0.028846153846153848 0.03365384615384615 0.040865384615384616
0 0.17307692307692307 0.06370192307692307 0.028846153846153848 0.036057692307692304
0 0.07572115384615384 0.25240384615384615 0.03365384615384615 0.055288461538461536
0 0.11298076923076923 0.07451923076923077 0.028846153846153848 0.040865384615384616
0 0.01201923076923077 0.27163461538461536 0.02403846153846154 0.052884615384615384
0 0.15625 0.24879807692307693 0.040865384615384616 0.04807692307692308
0 0.3954326923076923 0.2127403846153846 0.040865384615384616 0.05048076923076923
0 0.328125 0.22355769230769232 0.038461538461538464 0.05048076923076923
0 0.8401442307692307 0.14543269230769232 0.03365384615384615 0.04567307692307692
0 0.5516826923076923 0.19230769230769232 0.036057692307692304 0.040865384615384616
0 0.7800480769230769 0.16346153846153846 0.036057692307692304 0.04567307692307692
0 0.27884615384615385 0.24519230769230768 0.028846153846153848 0.04326923076923077
0 0.9098557692307693 0.1466346153846154 0.03125 0.04326923076923077
0 0.7247596153846154 0.1814903846153846 0.03125 0.04326923076923077
0 0.5060096153846154 0.018028846153846152 0.03125 0.036057692307692304
0 0.49399038461538464 0.21995192307692307 0.03125 0.040865384615384616
0 0.6514423076923077 0.1971153846153846 0.03365384615384615 0.040865384615384616
0 0.5961538461538461 0.20793269230769232 0.03125 0.040865384615384616
0 0.453125 0.02403846153846154 0.03365384615384615 0.040865384615384616
0 0.23918269230769232 0.05889423076923077 0.03365384615384615 0.04567307692307692
0 0.5697115384615384 0.015625 0.03365384615384615 0.03125
0 0.19471153846153846 0.3269230769230769 0.03365384615384615 0.04567307692307692
0 0.6971153846153846 0.006009615384615385 0.028846153846153848 0.01201923076923077
0 0.38822115384615385 0.30288461538461536 0.03365384615384615 0.04807692307692308
0 0.453125 0.296875 0.036057692307692304 0.05048076923076923
0 0.25961538461538464 0.328125 0.036057692307692304 0.04807692307692308
0 0.13822115384615385 0.35216346153846156 0.036057692307692304 0.05048076923076923
0 0.6778846153846154 0.27283653846153844 0.026442307692307692 0.036057692307692304
0 0.5348557692307693 0.29927884615384615 0.036057692307692304 0.04567307692307692
0 0.8509615384615384 0.25 0.040865384615384616 0.05048076923076923
0 0.59375 0.2920673076923077 0.03125 0.04326923076923077
0 0.32211538461538464 0.33653846153846156 0.03365384615384615 0.04567307692307692
0 0.7391826923076923 0.27283653846153844 0.028846153846153848 0.040865384615384616
0 0.06850961538461539 0.38100961538461536 0.03365384615384615 0.04326923076923077
0 0.7199519230769231 0.28125 0.036057692307692304 0.04807692307692308
0 0.8004807692307693 0.27403846153846156 0.03125 0.04326923076923077
0 0.9206730769230769 0.25600961538461536 0.036057692307692304 0.05048076923076923
0 0.021634615384615384 0.46033653846153844 0.036057692307692304 0.052884615384615384
0 0.6502403846153846 0.013221153846153846 0.03125 0.026442307692307692
0 0.22596153846153846 0.4387019230769231 0.03125 0.04807692307692308
0 0.1045673076923077 0.46033653846153844 0.03365384615384615 0.055288461538461536
0 0.7259615384615384 0.3629807692307692 0.03125 0.04807692307692308
0 0.5961538461538461 0.38341346153846156 0.038461538461538464 0.05048076923076923
0 0.34375 0.43149038461538464 0.036057692307692304 0.055288461538461536
0 0.9699519230769231 0.3317307692307692 0.028846153846153848 0.0625
0 0.484375 0.4098557692307692 0.03365384615384615 0.05048076923076923
0 0.8100961538461539 0.3629807692307692 0.03365384615384615 0.04567307692307692
0 0.9326923076923077 0.35697115384615385 0.038461538461538464 0.05048076923076923
0 0.5444711538461539 0.421875 0.036057692307692304 0.05048076923076923
0 0.42908653846153844 0.44711538461538464 0.03365384615384615 0.04567307692307692
0 0.6814903846153846 0.4074519230769231 0.03365384615384615 0.04567307692307692
0 0.19831730769230768 0.48677884615384615 0.028846153846153848 0.036057692307692304
0 0.7548076923076923 0.007211538461538462 0.028846153846153848 0.014423076923076924
0 0.42788461538461536 0.515625 0.03365384615384615 0.04807692307692308
0 0.6334134615384616 0.49158653846153844 0.03365384615384615 0.05048076923076923
0 0.8185096153846154 0.4675480769230769 0.03365384615384615 0.04567307692307692
0 0.5 0.5192307692307693 0.03365384615384615 0.04567307692307692
0 0.27403846153846156 0.5552884615384616 0.036057692307692304 0.05048076923076923
0 0.8834134615384616 0.46153846153846156 0.03125 0.04567307692307692
0 0.20192307692307693 0.5709134615384616 0.038461538461538464 0.052884615384615384
0 0.29447115384615385 0.07932692307692307 0.03125 0.04567307692307692
0 0.06971153846153846 0.5961538461538461 0.036057692307692304 0.052884615384615384
0 0.5817307692307693 0.5228365384615384 0.036057692307692304 0.05048076923076923
0 0.9411057692307693 0.46634615384615385 0.03125 0.040865384615384616
0 0.13701923076923078 0.5985576923076923 0.03365384615384615 0.052884615384615384
0 0.7019230769230769 0.5096153846153846 0.036057692307692304 0.052884615384615384
0 0.8737980769230769 0.4879807692307692 0.03365384615384615 0.04326923076923077
0 0.3401442307692308 0.5757211538461539 0.03125 0.040865384615384616
0 0.7668269230769231 0.5072115384615384 0.03125 0.04807692307692308
0 0.6165865384615384 0.03365384615384615 0.03125 0.040865384615384616
0 0.7103365384615384 0.5865384615384616 0.038461538461538464 0.040865384615384616
0 0.6574519230769231 0.6057692307692307 0.03125 0.04567307692307692
0 0.5096153846153846 0.6358173076923077 0.040865384615384616 0.055288461538461536
0 0.9182692307692307 0.5733173076923077 0.036057692307692304 0.05048076923076923
0 0.3798076923076923 0.6622596153846154 0.040865384615384616 0.052884615384615384
0 0.4495192307692308 0.65625 0.040865384615384616 0.057692307692307696
0 0.14302884615384615 0.7091346153846154 0.036057692307692304 0.05048076923076923
0 0.0829326923076923 0.7199519230769231 0.04807692307692308 0.06009615384615385
0 0.21875 0.703125 0.03365384615384615 0.05048076923076923
0 0.84375 0.6069711538461539 0.040865384615384616 0.057692307692307696
0 0.5985576923076923 0.6466346153846154 0.038461538461538464 0.057692307692307696
0 0.9435096153846154 0.5985576923076923 0.03365384615384615 0.036057692307692304
0 0.3016826923076923 0.7043269230769231 0.038461538461538464 0.04567307692307692
0 0.7836538461538461 0.6310096153846154 0.03365384615384615 0.05048076923076923
0 0.15504807692307693 0.7512019230769231 0.038461538461538464 0.05048076923076923
0 0.5504807692307693 0.7596153846153846 0.04567307692307692 0.06490384615384616
0 0.7692307692307693 0.7283653846153846 0.038461538461538464 0.057692307692307696
0 0.47836538461538464 0.7824519230769231 0.04567307692307692 0.055288461538461536
0 0.12740384615384615 0.8449519230769231 0.040865384615384616 0.055288461538461536
0 0.4074519230769231 0.8112980769230769 0.04807692307692308 0.06009615384615385
0 0.8545673076923077 0.7403846153846154 0.04567307692307692 0.0625
0 0.3425480769230769 0.8257211538461539 0.036057692307692304 0.055288461538461536
0 0.7307692307692307 0.7680288461538461 0.04326923076923077 0.057692307692307696
0 0.9338942307692307 0.7391826923076923 0.04326923076923077 0.055288461538461536
0 0.9891826923076923 0.7331730769230769 0.021634615384615384 0.0625
0 0.25600961538461536 0.8533653846153846 0.04326923076923077 0.06009615384615385
0 0.6394230769230769 0.8004807692307693 0.04326923076923077 0.057692307692307696
0 0.17307692307692307 0.8858173076923077 0.040865384615384616 0.052884615384615384
0 0.07572115384615384 0.9050480769230769 0.04567307692307692 0.07451923076923077
0 0.15384615384615385 0.9519230769230769 0.040865384615384616 0.03365384615384615
0 0.15264423076923078 0.1466346153846154 0.028846153846153848 0.04567307692307692
0 0.34975961538461536 0.11658653846153846 0.028846153846153848 0.04326923076923077
0 0.7355769230769231 0.06129807692307692 0.03125 0.040865384615384616