0 0.39903846153846156 0.1141826923076923 0.040865384615384616 0.057692307692307696
0 0.5036057692307693 0.13822115384615385 0.036057692307692304 0.05048076923076923
0 0.5913461538461539 0.13581730769230768 0.04567307692307692 0.057692307692307696
0 0.703125 0.13581730769230768 0.04567307692307692 0.057692307692307696
0 0.33413461538461536 0.17067307692307693 0.040865384615384616 0.052884615384615384
0 0.3137019230769231 0.20072115384615385 0.055288461538461536 0.055288461538461536
0 0.36658653846153844 0.20552884615384615 0.040865384615384616 0.05048076923076923
0 0.49399038461538464 0.20192307692307693 0.03125 0.052884615384615384
0 0.44471153846153844 0.21153846153846154 0.040865384615384616 0.04567307692307692
0 0.5528846153846154 0.21153846153846154 0.04567307692307692 0.057692307692307696
0 0.6995192307692307 0.20432692307692307 0.040865384615384616 0.057692307692307696
0 0.38341346153846156 0.25721153846153844 0.040865384615384616 0.052884615384615384
0 0.7872596153846154 0.2283653846153846 0.04567307692307692 0.05048076923076923
0 0.2800480769230769 0.27524038461538464 0.040865384615384616 0.052884615384615384
0 0.6262019230769231 0.24759615384615385 0.04567307692307692 0.057692307692307696
0 0.4543269230769231 0.26802884615384615 0.04567307692307692 0.052884615384615384
0 0.32091346153846156 0.28725961538461536 0.040865384615384616 0.052884615384615384
0 0.5625 0.2668269230769231 0.04567307692307692 0.05048076923076923
0 0.7067307692307693 0.28125 0.04567307692307692 0.052884615384615384
0 0.24639423076923078 0.3317307692307692 0.04567307692307692 0.057692307692307696
0 0.49399038461538464 0.3269230769230769 0.05048076923076923 0.055288461538461536
0 0.5588942307692307 0.32091346153846156 0.04567307692307692 0.052884615384615384
0 0.3701923076923077 0.34375 0.04567307692307692 0.052884615384615384
0 0.22956730769230768 0.38221153846153844 0.04807692307692308 0.0625
0 0.6213942307692307 0.3485576923076923 0.040865384615384616 0.040865384615384616
0 0.7151442307692307 0.35096153846153844 0.040865384615384616 0.052884615384615384
0 0.5793269230769231 0.37740384615384615 0.040865384615384616 0.052884615384615384
0 0.5024038461538461 0.3942307692307692 0.040865384615384616 0.05048076923076923
0 0.27403846153846156 0.44471153846153844 0.040865384615384616 0.052884615384615384
0 0.6478365384615384 0.41466346153846156 0.040865384615384616 0.052884615384615384
0 0.5120192307692307 0.4338942307692308 0.04567307692307692 0.057692307692307696
0 0.46153846153846156 0.45552884615384615 0.036057692307692304 0.05048076923076923
0 0.3641826923076923 0.4675480769230769 0.04567307692307692 0.052884615384615384
0 0.2956730769230769 0.47836538461538464 0.055288461538461536 0.06971153846153846
0 0.22716346153846154 0.48677884615384615 0.04567307692307692 0.057692307692307696
0 0.5985576923076923 0.46153846153846156 0.052884615384615384 0.06971153846153846
0 0.7439903846153846 0.45072115384615385 0.040865384615384616 0.052884615384615384
0 0.6862980769230769 0.45552884615384615 0.04567307692307692 0.057692307692307696
0 0.42427884615384615 0.4855769230769231 0.036057692307692304 0.052884615384615384
0 0.30649038461538464 0.546875 0.04567307692307692 0.057692307692307696
0 0.36658653846153844 0.5516826923076923 0.040865384615384616 0.052884615384615384
0 0.5564903846153846 0.5456730769230769 0.040865384615384616 0.052884615384615384
0 0.49278846153846156 0.5540865384615384 0.040865384615384616 0.057692307692307696
0 0.7403846153846154 0.5649038461538461 0.04807692307692308 0.0625
0 0.421875 0.6418269230769231 0.05048076923076923 0.06009615384615385
0 0.46033653846153844 0.06971153846153846 0.03125 0.052884615384615384
0 0.49278846153846156 0.6766826923076923 0.04567307692307692 0.05048076923076923