0 0.2283653846153846 0.11778846153846154 0.03485576923076923 0.056490384615384616
0 0.9867788461538461 0.13822115384615385 0.026442307692307692 0.052884615384615384
0 0.9459134615384616 0.140625 0.03485576923076923 0.04807692307692308
0 0.5084134615384616 0.14543269230769232 0.036057692307692304 0.052884615384615384
0 0.2980769230769231 0.15384615384615385 0.03125 0.04447115384615385
0 0.010817307692307692 0.15625 0.021634615384615384 0.036057692307692304
0 0.11658653846153846 0.15745192307692307 0.027644230769230768 0.04807692307692308
0 0.8701923076923077 0.15865384615384615 0.03365384615384615 0.05889423076923077
0 0.78125 0.16706730769230768 0.03485576923076923 0.0625
0 0.7391826923076923 0.17427884615384615 0.037259615384615384 0.06370192307692307
0 0.02283653846153846 0.17668269230769232 0.028846153846153848 0.05048076923076923
0 0.5997596153846154 0.17908653846153846 0.03485576923076923 0.057692307692307696
0 0.7007211538461539 0.18629807692307693 0.036057692307692304 0.05889423076923077
0 0.35096153846153844 0.1875 0.03125 0.04927884615384615
0 0.22355769230769232 0.19230769230769232 0.027644230769230768 0.038461538461538464
0 0.5396634615384616 0.19230769230769232 0.040865384615384616 0.06129807692307692
0 0.9879807692307693 0.19951923076923078 0.02403846153846154 0.052884615384615384
0 0.65625 0.20192307692307693 0.039663461538461536 0.057692307692307696
0 0.3088942307692308 0.20552884615384615 0.03365384615384615 0.052884615384615384
0 0.9507211538461539 0.21153846153846154 0.040865384615384616 0.06971153846153846
0 0.1935096153846154 0.21514423076923078 0.03485576923076923 0.0625
0 0.06129807692307692 0.21875 0.03485576923076923 0.06129807692307692
0 0.8822115384615384 0.2283653846153846 0.030048076923076924 0.04927884615384615
0 0.1502403846153846 0.2283653846153846 0.028846153846153848 0.046875
0 0.6105769230769231 0.23076923076923078 0.03365384615384615 0.04447115384615385
0 0.21153846153846154 0.2403846153846154 0.03125 0.056490384615384616
0 0.8545673076923077 0.2403846153846154 0.03245192307692308 0.055288461538461536
0 0.4987980769230769 0.2439903846153846 0.038461538461538464 0.04807692307692308
0 0.421875 0.24639423076923078 0.03485576923076923 0.04447115384615385
0 0.3581730769230769 0.24879807692307693 0.03365384615384615 0.054086538461538464
0 0.8209134615384616 0.25 0.03245192307692308 0.055288461538461536
0 0.3173076923076923 0.2620192307692308 0.03125 0.052884615384615384
0 0.7584134615384616 0.2668269230769231 0.037259615384615384 0.05048076923076923
0 0.6382211538461539 0.2692307692307692 0.039663461538461536 0.055288461538461536
0 0.4699519230769231 0.27163461538461536 0.03365384615384615 0.04927884615384615
0 0.890625 0.27283653846153844 0.028846153846153848 0.056490384615384616
0 0.23076923076923078 0.27403846153846156 0.037259615384615384 0.054086538461538464
0 0.9194711538461539 0.27884615384615385 0.028846153846153848 0.054086538461538464
0 0.7247596153846154 0.2824519230769231 0.03365384615384615 0.04927884615384615
0 0.11298076923076923 0.2848557692307692 0.03245192307692308 0.052884615384615384
0 0.5817307692307693 0.28966346153846156 0.03485576923076923 0.04447115384615385
0 0.15384615384615385 0.29086538461538464 0.03245192307692308 0.05889423076923077
0 0.9555288461538461 0.2956730769230769 0.03485576923076923 0.04326923076923077
0 0.5649038461538461 0.3016826923076923 0.03245192307692308 0.04927884615384615
0 0.03485576923076923 0.3112980769230769 0.036057692307692304 0.052884615384615384
0 0.36177884615384615 0.3233173076923077 0.03365384615384615 0.03365384615384615
0 0.8581730769230769 0.32572115384615385 0.038461538461538464 0.04326923076923077
0 0.20673076923076922 0.32572115384615385 0.042067307692307696 0.036057692307692304
0 0.7463942307692307 0.3293269230769231 0.037259615384615384 0.06850961538461539
0 0.640625 0.33413461538461536 0.03485576923076923 0.042067307692307696
0 0.5853365384615384 0.34375 0.04326923076923077 0.052884615384615384
0 0.9375 0.35216346153846156 0.042067307692307696 0.054086538461538464
0 0.43509615384615385 0.3557692307692308 0.03485576923076923 0.042067307692307696
0 0.5480769230769231 0.359375 0.028846153846153848 0.04807692307692308
0 0.3641826923076923 0.3605769230769231 0.03485576923076923 0.04567307692307692
0 0.2512019230769231 0.36177884615384615 0.04807692307692308 0.05048076923076923
0 0.01201923076923077 0.36177884615384615 0.02403846153846154 0.03245192307692308
0 0.20793269230769232 0.36538461538461536 0.03365384615384615 0.04927884615384615
0 0.8377403846153846 0.36658653846153844 0.04326923076923077 0.056490384615384616
0 0.14302884615384615 0.38461538461538464 0.036057692307692304 0.046875
0 0.0673076923076923 0.38461538461538464 0.037259615384615384 0.046875
0 0.4699519230769231 0.3858173076923077 0.039663461538461536 0.06129807692307692
0 0.41586538461538464 0.3894230769230769 0.040865384615384616 0.051682692307692304
0 0.12259615384615384 0.40384615384615385 0.037259615384615384 0.056490384615384616
0 0.9567307692307693 0.40625 0.03125 0.051682692307692304
0 0.7223557692307693 0.41947115384615385 0.037259615384615384 0.055288461538461536
0 0.6682692307692307 0.421875 0.038461538461538464 0.06129807692307692
0 0.2247596153846154 0.42427884615384615 0.039663461538461536 0.056490384615384616
0 0.5793269230769231 0.4266826923076923 0.04447115384615385 0.05889423076923077
0 0.7632211538461539 0.43149038461538464 0.03485576923076923 0.06490384615384616
0 0.296875 0.43509615384615385 0.039663461538461536 0.05048076923076923
0 0.9278846153846154 0.4362980769230769 0.03485576923076923 0.05889423076923077
0 0.8100961538461539 0.43990384615384615 0.03125 0.04447115384615385
0 0.9867788461538461 0.44350961538461536 0.026442307692307692 0.07692307692307693
0 0.5528846153846154 0.4495192307692308 0.03125 0.05048076923076923
0 0.4230769230769231 0.4519230769230769 0.03485576923076923 0.056490384615384616
0 0.5084134615384616 0.45552884615384615 0.037259615384615384 0.05889423076923077
0 0.18389423076923078 0.46274038461538464 0.036057692307692304 0.057692307692307696
0 0.8377403846153846 0.4651442307692308 0.039663461538461536 0.051682692307692304
0 0.3125 0.47115384615384615 0.037259615384615384 0.052884615384615384
0 0.10216346153846154 0.47596153846153844 0.026442307692307692 0.05048076923076923
0 0.7211538461538461 0.4831730769230769 0.039663461538461536 0.06129807692307692
0 0.5997596153846154 0.4855769230769231 0.037259615384615384 0.06850961538461539
0 0.06971153846153846 0.49278846153846156 0.03125 0.057692307692307696
0 0.9399038461538461 0.5084134615384616 0.036057692307692304 0.0673076923076923
0 0.8377403846153846 0.5252403846153846 0.038461538461538464 0.054086538461538464
0 0.08533653846153846 0.53125 0.036057692307692304 0.06490384615384616
0 0.18990384615384615 0.5408653846153846 0.02283653846153846 0.06370192307692307
0 0.1141826923076923 0.5420673076923077 0.040865384615384616 0.06370192307692307
0 0.21153846153846154 0.5444711538461539 0.040865384615384616 0.06370192307692307
0 0.3401442307692308 0.5805288461538461 0.036057692307692304 0.06129807692307692
0 0.6322115384615384 0.5817307692307693 0.04326923076923077 0.07091346153846154
0 0.7463942307692307 0.5985576923076923 0.038461538461538464 0.06129807692307692
0 0.9663461538461539 0.5997596153846154 0.04326923076923077 0.06850961538461539
0 0.028846153846153848 0.6105769230769231 0.04807692307692308 0.046875
0 0.5252403846153846 0.6201923076923077 0.04326923076923077 0.06370192307692307
0 0.203125 0.6466346153846154 0.039663461538461536 0.06971153846153846
0 0.8485576923076923 0.6478365384615384 0.038461538461538464 0.0625
0 0.12139423076923077 0.6538461538461539 0.03245192307692308 0.06009615384615385
0 0.018028846153846152 0.6550480769230769 0.036057692307692304 0.07932692307692307
0 0.2920673076923077 0.6598557692307693 0.042067307692307696 0.04447115384615385
0 0.8918269230769231 0.6899038461538461 0.04927884615384615 0.06971153846153846
0 0.45072115384615385 0.6911057692307693 0.037259615384615384 0.040865384615384616
0 0.6382211538461539 0.6947115384615384 0.04807692307692308 0.07091346153846154
0 0.4014423076923077 0.6995192307692307 0.03485576923076923 0.056490384615384616
0 0.30649038461538464 0.7007211538461539 0.04326923076923077 0.06009615384615385
0 0.15264423076923078 0.7079326923076923 0.04326923076923077 0.07451923076923077
0 0.7247596153846154 0.71875 0.04567307692307692 0.07091346153846154
0 0.09615384615384616 0.7235576923076923 0.04326923076923077 0.056490384615384616
0 0.45072115384615385 0.7403846153846154 0.04567307692307692 0.06490384615384616
0 0.8257211538461539 0.7632211538461539 0.04807692307692308 0.06610576923076923
0 0.6730769230769231 0.7872596153846154 0.04567307692307692 0.06370192307692307