0 0.66171875 0.28359375 0.0296875 0.0578125
0 0.6203125 0.2796875 0.0421875 0.0609375
0 0.0703125 0.1625 0.03125 0.0625
0 0.61484375 0.03984375 0.046875 0.0578125
0 0.1046875 0.17734375 0.0375 0.05625
0 0.14921875 0.19375 0.03125 0.0453125
0 0.18125 0.2078125 0.0328125 0.05
0 0.67421875 0.3140625 0.0515625 0.0625
0 0.20859375 0.22265625 0.0375 0.05625
0 0.421875 0.27734375 0.040625 0.0515625
0 0.7359375 0.35859375 0.05 0.0703125
0 0.78828125 0.37890625 0.05 0.075
0 0.8234375 0.40078125 0.0453125 0.075
0 0.45859375 0.32578125 0.0421875 0.05625
0 0.8546875 0.4125 0.0515625 0.0796875
0 0.4203125 0.33125 0.0328125 0.028125
0 0.05078125 0.26484375 0.0375 0.0734375
0 0.809375 0.09453125 0.0453125 0.0703125
0 0.14921875 0.3140625 0.0375 0.05625
0 0.49140625 0.3875 0.040625 0.0640625
0 0.11328125 0.30703125 0.0328125 0.05
0 0.93359375 0.48359375 0.046875 0.0796875
0 0.94921875 0.4890625 0.0390625 0.078125
0 0.51484375 0.396875 0.0421875 0.0734375
0 0.06796875 0.3046875 0.0390625 0.059375
0 0.41875 0.38125 0.046875 0.0625
0 0.96640625 0.5 0.05625 0.103125
0 0.5375 0.41328125 0.03125 0.0671875
0 0.5859375 0.43046875 0.0375 0.05625
0 0.175 0.34765625 0.0421875 0.0609375
0 0.2484375 0.38046875 0.04375 0.065625
0 0.209375 0.37421875 0.0375 0.05625
0 0.61484375 0.46015625 0.05 0.075
0 0.54453125 0.45546875 0.0546875 0.0765625
0 0.97890625 0.55 0.0421875 0.0875
0 0.6625 0.4828125 0.05 0.075
0 0.30625 0.42109375 0.034375 0.0421875
0 0.27265625 0.43515625 0.0359375 0.0640625
0 0.84453125 0.1140625 0.046875 0.0578125
0 0.2984375 0.46875 0.0390625 0.059375
0 0.3515625 0.48515625 0.040625 0.0640625
0 0.02734375 0.42109375 0.028125 0.053125
0 0.04765625 0.4328125 0.040625 0.0640625
0 0.7765625 0.5875 0.0625 0.06875
0 0.37734375 0.51171875 0.0515625 0.0796875
0 0.7015625 0.5875 0.0453125 0.0703125
0 0.4890625 0.55 0.046875 0.0359375
0 0.96953125 0.66328125 0.0265625 0.0625
0 0.75 0.6265625 0.0578125 0.090625
0 0.3015625 0.015625 0.040625 0.03125
0 0.27734375 0.015625 0.0421875 0.03125
0 0.1625 0.51640625 0.0484375 0.0671875
0 0.478125 0.590625 0.0390625 0.059375
0 0.428125 0.58125 0.04375 0.065625
0 0.08125 0.5125 0.0328125 0.0546875
0 0.1359375 0.5453125 0.0421875 0.0734375
0 0.4828125 0.6265625 0.0421875 0.0390625
0 0.7859375 0.69296875 0.0640625 0.0609375
0 0.7 0.68203125 0.059375 0.0953125
0 0.503125 0.6609375 0.0515625 0.0796875
0 0.23125 0.01328125 0.040625 0.0265625
0 0.32734375 0.02265625 0.0328125 0.0453125
0 0.1796875 0.61640625 0.04375 0.065625
0 0.52109375 0.6890625 0.0359375 0.06875
0 0.45390625 0.684375 0.05 0.075
0 0.2109375 0.63515625 0.0453125 0.0703125
0 0.259375 0.65234375 0.0421875 0.05625
0 0.77578125 0.7625 0.0671875 0.0921875
0 0.35625 0.0296875 0.0375 0.0515625
0 0.52890625 0.71953125 0.05 0.0703125
0 0.5609375 0.7359375 0.0609375 0.0828125
0 0.83046875 0.8046875 0.059375 0.0953125
0 0.26796875 0.68984375 0.05 0.075
0 0.0078125 0.64453125 0.015625 0.0796875
0 0.03359375 0.66875 0.05625 0.0640625
0 0.49765625 0.80234375 0.0765625 0.0984375
0 0.290625 0.77265625 0.0515625 0.040625
0 0.0234375 0.7328125 0.046875 0.0875
0 0.709375 0.8828125 0.0578125 0.10625
0 0.56484375 0.86171875 0.0609375 0.0609375
0 0.815625 0.921875 0.075 0.10625
0 0.30546875 0.815625 0.0671875 0.075
0 0.07890625 0.77734375 0.0484375 0.0671875
0 0.7453125 0.928125 0.0828125 0.1046875
0 0.8875 0.96640625 0.05 0.0671875
0 0.2515625 0.86796875 0.0609375 0.0828125
0 0.20078125 0.86953125 0.0765625 0.0546875
0 0.53515625 0.94453125 0.0796875 0.1109375
0 0.0296875 0.83984375 0.0578125 0.0734375
0 0.0796875 0.8625 0.0703125 0.084375
0 0.7578125 0.97734375 0.084375 0.0453125
0 0.7015625 0.98359375 0.075 0.0328125
0 0.61953125 0.9796875 0.0828125 0.040625
0 0.4015625 0.95234375 0.0625 0.0734375
0 0.19375 0.91484375 0.0921875 0.0671875
0 0.44453125 0.9703125 0.078125 0.059375
0 0.06328125 0.896875 0.065625 0.04375
0 0.42734375 0.075 0.0421875 0.05625
0 0.25859375 0.9453125 0.0578125 0.0296875
0 0.371875 0.065625 0.05 0.0703125
0 0.4828125 0.09140625 0.0421875 0.0609375
0 0.60390625 0.12421875 0.0421875 0.0609375
0 0.56953125 0.1171875 0.0390625 0.059375
0 0.515625 0.11484375 0.0390625 0.059375
0 0.6484375 0.1578125 0.0359375 0.0640625
0 0.49609375 0.009375 0.0328125 0.01875
0 0.15078125 0.06171875 0.028125 0.0484375
0 0.1640625 0.06640625 0.0359375 0.046875
0 0.09765625 0.05546875 0.0421875 0.0734375
0 0.73984375 0.19609375 0.034375 0.059375
0 0.66640625 0.184375 0.04375 0.065625
0 0.76484375 0.21015625 0.0453125 0.0703125
0 0.2296875 0.1015625 0.028125 0.053125
0 0.88828125 0.24375 0.0578125 0.0734375
0 0.9421875 0.2578125 0.0453125 0.075
0 0.4015625 0.15 0.040625 0.06875
0 0.2515625 0.1203125 0.0375 0.05625
0 0.5921875 0.2546875 0.040625 0.0640625
0 0.57109375 0.03046875 0.046875 0.0578125