0 0.8546875 0.1765625 0.065625 0.0953125
0 0.00703125 0.33359375 0.0140625 0.0671875
0 0.6234375 0.2265625 0.0640625 0.090625
0 0.29296875 0.28515625 0.05625 0.09375
0 0.4171875 0.2703125 0.0609375 0.0953125
0 0.71171875 0.21875 0.0703125 0.096875
0 0.32421875 0.29140625 0.0453125 0.0828125
0 0.3578125 0.290625 0.05625 0.09375
0 0.19765625 0.32109375 0.0484375 0.0796875
0 0.0046875 0.37109375 0.009375 0.0515625
0 0.9375 0.20859375 0.0578125 0.125
0 0.80703125 0.23125 0.0671875 0.1046875
0 0.50234375 0.2875 0.0640625 0.090625
0 0.5375 0.2859375 0.06875 0.11875
0 0.0546875 0.3734375 0.0625 0.103125
0 0.84609375 0.234375 0.059375 0.0640625
0 0.6046875 0.27890625 0.0734375 0.11875
0 0.7 0.01015625 0.0375 0.0203125
0 0.13125 0.384375 0.053125 0.0796875
0 0.075 0.3984375 0.040625 0.05625
0 0.91484375 0.25078125 0.06875 0.11875
0 0.475 0.3328125 0.0671875 0.109375
0 0.2640625 0.37734375 0.0671875 0.109375
0 0.0203125 0.4609375 0.040625 0.1125
0 0.87890625 0.315625 0.0625 0.103125
0 0.71796875 0.00859375 0.0421875 0.0171875
0 0.409375 0.4265625 0.071875 0.109375
0 0.1296875 0.478125 0.075 0.1234375
0 0.54921875 0.40390625 0.0734375 0.11875
0 0.725 0.378125 0.0609375 0.0734375
0 0.7828125 0.37265625 0.078125 0.1203125
0 0.19296875 0.47890625 0.05625 0.0984375
0 0.28359375 0.075 0.0453125 0.05625
0 0.37890625 0.5046875 0.071875 0.1046875
0 0.68359375 0.46015625 0.078125 0.115625
0 0.75703125 0.46171875 0.06875 0.0921875
0 0.50234375 0.5140625 0.078125 0.1203125
0 0.84921875 0.46953125 0.084375 0.125
0 0.13359375 0.62109375 0.053125 0.10625
0 0.6140625 0.03515625 0.05 0.0703125
0 0.98515625 0.47421875 0.0296875 0.1265625
0 0.18984375 0.646875 0.06875 0.11875
0 0.3234375 0.63203125 0.078125 0.1203125
0 0.57734375 0.0421875 0.0359375 0.0546875
0 0.78359375 0.02109375 0.0484375 0.0421875
0 0.45 0.6453125 0.0890625 0.13125
0 0.6359375 0.61953125 0.084375 0.1296875
0 0.38125 0.6671875 0.0921875 0.121875
0 0.75 0.6140625 0.084375 0.1296875
0 0.56484375 0.6578125 0.0796875 0.1296875
0 0.17109375 0.753125 0.0765625 0.1375
0 0.90546875 0.62578125 0.08125 0.1328125
0 0.1328125 0.77421875 0.0578125 0.103125
0 0.53203125 0.7359375 0.090625 0.1078125
0 0.69375 0.0359375 0.0484375 0.0484375
0 0.2734375 0.81796875 0.0796875 0.125
0 0.55390625 0.06015625 0.0421875 0.0375
0 0.140625 0.13828125 0.040625 0.05625
0 0.8375 0.7765625 0.1078125 0.15625
0 0.89375 0.78515625 0.0734375 0.0921875
0 0.5390625 0.87109375 0.103125 0.1546875
0 0.64296875 0.85546875 0.103125 0.1109375
0 0.50234375 0.08359375 0.05 0.084375
0 0.89609375 0.025 0.0515625 0.05
0 0.18515625 0.1421875 0.028125 0.0359375
0 0.2375 0.1328125 0.028125 0.0359375
0 0.77578125 0.88828125 0.1515625 0.1546875
0 0.953125 0.8609375 0.09375 0.134375
0 0.63515625 0.93828125 0.115625 0.1046875
0 0.046875 0.1703125 0.0359375 0.028125
0 0.35703125 0.99296875 0.0703125 0.0140625
0 0.81484375 0.04453125 0.04375 0.0515625
0 0.0828125 0.1734375 0.0421875 0.06875
0 0.28359375 0.140625 0.0421875 0.0875
0 0.11484375 0.1703125 0.0375 0.0640625
0 0.38515625 0.12734375 0.040625 0.05625
0 0.321875 0.14375 0.04375 0.0734375
0 0.75078125 0.06796875 0.053125 0.0796875
0 0.359375 0.14140625 0.05 0.0890625
0 0.47734375 0.12109375 0.04375 0.0734375
0 0.21875 0.16875 0.040625 0.078125
0 0.565625 0.11015625 0.0421875 0.0640625
0 0.89140625 0.05234375 0.053125 0.075
0 0.2671875 0.16484375 0.03125 0.0546875
0 0.54921875 0.115625 0.0390625 0.06875
0 0.40703125 0.15 0.0328125 0.0640625
0 0.70234375 0.1 0.05625 0.09375
0 0.0484375 0.21796875 0.0421875 0.0640625
0 0.18984375 0.1953125 0.0453125 0.05625
0 0.85703125 0.08515625 0.053125 0.075
0 0.63203125 0.1265625 0.0546875 0.0890625
0 0.24921875 0.1984375 0.0484375 0.096875
0 0.809375 0.10703125 0.0515625 0.0703125
0 0.44140625 0.18125 0.0484375 0.075
0 0.159375 0.23359375 0.0546875 0.084375
0 0.5953125 0.15859375 0.046875 0.0703125
0 0.3265625 0.20859375 0.0625 0.0765625
0 0.0828125 0.2515625 0.0546875 0.0890625
0 0.01171875 0.2734375 0.0234375 0.084375
0 0.76796875 0.1546875 0.0546875 0.0890625