0 0.6754807692307693 0.49399038461538464 0.004807692307692308 0.004807692307692308
0 0.5997596153846154 0.5 0.007211538461538462 0.009615384615384616
0 0.6814903846153846 0.4987980769230769 0.004807692307692308 0.007211538461538462
0 0.5324519230769231 0.5048076923076923 0.004807692307692308 0.004807692307692308
0 0.6033653846153846 0.5036057692307693 0.004807692307692308 0.007211538461538462
0 0.5949519230769231 0.5060096153846154 0.004807692307692308 0.009615384615384616
0 0.5625 0.5072115384615384 0.007211538461538462 0.007211538461538462
0 0.546875 0.5072115384615384 0.007211538461538462 0.007211538461538462
0 0.6598557692307693 0.5072115384615384 0.004807692307692308 0.004807692307692308
0 0.5709134615384616 0.5084134615384616 0.004807692307692308 0.007211538461538462
0 0.7115384615384616 0.5060096153846154 0.004807692307692308 0.007211538461538462
0 0.5408653846153846 0.5096153846153846 0.007211538461538462 0.007211538461538462
0 0.9362980769230769 0.5036057692307693 0.007211538461538462 0.007211538461538462
0 0.6983173076923077 0.5084134615384616 0.004807692307692308 0.007211538461538462
0 0.6923076923076923 0.5096153846153846 0.004807692307692308 0.007211538461538462
0 0.6850961538461539 0.5096153846153846 0.004807692307692308 0.007211538461538462
0 0.7247596153846154 0.5096153846153846 0.004807692307692308 0.007211538461538462
0 0.6694711538461539 0.5120192307692307 0.004807692307692308 0.004807692307692308
0 0.640625 0.5120192307692307 0.004807692307692308 0.007211538461538462
0 0.7223557692307693 0.5120192307692307 0.004807692307692308 0.009615384615384616
0 0.515625 0.515625 0.007211538461538462 0.007211538461538462
0 0.8076923076923077 0.5132211538461539 0.007211538461538462 0.01201923076923077
0 0.734375 0.5144230769230769 0.007211538461538462 0.01201923076923077
0 0.7067307692307693 0.5144230769230769 0.004807692307692308 0.007211538461538462
0 0.07451923076923077 0.5252403846153846 0.009615384615384616 0.009615384615384616
0 0.6322115384615384 0.5168269230769231 0.007211538461538462 0.007211538461538462
0 0.5396634615384616 0.5192307692307693 0.004807692307692308 0.009615384615384616
0 0.5300480769230769 0.5216346153846154 0.009615384615384616 0.01201923076923077
0 0.06370192307692307 0.5300480769230769 0.007211538461538462 0.007211538461538462
0 0.5913461538461539 0.5216346153846154 0.004807692307692308 0.004807692307692308
0 0.5625 0.5252403846153846 0.007211538461538462 0.009615384615384616
0 0.5096153846153846 0.5264423076923077 0.007211538461538462 0.009615384615384616
0 0.054086538461538464 0.5336538461538461 0.01201923076923077 0.009615384615384616
0 0.6923076923076923 0.5228365384615384 0.004807692307692308 0.009615384615384616
0 0.5817307692307693 0.5264423076923077 0.007211538461538462 0.007211538461538462
0 0.5480769230769231 0.5264423076923077 0.004807692307692308 0.007211538461538462
0 0.7764423076923077 0.5240384615384616 0.007211538461538462 0.01201923076923077
0 0.5540865384615384 0.5276442307692307 0.007211538461538462 0.009615384615384616
0 0.6009615384615384 0.5288461538461539 0.007211538461538462 0.007211538461538462
0 0.5949519230769231 0.5288461538461539 0.007211538461538462 0.007211538461538462
0 0.5024038461538461 0.5300480769230769 0.007211538461538462 0.009615384615384616
0 0.6502403846153846 0.5288461538461539 0.004807692307692308 0.007211538461538462
0 0.6213942307692307 0.5288461538461539 0.007211538461538462 0.004807692307692308
0 0.640625 0.5288461538461539 0.004807692307692308 0.007211538461538462
0 0.4963942307692308 0.53125 0.007211538461538462 0.01201923076923077
0 0.5733173076923077 0.5300480769230769 0.007211538461538462 0.009615384615384616
0 0.0829326923076923 0.5396634615384616 0.007211538461538462 0.014423076923076924
0 0.7331730769230769 0.5288461538461539 0.007211538461538462 0.009615384615384616
0 0.5865384615384616 0.5324519230769231 0.007211538461538462 0.009615384615384616
0 0.7091346153846154 0.53125 0.007211538461538462 0.01201923076923077
0 0.6995192307692307 0.53125 0.007211538461538462 0.009615384615384616
0 0.6862980769230769 0.5336538461538461 0.007211538461538462 0.009615384615384616
0 0.6334134615384616 0.5348557692307693 0.007211538461538462 0.009615384615384616
0 0.046875 0.546875 0.009615384615384616 0.01201923076923077
0 0.4182692307692308 0.5396634615384616 0.009615384615384616 0.014423076923076924
0 0.5372596153846154 0.5372596153846154 0.004807692307692308 0.009615384615384616
0 0.6947115384615384 0.5372596153846154 0.009615384615384616 0.007211538461538462
0 0.3942307692307692 0.5444711538461539 0.01201923076923077 0.009615384615384616
0 0.026442307692307692 0.5528846153846154 0.01201923076923077 0.016826923076923076
0 0.46033653846153844 0.5480769230769231 0.009615384615384616 0.009615384615384616
0 0.4362980769230769 0.5480769230769231 0.007211538461538462 0.014423076923076924
0 0.23918269230769232 0.5528846153846154 0.009615384615384616 0.014423076923076924
0 0.4855769230769231 0.5480769230769231 0.009615384615384616 0.01201923076923077
0 0.7007211538461539 0.5456730769230769 0.007211538461538462 0.01201923076923077
0 0.71875 0.546875 0.007211538461538462 0.01201923076923077
0 0.8774038461538461 0.5456730769230769 0.009615384615384616 0.014423076923076924
0 0.7391826923076923 0.5492788461538461 0.007211538461538462 0.014423076923076924
0 0.4483173076923077 0.5540865384615384 0.007211538461538462 0.01201923076923077
0 0.38822115384615385 0.5552884615384616 0.009615384615384616 0.009615384615384616
0 0.3401442307692308 0.5552884615384616 0.007211538461538462 0.009615384615384616
0 0.17668269230769232 0.5600961538461539 0.009615384615384616 0.014423076923076924
0 0.4170673076923077 0.5552884615384616 0.007211538461538462 0.014423076923076924
0 0.33052884615384615 0.5576923076923077 0.007211538461538462 0.007211538461538462
0 0.1346153846153846 0.5625 0.009615384615384616 0.014423076923076924
0 0.8918269230769231 0.5492788461538461 0.009615384615384616 0.009615384615384616
0 0.7992788461538461 0.5528846153846154 0.01201923076923077 0.016826923076923076
0 0.6682692307692307 0.5588942307692307 0.007211538461538462 0.014423076923076924
0 0.7079326923076923 0.5588942307692307 0.007211538461538462 0.01201923076923077
0 0.20793269230769232 0.5673076923076923 0.009615384615384616 0.009615384615384616
0 0.6875 0.5600961538461539 0.009615384615384616 0.01201923076923077
0 0.30528846153846156 0.5673076923076923 0.004807692307692308 0.01201923076923077
0 0.19831730769230768 0.5709134615384616 0.007211538461538462 0.016826923076923076
0 0.9146634615384616 0.5588942307692307 0.007211538461538462 0.014423076923076924
0 0.3786057692307692 0.5697115384615384 0.007211538461538462 0.009615384615384616
0 0.4519230769230769 0.5697115384615384 0.009615384615384616 0.014423076923076924
0 0.7680288461538461 0.5649038461538461 0.009615384615384616 0.014423076923076924
0 0.39903846153846156 0.5709134615384616 0.009615384615384616 0.009615384615384616
0 0.7860576923076923 0.5661057692307693 0.009615384615384616 0.014423076923076924
0 0.6274038461538461 0.5733173076923077 0.014423076923076924 0.019230769230769232
0 0.6033653846153846 0.5745192307692307 0.014423076923076924 0.019230769230769232
0 0.4014423076923077 0.578125 0.009615384615384616 0.01201923076923077
0 0.5504807692307693 0.578125 0.01201923076923077 0.014423076923076924
0 0.31850961538461536 0.5829326923076923 0.01201923076923077 0.014423076923076924
0 0.5240384615384616 0.5805288461538461 0.01201923076923077 0.014423076923076924
0 0.9375 0.578125 0.009615384615384616 0.014423076923076924
0 0.2956730769230769 0.5889423076923077 0.009615384615384616 0.01201923076923077
0 0.20793269230769232 0.5913461538461539 0.009615384615384616 0.014423076923076924
0 0.7764423076923077 0.5865384615384616 0.009615384615384616 0.01201923076923077
0 0.9819711538461539 0.5865384615384616 0.01201923076923077 0.016826923076923076
0 0.34615384615384615 0.5973557692307693 0.01201923076923077 0.01201923076923077
0 0.3786057692307692 0.6033653846153846 0.009615384615384616 0.01201923076923077
0 0.12980769230769232 0.609375 0.014423076923076924 0.014423076923076924
0 0.5180288461538461 0.6033653846153846 0.009615384615384616 0.014423076923076924
0 0.16466346153846154 0.6105769230769231 0.01201923076923077 0.016826923076923076
0 0.20552884615384615 0.6153846153846154 0.01201923076923077 0.014423076923076924
0 0.2608173076923077 0.6141826923076923 0.01201923076923077 0.016826923076923076
0 0.40865384615384615 0.6141826923076923 0.014423076923076924 0.014423076923076924
0 0.23076923076923078 0.6213942307692307 0.01201923076923077 0.016826923076923076
0 0.9302884615384616 0.6117788461538461 0.01201923076923077 0.016826923076923076
0 0.007211538461538462 0.6334134615384616 0.009615384615384616 0.02403846153846154
0 0.8245192307692307 0.6237980769230769 0.01201923076923077 0.016826923076923076
0 0.3016826923076923 0.6370192307692307 0.014423076923076924 0.014423076923076924
0 0.36538461538461536 0.6394230769230769 0.016826923076923076 0.019230769230769232
0 0.03485576923076923 0.6466346153846154 0.016826923076923076 0.02403846153846154
0 0.1201923076923077 0.6466346153846154 0.014423076923076924 0.019230769230769232
0 0.671875 0.6490384615384616 0.01201923076923077 0.019230769230769232
0 0.8521634615384616 0.6538461538461539 0.009615384615384616 0.016826923076923076
0 0.18269230769230768 0.6730769230769231 0.016826923076923076 0.021634615384615384
0 0.4182692307692308 0.6826923076923077 0.014423076923076924 0.021634615384615384
0 0.3016826923076923 0.6899038461538461 0.016826923076923076 0.021634615384615384
0 0.7908653846153846 0.6887019230769231 0.01201923076923077 0.01201923076923077
0 0.21394230769230768 0.7019230769230769 0.01201923076923077 0.016826923076923076
0 0.31490384615384615 0.7007211538461539 0.016826923076923076 0.021634615384615384
0 0.22115384615384615 0.7103365384615384 0.014423076923076924 0.021634615384615384
0 0.8269230769230769 0.7007211538461539 0.014423076923076924 0.021634615384615384
0 0.6201923076923077 0.7067307692307693 0.01201923076923077 0.021634615384615384
0 0.5769230769230769 0.7127403846153846 0.014423076923076924 0.02403846153846154
0 0.2247596153846154 0.7283653846153846 0.014423076923076924 0.02403846153846154
0 0.6502403846153846 0.7415865384615384 0.016826923076923076 0.026442307692307692
0 0.12860576923076922 0.7560096153846154 0.019230769230769232 0.028846153846153848
0 0.11658653846153846 0.7608173076923077 0.014423076923076924 0.021634615384615384
0 0.8377403846153846 0.7872596153846154 0.021634615384615384 0.028846153846153848
0 0.9903846153846154 0.7908653846153846 0.019230769230769232 0.028846153846153848
0 0.9699519230769231 0.7980769230769231 0.019230769230769232 0.02403846153846154
0 0.12259615384615384 0.8221153846153846 0.019230769230769232 0.028846153846153848
0 0.09735576923076923 0.828125 0.016826923076923076 0.028846153846153848
0 0.17548076923076922 0.8377403846153846 0.02403846153846154 0.03125
0 0.7007211538461539 0.8389423076923077 0.019230769230769232 0.02403846153846154
0 0.6622596153846154 0.8557692307692307 0.021634615384615384 0.028846153846153848
0 0.10096153846153846 0.8689903846153846 0.026442307692307692 0.03365384615384615
0 0.9591346153846154 0.8533653846153846 0.04807692307692308 0.0673076923076923