0 0.421875 0.09140625 0.0640625 0.084375
0 0.7546875 0.134375 0.065625 0.0984375
0 0.31328125 0.0828125 0.0640625 0.0796875
0 0.6484375 0.1265625 0.0484375 0.0640625
0 0.90078125 0.15703125 0.0609375 0.053125
0 0.62734375 0.128125 0.0484375 0.059375
0 0.709375 0.15703125 0.065625 0.0984375
0 0.4890625 0.1328125 0.05 0.0734375
0 0.81796875 0.1921875 0.0640625 0.075
0 0.87265625 0.2 0.05625 0.0515625
0 0.54609375 0.1625 0.078125 0.11875
0 0.96953125 0.21953125 0.0609375 0.1140625
0 0.92578125 0.22578125 0.0578125 0.0609375
0 0.2296875 0.1546875 0.0765625 0.1140625
0 0.44921875 0.18828125 0.0671875 0.071875
0 0.6078125 0.21015625 0.0609375 0.09375
0 0.75234375 0.246875 0.0796875 0.1
0 0.66484375 0.2421875 0.0703125 0.1
0 0.87890625 0.278125 0.0640625 0.1109375
0 0.11484375 0.184375 0.1 0.14375
0 0.3453125 0.21953125 0.0890625 0.1328125
0 0.8328125 0.29609375 0.078125 0.11875
0 0.99453125 0.32421875 0.0109375 0.1140625
0 0.73828125 0.3078125 0.0625 0.10625
0 0.4125 0.28125 0.075 0.1265625
0 0.946875 0.35390625 0.071875 0.103125
0 0.20625 0.0140625 0.071875 0.028125
0 0.6703125 0.5953125 0.0859375 0.109375
0 0.55078125 0.6 0.0765625 0.109375
0 0.26875 0.03515625 0.06875 0.0703125
0 0.46640625 0.603125 0.08125 0.1046875
0 0.0390625 0.56953125 0.078125 0.11875
0 0.3671875 0.0453125 0.0546875 0.0421875
0 0.25 0.63671875 0.0828125 0.11875
0 0.94140625 0.759375 0.0625 0.10625
0 0.39375 0.06015625 0.028125 0.04375
0 0.49140625 0.07734375 0.0515625 0.046875
0 0.10625 0.04140625 0.0875 0.0828125
0 0.3578125 0.08125 0.046875 0.046875