0 0.3762019230769231 0.5132211538461539 0.057692307692307696 0.08173076923076923
0 0.4963942307692308 0.5528846153846154 0.057692307692307696 0.08173076923076923
0 0.6646634615384616 0.5793269230769231 0.055288461538461536 0.07211538461538461
0 0.9350961538461539 0.625 0.04326923076923077 0.07451923076923077
0 0.7427884615384616 0.5973557692307693 0.055288461538461536 0.07211538461538461
0 0.02403846153846154 0.4855769230769231 0.04807692307692308 0.09615384615384616
0 0.15745192307692307 0.5348557692307693 0.0673076923076923 0.08653846153846154
0 0.28365384615384615 0.5540865384615384 0.0625 0.10336538461538461
0 0.5360576923076923 0.5973557692307693 0.08173076923076923 0.11538461538461539
0 0.052884615384615384 0.5228365384615384 0.0673076923076923 0.09615384615384616
0 0.43149038461538464 0.5925480769230769 0.0625 0.09375
0 0.328125 0.578125 0.07692307692307693 0.09134615384615384
0 0.11658653846153846 0.5564903846153846 0.07692307692307693 0.08413461538461539
0 0.9459134615384616 0.6923076923076923 0.07211538461538461 0.11538461538461539
0 0.7331730769230769 0.6730769230769231 0.07211538461538461 0.09615384615384616
0 0.016826923076923076 0.5697115384615384 0.03365384615384615 0.125
0 0.84375 0.7139423076923077 0.07692307692307693 0.11778846153846154
0 0.49278846153846156 0.6766826923076923 0.07932692307692307 0.10096153846153846
0 0.6394230769230769 0.7019230769230769 0.07692307692307693 0.11538461538461539
0 0.1310096153846154 0.6526442307692307 0.09375 0.12259615384615384
0 0.28125 0.6826923076923077 0.08653846153846154 0.125
0 0.046875 0.7091346153846154 0.09375 0.1201923076923077
0 0.7223557692307693 0.8725961538461539 0.09134615384615384 0.12980769230769232
0 0.2439903846153846 0.8016826923076923 0.0889423076923077 0.10817307692307693
0 0.8894230769230769 0.13942307692307693 0.01201923076923077 0.016826923076923076
0 0.5288461538461539 0.8822115384615384 0.23076923076923078 0.23557692307692307
0 0.9387019230769231 0.15504807692307693 0.016826923076923076 0.02403846153846154
0 0.96875 0.1622596153846154 0.016826923076923076 0.016826923076923076
0 0.1141826923076923 0.84375 0.16346153846153846 0.1778846153846154
0 0.3137019230769231 0.8930288461538461 0.10336538461538461 0.14182692307692307
0 0.6418269230769231 0.9447115384615384 0.09134615384615384 0.11057692307692307
0 0.7055288461538461 0.9711538461538461 0.0985576923076923 0.057692307692307696
0 0.90625 0.15865384615384615 0.016826923076923076 0.02403846153846154
0 0.796875 0.14423076923076922 0.016826923076923076 0.016826923076923076
0 0.9170673076923077 0.1658653846153846 0.021634615384615384 0.026442307692307692
0 0.9519230769230769 0.171875 0.016826923076923076 0.02403846153846154
0 0.8052884615384616 0.15264423076923078 0.016826923076923076 0.019230769230769232
0 0.8822115384615384 0.16466346153846154 0.016826923076923076 0.019230769230769232
0 0.9615384615384616 0.1778846153846154 0.016826923076923076 0.019230769230769232
0 0.9879807692307693 0.1814903846153846 0.019230769230769232 0.028846153846153848
0 0.8197115384615384 0.15625 0.016826923076923076 0.02403846153846154
0 0.9975961538461539 0.18509615384615385 0.004807692307692308 0.02403846153846154
0 0.7704326923076923 0.15144230769230768 0.016826923076923076 0.016826923076923076
0 0.8966346153846154 0.17067307692307693 0.016826923076923076 0.016826923076923076
0 0.9747596153846154 0.18389423076923078 0.016826923076923076 0.016826923076923076
0 0.6514423076923077 0.13701923076923078 0.019230769230769232 0.028846153846153848
0 0.8365384615384616 0.1658653846153846 0.016826923076923076 0.019230769230769232
0 0.9302884615384616 0.1814903846153846 0.01201923076923077 0.019230769230769232
0 0.9543269230769231 0.1875 0.016826923076923076 0.02403846153846154
0 0.9387019230769231 0.1875 0.016826923076923076 0.016826923076923076
0 0.8569711538461539 0.17908653846153846 0.016826923076923076 0.02403846153846154
0 0.8245192307692307 0.17668269230769232 0.014423076923076924 0.028846153846153848
0 0.7379807692307693 0.16826923076923078 0.021634615384615384 0.021634615384615384
0 0.96875 0.20432692307692307 0.019230769230769232 0.028846153846153848
0 0.7836538461538461 0.1778846153846154 0.016826923076923076 0.019230769230769232
0 0.7992788461538461 0.18028846153846154 0.016826923076923076 0.016826923076923076
0 0.8185096153846154 0.18269230769230768 0.016826923076923076 0.019230769230769232
0 0.9314903846153846 0.20072115384615385 0.016826923076923076 0.019230769230769232
0 0.9146634615384616 0.20192307692307693 0.016826923076923076 0.019230769230769232
0 0.6935096153846154 0.171875 0.019230769230769232 0.028846153846153848
0 0.3605769230769231 0.11899038461538461 0.019230769230769232 0.028846153846153848
0 0.37740384615384615 0.12139423076923077 0.021634615384615384 0.03125
0 0.7584134615384616 0.18389423076923078 0.016826923076923076 0.019230769230769232
0 0.9939903846153846 0.22115384615384615 0.01201923076923077 0.019230769230769232
0 0.4110576923076923 0.1346153846153846 0.016826923076923076 0.019230769230769232
0 0.5264423076923077 0.15504807692307693 0.019230769230769232 0.028846153846153848
0 0.5612980769230769 0.15985576923076922 0.028846153846153848 0.040865384615384616
0 0.7463942307692307 0.18990384615384615 0.019230769230769232 0.028846153846153848
0 0.7980769230769231 0.19831730769230768 0.016826923076923076 0.019230769230769232
0 0.8942307692307693 0.2127403846153846 0.019230769230769232 0.028846153846153848
0 0.8569711538461539 0.2127403846153846 0.019230769230769232 0.028846153846153848
0 0.6598557692307693 0.18870192307692307 0.03125 0.03125
0 0.78125 0.20793269230769232 0.019230769230769232 0.028846153846153848
0 0.8305288461538461 0.21754807692307693 0.021634615384615384 0.026442307692307692
0 0.9495192307692307 0.23677884615384615 0.021634615384615384 0.026442307692307692
0 0.9771634615384616 0.2403846153846154 0.021634615384615384 0.026442307692307692
0 0.71875 0.20192307692307693 0.021634615384615384 0.03125
0 0.9963942307692307 0.24639423076923078 0.007211538461538462 0.03125
0 0.8689903846153846 0.22956730769230768 0.021634615384615384 0.03125
0 0.9206730769230769 0.23798076923076922 0.019230769230769232 0.028846153846153848
0 0.203125 0.12379807692307693 0.03365384615384615 0.05048076923076923
0 0.890625 0.23798076923076922 0.016826923076923076 0.019230769230769232
0 0.16826923076923078 0.12379807692307693 0.026442307692307692 0.03125
0 0.3557692307692308 0.15384615384615385 0.026442307692307692 0.03125
0 0.6862980769230769 0.2127403846153846 0.03365384615384615 0.040865384615384616
0 0.9375 0.25240384615384615 0.019230769230769232 0.028846153846153848
0 0.6177884615384616 0.20432692307692307 0.021634615384615384 0.021634615384615384
0 0.671875 0.21514423076923078 0.026442307692307692 0.03125
0 0.6490384615384616 0.21394230769230768 0.021634615384615384 0.026442307692307692
0 0.9891826923076923 0.26802884615384615 0.021634615384615384 0.036057692307692304
0 0.7980769230769231 0.24639423076923078 0.019230769230769232 0.028846153846153848
0 0.7235576923076923 0.23677884615384615 0.02403846153846154 0.036057692307692304
0 0.3605769230769231 0.18028846153846154 0.02403846153846154 0.036057692307692304
0 0.8569711538461539 0.2608173076923077 0.021634615384615384 0.03125
0 0.8954326923076923 0.2668269230769231 0.019230769230769232 0.028846153846153848
0 0.7800480769230769 0.2512019230769231 0.02403846153846154 0.036057692307692304
0 0.9435096153846154 0.2764423076923077 0.016826923076923076 0.019230769230769232
0 0.5252403846153846 0.2127403846153846 0.028846153846153848 0.040865384615384616
0 0.3942307692307692 0.19230769230769232 0.021634615384615384 0.03125
0 0.4362980769230769 0.20192307692307693 0.028846153846153848 0.04567307692307692
0 0.5913461538461539 0.22596153846153846 0.02403846153846154 0.036057692307692304
0 0.8377403846153846 0.265625 0.026442307692307692 0.021634615384615384
0 0.7475961538461539 0.2536057692307692 0.019230769230769232 0.028846153846153848
0 0.9615384615384616 0.28725961538461536 0.021634615384615384 0.03125
0 0.18509615384615385 0.16466346153846154 0.03365384615384615 0.040865384615384616
0 0.8052884615384616 0.2644230769230769 0.016826923076923076 0.02403846153846154
0 0.6201923076923077 0.2403846153846154 0.019230769230769232 0.028846153846153848
0 0.5649038461538461 0.234375 0.036057692307692304 0.036057692307692304
0 0.46033653846153844 0.22235576923076922 0.026442307692307692 0.036057692307692304
0 0.7692307692307693 0.27163461538461536 0.03365384615384615 0.04567307692307692
0 0.7319711538461539 0.26802884615384615 0.02403846153846154 0.038461538461538464
0 0.9939903846153846 0.31009615384615385 0.01201923076923077 0.019230769230769232
0 0.6370192307692307 0.2536057692307692 0.03125 0.036057692307692304
0 0.3605769230769231 0.2127403846153846 0.021634615384615384 0.026442307692307692
0 0.6682692307692307 0.2668269230769231 0.03125 0.036057692307692304
0 0.5276442307692307 0.24879807692307693 0.026442307692307692 0.036057692307692304
0 0.8389423076923077 0.2980769230769231 0.02403846153846154 0.036057692307692304
0 0.7103365384615384 0.2800480769230769 0.02403846153846154 0.038461538461538464
0 0.859375 0.30408653846153844 0.028846153846153848 0.040865384615384616
0 0.8990384615384616 0.31490384615384615 0.03365384615384615 0.05048076923076923
0 0.8004807692307693 0.3016826923076923 0.02403846153846154 0.036057692307692304
0 0.45072115384615385 0.2536057692307692 0.038461538461538464 0.04567307692307692
0 0.4951923076923077 0.2608173076923077 0.026442307692307692 0.036057692307692304
0 0.057692307692307696 0.19110576923076922 0.03365384615384615 0.05048076923076923
0 0.78125 0.3076923076923077 0.03365384615384615 0.040865384615384616
0 0.9903846153846154 0.3389423076923077 0.019230769230769232 0.038461538461538464
0 0.12620192307692307 0.20552884615384615 0.03365384615384615 0.04567307692307692
0 0.5516826923076923 0.27524038461538464 0.03125 0.026442307692307692
0 0.6153846153846154 0.2860576923076923 0.03365384615384615 0.040865384615384616
0 0.3557692307692308 0.24519230769230768 0.028846153846153848 0.040865384615384616
0 0.9519230769230769 0.34134615384615385 0.028846153846153848 0.04567307692307692
0 0.9314903846153846 0.3485576923076923 0.03365384615384615 0.05048076923076923
0 0.7307692307692307 0.31850961538461536 0.03365384615384615 0.04567307692307692
0 0.6766826923076923 0.31490384615384615 0.03365384615384615 0.04567307692307692
0 0.4338942307692308 0.28125 0.03365384615384615 0.04567307692307692
0 0.17668269230769232 0.24278846153846154 0.04807692307692308 0.052884615384615384
0 0.31971153846153844 0.265625 0.038461538461538464 0.05048076923076923
0 0.48677884615384615 0.2956730769230769 0.026442307692307692 0.036057692307692304
0 0.5829326923076923 0.3112980769230769 0.03125 0.036057692307692304
0 0.84375 0.3545673076923077 0.04326923076923077 0.052884615384615384
0 0.8209134615384616 0.3581730769230769 0.03365384615384615 0.04567307692307692
0 0.3641826923076923 0.2860576923076923 0.02403846153846154 0.036057692307692304
0 0.46033653846153844 0.30408653846153844 0.04807692307692308 0.04326923076923077
0 0.5036057692307693 0.31850961538461536 0.03365384615384615 0.040865384615384616
0 0.056490384615384616 0.25 0.05048076923076923 0.055288461538461536
0 0.11057692307692307 0.2608173076923077 0.055288461538461536 0.0673076923076923
0 0.5444711538461539 0.3317307692307692 0.04807692307692308 0.06971153846153846
0 0.7560096153846154 0.36538461538461536 0.04326923076923077 0.06971153846153846
0 0.6838942307692307 0.3605769230769231 0.03365384615384615 0.05048076923076923
0 0.19230769230769232 0.2824519230769231 0.038461538461538464 0.05048076923076923
0 0.9627403846153846 0.40865384615384615 0.05048076923076923 0.06009615384615385
0 0.38221153846153844 0.3173076923076923 0.03365384615384615 0.04567307692307692
0 0.24158653846153846 0.296875 0.038461538461538464 0.05048076923076923
0 0.6105769230769231 0.3605769230769231 0.040865384615384616 0.06490384615384616
0 0.5925480769230769 0.3629807692307692 0.036057692307692304 0.0625
0 0.41947115384615385 0.33774038461538464 0.04567307692307692 0.06009615384615385
0 0.7103365384615384 0.38341346153846156 0.021634615384615384 0.026442307692307692
0 0.6466346153846154 0.3762019230769231 0.036057692307692304 0.0625
0 0.34615384615384615 0.35096153846153844 0.040865384615384616 0.06490384615384616
0 0.4495192307692308 0.37259615384615385 0.057692307692307696 0.07692307692307693
0 0.13822115384615385 0.328125 0.04807692307692308 0.07451923076923077
0 0.38221153846153844 0.3701923076923077 0.04567307692307692 0.06490384615384616
0 0.9771634615384616 0.4651442307692308 0.04567307692307692 0.07451923076923077
0 0.21033653846153846 0.34375 0.052884615384615384 0.052884615384615384
0 0.6598557692307693 0.421875 0.04567307692307692 0.06490384615384616
0 0.8521634615384616 0.4519230769230769 0.052884615384615384 0.07451923076923077
0 0.6983173076923077 0.43028846153846156 0.04807692307692308 0.06971153846153846
0 0.17668269230769232 0.3473557692307692 0.04326923076923077 0.07932692307692307
0 0.7644230769230769 0.44591346153846156 0.036057692307692304 0.055288461538461536
0 0.5 0.40625 0.04326923076923077 0.052884615384615384
0 0.03245192307692308 0.3449519230769231 0.036057692307692304 0.0625
0 0.6081730769230769 0.4519230769230769 0.052884615384615384 0.07451923076923077
0 0.19110576923076922 0.39302884615384615 0.04326923076923077 0.06971153846153846
0 0.8112980769230769 0.5024038461538461 0.055288461538461536 0.07211538461538461
0 0.9471153846153846 0.5228365384615384 0.057692307692307696 0.08173076923076923
0 0.5024038461538461 0.45552884615384615 0.057692307692307696 0.07692307692307693
0 0.11057692307692307 0.40024038461538464 0.057692307692307696 0.08173076923076923
0 0.27283653846153844 0.4266826923076923 0.057692307692307696 0.08173076923076923
0 0.5757211538461539 0.48197115384615385 0.052884615384615384 0.07451923076923077
0 0.734375 0.5060096153846154 0.052884615384615384 0.07451923076923077
0 0.025240384615384616 0.3942307692307692 0.038461538461538464 0.07211538461538461
0 0.8882211538461539 0.546875 0.04326923076923077 0.07451923076923077
0 0.31009615384615385 0.4579326923076923 0.06009615384615385 0.0889423076923077
0 0.6838942307692307 0.5216346153846154 0.04567307692307692 0.06490384615384616
0 0.84375 0.5492788461538461 0.06009615384615385 0.0889423076923077
0 0.21153846153846154 0.46634615384615385 0.06490384615384616 0.10336538461538461
0 0.4411057692307692 0.5048076923076923 0.055288461538461536 0.0673076923076923
0 0.08533653846153846 0.4495192307692308 0.06009615384615385 0.07692307692307693