0 0.5528846153846154 0.3762019230769231 0.01201923076923077 0.02403846153846154
0 0.53125 0.3798076923076923 0.01201923076923077 0.014423076923076924
0 0.5228365384615384 0.3786057692307692 0.016826923076923076 0.019230769230769232
0 0.5901442307692307 0.3870192307692308 0.016826923076923076 0.02403846153846154
0 0.5793269230769231 0.38822115384615385 0.01201923076923077 0.014423076923076924
0 0.5492788461538461 0.38822115384615385 0.016826923076923076 0.019230769230769232
0 0.5600961538461539 0.3942307692307692 0.016826923076923076 0.02403846153846154
0 0.49158653846153844 0.38822115384615385 0.019230769230769232 0.02403846153846154
0 0.5697115384615384 0.39663461538461536 0.01201923076923077 0.014423076923076924
0 0.6189903846153846 0.4026442307692308 0.016826923076923076 0.02403846153846154
0 0.6454326923076923 0.4074519230769231 0.01201923076923077 0.014423076923076924
0 0.578125 0.40384615384615385 0.019230769230769232 0.02403846153846154
0 0.05889423076923077 0.359375 0.019230769230769232 0.02403846153846154
0 0.5961538461538461 0.40865384615384615 0.016826923076923076 0.02403846153846154
0 0.4098557692307692 0.3918269230769231 0.016826923076923076 0.02403846153846154
0 0.4963942307692308 0.4014423076923077 0.021634615384615384 0.038461538461538464
0 0.12740384615384615 0.37259615384615385 0.02403846153846154 0.02403846153846154
0 0.6899038461538461 0.42427884615384615 0.016826923076923076 0.019230769230769232
0 0.5528846153846154 0.41225961538461536 0.016826923076923076 0.02403846153846154
0 0.5408653846153846 0.4110576923076923 0.019230769230769232 0.028846153846153848
0 0.46875 0.40384615384615385 0.03125 0.04326923076923077
0 0.5216346153846154 0.4110576923076923 0.03125 0.03365384615384615
0 0.6646634615384616 0.4266826923076923 0.019230769230769232 0.02403846153846154
0 0.021634615384615384 0.375 0.016826923076923076 0.038461538461538464
0 0.6165865384615384 0.42427884615384615 0.016826923076923076 0.019230769230769232
0 0.6370192307692307 0.4266826923076923 0.019230769230769232 0.028846153846153848
0 0.35697115384615385 0.40625 0.026442307692307692 0.038461538461538464
0 0.040865384615384616 0.38100961538461536 0.026442307692307692 0.04807692307692308
0 0.3401442307692308 0.4074519230769231 0.03125 0.038461538461538464
0 0.44471153846153844 0.4170673076923077 0.03125 0.04326923076923077
0 0.23677884615384615 0.40024038461538464 0.036057692307692304 0.05048076923076923
0 0.11778846153846154 0.3918269230769231 0.026442307692307692 0.038461538461538464
0 0.7716346153846154 0.4483173076923077 0.021634615384615384 0.03365384615384615
0 0.5841346153846154 0.43509615384615385 0.026442307692307692 0.038461538461538464
0 0.3942307692307692 0.4182692307692308 0.026442307692307692 0.04326923076923077
0 0.6995192307692307 0.44711538461538464 0.026442307692307692 0.03365384615384615
0 0.17908653846153846 0.40384615384615385 0.040865384615384616 0.04567307692307692
0 0.7824519230769231 0.4567307692307692 0.021634615384615384 0.03365384615384615
0 0.6454326923076923 0.44711538461538464 0.019230769230769232 0.028846153846153848
0 0.3762019230769231 0.42427884615384615 0.021634615384615384 0.03365384615384615
0 0.6274038461538461 0.453125 0.016826923076923076 0.02403846153846154
0 0.26322115384615385 0.42427884615384615 0.040865384615384616 0.052884615384615384
0 0.6766826923076923 0.46033653846153844 0.040865384615384616 0.052884615384615384
0 0.0889423076923077 0.40865384615384615 0.04567307692307692 0.052884615384615384
0 0.3125 0.43028846153846156 0.040865384615384616 0.040865384615384616
0 0.5528846153846154 0.4543269230769231 0.026442307692307692 0.038461538461538464
0 0.04807692307692308 0.41225961538461536 0.03125 0.04326923076923077
0 0.5 0.4519230769230769 0.040865384615384616 0.052884615384615384
0 0.6105769230769231 0.4675480769230769 0.026442307692307692 0.038461538461538464
0 0.9903846153846154 0.5024038461538461 0.019230769230769232 0.04807692307692308
0 0.5240384615384616 0.46274038461538464 0.019230769230769232 0.028846153846153848
0 0.5721153846153846 0.47115384615384615 0.021634615384615384 0.03365384615384615
0 0.7079326923076923 0.4831730769230769 0.03125 0.038461538461538464
0 0.8942307692307693 0.5024038461538461 0.04567307692307692 0.05048076923076923
0 0.7319711538461539 0.4879807692307692 0.026442307692307692 0.04807692307692308
0 0.21394230769230768 0.4495192307692308 0.036057692307692304 0.057692307692307696
0 0.45552884615384615 0.47115384615384615 0.04567307692307692 0.057692307692307696
0 0.42427884615384615 0.4675480769230769 0.03125 0.03365384615384615
0 0.640625 0.4891826923076923 0.06009615384615385 0.06009615384615385
0 0.38461538461538464 0.4723557692307692 0.04326923076923077 0.03125
0 0.9627403846153846 0.5252403846153846 0.052884615384615384 0.06971153846153846
0 0.7776442307692307 0.5084134615384616 0.036057692307692304 0.04567307692307692
0 0.14783653846153846 0.453125 0.04807692307692308 0.0625
0 0.25600961538461536 0.46875 0.04567307692307692 0.057692307692307696
0 0.3269230769230769 0.48677884615384615 0.038461538461538464 0.0673076923076923
0 0.037259615384615384 0.48197115384615385 0.057692307692307696 0.08173076923076923
0 0.2860576923076923 0.5048076923076923 0.0673076923076923 0.0889423076923077
0 0.06370192307692307 0.4891826923076923 0.03365384615384615 0.0625
0 0.5228365384615384 0.5348557692307693 0.0625 0.08653846153846154
0 0.6550480769230769 0.5576923076923077 0.06971153846153846 0.11298076923076923
0 0.7355769230769231 0.5649038461538461 0.03125 0.038461538461538464
0 0.18269230769230768 0.5192307692307693 0.07211538461538461 0.0985576923076923
0 0.38822115384615385 0.5733173076923077 0.11538461538461539 0.15144230769230768
0 0.8401442307692307 0.6274038461538461 0.08653846153846154 0.10336538461538461
0 0.6009615384615384 0.8569711538461539 0.16346153846153846 0.13221153846153846