0 0.828125 0.04807692307692308 0.026442307692307692 0.026442307692307692
0 0.7451923076923077 0.038461538461538464 0.03125 0.026442307692307692
0 0.27524038461538464 0.09254807692307693 0.038461538461538464 0.052884615384615384
0 0.5432692307692307 0.12980769230769232 0.03365384615384615 0.057692307692307696
0 0.29927884615384615 0.09975961538461539 0.03365384615384615 0.05048076923076923
0 0.3449519230769231 0.10817307692307693 0.038461538461538464 0.052884615384615384
0 0.5625 0.13701923076923078 0.038461538461538464 0.057692307692307696
0 0.09615384615384616 0.08173076923076923 0.03365384615384615 0.04567307692307692
0 0.4254807692307692 0.125 0.038461538461538464 0.04567307692307692
0 0.6009615384615384 0.02283653846153846 0.026442307692307692 0.03125
0 0.36778846153846156 0.12139423076923077 0.03365384615384615 0.052884615384615384
0 0.7043269230769231 0.16346153846153846 0.036057692307692304 0.036057692307692304
0 0.6526442307692307 0.1658653846153846 0.038461538461538464 0.052884615384615384
0 0.9759615384615384 0.21514423076923078 0.04326923076923077 0.06009615384615385
0 0.23197115384615385 0.14302884615384615 0.040865384615384616 0.040865384615384616
0 0.6911057692307693 0.038461538461538464 0.04567307692307692 0.040865384615384616
0 0.06971153846153846 0.12740384615384615 0.04326923076923077 0.04567307692307692
0 0.6682692307692307 0.037259615384615384 0.038461538461538464 0.04567307692307692
0 0.4266826923076923 0.015625 0.04567307692307692 0.03125
0 0.18028846153846154 0.1502403846153846 0.038461538461538464 0.052884615384615384
0 0.3137019230769231 0.171875 0.04326923076923077 0.06009615384615385
0 0.09495192307692307 0.14783653846153846 0.038461538461538464 0.052884615384615384
0 0.8125 0.23557692307692307 0.036057692307692304 0.026442307692307692
0 0.5829326923076923 0.20793269230769232 0.03365384615384615 0.057692307692307696
0 0.4675480769230769 0.19591346153846154 0.038461538461538464 0.057692307692307696
0 0.140625 0.15865384615384615 0.04326923076923077 0.055288461538461536
0 0.28725961538461536 0.17668269230769232 0.038461538461538464 0.052884615384615384
0 0.36177884615384615 0.18870192307692307 0.04326923076923077 0.05048076923076923
0 0.41346153846153844 0.19951923076923078 0.04326923076923077 0.055288461538461536
0 0.5 0.21033653846153846 0.02403846153846154 0.04807692307692308
0 0.6346153846153846 0.22716346153846154 0.038461538461538464 0.0625
0 0.9362980769230769 0.27403846153846156 0.03365384615384615 0.05048076923076923
0 0.8605769230769231 0.27163461538461536 0.04326923076923077 0.06009615384615385
0 0.8040865384615384 0.2644230769230769 0.04807692307692308 0.055288461538461536
0 0.8870192307692307 0.28125 0.038461538461538464 0.052884615384615384
0 0.625 0.037259615384615384 0.03365384615384615 0.052884615384615384
0 0.9519230769230769 0.30649038461538464 0.038461538461538464 0.052884615384615384
0 0.057692307692307696 0.20552884615384615 0.04326923076923077 0.055288461538461536
0 0.30288461538461536 0.23918269230769232 0.04326923076923077 0.055288461538461536
0 0.09375 0.21634615384615385 0.04326923076923077 0.055288461538461536
0 0.16346153846153846 0.22716346153846154 0.04326923076923077 0.055288461538461536
0 0.7295673076923077 0.29927884615384615 0.04807692307692308 0.06009615384615385
0 0.65625 0.2932692307692308 0.04326923076923077 0.06009615384615385
0 0.7704326923076923 0.30649038461538464 0.038461538461538464 0.04567307692307692
0 0.4855769230769231 0.27403846153846156 0.04326923076923077 0.055288461538461536
0 0.6887019230769231 0.3112980769230769 0.038461538461538464 0.052884615384615384
0 0.44591346153846156 0.28125 0.038461538461538464 0.052884615384615384
0 0.9711538461538461 0.35336538461538464 0.04567307692307692 0.06971153846153846
0 0.3245192307692308 0.016826923076923076 0.038461538461538464 0.03365384615384615
0 0.7824519230769231 0.3485576923076923 0.04807692307692308 0.055288461538461536
0 0.8786057692307693 0.3629807692307692 0.038461538461538464 0.05048076923076923
0 0.90625 0.36778846153846156 0.038461538461538464 0.05048076923076923
0 0.04807692307692308 0.2704326923076923 0.04326923076923077 0.055288461538461536
0 0.1622596153846154 0.2980769230769231 0.04326923076923077 0.05048076923076923
0 0.3245192307692308 0.3317307692307692 0.04807692307692308 0.055288461538461536
0 0.4483173076923077 0.34975961538461536 0.04807692307692308 0.06009615384615385
0 0.3629807692307692 0.3389423076923077 0.04326923076923077 0.06009615384615385
0 0.4026442307692308 0.34615384615384615 0.038461538461538464 0.052884615384615384
0 0.5805288461538461 0.3737980769230769 0.04326923076923077 0.05048076923076923
0 0.17908653846153846 0.3245192307692308 0.04326923076923077 0.055288461538461536
0 0.6706730769230769 0.3858173076923077 0.04326923076923077 0.06009615384615385
0 0.5480769230769231 0.3701923076923077 0.04326923076923077 0.055288461538461536
0 0.7548076923076923 0.40024038461538464 0.038461538461538464 0.052884615384615384
0 0.6237980769230769 0.3894230769230769 0.038461538461538464 0.052884615384615384
0 0.7956730769230769 0.41225961538461536 0.057692307692307696 0.06971153846153846
0 0.9362980769230769 0.43509615384615385 0.04326923076923077 0.055288461538461536
0 0.9086538461538461 0.4362980769230769 0.04326923076923077 0.06009615384615385
0 0.8485576923076923 0.42908653846153844 0.05048076923076923 0.06971153846153846
0 0.9879807692307693 0.44711538461538464 0.02403846153846154 0.04807692307692308
0 0.038461538461538464 0.3449519230769231 0.04567307692307692 0.06971153846153846
0 0.1935096153846154 0.3737980769230769 0.04326923076923077 0.05048076923076923
0 0.26802884615384615 0.39302884615384615 0.03125 0.040865384615384616
0 0.24639423076923078 0.390625 0.04326923076923077 0.055288461538461536
0 0.7307692307692307 0.4675480769230769 0.03125 0.036057692307692304
0 0.33052884615384615 0.4182692307692308 0.038461538461538464 0.04567307692307692
0 0.6165865384615384 0.4567307692307692 0.04807692307692308 0.06490384615384616
0 0.4675480769230769 0.4375 0.04326923076923077 0.055288461538461536
0 0.3088942307692308 0.4206730769230769 0.04326923076923077 0.055288461538461536
0 0.6971153846153846 0.4735576923076923 0.04807692307692308 0.06009615384615385
0 0.7463942307692307 0.0733173076923077 0.04326923076923077 0.055288461538461536
0 0.7896634615384616 0.49759615384615385 0.04807692307692308 0.06009615384615385
0 0.8413461538461539 0.5120192307692307 0.05048076923076923 0.06971153846153846
0 0.2932692307692308 0.02403846153846154 0.04326923076923077 0.04807692307692308
0 0.9699519230769231 0.5324519230769231 0.04567307692307692 0.07932692307692307
0 0.9146634615384616 0.5276442307692307 0.04326923076923077 0.06490384615384616
0 0.020432692307692308 0.4182692307692308 0.03365384615384615 0.052884615384615384
0 0.03245192307692308 0.4326923076923077 0.03365384615384615 0.04567307692307692
0 0.09254807692307693 0.43990384615384615 0.04807692307692308 0.06009615384615385
0 0.36538461538461536 0.47596153846153844 0.052884615384615384 0.06490384615384616
0 0.06129807692307692 0.44350961538461536 0.04326923076923077 0.05048076923076923
0 0.8329326923076923 0.08774038461538461 0.04326923076923077 0.055288461538461536
0 0.23317307692307693 0.47716346153846156 0.04326923076923077 0.055288461538461536
0 0.6165865384615384 0.5396634615384616 0.038461538461538464 0.04567307692307692
0 0.6754807692307693 0.5492788461538461 0.04326923076923077 0.06490384615384616
0 0.40024038461538464 0.515625 0.04807692307692308 0.055288461538461536
0 0.7524038461538461 0.5709134615384616 0.052884615384615384 0.06009615384615385
0 0.6370192307692307 0.5612980769230769 0.04326923076923077 0.055288461538461536
0 0.8509615384615384 0.59375 0.05048076923076923 0.06971153846153846
0 0.5120192307692307 0.052884615384615384 0.03365384615384615 0.04567307692307692
0 0.8918269230769231 0.6081730769230769 0.052884615384615384 0.06009615384615385
0 0.19110576923076922 0.016826923076923076 0.036057692307692304 0.03365384615384615
0 0.9675480769230769 0.11177884615384616 0.04326923076923077 0.04567307692307692
0 0.16706730769230768 0.53125 0.04807692307692308 0.055288461538461536
0 0.9399038461538461 0.6322115384615384 0.06009615384615385 0.057692307692307696
0 0.4050480769230769 0.5721153846153846 0.052884615384615384 0.052884615384615384
0 0.2512019230769231 0.5528846153846154 0.04807692307692308 0.055288461538461536
0 0.28125 0.5588942307692307 0.052884615384615384 0.055288461538461536
0 0.5432692307692307 0.6009615384615384 0.04807692307692308 0.06009615384615385
0 0.3557692307692308 0.038461538461538464 0.04326923076923077 0.05048076923076923
0 0.31490384615384615 0.5853365384615384 0.04807692307692308 0.055288461538461536
0 0.10096153846153846 0.5588942307692307 0.03365384615384615 0.052884615384615384
0 0.07451923076923077 0.019230769230769232 0.03365384615384615 0.038461538461538464
0 0.4891826923076923 0.057692307692307696 0.03365384615384615 0.05048076923076923
0 0.4567307692307692 0.6045673076923077 0.038461538461538464 0.057692307692307696
0 0.4795673076923077 0.6081730769230769 0.04326923076923077 0.055288461538461536
0 0.5661057692307693 0.6237980769230769 0.04807692307692308 0.06009615384615385
0 0.4050480769230769 0.609375 0.04807692307692308 0.06490384615384616
0 0.7307692307692307 0.65625 0.055288461538461536 0.06971153846153846
0 0.9495192307692307 0.6911057692307693 0.057692307692307696 0.06009615384615385
0 0.4170673076923077 0.051682692307692304 0.038461538461538464 0.052884615384615384
0 0.6959134615384616 0.6658653846153846 0.057692307692307696 0.07451923076923077
0 0.7632211538461539 0.6742788461538461 0.04326923076923077 0.055288461538461536
0 0.8269230769230769 0.6862980769230769 0.055288461538461536 0.06971153846153846
0 0.016826923076923076 0.5877403846153846 0.03365384615384615 0.06009615384615385
0 0.8774038461538461 0.6947115384615384 0.04807692307692308 0.06009615384615385
0 0.15985576923076922 0.6117788461538461 0.04807692307692308 0.06009615384615385
0 0.20432692307692307 0.6322115384615384 0.038461538461538464 0.05048076923076923
0 0.5973557692307693 0.07572115384615384 0.028846153846153848 0.04567307692307692
0 0.2776442307692308 0.6466346153846154 0.055288461538461536 0.055288461538461536
0 0.22596153846153846 0.6454326923076923 0.04807692307692308 0.06009615384615385
0 0.4411057692307692 0.6742788461538461 0.057692307692307696 0.06490384615384616
0 0.390625 0.6730769230769231 0.057692307692307696 0.06971153846153846
0 0.5168269230769231 0.6887019230769231 0.06009615384615385 0.07932692307692307
0 0.6947115384615384 0.09014423076923077 0.03365384615384615 0.05048076923076923
0 0.5612980769230769 0.7007211538461539 0.057692307692307696 0.06971153846153846
0 0.6466346153846154 0.71875 0.057692307692307696 0.06490384615384616
0 0.6045673076923077 0.7163461538461539 0.052884615384615384 0.055288461538461536
0 0.4483173076923077 0.06009615384615385 0.04326923076923077 0.05048076923076923
0 0.6754807692307693 0.7355769230769231 0.057692307692307696 0.06009615384615385
0 0.7740384615384616 0.75 0.052884615384615384 0.06009615384615385
0 0.30528846153846156 0.6971153846153846 0.052884615384615384 0.06009615384615385
0 0.7415865384615384 0.7536057692307693 0.04807692307692308 0.06490384615384616
0 0.15865384615384615 0.6923076923076923 0.057692307692307696 0.06009615384615385
0 0.8954326923076923 0.7860576923076923 0.04326923076923077 0.055288461538461536
0 0.23798076923076922 0.7103365384615384 0.04326923076923077 0.04567307692307692
0 0.08774038461538461 0.6983173076923077 0.04807692307692308 0.055288461538461536
0 0.046875 0.6959134615384616 0.04807692307692308 0.05048076923076923
0 0.43509615384615385 0.7439903846153846 0.038461538461538464 0.052884615384615384
0 0.36658653846153844 0.7475961538461539 0.04567307692307692 0.07451923076923077
0 0.8725961538461539 0.8125 0.04807692307692308 0.06009615384615385
0 0.46153846153846156 0.7704326923076923 0.05048076923076923 0.06971153846153846
0 0.8365384615384616 0.8161057692307693 0.038461538461538464 0.052884615384615384
0 0.31971153846153844 0.7524038461538461 0.04807692307692308 0.055288461538461536
0 0.6045673076923077 0.7896634615384616 0.05048076923076923 0.06971153846153846
0 0.48677884615384615 0.7752403846153846 0.04326923076923077 0.06490384615384616
0 0.40625 0.7848557692307693 0.04807692307692308 0.06009615384615385
0 0.22355769230769232 0.04326923076923077 0.038461538461538464 0.0625
0 0.5492788461538461 0.8233173076923077 0.055288461538461536 0.06971153846153846
0 0.1310096153846154 0.7740384615384616 0.04807692307692308 0.06490384615384616
0 0.15745192307692307 0.7800480769230769 0.05048076923076923 0.06971153846153846
0 0.7067307692307693 0.8473557692307693 0.055288461538461536 0.07451923076923077
0 0.7319711538461539 0.8533653846153846 0.0625 0.0625
0 0.7932692307692307 0.8629807692307693 0.05048076923076923 0.07451923076923077
0 0.84375 0.8713942307692307 0.052884615384615384 0.06009615384615385
0 0.31009615384615385 0.8125 0.036057692307692304 0.036057692307692304
0 0.2800480769230769 0.8161057692307693 0.04326923076923077 0.06009615384615385
0 0.028846153846153848 0.7848557692307693 0.05048076923076923 0.06971153846153846
0 0.9098557692307693 0.8954326923076923 0.04807692307692308 0.055288461538461536
0 0.21033653846153846 0.8100961538461539 0.052884615384615384 0.055288461538461536
0 0.3425480769230769 0.8377403846153846 0.04567307692307692 0.06971153846153846
0 0.3269230769230769 0.06129807692307692 0.04807692307692308 0.04807692307692308
0 0.3088942307692308 0.8425480769230769 0.04567307692307692 0.06971153846153846
0 0.6069711538461539 0.09735576923076923 0.03365384615384615 0.057692307692307696
0 0.546875 0.8954326923076923 0.05048076923076923 0.04326923076923077
0 0.6538461538461539 0.9122596153846154 0.036057692307692304 0.03125
0 0.6826923076923077 0.9182692307692307 0.03125 0.026442307692307692
0 0.20673076923076922 0.859375 0.040865384615384616 0.040865384615384616
0 0.06490384615384616 0.8449519230769231 0.04567307692307692 0.028846153846153848
0 0.8954326923076923 0.9519230769230769 0.03365384615384615 0.021634615384615384
0 0.5288461538461539 0.09495192307692307 0.03365384615384615 0.04567307692307692
0 0.6730769230769231 0.11538461538461539 0.038461538461538464 0.05048076923076923