0 0.5140625 0.07421875 0.046875 0.028125
0 0.6203125 0.009375 0.059375 0.01875
0 0.82421875 0.08359375 0.05 0.0375
0 0.88671875 0.0859375 0.065625 0.0234375
0 0.35390625 0.0859375 0.05 0.0234375
0 0.1109375 0.865625 0.2125 0.1203125
0 0.68046875 0.86796875 0.35625 0.1109375
0 0.321875 0.89140625 0.175 0.0875
0 0.25234375 0.090625 0.05625 0.03125
0 0.1828125 0.090625 0.084375 0.0375
0 0.77578125 0.090625 0.040625 0.028125
0 0.97421875 0.09296875 0.0375 0.028125
0 0.25703125 0.009375 0.028125 0.01875
0 0.07421875 0.09453125 0.05 0.0234375
0 0.028125 0.1015625 0.05625 0.05
0 0.53671875 0.10625 0.06875 0.0140625
0 0.86796875 0.01171875 0.040625 0.0234375
0 0.678125 0.10859375 0.059375 0.0375
0 0.465625 0.1109375 0.065625 0.040625
0 0.36796875 0.115625 0.06875 0.0234375
0 0.8796875 0.12265625 0.0234375 0.046875
0 0.91875 0.125 0.078125 0.0375
0 0.153125 0.125 0.040625 0.01875
0 0.2890625 0.12734375 0.06875 0.046875
0 0.0859375 0.13203125 0.0875 0.03125
0 0.66640625 0.0140625 0.05625 0.0234375
0 0.534375 0.1390625 0.059375 0.01875
0 0.79609375 0.14375 0.0875 0.03125
0 0.74765625 0.14375 0.028125 0.059375
0 0.97890625 0.14375 0.03125 0.0375
0 0.21328125 0.14375 0.06875 0.03125
0 0.61328125 0.15703125 0.084375 0.05625
0 0.01640625 0.159375 0.03125 0.028125
0 0.06953125 0.1640625 0.059375 0.01875
0 0.35859375 0.17109375 0.075 0.05625
0 0.17578125 0.17109375 0.065625 0.0375
0 0.91875 0.1734375 0.084375 0.040625
0 0.39609375 0.01640625 0.0375 0.0234375
0 0.7984375 0.178125 0.084375 0.040625
0 0.534375 0.18046875 0.05625 0.0234375
0 0.49765625 0.1828125 0.040625 0.046875
0 0.278125 0.18515625 0.078125 0.03125
0 0.08359375 0.19453125 0.0875 0.01875
0 0.42578125 0.21796875 0.06875 0.05
0 0.3796875 0.21953125 0.06875 0.03125
0 0.55078125 0.0234375 0.046875 0.03125
0 0.903125 0.23125 0.084375 0.05625
0 0.27109375 0.23359375 0.078125 0.05625
0 0.58125 0.2359375 0.0875 0.06875
0 0.75234375 0.2359375 0.059375 0.059375
0 0.31484375 0.0234375 0.03125 0.01875
0 0.196875 0.23828125 0.05625 0.065625
0 0.50234375 0.25 0.075 0.05
0 0.75234375 0.02578125 0.065625 0.0375
0 0.08828125 0.2546875 0.1015625 0.075
0 0.03046875 0.028125 0.040625 0.0234375
0 0.09296875 0.028125 0.03125 0.009375
0 0.965625 0.028125 0.028125 0.01875
0 0.3609375 0.2734375 0.10625 0.06875
0 0.846875 0.27578125 0.10625 0.06875
0 0.9625 0.29296875 0.075 0.0734375
0 0.46796875 0.03046875 0.065625 0.03125
0 0.92109375 0.03046875 0.0375 0.0234375
0 0.27578125 0.30546875 0.1203125 0.05625
0 0.4765625 0.30546875 0.0875 0.059375
0 0.615625 0.3078125 0.096875 0.059375
0 0.153125 0.03203125 0.046875 0.028125
0 0.053125 0.3359375 0.0875 0.040625
0 0.76875 0.3359375 0.1015625 0.078125
0 0.03671875 0.375 0.06875 0.03125
0 0.68046875 0.375 0.078125 0.0375
0 0.22421875 0.39375 0.1015625 0.06875
0 0.54609375 0.39609375 0.1109375 0.06875
0 0.821875 0.04140625 0.05 0.028125
0 0.94453125 0.403125 0.1015625 0.065625
0 0.409375 0.04140625 0.046875 0.01875
0 0.3515625 0.42109375 0.1109375 0.06875
0 0.884375 0.04140625 0.040625 0.01875
0 0.04609375 0.4421875 0.0875 0.075
0 0.84453125 0.4515625 0.09375 0.065625
0 0.20859375 0.04609375 0.046875 0.0234375
0 0.259375 0.04609375 0.05 0.03125
0 0.69921875 0.471875 0.115625 0.075
0 0.51640625 0.05078125 0.040625 0.01875
0 0.45390625 0.5234375 0.14375 0.1203125
0 0.03671875 0.55078125 0.0734375 0.1203125
0 0.4609375 0.05546875 0.05 0.0234375
0 0.0625 0.0578125 0.046875 0.0234375
0 0.33359375 0.00703125 0.06875 0.0140625
0 0.9515625 0.00703125 0.028125 0.0140625
0 0.95625 0.0578125 0.05 0.0234375
0 0.67109375 0.0578125 0.05625 0.0375
0 0.70625 0.5859375 0.15625 0.078125
0 0.10859375 0.06015625 0.059375 0.03125
0 0.9234375 0.61796875 0.10625 0.084375
0 0.875 0.0625 0.040625 0.0140625
0 0.76875 0.00703125 0.046875 0.0140625
0 0.4140625 0.0671875 0.040625 0.0234375
0 0.65546875 0.7109375 0.1625 0.1015625