0 0.5444711538461539 0.3389423076923077 0.004807692307692308 0.009615384615384616
0 0.5396634615384616 0.34134615384615385 0.004807692307692308 0.009615384615384616
0 0.5348557692307693 0.3425480769230769 0.004807692307692308 0.004807692307692308
0 0.5805288461538461 0.34615384615384615 0.009615384615384616 0.004807692307692308
0 0.5625 0.35096153846153844 0.004807692307692308 0.009615384615384616
0 0.5769230769230769 0.35336538461538464 0.004807692307692308 0.009615384615384616
0 0.5673076923076923 0.3581730769230769 0.004807692307692308 0.009615384615384616
0 0.5949519230769231 0.3605769230769231 0.009615384615384616 0.009615384615384616
0 0.5228365384615384 0.359375 0.004807692307692308 0.009615384615384616
0 0.5625 0.36177884615384615 0.004807692307692308 0.014423076923076924
0 0.6021634615384616 0.3641826923076923 0.009615384615384616 0.009615384615384616
0 0.5793269230769231 0.3641826923076923 0.004807692307692308 0.009615384615384616
0 0.5745192307692307 0.3713942307692308 0.004807692307692308 0.014423076923076924
0 0.5625 0.3713942307692308 0.004807692307692308 0.009615384615384616
0 0.5492788461538461 0.3762019230769231 0.009615384615384616 0.009615384615384616
0 0.5901442307692307 0.3786057692307692 0.009615384615384616 0.009615384615384616
0 0.5048076923076923 0.37740384615384615 0.004807692307692308 0.009615384615384616
0 0.6021634615384616 0.3786057692307692 0.009615384615384616 0.009615384615384616
0 0.6129807692307693 0.38461538461538464 0.009615384615384616 0.009615384615384616
0 0.5997596153846154 0.3858173076923077 0.009615384615384616 0.014423076923076924
0 0.5528846153846154 0.38822115384615385 0.009615384615384616 0.009615384615384616
0 0.5649038461538461 0.390625 0.009615384615384616 0.014423076923076924
0 0.5180288461538461 0.3894230769230769 0.009615384615384616 0.009615384615384616
0 0.5 0.3894230769230769 0.014423076923076924 0.019230769230769232
0 0.5721153846153846 0.3918269230769231 0.009615384615384616 0.014423076923076924
0 0.5372596153846154 0.3942307692307692 0.009615384615384616 0.014423076923076924
0 0.5456730769230769 0.39903846153846156 0.004807692307692308 0.009615384615384616
0 0.53125 0.40024038461538464 0.004807692307692308 0.009615384615384616
0 0.6081730769230769 0.4050480769230769 0.009615384615384616 0.014423076923076924
0 0.5889423076923077 0.40384615384615385 0.009615384615384616 0.014423076923076924
0 0.5084134615384616 0.4026442307692308 0.009615384615384616 0.014423076923076924
0 0.5192307692307693 0.4074519230769231 0.004807692307692308 0.014423076923076924
0 0.5336538461538461 0.4098557692307692 0.004807692307692308 0.014423076923076924
0 0.5456730769230769 0.41346153846153844 0.004807692307692308 0.014423076923076924
0 0.5817307692307693 0.41346153846153844 0.009615384615384616 0.019230769230769232
0 0.6165865384615384 0.4170673076923077 0.009615384615384616 0.019230769230769232
0 0.5661057692307693 0.41586538461538464 0.009615384615384616 0.014423076923076924
0 0.6286057692307693 0.41947115384615385 0.009615384615384616 0.014423076923076924
0 0.515625 0.41947115384615385 0.009615384615384616 0.014423076923076924
0 0.5757211538461539 0.4266826923076923 0.009615384615384616 0.009615384615384616
0 0.49158653846153844 0.4326923076923077 0.009615384615384616 0.014423076923076924
0 0.5492788461538461 0.4362980769230769 0.009615384615384616 0.014423076923076924
0 0.6286057692307693 0.44471153846153844 0.014423076923076924 0.019230769230769232
0 0.5612980769230769 0.44591346153846156 0.014423076923076924 0.019230769230769232
0 0.4987980769230769 0.44711538461538464 0.009615384615384616 0.014423076923076924
0 0.5384615384615384 0.453125 0.014423076923076924 0.014423076923076924
0 0.5865384615384616 0.4567307692307692 0.014423076923076924 0.019230769230769232
0 0.5985576923076923 0.45913461538461536 0.014423076923076924 0.019230769230769232
0 0.5564903846153846 0.4639423076923077 0.009615384615384616 0.019230769230769232
0 0.640625 0.4675480769230769 0.014423076923076924 0.019230769230769232
0 0.5396634615384616 0.47115384615384615 0.014423076923076924 0.019230769230769232
0 0.46274038461538464 0.46875 0.014423076923076924 0.019230769230769232
0 0.5649038461538461 0.4735576923076923 0.014423076923076924 0.014423076923076924
0 0.5745192307692307 0.4735576923076923 0.009615384615384616 0.019230769230769232
0 0.5120192307692307 0.47475961538461536 0.009615384615384616 0.014423076923076924
0 0.5024038461538461 0.47475961538461536 0.014423076923076924 0.019230769230769232
0 0.6526442307692307 0.47716346153846156 0.014423076923076924 0.019230769230769232
0 0.5504807692307693 0.4807692307692308 0.014423076923076924 0.019230769230769232
0 0.5829326923076923 0.4807692307692308 0.014423076923076924 0.019230769230769232
0 0.5649038461538461 0.4855769230769231 0.014423076923076924 0.019230769230769232
0 0.5444711538461539 0.4891826923076923 0.004807692307692308 0.014423076923076924
0 0.49759615384615385 0.49278846153846156 0.009615384615384616 0.019230769230769232
0 0.6598557692307693 0.5024038461538461 0.014423076923076924 0.019230769230769232
0 0.671875 0.5024038461538461 0.014423076923076924 0.019230769230769232
0 0.5144230769230769 0.5 0.014423076923076924 0.019230769230769232
0 0.5625 0.5012019230769231 0.019230769230769232 0.019230769230769232
0 0.6274038461538461 0.5024038461538461 0.014423076923076924 0.019230769230769232
0 0.49278846153846156 0.5024038461538461 0.019230769230769232 0.019230769230769232
0 0.6129807692307693 0.5072115384615384 0.014423076923076924 0.019230769230769232
0 0.4254807692307692 0.5108173076923077 0.019230769230769232 0.02403846153846154
0 0.5973557692307693 0.5132211538461539 0.019230769230769232 0.028846153846153848
0 0.4795673076923077 0.5144230769230769 0.014423076923076924 0.019230769230769232
0 0.515625 0.515625 0.014423076923076924 0.019230769230769232
0 0.5420673076923077 0.5240384615384616 0.014423076923076924 0.019230769230769232
0 0.5649038461538461 0.5264423076923077 0.019230769230769232 0.028846153846153848
0 0.4651442307692308 0.5288461538461539 0.019230769230769232 0.028846153846153848
0 0.5588942307692307 0.5384615384615384 0.014423076923076924 0.019230769230769232
0 0.4807692307692308 0.5420673076923077 0.014423076923076924 0.019230769230769232
0 0.6634615384615384 0.5444711538461539 0.014423076923076924 0.019230769230769232
0 0.45913461538461536 0.546875 0.019230769230769232 0.028846153846153848
0 0.5060096153846154 0.5480769230769231 0.019230769230769232 0.028846153846153848
0 0.5757211538461539 0.5661057692307693 0.019230769230769232 0.028846153846153848
0 0.5540865384615384 0.5709134615384616 0.019230769230769232 0.03365384615384615
0 0.3918269230769231 0.578125 0.02403846153846154 0.038461538461538464
0 0.4543269230769231 0.5793269230769231 0.02403846153846154 0.028846153846153848
0 0.484375 0.5853365384615384 0.019230769230769232 0.03365384615384615
0 0.6334134615384616 0.5877403846153846 0.019230769230769232 0.028846153846153848
0 0.6838942307692307 0.5961538461538461 0.019230769230769232 0.028846153846153848
0 0.6117788461538461 0.5949519230769231 0.019230769230769232 0.03365384615384615
0 0.4362980769230769 0.5961538461538461 0.019230769230769232 0.03365384615384615
0 0.5192307692307693 0.5997596153846154 0.014423076923076924 0.028846153846153848
0 0.5084134615384616 0.6021634615384616 0.019230769230769232 0.028846153846153848
0 0.35697115384615385 0.6021634615384616 0.019230769230769232 0.03365384615384615
0 0.6526442307692307 0.6069711538461539 0.019230769230769232 0.03365384615384615
0 0.33533653846153844 0.6045673076923077 0.019230769230769232 0.02403846153846154
0 0.5396634615384616 0.6105769230769231 0.019230769230769232 0.03365384615384615
0 0.6850961538461539 0.6262019230769231 0.019230769230769232 0.02403846153846154
0 0.7247596153846154 0.6262019230769231 0.02403846153846154 0.028846153846153848
0 0.4855769230769231 0.625 0.02403846153846154 0.03365384615384615
0 0.4675480769230769 0.6274038461538461 0.014423076923076924 0.028846153846153848
0 0.6177884615384616 0.6322115384615384 0.02403846153846154 0.038461538461538464
0 0.4206730769230769 0.6310096153846154 0.02403846153846154 0.038461538461538464
0 0.38461538461538464 0.6322115384615384 0.02403846153846154 0.038461538461538464
0 0.5829326923076923 0.6382211538461539 0.019230769230769232 0.038461538461538464
0 0.7379807692307693 0.6430288461538461 0.019230769230769232 0.03365384615384615
0 0.6706730769230769 0.6454326923076923 0.019230769230769232 0.03365384615384615
0 0.6322115384615384 0.6478365384615384 0.02403846153846154 0.038461538461538464
0 0.5576923076923077 0.6514423076923077 0.02403846153846154 0.038461538461538464
0 0.6850961538461539 0.6538461538461539 0.02403846153846154 0.028846153846153848
0 0.3329326923076923 0.6574519230769231 0.019230769230769232 0.028846153846153848
0 0.7199519230769231 0.6658653846153846 0.02403846153846154 0.028846153846153848
0 0.7379807692307693 0.6706730769230769 0.019230769230769232 0.038461538461538464
0 0.6237980769230769 0.6778846153846154 0.02403846153846154 0.02403846153846154
0 0.6742788461538461 0.6790865384615384 0.02403846153846154 0.03365384615384615
0 0.44591346153846156 0.6766826923076923 0.028846153846153848 0.038461538461538464
0 0.49399038461538464 0.6802884615384616 0.019230769230769232 0.03365384615384615
0 0.34134615384615385 0.6802884615384616 0.02403846153846154 0.04326923076923077
0 0.6911057692307693 0.6862980769230769 0.02403846153846154 0.04326923076923077
0 0.7211538461538461 0.6959134615384616 0.028846153846153848 0.04326923076923077
0 0.7019230769230769 0.6983173076923077 0.028846153846153848 0.038461538461538464
0 0.6418269230769231 0.7055288461538461 0.028846153846153848 0.038461538461538464
0 0.24879807692307693 0.7007211538461539 0.02403846153846154 0.05048076923076923
0 0.4519230769230769 0.7043269230769231 0.028846153846153848 0.038461538461538464
0 0.7644230769230769 0.7103365384615384 0.02403846153846154 0.038461538461538464
0 0.6213942307692307 0.7079326923076923 0.028846153846153848 0.04326923076923077
0 0.2692307692307692 0.7043269230769231 0.028846153846153848 0.038461538461538464
0 0.3942307692307692 0.7079326923076923 0.028846153846153848 0.03365384615384615
0 0.7836538461538461 0.7151442307692307 0.019230769230769232 0.03365384615384615
0 0.30408653846153844 0.71875 0.02403846153846154 0.038461538461538464
0 0.5432692307692307 0.7235576923076923 0.028846153846153848 0.03365384615384615
0 0.4110576923076923 0.7259615384615384 0.02403846153846154 0.028846153846153848
0 0.4891826923076923 0.7295673076923077 0.038461538461538464 0.038461538461538464
0 0.5120192307692307 0.7295673076923077 0.02403846153846154 0.04326923076923077
0 0.35697115384615385 0.7295673076923077 0.028846153846153848 0.038461538461538464
0 0.6262019230769231 0.7367788461538461 0.03365384615384615 0.038461538461538464
0 0.8016826923076923 0.7403846153846154 0.028846153846153848 0.04807692307692308
0 0.7644230769230769 0.7427884615384616 0.028846153846153848 0.04326923076923077
0 0.4483173076923077 0.7512019230769231 0.028846153846153848 0.04326923076923077
0 0.41466346153846156 0.7560096153846154 0.038461538461538464 0.03365384615384615
0 0.5649038461538461 0.7692307692307693 0.038461538461538464 0.055288461538461536
0 0.6478365384615384 0.7728365384615384 0.028846153846153848 0.04326923076923077
0 0.4098557692307692 0.7764423076923077 0.02403846153846154 0.05048076923076923
0 0.7307692307692307 0.7836538461538461 0.028846153846153848 0.05048076923076923
0 0.3545673076923077 0.7800480769230769 0.03365384615384615 0.04326923076923077
0 0.20072115384615385 0.7872596153846154 0.038461538461538464 0.07451923076923077
0 0.47716346153846156 0.7920673076923077 0.028846153846153848 0.05048076923076923
0 0.8257211538461539 0.8028846153846154 0.03365384615384615 0.05048076923076923
0 0.6105769230769231 0.8028846153846154 0.038461538461538464 0.04326923076923077
0 0.6670673076923077 0.8100961538461539 0.03365384615384615 0.055288461538461536
0 0.25240384615384615 0.8052884615384616 0.04326923076923077 0.05048076923076923
0 0.7596153846153846 0.8149038461538461 0.038461538461538464 0.05048076923076923
0 0.3918269230769231 0.8100961538461539 0.03365384615384615 0.04807692307692308
0 0.5036057692307693 0.8245192307692307 0.028846153846153848 0.04326923076923077
0 0.3293269230769231 0.8305288461538461 0.038461538461538464 0.06971153846153846
0 0.5588942307692307 0.84375 0.028846153846153848 0.04807692307692308
0 0.8509615384615384 0.8485576923076923 0.04326923076923077 0.06490384615384616
0 0.44591346153846156 0.8557692307692307 0.03365384615384615 0.04807692307692308
0 0.5216346153846154 0.8629807692307693 0.04326923076923077 0.06009615384615385
0 0.46875 0.8774038461538461 0.028846153846153848 0.04326923076923077
0 0.37740384615384615 0.8930288461538461 0.038461538461538464 0.06009615384615385
0 0.6730769230769231 0.9086538461538461 0.04807692307692308 0.06490384615384616
0 0.8401442307692307 0.9110576923076923 0.038461538461538464 0.055288461538461536
0 0.7644230769230769 0.9639423076923077 0.04807692307692308 0.07211538461538461
0 0.8497596153846154 0.9651442307692307 0.0889423076923077 0.06971153846153846
0 0.5012019230769231 0.9699519230769231 0.05048076923076923 0.055288461538461536