0 0.4098557692307692 0.01201923076923077 0.03245192307692308 0.02283653846153846
0 0.15745192307692307 0.109375 0.027644230769230768 0.042067307692307696
0 0.26802884615384615 0.109375 0.02283653846153846 0.037259615384615384
0 0.43028846153846156 0.11298076923076923 0.02283653846153846 0.03245192307692308
0 0.4723557692307692 0.11778846153846154 0.018028846153846152 0.03245192307692308
0 0.3894230769230769 0.1201923076923077 0.02283653846153846 0.027644230769230768
0 0.9098557692307693 0.1201923076923077 0.027644230769230768 0.042067307692307696
0 0.7379807692307693 0.1201923076923077 0.018028846153846152 0.027644230769230768
0 0.23197115384615385 0.014423076923076924 0.02283653846153846 0.027644230769230768
0 0.32211538461538464 0.12980769230769232 0.02283653846153846 0.03245192307692308
0 0.8028846153846154 0.12980769230769232 0.018028846153846152 0.03245192307692308
0 0.5552884615384616 0.13221153846153846 0.018028846153846152 0.027644230769230768
0 0.055288461538461536 0.1346153846153846 0.027644230769230768 0.042067307692307696
0 0.0829326923076923 0.014423076923076924 0.027644230769230768 0.027644230769230768
0 0.5204326923076923 0.13701923076923078 0.018028846153846152 0.03245192307692308
0 0.19230769230769232 0.13701923076923078 0.02283653846153846 0.037259615384615384
0 0.36778846153846156 0.140625 0.018028846153846152 0.027644230769230768
0 0.11057692307692307 0.140625 0.027644230769230768 0.042067307692307696
0 0.5372596153846154 0.014423076923076924 0.018028846153846152 0.027644230769230768
0 0.6778846153846154 0.1502403846153846 0.018028846153846152 0.037259615384615384
0 0.296875 0.15504807692307693 0.02283653846153846 0.037259615384615384
0 0.4074519230769231 0.15745192307692307 0.02283653846153846 0.03245192307692308
0 0.030048076923076924 0.15745192307692307 0.027644230769230768 0.042067307692307696
0 0.49278846153846156 0.15985576923076922 0.02283653846153846 0.03245192307692308
0 0.5997596153846154 0.15985576923076922 0.014423076923076924 0.027644230769230768
0 0.6370192307692307 0.15985576923076922 0.027644230769230768 0.027644230769230768
0 0.5504807692307693 0.15985576923076922 0.018028846153846152 0.03245192307692308
0 0.36778846153846156 0.16947115384615385 0.02283653846153846 0.03245192307692308
0 0.7403846153846154 0.16947115384615385 0.02283653846153846 0.037259615384615384
0 0.4519230769230769 0.16947115384615385 0.018028846153846152 0.03245192307692308
0 0.8221153846153846 0.171875 0.027644230769230768 0.037259615384615384
0 0.27283653846153844 0.17548076923076922 0.02283653846153846 0.037259615384615384
0 0.9519230769230769 0.17548076923076922 0.03245192307692308 0.042067307692307696
0 0.5096153846153846 0.1778846153846154 0.027644230769230768 0.03245192307692308
0 0.47475961538461536 0.1778846153846154 0.02283653846153846 0.03245192307692308
0 0.8978365384615384 0.18028846153846154 0.02283653846153846 0.03245192307692308
0 0.09735576923076923 0.18509615384615385 0.027644230769230768 0.037259615384615384
0 0.10576923076923077 0.018028846153846152 0.028846153846153848 0.036057692307692304
0 0.9879807692307693 0.19471153846153846 0.014423076923076924 0.046875
0 0.21754807692307693 0.19471153846153846 0.018028846153846152 0.027644230769230768
0 0.6346153846153846 0.1971153846153846 0.018028846153846152 0.042067307692307696
0 0.4326923076923077 0.19951923076923078 0.02283653846153846 0.037259615384615384
0 0.014423076923076924 0.20192307692307693 0.027644230769230768 0.046875
0 0.5528846153846154 0.20552884615384615 0.018028846153846152 0.03245192307692308
0 0.5072115384615384 0.20793269230769232 0.02283653846153846 0.03245192307692308
0 0.25721153846153844 0.20793269230769232 0.02283653846153846 0.037259615384615384
0 0.5925480769230769 0.20793269230769232 0.02283653846153846 0.03245192307692308
0 0.11778846153846154 0.20793269230769232 0.02283653846153846 0.037259615384615384
0 0.6730769230769231 0.21033653846153846 0.027644230769230768 0.037259615384615384
0 0.7271634615384616 0.21754807692307693 0.03245192307692308 0.037259615384615384
0 0.9254807692307693 0.21995192307692307 0.027644230769230768 0.037259615384615384
0 0.29447115384615385 0.22235576923076922 0.02283653846153846 0.03245192307692308
0 0.2247596153846154 0.2247596153846154 0.02283653846153846 0.027644230769230768
0 0.9254807692307693 0.02283653846153846 0.02283653846153846 0.037259615384615384
0 0.33774038461538464 0.02283653846153846 0.027644230769230768 0.03245192307692308
0 0.39783653846153844 0.234375 0.02283653846153846 0.03245192307692308
0 0.8401442307692307 0.234375 0.02283653846153846 0.042067307692307696
0 0.33774038461538464 0.23557692307692307 0.02283653846153846 0.03245192307692308
0 0.9879807692307693 0.2403846153846154 0.014423076923076924 0.046875
0 0.4230769230769231 0.2403846153846154 0.02283653846153846 0.042067307692307696
0 0.8677884615384616 0.02283653846153846 0.02283653846153846 0.042067307692307696
0 0.8173076923076923 0.24278846153846154 0.02283653846153846 0.03245192307692308
0 0.6045673076923077 0.25 0.03245192307692308 0.037259615384615384
0 0.5649038461538461 0.25 0.02283653846153846 0.042067307692307696
0 0.46033653846153844 0.2548076923076923 0.02283653846153846 0.03245192307692308
0 0.10697115384615384 0.25721153846153844 0.027644230769230768 0.03245192307692308
0 0.7271634615384616 0.265625 0.027644230769230768 0.042067307692307696
0 0.23798076923076922 0.26802884615384615 0.018028846153846152 0.042067307692307696
0 0.7644230769230769 0.26802884615384615 0.027644230769230768 0.037259615384615384
0 0.9254807692307693 0.27524038461538464 0.027644230769230768 0.046875
0 0.6802884615384616 0.2800480769230769 0.02283653846153846 0.027644230769230768
0 0.09254807692307693 0.2824519230769231 0.02283653846153846 0.027644230769230768
0 0.359375 0.2848557692307692 0.02283653846153846 0.037259615384615384
0 0.4723557692307692 0.28966346153846156 0.02283653846153846 0.046875
0 0.6370192307692307 0.2920673076923077 0.02283653846153846 0.037259615384615384
0 0.8497596153846154 0.29447115384615385 0.027644230769230768 0.037259615384615384
0 0.21514423076923078 0.29447115384615385 0.027644230769230768 0.027644230769230768
0 0.5649038461538461 0.296875 0.027644230769230768 0.042067307692307696
0 0.5973557692307693 0.2980769230769231 0.02283653846153846 0.042067307692307696
0 0.796875 0.3004807692307692 0.02283653846153846 0.037259615384615384
0 0.5252403846153846 0.30288461538461536 0.027644230769230768 0.03245192307692308
0 0.6899038461538461 0.30528846153846156 0.018028846153846152 0.037259615384615384
0 0.7644230769230769 0.3125 0.027644230769230768 0.042067307692307696
0 0.40024038461538464 0.03245192307692308 0.027644230769230768 0.037259615384615384
0 0.41225961538461536 0.3173076923076923 0.027644230769230768 0.046875
0 0.15745192307692307 0.31971153846153844 0.027644230769230768 0.042067307692307696
0 0.7079326923076923 0.32211538461538464 0.03245192307692308 0.046875
0 0.1045673076923077 0.32211538461538464 0.027644230769230768 0.03245192307692308
0 0.5649038461538461 0.03245192307692308 0.018028846153846152 0.027644230769230768
0 0.6478365384615384 0.03245192307692308 0.02283653846153846 0.027644230769230768
0 0.28725961538461536 0.328125 0.02283653846153846 0.037259615384615384
0 0.6622596153846154 0.33052884615384615 0.027644230769230768 0.042067307692307696
0 0.48197115384615385 0.03485576923076923 0.02283653846153846 0.037259615384615384
0 0.859375 0.33533653846153844 0.027644230769230768 0.037259615384615384
0 0.24759615384615385 0.33533653846153844 0.027644230769230768 0.042067307692307696
0 0.9230769230769231 0.33774038461538464 0.02283653846153846 0.042067307692307696
0 0.20793269230769232 0.3425480769230769 0.027644230769230768 0.042067307692307696
0 0.6129807692307693 0.03485576923076923 0.02283653846153846 0.027644230769230768
0 0.37259615384615385 0.3473557692307692 0.027644230769230768 0.03245192307692308
0 0.5048076923076923 0.359375 0.027644230769230768 0.042067307692307696
0 0.9519230769230769 0.3605769230769231 0.027644230769230768 0.037259615384615384
0 0.4495192307692308 0.3629807692307692 0.027644230769230768 0.046875
0 0.3173076923076923 0.3629807692307692 0.02283653846153846 0.042067307692307696
0 0.8125 0.037259615384615384 0.02283653846153846 0.03245192307692308
0 0.5528846153846154 0.36778846153846156 0.027644230769230768 0.046875
0 0.07692307692307693 0.375 0.027644230769230768 0.042067307692307696
0 0.6021634615384616 0.37740384615384615 0.027644230769230768 0.03245192307692308
0 0.140625 0.3798076923076923 0.027644230769230768 0.042067307692307696
0 0.2644230769230769 0.3798076923076923 0.02283653846153846 0.037259615384615384
0 0.49759615384615385 0.039663461538461536 0.02283653846153846 0.03245192307692308
0 0.8377403846153846 0.390625 0.027644230769230768 0.042067307692307696
0 0.5228365384615384 0.039663461538461536 0.018028846153846152 0.027644230769230768
0 0.2127403846153846 0.40024038461538464 0.027644230769230768 0.042067307692307696
0 0.9795673076923077 0.042067307692307696 0.02283653846153846 0.042067307692307696
0 0.7872596153846154 0.41466346153846156 0.027644230769230768 0.046875
0 0.4651442307692308 0.042067307692307696 0.018028846153846152 0.018028846153846152
0 0.6670673076923077 0.41947115384615385 0.03245192307692308 0.037259615384615384
0 0.9230769230769231 0.421875 0.03245192307692308 0.05048076923076923
0 0.734375 0.421875 0.027644230769230768 0.037259615384615384
0 0.057692307692307696 0.4230769230769231 0.027644230769230768 0.046875
0 0.0673076923076923 0.04447115384615385 0.02283653846153846 0.027644230769230768
0 0.7475961538461539 0.04447115384615385 0.02283653846153846 0.037259615384615384
0 0.1622596153846154 0.42788461538461536 0.02283653846153846 0.042067307692307696
0 0.5576923076923077 0.43028846153846156 0.027644230769230768 0.046875
0 0.6069711538461539 0.43509615384615385 0.02283653846153846 0.042067307692307696
0 0.203125 0.046875 0.027644230769230768 0.042067307692307696
0 0.22956730769230768 0.4579326923076923 0.03245192307692308 0.042067307692307696
0 0.359375 0.4579326923076923 0.02283653846153846 0.037259615384615384
0 0.7728365384615384 0.4579326923076923 0.02283653846153846 0.042067307692307696
0 0.5096153846153846 0.46033653846153844 0.027644230769230768 0.046875
0 0.039663461538461536 0.46274038461538464 0.027644230769230768 0.046875
0 0.4579326923076923 0.4651442307692308 0.027644230769230768 0.046875
0 0.265625 0.4651442307692308 0.027644230769230768 0.046875
0 0.8870192307692307 0.4675480769230769 0.03245192307692308 0.042067307692307696
0 0.6995192307692307 0.4699519230769231 0.027644230769230768 0.042067307692307696
0 0.30528846153846156 0.4699519230769231 0.02283653846153846 0.042067307692307696
0 0.24519230769230768 0.046875 0.027644230769230768 0.037259615384615384
0 0.8269230769230769 0.4723557692307692 0.03245192307692308 0.046875
0 0.140625 0.4723557692307692 0.027644230769230768 0.037259615384615384
0 0.39783653846153844 0.47716346153846156 0.03245192307692308 0.046875
0 0.9903846153846154 0.48197115384615385 0.009615384615384616 0.055288461538461536
0 0.6478365384615384 0.484375 0.037259615384615384 0.05048076923076923
0 0.15985576923076922 0.5 0.018028846153846152 0.037259615384615384
0 0.052884615384615384 0.5144230769230769 0.03245192307692308 0.046875
0 0.25 0.5180288461538461 0.027644230769230768 0.037259615384615384
0 0.19471153846153846 0.5204326923076923 0.02283653846153846 0.042067307692307696
0 0.9074519230769231 0.5252403846153846 0.03245192307692308 0.042067307692307696
0 0.359375 0.5300480769230769 0.02283653846153846 0.037259615384615384
0 0.9603365384615384 0.5300480769230769 0.037259615384615384 0.046875
0 0.30528846153846156 0.5396634615384616 0.02283653846153846 0.042067307692307696
0 0.7704326923076923 0.5420673076923077 0.037259615384615384 0.042067307692307696
0 0.8401442307692307 0.5444711538461539 0.03245192307692308 0.05048076923076923
0 0.4423076923076923 0.5480769230769231 0.027644230769230768 0.042067307692307696
0 0.4795673076923077 0.5504807692307693 0.02283653846153846 0.037259615384615384
0 0.009615384615384616 0.5552884615384616 0.018028846153846152 0.042067307692307696
0 0.18509615384615385 0.5649038461538461 0.02283653846153846 0.037259615384615384
0 0.3954326923076923 0.5649038461538461 0.03245192307692308 0.046875
0 0.13701923076923078 0.5673076923076923 0.03245192307692308 0.046875
0 0.7151442307692307 0.5745192307692307 0.027644230769230768 0.042067307692307696
0 0.4170673076923077 0.057692307692307696 0.02283653846153846 0.03245192307692308
0 0.24759615384615385 0.5769230769230769 0.03245192307692308 0.042067307692307696
0 0.5853365384615384 0.5829326923076923 0.027644230769230768 0.03245192307692308
0 0.06009615384615385 0.5829326923076923 0.03245192307692308 0.046875
0 0.9074519230769231 0.5925480769230769 0.03245192307692308 0.042067307692307696
0 0.43509615384615385 0.5949519230769231 0.03245192307692308 0.042067307692307696
0 0.6754807692307693 0.5973557692307693 0.027644230769230768 0.046875
0 0.3004807692307692 0.5997596153846154 0.037259615384615384 0.05048076923076923
0 0.9579326923076923 0.6021634615384616 0.037259615384615384 0.05048076923076923
0 0.375 0.06009615384615385 0.02283653846153846 0.042067307692307696
0 0.4579326923076923 0.0625 0.018028846153846152 0.037259615384615384
0 0.7824519230769231 0.6177884615384616 0.037259615384615384 0.05048076923076923
0 0.6430288461538461 0.6201923076923077 0.03245192307692308 0.037259615384615384
0 0.5276442307692307 0.625 0.03245192307692308 0.037259615384615384
0 0.8605769230769231 0.6274038461538461 0.03245192307692308 0.03245192307692308
0 0.41225961538461536 0.6394230769230769 0.03245192307692308 0.042067307692307696
0 0.5 0.6394230769230769 0.027644230769230768 0.027644230769230768
0 0.5829326923076923 0.640625 0.03245192307692308 0.046875
0 0.7127403846153846 0.6430288461538461 0.037259615384615384 0.05048076923076923
0 0.25721153846153844 0.6454326923076923 0.037259615384615384 0.042067307692307696
0 0.44711538461538464 0.6454326923076923 0.03245192307692308 0.042067307692307696
0 0.01201923076923077 0.6478365384615384 0.02283653846153846 0.05048076923076923
0 0.17548076923076922 0.6502403846153846 0.027644230769230768 0.037259615384615384
0 0.109375 0.6574519230769231 0.03245192307692308 0.046875
0 0.052884615384615384 0.6598557692307693 0.027644230769230768 0.042067307692307696
0 0.3245192307692308 0.6646634615384616 0.03245192307692308 0.046875
0 0.8822115384615384 0.6670673076923077 0.042067307692307696 0.05048076923076923
0 0.5228365384615384 0.0673076923076923 0.018028846153846152 0.027644230769230768
0 0.6622596153846154 0.6778846153846154 0.037259615384615384 0.06009615384615385
0 0.6021634615384616 0.6971153846153846 0.037259615384615384 0.055288461538461536
0 0.5576923076923077 0.06971153846153846 0.018028846153846152 0.03245192307692308
0 0.5276442307692307 0.7055288461538461 0.027644230769230768 0.05048076923076923
0 0.046875 0.7103365384615384 0.03245192307692308 0.042067307692307696
0 0.875 0.07211538461538461 0.02283653846153846 0.03245192307692308
0 0.19471153846153846 0.7151442307692307 0.037259615384615384 0.046875
0 0.26802884615384615 0.7247596153846154 0.027644230769230768 0.05048076923076923
0 0.41225961538461536 0.7295673076923077 0.03245192307692308 0.05048076923076923
0 0.4519230769230769 0.007211538461538462 0.018028846153846152 0.014423076923076924
0 0.5 0.007211538461538462 0.018028846153846152 0.014423076923076924
0 0.12259615384615384 0.7355769230769231 0.037259615384615384 0.042067307692307696
0 0.453125 0.7524038461538461 0.03245192307692308 0.05048076923076923
0 0.07692307692307693 0.07692307692307693 0.02283653846153846 0.042067307692307696
0 0.34975961538461536 0.7572115384615384 0.037259615384615384 0.046875
0 0.9879807692307693 0.07692307692307693 0.02283653846153846 0.037259615384615384
0 0.484375 0.078125 0.02283653846153846 0.037259615384615384
0 0.890625 0.7872596153846154 0.042067307692307696 0.05048076923076923
0 0.8221153846153846 0.7896634615384616 0.042067307692307696 0.06009615384615385
0 0.0829326923076923 0.7944711538461539 0.046875 0.055288461538461536
0 0.6370192307692307 0.8100961538461539 0.03245192307692308 0.05048076923076923
0 0.7475961538461539 0.8149038461538461 0.037259615384615384 0.05048076923076923
0 0.2848557692307692 0.8197115384615384 0.03245192307692308 0.042067307692307696
0 0.014423076923076924 0.8197115384615384 0.027644230769230768 0.05048076923076923
0 0.5805288461538461 0.8221153846153846 0.03245192307692308 0.055288461538461536
0 0.49759615384615385 0.8245192307692307 0.03245192307692308 0.06009615384615385
0 0.2127403846153846 0.8245192307692307 0.037259615384615384 0.055288461538461536
0 0.32211538461538464 0.0829326923076923 0.02283653846153846 0.03245192307692308
0 0.140625 0.8329326923076923 0.042067307692307696 0.05048076923076923
0 0.6947115384615384 0.8401442307692307 0.037259615384615384 0.05048076923076923
0 0.3545673076923077 0.8401442307692307 0.037259615384615384 0.046875
0 0.42788461538461536 0.8497596153846154 0.046875 0.06009615384615385
0 0.9002403846153846 0.08533653846153846 0.018028846153846152 0.03245192307692308
0 0.4098557692307692 0.08533653846153846 0.02283653846153846 0.03245192307692308
0 0.5997596153846154 0.09014423076923077 0.018028846153846152 0.037259615384615384
0 0.6322115384615384 0.09014423076923077 0.02283653846153846 0.03245192307692308
0 0.06009615384615385 0.09014423076923077 0.027644230769230768 0.03245192307692308
0 0.21754807692307693 0.09254807692307693 0.02283653846153846 0.03245192307692308
0 0.3076923076923077 0.09254807692307693 0.02283653846153846 0.042067307692307696
0 0.2920673076923077 0.01201923076923077 0.018028846153846152 0.02283653846153846
0 0.4495192307692308 0.09495192307692307 0.02283653846153846 0.03245192307692308
0 0.4675480769230769 0.09495192307692307 0.018028846153846152 0.018028846153846152
0 0.5372596153846154 0.09975961538461539 0.018028846153846152 0.027644230769230768
0 0.6694711538461539 0.09975961538461539 0.018028846153846152 0.03245192307692308
0 0.5048076923076923 0.10216346153846154 0.02283653846153846 0.03245192307692308