0 0.421875 0.018028846153846152 0.019230769230769232 0.02403846153846154
0 0.22355769230769232 0.038461538461538464 0.019230769230769232 0.02403846153846154
0 0.10576923076923077 0.05048076923076923 0.019230769230769232 0.019230769230769232
0 0.5649038461538461 0.09495192307692307 0.021634615384615384 0.028846153846153848
0 0.16346153846153846 0.140625 0.016826923076923076 0.02403846153846154
0 0.039663461538461536 0.15504807692307693 0.026442307692307692 0.028846153846153848
0 0.3629807692307692 0.125 0.02403846153846154 0.02403846153846154
0 0.19951923076923078 0.14302884615384615 0.03125 0.036057692307692304
0 0.12379807692307693 0.15264423076923078 0.021634615384615384 0.03365384615384615
0 0.31490384615384615 0.1346153846153846 0.019230769230769232 0.019230769230769232
0 0.6117788461538461 0.10576923076923077 0.019230769230769232 0.019230769230769232
0 0.8425480769230769 0.08413461538461539 0.028846153846153848 0.026442307692307692
0 0.6454326923076923 0.10817307692307693 0.019230769230769232 0.02403846153846154
0 0.4014423076923077 0.13341346153846154 0.021634615384615384 0.028846153846153848
0 0.9387019230769231 0.08173076923076923 0.026442307692307692 0.03365384615384615
0 0.7331730769230769 0.10576923076923077 0.026442307692307692 0.03365384615384615
0 0.859375 0.09495192307692307 0.03125 0.036057692307692304
0 0.31009615384615385 0.15745192307692307 0.019230769230769232 0.02403846153846154
0 0.2512019230769231 0.16466346153846154 0.019230769230769232 0.02403846153846154
0 0.8040865384615384 0.11177884615384616 0.026442307692307692 0.03365384615384615
0 0.12259615384615384 0.18509615384615385 0.019230769230769232 0.019230769230769232
0 0.8966346153846154 0.109375 0.036057692307692304 0.036057692307692304
0 0.49158653846153844 0.15625 0.026442307692307692 0.03365384615384615
0 0.07091346153846154 0.203125 0.021634615384615384 0.028846153846153848
0 0.009615384615384616 0.21153846153846154 0.019230769230769232 0.028846153846153848
0 0.5300480769230769 0.009615384615384616 0.016826923076923076 0.016826923076923076
0 0.28365384615384615 0.18990384615384615 0.026442307692307692 0.03365384615384615
0 0.36899038461538464 0.18509615384615385 0.026442307692307692 0.03365384615384615
0 0.7223557692307693 0.15264423076923078 0.026442307692307692 0.03365384615384615
0 0.8100961538461539 0.14543269230769232 0.026442307692307692 0.03365384615384615
0 0.5060096153846154 0.1778846153846154 0.02403846153846154 0.02403846153846154
0 0.5913461538461539 0.17427884615384615 0.026442307692307692 0.03365384615384615
0 0.12379807692307693 0.055288461538461536 0.021634615384615384 0.028846153846153848
0 0.07211538461538461 0.23317307692307693 0.03125 0.036057692307692304
0 0.4206730769230769 0.19591346153846154 0.019230769230769232 0.019230769230769232
0 0.8762019230769231 0.15865384615384615 0.036057692307692304 0.040865384615384616
0 0.6466346153846154 0.19110576923076922 0.02403846153846154 0.02403846153846154
0 0.33533653846153844 0.03485576923076923 0.016826923076923076 0.02403846153846154
0 0.5276442307692307 0.20793269230769232 0.026442307692307692 0.028846153846153848
0 0.3425480769230769 0.24519230769230768 0.026442307692307692 0.038461538461538464
0 0.44350961538461536 0.026442307692307692 0.019230769230769232 0.019230769230769232
0 0.3762019230769231 0.03365384615384615 0.016826923076923076 0.019230769230769232
0 0.48677884615384615 0.2403846153846154 0.021634615384615384 0.03365384615384615
0 0.31009615384615385 0.039663461538461536 0.021634615384615384 0.028846153846153848
0 0.2608173076923077 0.04567307692307692 0.016826923076923076 0.019230769230769232
0 0.018028846153846152 0.0733173076923077 0.019230769230769232 0.02403846153846154
0 0.6153846153846154 0.22716346153846154 0.026442307692307692 0.038461538461538464
0 0.18629807692307693 0.28125 0.026442307692307692 0.03365384615384615
0 0.15865384615384615 0.2848557692307692 0.026442307692307692 0.028846153846153848
0 0.25240384615384615 0.27403846153846156 0.026442307692307692 0.03365384615384615
0 0.39783653846153844 0.03365384615384615 0.019230769230769232 0.02403846153846154
0 0.3786057692307692 0.2824519230769231 0.026442307692307692 0.03365384615384615
0 0.8834134615384616 0.2283653846153846 0.02403846153846154 0.02403846153846154
0 0.47836538461538464 0.027644230769230768 0.016826923076923076 0.02403846153846154
0 0.515625 0.02403846153846154 0.019230769230769232 0.02403846153846154
0 0.11899038461538461 0.32572115384615385 0.03125 0.04567307692307692
0 0.06009615384615385 0.0733173076923077 0.016826923076923076 0.02403846153846154
0 0.29927884615384615 0.32091346153846156 0.03125 0.040865384615384616
0 0.5769230769230769 0.30288461538461536 0.026442307692307692 0.038461538461538464
0 0.7127403846153846 0.008413461538461538 0.016826923076923076 0.016826923076923076
0 0.47115384615384615 0.32211538461538464 0.021634615384615384 0.038461538461538464
0 0.03485576923076923 0.3786057692307692 0.036057692307692304 0.05048076923076923
0 0.18269230769230768 0.06610576923076923 0.021634615384615384 0.028846153846153848
0 0.5661057692307693 0.025240384615384616 0.021634615384615384 0.028846153846153848
0 0.9615384615384616 0.3004807692307692 0.026442307692307692 0.03365384615384615
0 0.6730769230769231 0.33052884615384615 0.026442307692307692 0.03365384615384615
0 0.8701923076923077 0.3173076923076923 0.036057692307692304 0.040865384615384616
0 0.10336538461538461 0.07692307692307693 0.016826923076923076 0.02403846153846154
0 0.7668269230769231 0.009615384615384616 0.019230769230769232 0.019230769230769232
0 0.13942307692307693 0.4098557692307692 0.03125 0.05048076923076923
0 0.2824519230769231 0.4182692307692308 0.03125 0.04567307692307692
0 0.6682692307692307 0.021634615384615384 0.01201923076923077 0.019230769230769232
0 0.5697115384615384 0.41466346153846156 0.026442307692307692 0.04326923076923077
0 0.484375 0.42427884615384615 0.03125 0.040865384615384616
0 0.7271634615384616 0.40865384615384615 0.036057692307692304 0.05048076923076923
0 0.6237980769230769 0.028846153846153848 0.016826923076923076 0.02403846153846154
0 0.9519230769230769 0.4375 0.036057692307692304 0.04567307692307692
0 0.036057692307692304 0.5372596153846154 0.026442307692307692 0.04326923076923077
0 0.6358173076923077 0.47596153846153844 0.036057692307692304 0.040865384615384616
0 0.5492788461538461 0.04326923076923077 0.021634615384615384 0.03365384615384615
0 0.7524038461538461 0.021634615384615384 0.019230769230769232 0.02403846153846154
0 0.25961538461538464 0.5408653846153846 0.03125 0.04567307692307692
0 0.7740384615384616 0.4987980769230769 0.036057692307692304 0.04567307692307692
0 0.013221153846153846 0.10336538461538461 0.021634615384615384 0.028846153846153848
0 0.9170673076923077 0.014423076923076924 0.026442307692307692 0.028846153846153848
0 0.025240384615384616 0.625 0.02403846153846154 0.057692307692307696
0 0.6550480769230769 0.038461538461538464 0.016826923076923076 0.016826923076923076
0 0.8269230769230769 0.020432692307692308 0.019230769230769232 0.02403846153846154
0 0.3449519230769231 0.07211538461538461 0.016826923076923076 0.019230769230769232
0 0.4110576923076923 0.6346153846153846 0.036057692307692304 0.04567307692307692
0 0.13341346153846154 0.0985576923076923 0.016826923076923076 0.02403846153846154
0 0.15625 0.6742788461538461 0.036057692307692304 0.05048076923076923
0 0.8762019230769231 0.6262019230769231 0.05048076923076923 0.04567307692307692
0 0.6382211538461539 0.6670673076923077 0.04326923076923077 0.055288461538461536
0 0.07451923076923077 0.109375 0.02403846153846154 0.02403846153846154
0 0.9555288461538461 0.6526442307692307 0.04326923076923077 0.057692307692307696
0 0.38341346153846156 0.08173076923076923 0.016826923076923076 0.02403846153846154
0 0.15384615384615385 0.10576923076923077 0.021634615384615384 0.028846153846153848
0 0.7139423076923077 0.046875 0.026442307692307692 0.028846153846153848
0 0.7271634615384616 0.04807692307692308 0.016826923076923076 0.016826923076923076
0 0.29447115384615385 0.09615384615384616 0.028846153846153848 0.026442307692307692
0 0.4951923076923077 0.078125 0.019230769230769232 0.02403846153846154
0 0.9423076923076923 0.765625 0.052884615384615384 0.06971153846153846
0 0.9459134615384616 0.03125 0.016826923076923076 0.03365384615384615
0 0.3918269230769231 0.8377403846153846 0.04807692307692308 0.06490384615384616
0 0.5432692307692307 0.07572115384615384 0.019230769230769232 0.019230769230769232
0 0.078125 0.051682692307692304 0.016826923076923076 0.019230769230769232
0 0.6646634615384616 0.8245192307692307 0.04326923076923077 0.057692307692307696
0 0.5889423076923077 0.8425480769230769 0.04807692307692308 0.06971153846153846
0 0.3641826923076923 0.09735576923076923 0.019230769230769232 0.019230769230769232
0 0.07692307692307693 0.9290865384615384 0.052884615384615384 0.055288461538461536
0 0.6526442307692307 0.07211538461538461 0.019230769230769232 0.02403846153846154
0 0.8617788461538461 0.8569711538461539 0.04567307692307692 0.036057692307692304
0 0.41586538461538464 0.09975961538461539 0.019230769230769232 0.02403846153846154
0 0.8629807692307693 0.054086538461538464 0.02403846153846154 0.02403846153846154
0 0.11298076923076923 0.13581730769230768 0.019230769230769232 0.02403846153846154
0 0.08052884615384616 0.13942307692307693 0.019230769230769232 0.02403846153846154
0 0.4831730769230769 0.09975961538461539 0.021634615384615384 0.028846153846153848
0 0.02283653846153846 0.1502403846153846 0.019230769230769232 0.02403846153846154
0 0.78125 0.0733173076923077 0.02403846153846154 0.02403846153846154