0 0.8798076923076923 0.38341346153846156 0.0625 0.09615384615384616
0 0.057692307692307696 0.3858173076923077 0.019230769230769232 0.019230769230769232
0 0.04567307692307692 0.3954326923076923 0.016826923076923076 0.02403846153846154
0 0.7355769230769231 0.4519230769230769 0.019230769230769232 0.028846153846153848
0 0.11057692307692307 0.4050480769230769 0.016826923076923076 0.02403846153846154
0 0.013221153846153846 0.4014423076923077 0.007211538461538462 0.028846153846153848
0 0.48677884615384615 0.4338942307692308 0.01201923076923077 0.019230769230769232
0 0.6730769230769231 0.44711538461538464 0.016826923076923076 0.019230769230769232
0 0.12259615384615384 0.4110576923076923 0.016826923076923076 0.02403846153846154
0 0.02403846153846154 0.40384615384615385 0.01201923076923077 0.02403846153846154
0 0.2548076923076923 0.4230769230769231 0.01201923076923077 0.019230769230769232
0 0.14423076923076922 0.41466346153846156 0.019230769230769232 0.019230769230769232
0 0.09014423076923077 0.4110576923076923 0.016826923076923076 0.019230769230769232
0 0.23197115384615385 0.42788461538461536 0.019230769230769232 0.02403846153846154
0 0.16466346153846154 0.4206730769230769 0.016826923076923076 0.019230769230769232
0 0.20793269230769232 0.42427884615384615 0.01201923076923077 0.019230769230769232
0 0.1814903846153846 0.42908653846153844 0.016826923076923076 0.02403846153846154
0 0.33653846153846156 0.4375 0.01201923076923077 0.019230769230769232
0 0.19110576923076922 0.43149038461538464 0.016826923076923076 0.019230769230769232
0 0.6045673076923077 0.47475961538461536 0.019230769230769232 0.019230769230769232
0 0.7115384615384616 0.4963942307692308 0.004807692307692308 0.009615384615384616
0 0.640625 0.49399038461538464 0.009615384615384616 0.014423076923076924
0 0.4411057692307692 0.4807692307692308 0.009615384615384616 0.004807692307692308
0 0.5709134615384616 0.4891826923076923 0.009615384615384616 0.014423076923076924
0 0.5432692307692307 0.48677884615384615 0.009615384615384616 0.014423076923076924
0 0.5793269230769231 0.49158653846153844 0.009615384615384616 0.009615384615384616
0 0.29086538461538464 0.4735576923076923 0.004807692307692308 0.014423076923076924
0 0.453125 0.484375 0.014423076923076924 0.014423076923076924
0 0.7596153846153846 0.5060096153846154 0.009615384615384616 0.014423076923076924
0 0.27884615384615385 0.4723557692307692 0.009615384615384616 0.014423076923076924
0 0.30649038461538464 0.47475961538461536 0.01201923076923077 0.02403846153846154
0 0.515625 0.4891826923076923 0.009615384615384616 0.014423076923076924
0 0.5552884615384616 0.4963942307692308 0.009615384615384616 0.014423076923076924
0 0.39903846153846156 0.4831730769230769 0.009615384615384616 0.009615384615384616
0 0.5216346153846154 0.49158653846153844 0.004807692307692308 0.009615384615384616
0 0.7271634615384616 0.5060096153846154 0.009615384615384616 0.009615384615384616
0 0.1935096153846154 0.46875 0.016826923076923076 0.019230769230769232
0 0.5036057692307693 0.49038461538461536 0.004807692307692308 0.009615384615384616
0 0.35336538461538464 0.4795673076923077 0.009615384615384616 0.009615384615384616
0 0.9615384615384616 0.5252403846153846 0.009615384615384616 0.014423076923076924
0 0.546875 0.4963942307692308 0.009615384615384616 0.014423076923076924
0 0.9711538461538461 0.5252403846153846 0.009615384615384616 0.014423076923076924
0 0.6947115384615384 0.5060096153846154 0.009615384615384616 0.014423076923076924
0 0.6850961538461539 0.5060096153846154 0.009615384615384616 0.014423076923076924
0 0.42788461538461536 0.49038461538461536 0.004807692307692308 0.009615384615384616
0 0.4206730769230769 0.48677884615384615 0.004807692307692308 0.014423076923076924
0 0.3641826923076923 0.4831730769230769 0.004807692307692308 0.014423076923076924
0 0.14182692307692307 0.4723557692307692 0.014423076923076924 0.014423076923076924
0 0.5300480769230769 0.49759615384615385 0.007211538461538462 0.019230769230769232
0 0.2860576923076923 0.4807692307692308 0.016826923076923076 0.019230769230769232
0 0.24879807692307693 0.47716346153846156 0.016826923076923076 0.019230769230769232
0 0.5348557692307693 0.49759615384615385 0.004807692307692308 0.009615384615384616
0 0.38822115384615385 0.48677884615384615 0.004807692307692308 0.009615384615384616
0 0.4050480769230769 0.4879807692307692 0.016826923076923076 0.019230769230769232
0 0.3016826923076923 0.4807692307692308 0.01201923076923077 0.019230769230769232
0 0.026442307692307692 0.46634615384615385 0.016826923076923076 0.019230769230769232
0 0.18389423076923078 0.47836538461538464 0.016826923076923076 0.019230769230769232
0 0.5048076923076923 0.5 0.009615384615384616 0.009615384615384616
0 0.04567307692307692 0.46634615384615385 0.016826923076923076 0.02403846153846154
0 0.43990384615384615 0.49399038461538464 0.009615384615384616 0.014423076923076924
0 0.3798076923076923 0.4891826923076923 0.009615384615384616 0.014423076923076924
0 0.16105769230769232 0.47836538461538464 0.014423076923076924 0.014423076923076924
0 0.3701923076923077 0.49038461538461536 0.01201923076923077 0.019230769230769232
0 0.5228365384615384 0.5012019230769231 0.01201923076923077 0.019230769230769232
0 0.4951923076923077 0.5 0.01201923076923077 0.019230769230769232
0 0.578125 0.5084134615384616 0.009615384615384616 0.014423076923076924
0 0.6442307692307693 0.5144230769230769 0.016826923076923076 0.019230769230769232
0 0.10096153846153846 0.47716346153846156 0.016826923076923076 0.019230769230769232
0 0.7007211538461539 0.5216346153846154 0.014423076923076924 0.014423076923076924
0 0.11778846153846154 0.4807692307692308 0.016826923076923076 0.02403846153846154
0 0.4254807692307692 0.5048076923076923 0.01201923076923077 0.019230769230769232
0 0.7391826923076923 0.5288461538461539 0.009615384615384616 0.014423076923076924
0 0.7211538461538461 0.5252403846153846 0.009615384615384616 0.009615384615384616
0 0.5492788461538461 0.5132211538461539 0.01201923076923077 0.019230769230769232
0 0.6658653846153846 0.5216346153846154 0.009615384615384616 0.009615384615384616
0 0.16706730769230768 0.49158653846153844 0.009615384615384616 0.009615384615384616
0 0.15745192307692307 0.4879807692307692 0.009615384615384616 0.014423076923076924
0 0.19471153846153846 0.49399038461538464 0.009615384615384616 0.014423076923076924
0 0.027644230769230768 0.4831730769230769 0.019230769230769232 0.02403846153846154
0 0.75 0.5360576923076923 0.016826923076923076 0.019230769230769232
0 0.4182692307692308 0.5120192307692307 0.016826923076923076 0.019230769230769232
0 0.2980769230769231 0.5012019230769231 0.016826923076923076 0.02403846153846154
0 0.20552884615384615 0.4951923076923077 0.016826923076923076 0.02403846153846154
0 0.6790865384615384 0.5276442307692307 0.009615384615384616 0.014423076923076924
0 0.39663461538461536 0.5108173076923077 0.01201923076923077 0.019230769230769232
0 0.25240384615384615 0.4987980769230769 0.016826923076923076 0.02403846153846154
0 0.12980769230769232 0.49158653846153844 0.01201923076923077 0.019230769230769232
0 0.65625 0.5288461538461539 0.01201923076923077 0.019230769230769232
0 0.4387019230769231 0.5132211538461539 0.01201923076923077 0.019230769230769232
0 0.5817307692307693 0.5240384615384616 0.01201923076923077 0.019230769230769232
0 0.3858173076923077 0.5096153846153846 0.016826923076923076 0.028846153846153848
0 0.36177884615384615 0.5108173076923077 0.016826923076923076 0.02403846153846154
0 0.30649038461538464 0.5072115384615384 0.007211538461538462 0.02403846153846154
0 0.6213942307692307 0.5288461538461539 0.016826923076923076 0.02403846153846154
0 0.1814903846153846 0.5012019230769231 0.016826923076923076 0.019230769230769232
0 0.13942307692307693 0.49759615384615385 0.016826923076923076 0.019230769230769232
0 0.07932692307692307 0.4963942307692308 0.016826923076923076 0.02403846153846154
0 0.5324519230769231 0.5276442307692307 0.016826923076923076 0.02403846153846154
0 0.6670673076923077 0.5372596153846154 0.016826923076923076 0.02403846153846154
0 0.6045673076923077 0.5348557692307693 0.01201923076923077 0.019230769230769232
0 0.7055288461538461 0.5420673076923077 0.01201923076923077 0.019230769230769232
0 0.5697115384615384 0.5300480769230769 0.016826923076923076 0.02403846153846154
0 0.4483173076923077 0.5216346153846154 0.009615384615384616 0.014423076923076924
0 0.7223557692307693 0.5432692307692307 0.016826923076923076 0.019230769230769232
0 0.515625 0.5288461538461539 0.01201923076923077 0.019230769230769232
0 0.23317307692307693 0.5096153846153846 0.02403846153846154 0.028846153846153848
0 0.4723557692307692 0.5252403846153846 0.016826923076923076 0.019230769230769232
0 0.5576923076923077 0.53125 0.01201923076923077 0.019230769230769232
0 0.6430288461538461 0.5396634615384616 0.014423076923076924 0.014423076923076924
0 0.6802884615384616 0.5456730769230769 0.016826923076923076 0.019230769230769232
0 0.02403846153846154 0.5060096153846154 0.02403846153846154 0.02403846153846154
0 0.10216346153846154 0.5144230769230769 0.016826923076923076 0.028846153846153848
0 0.19230769230769232 0.5180288461538461 0.019230769230769232 0.03365384615384615
0 0.6141826923076923 0.5504807692307693 0.016826923076923076 0.019230769230769232
0 0.06009615384615385 0.5144230769230769 0.016826923076923076 0.02403846153846154
0 0.65625 0.5552884615384616 0.016826923076923076 0.02403846153846154
0 0.07211538461538461 0.5180288461538461 0.01201923076923077 0.02403846153846154
0 0.3269230769230769 0.5384615384615384 0.036057692307692304 0.057692307692307696
0 0.46153846153846156 0.5480769230769231 0.016826923076923076 0.019230769230769232
0 0.7463942307692307 0.5649038461538461 0.01201923076923077 0.02403846153846154
0 0.3762019230769231 0.5396634615384616 0.019230769230769232 0.02403846153846154
0 0.5685096153846154 0.5552884615384616 0.014423076923076924 0.009615384615384616
0 0.2800480769230769 0.5348557692307693 0.019230769230769232 0.028846153846153848
0 0.5168269230769231 0.5564903846153846 0.016826923076923076 0.028846153846153848
0 0.41947115384615385 0.5564903846153846 0.016826923076923076 0.02403846153846154
0 0.7307692307692307 0.5793269230769231 0.019230769230769232 0.03365384615384615
0 0.2932692307692308 0.5504807692307693 0.021634615384615384 0.038461538461538464
0 0.5829326923076923 0.5709134615384616 0.019230769230769232 0.028846153846153848
0 0.45552884615384615 0.5649038461538461 0.016826923076923076 0.03365384615384615
0 0.014423076923076924 0.5360576923076923 0.019230769230769232 0.028846153846153848
0 0.14903846153846154 0.5480769230769231 0.040865384615384616 0.0625
0 0.6586538461538461 0.5829326923076923 0.016826923076923076 0.02403846153846154
0 0.6165865384615384 0.5829326923076923 0.026442307692307692 0.038461538461538464
0 0.054086538461538464 0.5432692307692307 0.02403846153846154 0.019230769230769232
0 0.5444711538461539 0.5805288461538461 0.019230769230769232 0.03365384615384615
0 0.09495192307692307 0.5492788461538461 0.026442307692307692 0.04326923076923077
0 0.34975961538461536 0.5661057692307693 0.016826923076923076 0.02403846153846154
0 0.3605769230769231 0.5673076923076923 0.019230769230769232 0.03365384615384615
0 0.48197115384615385 0.5793269230769231 0.026442307692307692 0.04326923076923077
0 0.25721153846153844 0.5637019230769231 0.02403846153846154 0.03365384615384615
0 0.7091346153846154 0.5949519230769231 0.016826923076923076 0.02403846153846154
0 0.3762019230769231 0.5745192307692307 0.026442307692307692 0.038461538461538464
0 0.44350961538461536 0.5841346153846154 0.021634615384615384 0.038461538461538464
0 0.042067307692307696 0.5661057692307693 0.03365384615384615 0.028846153846153848
0 0.007211538461538462 0.5637019230769231 0.014423076923076924 0.05048076923076923
0 0.5 0.6045673076923077 0.026442307692307692 0.04326923076923077
0 0.3870192307692308 0.6129807692307693 0.036057692307692304 0.04807692307692308
0 0.20432692307692307 0.6069711538461539 0.03125 0.052884615384615384
0 0.7223557692307693 0.6478365384615384 0.03125 0.04326923076923077
0 0.6490384615384616 0.6538461538461539 0.026442307692307692 0.038461538461538464
0 0.5564903846153846 0.6550480769230769 0.026442307692307692 0.04326923076923077
0 0.4387019230769231 0.6586538461538461 0.03125 0.04807692307692308
0 0.625 0.671875 0.026442307692307692 0.04807692307692308
0 0.030048076923076924 0.6298076923076923 0.04807692307692308 0.07692307692307693
0 0.515625 0.6742788461538461 0.03125 0.04326923076923077
0 0.014423076923076924 0.7512019230769231 0.028846153846153848 0.13221153846153846
0 0.6730769230769231 0.8581730769230769 0.06490384615384616 0.09134615384615384
0 0.3329326923076923 0.8389423076923077 0.07211538461538461 0.11057692307692307