0 0.13822115384615385 0.33774038461538464 0.06009615384615385 0.09615384615384616
0 0.953125 0.4411057692307692 0.019230769230769232 0.019230769230769232
0 0.9639423076923077 0.4519230769230769 0.014423076923076924 0.02403846153846154
0 0.27163461538461536 0.4230769230769231 0.019230769230769232 0.028846153846153848
0 0.8978365384615384 0.453125 0.014423076923076924 0.02403846153846154
0 0.9951923076923077 0.46153846153846156 0.007211538461538462 0.028846153846153848
0 0.5216346153846154 0.4362980769230769 0.009615384615384616 0.019230769230769232
0 0.33413461538461536 0.4266826923076923 0.014423076923076924 0.019230769230769232
0 0.8846153846153846 0.4579326923076923 0.014423076923076924 0.02403846153846154
0 0.984375 0.46274038461538464 0.009615384615384616 0.02403846153846154
0 0.7524038461538461 0.453125 0.009615384615384616 0.019230769230769232
0 0.8629807692307693 0.45913461538461536 0.019230769230769232 0.019230769230769232
0 0.9170673076923077 0.46153846153846156 0.014423076923076924 0.019230769230769232
0 0.7752403846153846 0.46153846153846156 0.019230769230769232 0.02403846153846154
0 0.8425480769230769 0.46274038461538464 0.014423076923076924 0.019230769230769232
0 0.7992788461538461 0.46033653846153844 0.009615384615384616 0.019230769230769232
0 0.8245192307692307 0.46875 0.014423076923076924 0.02403846153846154
0 0.6694711538461539 0.4579326923076923 0.009615384615384616 0.019230769230769232
0 0.8149038461538461 0.4699519230769231 0.014423076923076924 0.019230769230769232
0 0.40024038461538464 0.46274038461538464 0.019230769230769232 0.019230769230769232
0 0.29086538461538464 0.47115384615384615 0.004807692307692308 0.009615384615384616
0 0.36177884615384615 0.47716346153846156 0.009615384615384616 0.014423076923076924
0 0.5612980769230769 0.4879807692307692 0.009615384615384616 0.004807692307692308
0 0.43149038461538464 0.4807692307692308 0.009615384615384616 0.014423076923076924
0 0.45913461538461536 0.48197115384615385 0.009615384615384616 0.014423076923076924
0 0.4230769230769231 0.48197115384615385 0.009615384615384616 0.009615384615384616
0 0.7103365384615384 0.4987980769230769 0.004807692307692308 0.014423076923076924
0 0.5480769230769231 0.49038461538461536 0.014423076923076924 0.014423076923076924
0 0.24158653846153846 0.47475961538461536 0.009615384615384616 0.014423076923076924
0 0.7223557692307693 0.5 0.009615384615384616 0.014423076923076924
0 0.6947115384615384 0.49759615384615385 0.009615384615384616 0.02403846153846154
0 0.48677884615384615 0.48677884615384615 0.009615384615384616 0.014423076923076924
0 0.44471153846153844 0.49038461538461536 0.009615384615384616 0.014423076923076924
0 0.6021634615384616 0.4951923076923077 0.009615384615384616 0.009615384615384616
0 0.4795673076923077 0.4891826923076923 0.004807692307692308 0.009615384615384616
0 0.27403846153846156 0.47836538461538464 0.009615384615384616 0.009615384615384616
0 0.8076923076923077 0.5060096153846154 0.014423076923076924 0.019230769230769232
0 0.49759615384615385 0.49038461538461536 0.004807692307692308 0.009615384615384616
0 0.6478365384615384 0.49759615384615385 0.009615384615384616 0.009615384615384616
0 0.038461538461538464 0.46875 0.009615384615384616 0.014423076923076924
0 0.453125 0.49038461538461536 0.009615384615384616 0.014423076923076924
0 0.028846153846153848 0.4675480769230769 0.009615384615384616 0.014423076923076924
0 0.30649038461538464 0.4831730769230769 0.009615384615384616 0.014423076923076924
0 0.3161057692307692 0.4831730769230769 0.009615384615384616 0.014423076923076924
0 0.5721153846153846 0.4987980769230769 0.004807692307692308 0.009615384615384616
0 0.5805288461538461 0.49759615384615385 0.004807692307692308 0.014423076923076924
0 0.6370192307692307 0.5 0.004807692307692308 0.014423076923076924
0 0.859375 0.5168269230769231 0.014423076923076924 0.014423076923076924
0 0.4699519230769231 0.49399038461538464 0.004807692307692308 0.019230769230769232
0 0.7151442307692307 0.5060096153846154 0.014423076923076924 0.019230769230769232
0 0.7524038461538461 0.5084134615384616 0.014423076923076924 0.019230769230769232
0 0.4651442307692308 0.49278846153846156 0.004807692307692308 0.009615384615384616
0 0.6129807692307693 0.5012019230769231 0.004807692307692308 0.009615384615384616
0 0.5949519230769231 0.5 0.014423076923076924 0.019230769230769232
0 0.6995192307692307 0.5060096153846154 0.009615384615384616 0.019230769230769232
0 0.9735576923076923 0.5252403846153846 0.014423076923076924 0.019230769230769232
0 0.8173076923076923 0.5168269230769231 0.014423076923076924 0.019230769230769232
0 0.4951923076923077 0.5 0.009615384615384616 0.009615384615384616
0 0.9555288461538461 0.5216346153846154 0.014423076923076924 0.02403846153846154
0 0.5600961538461539 0.5012019230769231 0.009615384615384616 0.014423076923076924
0 0.6201923076923077 0.5036057692307693 0.009615384615384616 0.014423076923076924
0 0.8401442307692307 0.5204326923076923 0.014423076923076924 0.014423076923076924
0 0.6298076923076923 0.5072115384615384 0.009615384615384616 0.019230769230769232
0 0.47716346153846156 0.4987980769230769 0.009615384615384616 0.019230769230769232
0 0.5048076923076923 0.5 0.009615384615384616 0.019230769230769232
0 0.421875 0.4987980769230769 0.009615384615384616 0.014423076923076924
0 0.3545673076923077 0.49759615384615385 0.014423076923076924 0.019230769230769232
0 0.8990384615384616 0.5252403846153846 0.014423076923076924 0.019230769230769232
0 0.2980769230769231 0.4963942307692308 0.014423076923076924 0.014423076923076924
0 0.8810096153846154 0.5276442307692307 0.014423076923076924 0.02403846153846154
0 0.5733173076923077 0.5132211538461539 0.009615384615384616 0.019230769230769232
0 0.25961538461538464 0.5 0.009615384615384616 0.014423076923076924
0 0.2776442307692308 0.49759615384615385 0.009615384615384616 0.009615384615384616
0 0.4495192307692308 0.5072115384615384 0.009615384615384616 0.019230769230769232
0 0.3329326923076923 0.5012019230769231 0.009615384615384616 0.009615384615384616
0 0.8317307692307693 0.53125 0.009615384615384616 0.009615384615384616
0 0.8413461538461539 0.5300480769230769 0.009615384615384616 0.014423076923076924
0 0.8040865384615384 0.53125 0.009615384615384616 0.014423076923076924
0 0.9711538461538461 0.5408653846153846 0.019230769230769232 0.02403846153846154
0 0.24759615384615385 0.5048076923076923 0.014423076923076924 0.019230769230769232
0 0.5793269230769231 0.5216346153846154 0.014423076923076924 0.019230769230769232
0 0.7007211538461539 0.5264423076923077 0.014423076923076924 0.02403846153846154
0 0.7932692307692307 0.53125 0.014423076923076924 0.02403846153846154
0 0.31971153846153844 0.5060096153846154 0.009615384615384616 0.014423076923076924
0 0.6009615384615384 0.5228365384615384 0.009615384615384616 0.019230769230769232
0 0.7463942307692307 0.5288461538461539 0.014423076923076924 0.02403846153846154
0 0.8689903846153846 0.5372596153846154 0.009615384615384616 0.019230769230769232
0 0.34134615384615385 0.5096153846153846 0.009615384615384616 0.019230769230769232
0 0.5588942307692307 0.5216346153846154 0.009615384615384616 0.019230769230769232
0 0.41586538461538464 0.5132211538461539 0.009615384615384616 0.019230769230769232
0 0.6117788461538461 0.5240384615384616 0.016826923076923076 0.028846153846153848
0 0.6358173076923077 0.5276442307692307 0.014423076923076924 0.02403846153846154
0 0.6911057692307693 0.5300480769230769 0.004807692307692308 0.02403846153846154
0 0.3762019230769231 0.5144230769230769 0.014423076923076924 0.02403846153846154
0 0.8161057692307693 0.5396634615384616 0.014423076923076924 0.019230769230769232
0 0.8581730769230769 0.5420673076923077 0.014423076923076924 0.019230769230769232
0 0.9170673076923077 0.546875 0.014423076923076924 0.02403846153846154
0 0.4639423076923077 0.5228365384615384 0.014423076923076924 0.02403846153846154
0 0.3293269230769231 0.5168269230769231 0.014423076923076924 0.02403846153846154
0 0.3918269230769231 0.5216346153846154 0.009615384615384616 0.019230769230769232
0 0.29086538461538464 0.5168269230769231 0.009615384615384616 0.019230769230769232
0 0.4266826923076923 0.5216346153846154 0.014423076923076924 0.02403846153846154
0 0.5492788461538461 0.5276442307692307 0.009615384615384616 0.014423076923076924
0 0.27403846153846156 0.515625 0.014423076923076924 0.019230769230769232
0 0.4807692307692308 0.5264423076923077 0.009615384615384616 0.019230769230769232
0 0.7632211538461539 0.5420673076923077 0.02403846153846154 0.028846153846153848
0 0.5240384615384616 0.5288461538461539 0.014423076923076924 0.019230769230769232
0 0.4387019230769231 0.5240384615384616 0.009615384615384616 0.019230769230769232
0 0.35336538461538464 0.5228365384615384 0.014423076923076924 0.014423076923076924
0 0.3161057692307692 0.5228365384615384 0.014423076923076924 0.019230769230769232
0 0.9723557692307693 0.5649038461538461 0.02403846153846154 0.02403846153846154
0 0.8930288461538461 0.5625 0.016826923076923076 0.028846153846153848
0 0.8028846153846154 0.5552884615384616 0.019230769230769232 0.03365384615384615
0 0.3798076923076923 0.5360576923076923 0.014423076923076924 0.019230769230769232
0 0.9350961538461539 0.5673076923076923 0.014423076923076924 0.02403846153846154
0 0.33774038461538464 0.5360576923076923 0.014423076923076924 0.02403846153846154
0 0.921875 0.5697115384615384 0.009615384615384616 0.02403846153846154
0 0.6670673076923077 0.5588942307692307 0.036057692307692304 0.057692307692307696
0 0.5324519230769231 0.5516826923076923 0.014423076923076924 0.019230769230769232
0 0.24759615384615385 0.5348557692307693 0.009615384615384616 0.02403846153846154
0 0.6177884615384616 0.5540865384615384 0.019230769230769232 0.02403846153846154
0 0.4254807692307692 0.546875 0.014423076923076924 0.009615384615384616
0 0.7151442307692307 0.5612980769230769 0.019230769230769232 0.028846153846153848
0 0.47716346153846156 0.5540865384615384 0.016826923076923076 0.028846153846153848
0 0.5733173076923077 0.5661057692307693 0.014423076923076924 0.02403846153846154
0 0.2620192307692308 0.5504807692307693 0.019230769230769232 0.03365384615384615
0 0.6995192307692307 0.5757211538461539 0.019230769230769232 0.038461538461538464
0 0.40865384615384615 0.5600961538461539 0.019230769230769232 0.028846153846153848
0 0.5360576923076923 0.5697115384615384 0.016826923076923076 0.03365384615384615
0 0.9771634615384616 0.5949519230769231 0.019230769230769232 0.028846153846153848
0 0.8425480769230769 0.5901442307692307 0.040865384615384616 0.0625
0 0.3317307692307692 0.5637019230769231 0.014423076923076924 0.02403846153846154
0 0.3737980769230769 0.5685096153846154 0.02403846153846154 0.038461538461538464
0 0.9375 0.5973557692307693 0.02403846153846154 0.019230769230769232
0 0.44591346153846156 0.5745192307692307 0.019230769230769232 0.03365384615384615
0 0.8954326923076923 0.5973557692307693 0.02403846153846154 0.04326923076923077
0 0.640625 0.5841346153846154 0.014423076923076924 0.02403846153846154
0 0.6298076923076923 0.5841346153846154 0.019230769230769232 0.03365384615384615
0 0.5072115384615384 0.5805288461538461 0.02403846153846154 0.04326923076923077
0 0.7331730769230769 0.5925480769230769 0.02403846153846154 0.03365384615384615
0 0.28125 0.5697115384615384 0.014423076923076924 0.02403846153846154
0 0.6129807692307693 0.5889423076923077 0.02403846153846154 0.038461538461538464
0 0.5456730769230769 0.5901442307692307 0.019230769230769232 0.038461538461538464
0 0.9459134615384616 0.6213942307692307 0.03365384615384615 0.028846153846153848
0 0.9819711538461539 0.625 0.016826923076923076 0.05048076923076923
0 0.48677884615384615 0.6045673076923077 0.02403846153846154 0.04326923076923077
0 0.5985576923076923 0.625 0.036057692307692304 0.04807692307692308
0 0.7800480769230769 0.6418269230769231 0.03125 0.052884615384615384
0 0.2620192307692308 0.6201923076923077 0.028846153846153848 0.04326923076923077
0 0.3329326923076923 0.6346153846153846 0.02403846153846154 0.038461538461538464
0 0.4254807692307692 0.6466346153846154 0.02403846153846154 0.04326923076923077
0 0.5420673076923077 0.6646634615384616 0.03125 0.04807692307692308
0 0.3545673076923077 0.6550480769230769 0.026442307692307692 0.04807692307692308
0 0.9507211538461539 0.6862980769230769 0.04567307692307692 0.07692307692307693
0 0.46274038461538464 0.671875 0.028846153846153848 0.04326923076923077
0 0.9627403846153846 0.8112980769230769 0.05048076923076923 0.13221153846153846
0 0.2848557692307692 0.8341346153846154 0.06490384615384616 0.09134615384615384
0 0.625 0.8569711538461539 0.06971153846153846 0.11057692307692307