0 0.5625 0.08413461538461539 0.04567307692307692 0.04326923076923077
0 0.609375 0.078125 0.04326923076923077 0.04326923076923077
0 0.7620192307692307 0.06370192307692307 0.03365384615384615 0.04567307692307692
0 0.5793269230769231 0.09495192307692307 0.03365384615384615 0.05048076923076923
0 0.5661057692307693 0.004807692307692308 0.026442307692307692 0.009615384615384616
0 0.2764423076923077 0.140625 0.04807692307692308 0.052884615384615384
0 0.6959134615384616 0.08413461538461539 0.028846153846153848 0.040865384615384616
0 0.8449519230769231 0.0625 0.03365384615384615 0.040865384615384616
0 0.7199519230769231 0.0829326923076923 0.03365384615384615 0.04567307692307692
0 0.90625 0.06129807692307692 0.03365384615384615 0.040865384615384616
0 0.6694711538461539 0.09495192307692307 0.016826923076923076 0.016826923076923076
0 0.6334134615384616 0.1045673076923077 0.036057692307692304 0.03125
0 0.8701923076923077 0.07932692307692307 0.036057692307692304 0.036057692307692304
0 0.22716346153846154 0.16947115384615385 0.04807692307692308 0.04807692307692308
0 0.7608173076923077 0.09375 0.04326923076923077 0.04567307692307692
0 0.9122596153846154 0.0733173076923077 0.040865384615384616 0.03365384615384615
0 0.5396634615384616 0.12980769230769232 0.04326923076923077 0.05048076923076923
0 0.44711538461538464 0.14423076923076922 0.03365384615384615 0.040865384615384616
0 0.019230769230769232 0.20793269230769232 0.038461538461538464 0.05048076923076923
0 0.32211538461538464 0.16466346153846154 0.03365384615384615 0.05048076923076923
0 0.30408653846153844 0.16947115384615385 0.04326923076923077 0.04567307692307692
0 0.5588942307692307 0.13581730769230768 0.03365384615384615 0.040865384615384616
0 0.6646634615384616 0.12379807692307693 0.028846153846153848 0.04567307692307692
0 0.4855769230769231 0.15144230769230768 0.05048076923076923 0.06009615384615385
0 0.7175480769230769 0.11899038461538461 0.04326923076923077 0.05048076923076923
0 0.34375 0.17307692307692307 0.052884615384615384 0.052884615384615384
0 0.6057692307692307 0.13942307692307693 0.038461538461538464 0.04567307692307692
0 0.375 0.171875 0.03365384615384615 0.04567307692307692
0 0.9266826923076923 0.09375 0.04326923076923077 0.04567307692307692
0 0.6430288461538461 0.13581730769230768 0.04326923076923077 0.055288461538461536
0 0.43509615384615385 0.17067307692307693 0.04326923076923077 0.04567307692307692
0 0.0673076923076923 0.2247596153846154 0.04326923076923077 0.04326923076923077
0 0.8966346153846154 0.11057692307692307 0.04326923076923077 0.04567307692307692
0 0.7319711538461539 0.13701923076923078 0.055288461538461536 0.06009615384615385
0 0.1658653846153846 0.21634615384615385 0.038461538461538464 0.05048076923076923
0 0.8161057692307693 0.125 0.052884615384615384 0.052884615384615384
0 0.24639423076923078 0.20793269230769232 0.04567307692307692 0.06009615384615385
0 0.5204326923076923 0.17668269230769232 0.04326923076923077 0.055288461538461536
0 0.4098557692307692 0.20673076923076922 0.055288461538461536 0.06009615384615385
0 0.2536057692307692 0.05048076923076923 0.040865384615384616 0.04567307692307692
0 0.6021634615384616 0.18028846153846154 0.04807692307692308 0.04807692307692308
0 0.8737980769230769 0.1466346153846154 0.038461538461538464 0.05048076923076923
0 0.49038461538461536 0.20072115384615385 0.03365384615384615 0.052884615384615384
0 0.8052884615384616 0.15625 0.04326923076923077 0.05048076923076923
0 0.8401442307692307 0.15504807692307693 0.055288461538461536 0.06971153846153846
0 0.078125 0.2620192307692308 0.05048076923076923 0.06009615384615385
0 0.9278846153846154 0.14783653846153846 0.04326923076923077 0.04567307692307692
0 0.7548076923076923 0.17668269230769232 0.04807692307692308 0.052884615384615384
0 0.6670673076923077 0.19591346153846154 0.03365384615384615 0.05048076923076923
0 0.4387019230769231 0.026442307692307692 0.028846153846153848 0.040865384615384616
0 0.78125 0.1875 0.05048076923076923 0.06009615384615385
0 0.5288461538461539 0.22235576923076922 0.04567307692307692 0.06009615384615385
0 0.3137019230769231 0.25841346153846156 0.04326923076923077 0.055288461538461536
0 0.6923076923076923 0.20432692307692307 0.040865384615384616 0.06009615384615385
0 0.006009615384615385 0.30408653846153844 0.01201923076923077 0.055288461538461536
0 0.6298076923076923 0.21995192307692307 0.038461538461538464 0.055288461538461536
0 0.051682692307692304 0.31009615384615385 0.057692307692307696 0.0673076923076923
0 0.8269230769230769 0.20432692307692307 0.04807692307692308 0.052884615384615384
0 0.9399038461538461 0.1875 0.02403846153846154 0.04326923076923077
0 0.46875 0.2620192307692308 0.052884615384615384 0.04807692307692308
0 0.11057692307692307 0.31490384615384615 0.052884615384615384 0.057692307692307696
0 0.921875 0.2091346153846154 0.04326923076923077 0.04567307692307692
0 0.5697115384615384 0.016826923076923076 0.03365384615384615 0.03365384615384615
0 0.328125 0.046875 0.04326923076923077 0.05048076923076923
0 0.18389423076923078 0.3293269230769231 0.04326923076923077 0.05048076923076923
0 0.6682692307692307 0.2644230769230769 0.04326923076923077 0.055288461538461536
0 0.46875 0.2920673076923077 0.057692307692307696 0.0625
0 0.8076923076923077 0.2439903846153846 0.057692307692307696 0.057692307692307696
0 0.9519230769230769 0.2283653846153846 0.03365384615384615 0.04567307692307692
0 0.5805288461538461 0.28125 0.055288461538461536 0.06490384615384616
0 0.33413461538461536 0.31971153846153844 0.05048076923076923 0.06490384615384616
0 0.3016826923076923 0.3269230769230769 0.04567307692307692 0.06490384615384616
0 0.7319711538461539 0.26802884615384615 0.04807692307692308 0.055288461538461536
0 0.008413461538461538 0.3942307692307692 0.016826923076923076 0.07211538461538461
0 0.4963942307692308 0.3317307692307692 0.0625 0.057692307692307696
0 0.9447115384615384 0.27163461538461536 0.052884615384615384 0.052884615384615384
0 0.8353365384615384 0.2980769230769231 0.06009615384615385 0.07211538461538461
0 0.20793269230769232 0.0733173076923077 0.04567307692307692 0.06009615384615385
0 0.16947115384615385 0.40865384615384615 0.05048076923076923 0.06490384615384616
0 0.3004807692307692 0.3942307692307692 0.04807692307692308 0.055288461538461536
0 0.6911057692307693 0.3449519230769231 0.055288461538461536 0.06490384615384616
0 0.8028846153846154 0.006009615384615385 0.038461538461538464 0.01201923076923077
0 0.43509615384615385 0.3858173076923077 0.06009615384615385 0.07692307692307693
0 0.7019230769230769 0.013221153846153846 0.03365384615384615 0.026442307692307692
0 0.9543269230769231 0.3245192307692308 0.06009615384615385 0.07211538461538461
0 0.02403846153846154 0.4579326923076923 0.04807692307692308 0.06971153846153846
0 0.5612980769230769 0.38341346153846156 0.04807692307692308 0.055288461538461536
0 0.5228365384615384 0.03245192307692308 0.03365384615384615 0.04567307692307692
0 0.640625 0.3894230769230769 0.055288461538461536 0.06490384615384616
0 0.6814903846153846 0.013221153846153846 0.03125 0.026442307692307692
0 0.7764423076923077 0.38221153846153844 0.0625 0.0673076923076923
0 0.8870192307692307 0.375 0.055288461538461536 0.06490384615384616
0 0.5853365384615384 0.027644230769230768 0.038461538461538464 0.05048076923076923
0 0.8088942307692307 0.4170673076923077 0.0625 0.057692307692307696
0 0.9471153846153846 0.4230769230769231 0.057692307692307696 0.0673076923076923
0 0.125 0.09615384615384616 0.04326923076923077 0.05048076923076923
0 0.6430288461538461 0.02403846153846154 0.026442307692307692 0.036057692307692304
0 0.5012019230769231 0.04326923076923077 0.038461538461538464 0.040865384615384616
0 0.8221153846153846 0.4567307692307692 0.057692307692307696 0.052884615384615384
0 0.8317307692307693 0.009615384615384616 0.028846153846153848 0.019230769230769232
0 0.15504807692307693 0.5552884615384616 0.06009615384615385 0.08173076923076923
0 0.3545673076923077 0.5300480769230769 0.06009615384615385 0.07211538461538461
0 0.5288461538461539 0.5084134615384616 0.05048076923076923 0.06971153846153846
0 0.6153846153846154 0.030048076923076924 0.028846153846153848 0.040865384615384616
0 0.42788461538461536 0.056490384615384616 0.03365384615384615 0.05048076923076923
0 0.7139423076923077 0.49278846153846156 0.06971153846153846 0.08173076923076923
0 0.8076923076923077 0.49399038461538464 0.06490384615384616 0.07211538461538461
0 0.9651442307692307 0.4855769230769231 0.04807692307692308 0.055288461538461536
0 0.40625 0.06370192307692307 0.038461538461538464 0.04567307692307692
0 0.4543269230769231 0.06009615384615385 0.038461538461538464 0.055288461538461536
0 0.7668269230769231 0.02283653846153846 0.04807692307692308 0.04567307692307692
0 0.08173076923076923 0.1141826923076923 0.04326923076923077 0.055288461538461536
0 0.19110576923076922 0.6538461538461539 0.055288461538461536 0.06971153846153846
0 0.0889423076923077 0.6838942307692307 0.06971153846153846 0.07692307692307693
0 0.7944711538461539 0.5853365384615384 0.06971153846153846 0.07211538461538461
0 0.6802884615384616 0.6009615384615384 0.07451923076923077 0.08653846153846154
0 0.5336538461538461 0.6237980769230769 0.05048076923076923 0.06971153846153846
0 0.359375 0.6838942307692307 0.057692307692307696 0.0625
0 0.6730769230769231 0.040865384615384616 0.03125 0.03125
0 0.5540865384615384 0.6838942307692307 0.06971153846153846 0.07211538461538461
0 0.8942307692307693 0.6418269230769231 0.06009615384615385 0.07211538461538461
0 0.9675480769230769 0.6298076923076923 0.06490384615384616 0.0673076923076923
0 0.6081730769230769 0.05048076923076923 0.04567307692307692 0.04326923076923077
0 0.06009615384615385 0.8209134615384616 0.04807692307692308 0.07932692307692307
0 0.9759615384615384 0.6971153846153846 0.04807692307692308 0.07692307692307693
0 0.8076923076923077 0.7319711538461539 0.07451923076923077 0.07692307692307693
0 0.8545673076923077 0.02403846153846154 0.028846153846153848 0.040865384615384616
0 0.6959134615384616 0.046875 0.028846153846153848 0.040865384615384616
0 0.34975961538461536 0.8137019230769231 0.06490384615384616 0.08413461538461539
0 0.59375 0.8076923076923077 0.06009615384615385 0.07211538461538461
0 0.5180288461538461 0.07572115384615384 0.03365384615384615 0.04567307692307692
0 0.35697115384615385 0.0985576923076923 0.05048076923076923 0.06009615384615385
0 0.7151442307692307 0.8137019230769231 0.08413461538461539 0.08413461538461539
0 0.5456730769230769 0.004807692307692308 0.02403846153846154 0.009615384615384616
0 0.019230769230769232 0.14783653846153846 0.038461538461538464 0.05048076923076923
0 0.8028846153846154 0.04326923076923077 0.03365384615384615 0.04567307692307692
0 0.6610576923076923 0.06370192307692307 0.026442307692307692 0.036057692307692304