0 0.1622596153846154 0.04807692307692308 0.06971153846153846 0.09615384615384616
0 0.5348557692307693 0.10576923076923077 0.07692307692307693 0.11778846153846154
0 0.2283653846153846 0.06850961538461539 0.0673076923076923 0.0985576923076923
0 0.9639423076923077 0.2127403846153846 0.07211538461538461 0.11298076923076923
0 0.46033653846153844 0.013221153846153846 0.05048076923076923 0.026442307692307692
0 0.5877403846153846 0.026442307692307692 0.05048076923076923 0.04326923076923077
0 0.8040865384615384 0.23317307692307693 0.07451923076923077 0.0985576923076923
0 0.6298076923076923 0.21875 0.07211538461538461 0.10817307692307693
0 0.5552884615384616 0.2403846153846154 0.07692307692307693 0.12740384615384615
0 0.30649038461538464 0.2091346153846154 0.09134615384615384 0.11057692307692307
0 0.09014423076923077 0.18028846153846154 0.07211538461538461 0.12740384615384615
0 0.8533653846153846 0.34134615384615385 0.08173076923076923 0.10817307692307693
0 0.9699519230769231 0.36658653846153844 0.06009615384615385 0.11778846153846154
0 0.6298076923076923 0.32572115384615385 0.08173076923076923 0.09134615384615384
0 0.4831730769230769 0.3076923076923077 0.07932692307692307 0.125
0 0.33653846153846156 0.020432692307692308 0.057692307692307696 0.040865384615384616
0 0.3701923076923077 0.3173076923076923 0.08173076923076923 0.07451923076923077
0 0.040865384615384616 0.2932692307692308 0.04807692307692308 0.11538461538461539
0 0.20432692307692307 0.33052884615384615 0.07451923076923077 0.10817307692307693
0 0.7560096153846154 0.44471153846153844 0.07451923076923077 0.11538461538461539
0 0.8966346153846154 0.4735576923076923 0.07932692307692307 0.11057692307692307
0 0.6213942307692307 0.44711538461538464 0.07932692307692307 0.10336538461538461
0 0.3473557692307692 0.4230769230769231 0.0889423076923077 0.11778846153846154
0 0.4483173076923077 0.453125 0.07692307692307693 0.11778846153846154
0 0.1814903846153846 0.4170673076923077 0.06971153846153846 0.0889423076923077
0 0.08653846153846154 0.016826923076923076 0.052884615384615384 0.03365384615384615
0 0.038461538461538464 0.44350961538461536 0.07451923076923077 0.12259615384615384
0 0.9495192307692307 0.5997596153846154 0.09134615384615384 0.12259615384615384
0 0.8004807692307693 0.5925480769230769 0.08173076923076923 0.11538461538461539
0 0.6502403846153846 0.59375 0.08173076923076923 0.125
0 0.15745192307692307 0.5516826923076923 0.0985576923076923 0.13942307692307693
0 0.46033653846153844 0.6189903846153846 0.09615384615384616 0.14182692307692307
0 0.9555288461538461 0.6947115384615384 0.055288461538461536 0.10336538461538461
0 0.3137019230769231 0.6153846153846154 0.0985576923076923 0.11298076923076923
0 0.8774038461538461 0.7536057692307693 0.10576923076923077 0.12259615384615384
0 0.6923076923076923 0.7307692307692307 0.10576923076923077 0.15144230769230768
0 0.8461538461538461 0.11778846153846154 0.07211538461538461 0.10576923076923077
0 0.38100961538461536 0.056490384615384616 0.08413461538461539 0.11298076923076923
0 0.5096153846153846 0.7716346153846154 0.08653846153846154 0.12740384615384615
0 0.6802884615384616 0.0985576923076923 0.08173076923076923 0.11778846153846154
0 0.3088942307692308 0.7512019230769231 0.11057692307692307 0.1466346153846154
0 0.19831730769230768 0.7764423076923077 0.08413461538461539 0.10576923076923077
0 0.015625 0.7764423076923077 0.03125 0.14903846153846154