0 0.3798076923076923 0.36538461538461536 0.18028846153846154 0.23557692307692307
0 0.7560096153846154 0.3449519230769231 0.18028846153846154 0.19471153846153846
0 0.22235576923076922 0.5384615384615384 0.19230769230769232 0.27884615384615385
0 0.8653846153846154 0.028846153846153848 0.125 0.057692307692307696
0 0.037259615384615384 0.11778846153846154 0.07451923076923077 0.1201923076923077
0 0.6310096153846154 0.5673076923076923 0.24278846153846154 0.2860576923076923
0 0.21394230769230768 0.09615384615384616 0.10817307692307693 0.13221153846153846
0 0.6153846153846154 0.06370192307692307 0.15865384615384615 0.12740384615384615
0 0.6334134615384616 0.8149038461538461 0.27403846153846156 0.28125
0 0.19591346153846154 0.9350961538461539 0.24278846153846154 0.12980769230769232
0 0.35697115384615385 0.12740384615384615 0.1658653846153846 0.22115384615384615
0 0.24639423076923078 0.23798076923076922 0.125 0.1875
0 0.7439903846153846 0.17067307692307693 0.1875 0.1201923076923077