0 0.921875 0.140625 0.027644230769230768 0.03245192307692308
0 0.6021634615384616 0.14302884615384615 0.027644230769230768 0.042067307692307696
0 0.5649038461538461 0.1502403846153846 0.042067307692307696 0.042067307692307696
0 0.47716346153846156 0.1502403846153846 0.05048076923076923 0.046875
0 0.7872596153846154 0.15264423076923078 0.027644230769230768 0.03245192307692308
0 0.1971153846153846 0.15264423076923078 0.02283653846153846 0.03245192307692308
0 0.11778846153846154 0.15264423076923078 0.02283653846153846 0.042067307692307696
0 0.8774038461538461 0.15264423076923078 0.037259615384615384 0.046875
0 0.13942307692307693 0.15504807692307693 0.027644230769230768 0.042067307692307696
0 0.26802884615384615 0.1622596153846154 0.03245192307692308 0.03245192307692308
0 0.421875 0.1622596153846154 0.02283653846153846 0.046875
0 0.6995192307692307 0.1622596153846154 0.037259615384615384 0.03245192307692308
0 0.23557692307692307 0.16947115384615385 0.027644230769230768 0.046875
0 0.171875 0.171875 0.018028846153846152 0.03245192307692308
0 0.9098557692307693 0.171875 0.03245192307692308 0.042067307692307696
0 0.8197115384615384 0.17307692307692307 0.03245192307692308 0.03245192307692308
0 0.7752403846153846 0.17307692307692307 0.027644230769230768 0.03245192307692308
0 0.6322115384615384 0.17548076923076922 0.027644230769230768 0.042067307692307696
0 0.734375 0.17548076923076922 0.027644230769230768 0.037259615384615384
0 0.5649038461538461 0.18509615384615385 0.03245192307692308 0.05048076923076923
0 0.44471153846153844 0.1971153846153846 0.046875 0.055288461538461536
0 0.9855769230769231 0.20552884615384615 0.027644230769230768 0.06490384615384616
0 0.703125 0.2127403846153846 0.042067307692307696 0.046875
0 0.203125 0.23197115384615385 0.03245192307692308 0.05048076923076923
0 0.6225961538461539 0.234375 0.037259615384615384 0.06009615384615385
0 0.7776442307692307 0.234375 0.046875 0.06971153846153846
0 0.24278846153846154 0.23798076923076922 0.037259615384615384 0.055288461538461536
0 0.5721153846153846 0.23798076923076922 0.05048076923076923 0.06490384615384616
0 0.9603365384615384 0.25 0.042067307692307696 0.06009615384615385
0 0.020432692307692308 0.2608173076923077 0.040865384615384616 0.0985576923076923
0 0.9230769230769231 0.2776442307692308 0.05048076923076923 0.06971153846153846
0 0.07211538461538461 0.28725961538461536 0.06490384615384616 0.07451923076923077
0 0.7151442307692307 0.28966346153846156 0.05048076923076923 0.07451923076923077
0 0.5048076923076923 0.2920673076923077 0.046875 0.06009615384615385
0 0.45552884615384615 0.29447115384615385 0.055288461538461536 0.08774038461538461
0 0.8100961538461539 0.296875 0.06009615384615385 0.08774038461538461
0 0.19951923076923078 0.3004807692307692 0.042067307692307696 0.05048076923076923
0 0.6694711538461539 0.3076923076923077 0.046875 0.06971153846153846
0 0.14302884615384615 0.31490384615384615 0.06009615384615385 0.05048076923076923
0 0.2800480769230769 0.31971153846153844 0.046875 0.055288461538461536
0 0.5576923076923077 0.32211538461538464 0.037259615384615384 0.06490384615384616
0 0.9002403846153846 0.328125 0.05048076923076923 0.078125
0 0.5048076923076923 0.3329326923076923 0.05048076923076923 0.0829326923076923
0 0.16706730769230768 0.3329326923076923 0.046875 0.05048076923076923
0 0.02283653846153846 0.3545673076923077 0.04567307692307692 0.05048076923076923
0 0.953125 0.36538461538461536 0.05048076923076923 0.08774038461538461
0 0.140625 0.36538461538461536 0.055288461538461536 0.05048076923076923
0 0.9879807692307693 0.36538461538461536 0.02283653846153846 0.07451923076923077
0 0.7704326923076923 0.38221153846153844 0.06009615384615385 0.078125
0 0.20552884615384615 0.38461538461538464 0.055288461538461536 0.06971153846153846
0 0.8245192307692307 0.390625 0.07451923076923077 0.09254807692307693
0 0.5480769230769231 0.3954326923076923 0.06009615384615385 0.0829326923076923
0 0.3173076923076923 0.4026442307692308 0.055288461538461536 0.0829326923076923
0 0.4675480769230769 0.4050480769230769 0.06009615384615385 0.08774038461538461
0 0.125 0.41466346153846156 0.042067307692307696 0.046875
0 0.03485576923076923 0.41947115384615385 0.055288461538461536 0.06971153846153846
0 0.26802884615384615 0.4375 0.055288461538461536 0.078125
0 0.3545673076923077 0.44471153846153844 0.078125 0.09735576923076923
0 0.8449519230769231 0.44711538461538464 0.0829326923076923 0.06971153846153846
0 0.6502403846153846 0.4495192307692308 0.05048076923076923 0.078125
0 0.9471153846153846 0.4651442307692308 0.06009615384615385 0.078125
0 0.12980769230769232 0.4675480769230769 0.055288461538461536 0.07451923076923077
0 0.21754807692307693 0.4699519230769231 0.07451923076923077 0.10216346153846154
0 0.9050480769230769 0.4723557692307692 0.05048076923076923 0.07451923076923077
0 0.44471153846153844 0.47716346153846156 0.06490384615384616 0.09254807692307693
0 0.07451923076923077 0.49038461538461536 0.06009615384615385 0.08774038461538461
0 0.8425480769230769 0.5024038461538461 0.06490384615384616 0.09735576923076923
0 0.5649038461538461 0.515625 0.07451923076923077 0.11057692307692307
0 0.17548076923076922 0.515625 0.078125 0.11057692307692307
0 0.25 0.5180288461538461 0.046875 0.06490384615384616
0 0.2980769230769231 0.5228365384615384 0.06009615384615385 0.08774038461538461
0 0.6370192307692307 0.5228365384615384 0.055288461538461536 0.08774038461538461
0 0.6947115384615384 0.5276442307692307 0.06009615384615385 0.09735576923076923
0 0.03245192307692308 0.5300480769230769 0.06009615384615385 0.08774038461538461
0 0.9230769230769231 0.5504807692307693 0.06490384615384616 0.11057692307692307
0 0.5180288461538461 0.5552884615384616 0.05048076923076923 0.08774038461538461
0 0.4675480769230769 0.5721153846153846 0.06009615384615385 0.08774038461538461
0 0.9855769230769231 0.6298076923076923 0.027644230769230768 0.09735576923076923
0 0.8269230769230769 0.6298076923076923 0.07451923076923077 0.1201923076923077
0 0.03245192307692308 0.6370192307692307 0.06490384615384616 0.11538461538461539
0 0.7776442307692307 0.671875 0.0829326923076923 0.1201923076923077
0 0.6322115384615384 0.6995192307692307 0.09254807692307693 0.10216346153846154