0 0.5925480769230769 0.18990384615384615 0.03365384615384615 0.055288461538461536
0 0.7199519230769231 0.20793269230769232 0.038461538461538464 0.055288461538461536
0 0.8521634615384616 0.20793269230769232 0.03365384615384615 0.05048076923076923
0 0.390625 0.21033653846153846 0.038461538461538464 0.06009615384615385
0 0.0673076923076923 0.2127403846153846 0.038461538461538464 0.06009615384615385
0 0.5120192307692307 0.21514423076923078 0.03365384615384615 0.05048076923076923
0 0.6502403846153846 0.21754807692307693 0.038461538461538464 0.06009615384615385
0 0.7896634615384616 0.21754807692307693 0.038461538461538464 0.06009615384615385
0 0.14783653846153846 0.21995192307692307 0.03365384615384615 0.06009615384615385
0 0.44711538461538464 0.22235576923076922 0.038461538461538464 0.055288461538461536
0 0.31009615384615385 0.22235576923076922 0.03365384615384615 0.04807692307692308
0 0.23798076923076922 0.2247596153846154 0.03365384615384615 0.06009615384615385
0 0.9194711538461539 0.2247596153846154 0.03365384615384615 0.05048076923076923
0 0.7776442307692307 0.2824519230769231 0.03365384615384615 0.05048076923076923
0 0.6947115384615384 0.2920673076923077 0.03365384615384615 0.055288461538461536
0 0.3004807692307692 0.2920673076923077 0.038461538461538464 0.055288461538461536
0 0.9326923076923077 0.29447115384615385 0.028846153846153848 0.055288461538461536
0 0.859375 0.3004807692307692 0.03365384615384615 0.055288461538461536
0 0.4026442307692308 0.3076923076923077 0.03365384615384615 0.06009615384615385
0 0.49038461538461536 0.31009615384615385 0.03365384615384615 0.055288461538461536
0 0.2403846153846154 0.3245192307692308 0.04326923076923077 0.06971153846153846
0 0.11057692307692307 0.3269230769230769 0.03365384615384615 0.055288461538461536
0 0.7271634615384616 0.03485576923076923 0.03365384615384615 0.055288461538461536
0 0.8052884615384616 0.03485576923076923 0.038461538461538464 0.06009615384615385
0 0.8004807692307693 0.3798076923076923 0.038461538461538464 0.06009615384615385
0 0.6754807692307693 0.390625 0.028846153846153848 0.05048076923076923
0 0.5949519230769231 0.390625 0.028846153846153848 0.055288461538461536
0 0.8774038461538461 0.39302884615384615 0.028846153846153848 0.055288461538461536
0 0.5552884615384616 0.3954326923076923 0.03365384615384615 0.04807692307692308
0 0.33052884615384615 0.39783653846153844 0.03365384615384615 0.055288461538461536
0 0.42788461538461536 0.39783653846153844 0.03365384615384615 0.055288461538461536
0 0.9579326923076923 0.40024038461538464 0.04326923076923077 0.06490384615384616
0 0.140625 0.046875 0.038461538461538464 0.055288461538461536
0 0.5072115384615384 0.4699519230769231 0.03365384615384615 0.06490384615384616
0 0.953125 0.4723557692307692 0.038461538461538464 0.055288461538461536
0 0.8125 0.47716346153846156 0.038461538461538464 0.06009615384615385
0 0.75 0.47716346153846156 0.038461538461538464 0.055288461538461536
0 0.38461538461538464 0.4795673076923077 0.038461538461538464 0.055288461538461536
0 0.15504807692307693 0.4795673076923077 0.04326923076923077 0.06009615384615385
0 0.8930288461538461 0.48197115384615385 0.038461538461538464 0.06009615384615385
0 0.6754807692307693 0.48197115384615385 0.04326923076923077 0.06009615384615385
0 0.018028846153846152 0.484375 0.028846153846153848 0.07692307692307693
0 0.5649038461538461 0.484375 0.03365384615384615 0.055288461538461536
0 0.44711538461538464 0.49038461538461536 0.028846153846153848 0.055288461538461536
0 0.22235576923076922 0.49038461538461536 0.03365384615384615 0.06009615384615385
0 0.6153846153846154 0.4951923076923077 0.038461538461538464 0.06490384615384616
0 0.31009615384615385 0.4951923076923077 0.038461538461538464 0.06490384615384616
0 0.09014423076923077 0.4951923076923077 0.038461538461538464 0.06009615384615385
0 0.046875 0.05048076923076923 0.028846153846153848 0.06009615384615385
0 0.1971153846153846 0.052884615384615384 0.028846153846153848 0.055288461538461536
0 0.921875 0.5552884615384616 0.038461538461538464 0.06490384615384616
0 0.5228365384615384 0.057692307692307696 0.03365384615384615 0.055288461538461536
0 0.7704326923076923 0.5805288461538461 0.028846153846153848 0.055288461538461536
0 0.44711538461538464 0.5829326923076923 0.028846153846153848 0.06009615384615385
0 0.29447115384615385 0.5901442307692307 0.038461538461538464 0.06009615384615385
0 0.6322115384615384 0.5925480769230769 0.038461538461538464 0.06009615384615385
0 0.09014423076923077 0.5925480769230769 0.03365384615384615 0.05048076923076923
0 0.13942307692307693 0.5973557692307693 0.04326923076923077 0.07451923076923077
0 0.5072115384615384 0.6045673076923077 0.028846153846153848 0.055288461538461536
0 0.6971153846153846 0.6694711538461539 0.038461538461538464 0.06490384615384616
0 0.8954326923076923 0.671875 0.038461538461538464 0.06009615384615385
0 0.9603365384615384 0.6754807692307693 0.028846153846153848 0.06009615384615385
0 0.02283653846153846 0.6802884615384616 0.04326923076923077 0.06490384615384616
0 0.5396634615384616 0.6826923076923077 0.038461538461538464 0.07451923076923077
0 0.078125 0.6826923076923077 0.04326923076923077 0.06971153846153846
0 0.6177884615384616 0.6850961538461539 0.038461538461538464 0.05048076923076923
0 0.23197115384615385 0.6875 0.04326923076923077 0.06490384615384616
0 0.1622596153846154 0.6875 0.038461538461538464 0.06490384615384616
0 0.7548076923076923 0.6923076923076923 0.038461538461538464 0.06971153846153846
0 0.44471153846153844 0.6947115384615384 0.038461538461538464 0.06490384615384616
0 0.3629807692307692 0.6971153846153846 0.03365384615384615 0.06009615384615385
0 0.29447115384615385 0.703125 0.04326923076923077 0.06490384615384616
0 0.7103365384615384 0.7824519230769231 0.03365384615384615 0.06971153846153846
0 0.6346153846153846 0.7824519230769231 0.038461538461538464 0.06971153846153846
0 0.38461538461538464 0.7896634615384616 0.038461538461538464 0.06971153846153846
0 0.859375 0.7896634615384616 0.03365384615384615 0.07451923076923077
0 0.234375 0.7980769230769231 0.03365384615384615 0.05048076923076923
0 0.8076923076923077 0.8004807692307693 0.038461538461538464 0.07451923076923077
0 0.28725961538461536 0.8028846153846154 0.038461538461538464 0.06971153846153846
0 0.030048076923076924 0.8052884615384616 0.04326923076923077 0.06490384615384616
0 0.08774038461538461 0.8125 0.038461538461538464 0.06009615384615385
0 0.16947115384615385 0.8149038461538461 0.038461538461538464 0.06009615384615385
0 0.9651442307692307 0.8197115384615384 0.04326923076923077 0.06490384615384616
0 0.4795673076923077 0.8305288461538461 0.04326923076923077 0.07451923076923077
0 0.4326923076923077 0.0829326923076923 0.03365384615384615 0.06009615384615385
0 0.5396634615384616 0.890625 0.04326923076923077 0.055288461538461536
0 0.6069711538461539 0.9002403846153846 0.04326923076923077 0.06490384615384616
0 0.8125 0.9050480769230769 0.038461538461538464 0.07692307692307693
0 0.296875 0.9074519230769231 0.04326923076923077 0.06490384615384616
0 0.734375 0.9170673076923077 0.038461538461538464 0.07692307692307693
0 0.46033653846153844 0.921875 0.038461538461538464 0.055288461538461536
0 0.15264423076923078 0.9747596153846154 0.038461538461538464 0.04807692307692308
0 0.9615384615384616 0.9783653846153846 0.038461538461538464 0.04326923076923077
0 0.6730769230769231 0.9807692307692307 0.03365384615384615 0.038461538461538464
0 0.7475961538461539 0.9879807692307693 0.04326923076923077 0.019230769230769232
0 0.328125 0.9879807692307693 0.03365384615384615 0.019230769230769232
0 0.7620192307692307 0.10697115384615384 0.03365384615384615 0.055288461538461536
0 0.5805288461538461 0.10697115384615384 0.038461538461538464 0.06490384615384616
0 0.4170673076923077 0.1201923076923077 0.03365384615384615 0.06490384615384616
0 0.8725961538461539 0.1201923076923077 0.03365384615384615 0.06009615384615385
0 0.6995192307692307 0.12259615384615384 0.03365384615384615 0.055288461538461536
0 0.9375 0.12980769230769232 0.03365384615384615 0.055288461538461536
0 0.1201923076923077 0.13221153846153846 0.028846153846153848 0.05048076923076923
0 0.18990384615384615 0.1346153846153846 0.038461538461538464 0.04807692307692308
0 0.4675480769230769 0.1346153846153846 0.028846153846153848 0.055288461538461536
0 0.26802884615384615 0.14302884615384615 0.038461538461538464 0.055288461538461536