0 0.625 0.23984375 0.0375 0.05
0 0.1296875 0.30078125 0.028125 0.0390625
0 0.690625 0.234375 0.0328125 0.0484375
0 0.19375 0.3046875 0.0328125 0.0484375
0 0.73671875 0.240625 0.0328125 0.0484375
0 0.31171875 0.29453125 0.0328125 0.040625
0 0.4015625 0.2859375 0.0296875 0.053125
0 0.7703125 0.0078125 0.0375 0.015625
0 0.81015625 0.00546875 0.0328125 0.0109375
0 0.95625 0.2265625 0.0265625 0.0625
0 0.065625 0.078125 0.028125 0.0484375
0 0.83046875 0.246875 0.0390625 0.059375
0 0.87890625 0.2453125 0.028125 0.0484375
0 0.47421875 0.309375 0.028125 0.0484375
0 0.3421875 0.04609375 0.028125 0.0390625
0 0.5375 0.31328125 0.0328125 0.0484375
0 0.6125 0.31171875 0.034375 0.053125
0 0.67890625 0.32109375 0.028125 0.0390625
0 0.37578125 0.36328125 0.0328125 0.040625
0 0.7875 0.31484375 0.0328125 0.0484375
0 0.859375 0.30859375 0.0375 0.0453125
0 0.2390625 0.3875 0.028125 0.04375
0 0.1546875 0.07578125 0.0328125 0.04375
0 0.26171875 0.39609375 0.028125 0.04375
0 0.0390625 0.43046875 0.0421875 0.05
0 0.31953125 0.39609375 0.028125 0.0390625
0 0.86328125 0.00546875 0.0328125 0.0109375
0 0.12578125 0.43203125 0.0375 0.0546875
0 0.44296875 0.39296875 0.0328125 0.04375
0 0.61953125 0.37109375 0.0328125 0.0484375
0 0.45078125 0.04140625 0.034375 0.053125
0 0.19296875 0.43046875 0.0328125 0.040625
0 0.38125 0.4078125 0.0328125 0.0484375
0 0.69609375 0.36875 0.028125 0.04375
0 0.003125 0.45703125 0.00625 0.0296875
0 0.28828125 0.43203125 0.03125 0.03125
0 0.02734375 0.46875 0.0328125 0.0484375
0 0.56328125 0.403125 0.0375 0.0453125
0 0.25625 0.45078125 0.028125 0.0484375
0 0.178125 0.4625 0.034375 0.053125
0 0.86328125 0.38046875 0.028125 0.04375
0 0.07578125 0.4796875 0.0421875 0.05
0 0.62109375 0.02578125 0.028125 0.04375
0 0.8015625 0.39296875 0.0328125 0.0484375
0 0.33984375 0.45234375 0.0328125 0.04375
0 0.66015625 0.41953125 0.028125 0.04375
0 0.71015625 0.42265625 0.03125 0.0359375
0 0.45546875 0.45703125 0.03125 0.0625
0 0.7375 0.42421875 0.0328125 0.0484375
0 0.01796875 0.5140625 0.0359375 0.059375
0 0.30390625 0.4796875 0.0296875 0.053125
0 0.48125 0.4609375 0.0328125 0.0484375
0 0.2078125 0.07890625 0.028125 0.0390625
0 0.86796875 0.42265625 0.0375 0.0546875
0 0.59765625 0.46171875 0.028125 0.0484375
0 0.67890625 0.459375 0.0359375 0.040625
0 0.3375 0.50546875 0.04375 0.059375
0 0.128125 0.53125 0.046875 0.0515625
0 0.55703125 0.03828125 0.028125 0.0390625
0 0.79765625 0.45625 0.0328125 0.040625
0 0.9296875 0.446875 0.0390625 0.0640625
0 0.21328125 0.53984375 0.04375 0.0640625
0 0.48203125 0.509375 0.0375 0.0546875
0 0.871875 0.46875 0.0375 0.0546875
0 0.65390625 0.4953125 0.04375 0.0640625
0 0.71171875 0.490625 0.0296875 0.053125
0 0.03515625 0.58515625 0.0390625 0.0640625
0 0.15390625 0.584375 0.0375 0.0546875
0 0.171875 0.0921875 0.021875 0.025
0 0.90859375 0.50078125 0.0453125 0.0828125
0 0.80390625 0.52578125 0.04375 0.059375
0 0.971875 0.5046875 0.0484375 0.0640625
0 0.71015625 0.0265625 0.021875 0.034375
0 0.50546875 0.05390625 0.028125 0.0484375
0 0.01875 0.11328125 0.0328125 0.0484375
0 0.11015625 0.10234375 0.028125 0.0484375
0 0.8875 0.55703125 0.053125 0.0703125
0 0.17421875 0.6609375 0.05 0.078125
0 0.0640625 0.69140625 0.0578125 0.0703125
0 0.265625 0.09296875 0.0234375 0.04375
0 0.87734375 0.6328125 0.05625 0.09375
0 0.3 0.70859375 0.0546875 0.084375
0 0.978125 0.64765625 0.04375 0.0921875
0 0.4703125 0.71171875 0.0609375 0.0890625
0 0.775 0.6859375 0.0671875 0.103125
0 0.1921875 0.77109375 0.0625 0.1015625
0 0.31484375 0.09375 0.0265625 0.034375
0 0.66015625 0.7203125 0.065625 0.09375
0 0.103125 0.80078125 0.0703125 0.0953125
0 0.7125 0.74921875 0.0734375 0.1171875
0 0.375 0.09140625 0.028125 0.0484375
0 0.8625 0.7359375 0.0625 0.1015625
0 0.45546875 0.7859375 0.05625 0.0890625
0 0.9953125 0.74140625 0.009375 0.0921875
0 0.66953125 0.05703125 0.028125 0.0390625
0 0.77578125 0.046875 0.0375 0.05
0 0.40390625 0.8609375 0.0671875 0.103125
0 0.77890625 0.815625 0.071875 0.1078125
0 0.85234375 0.0421875 0.034375 0.0578125
0 0.5953125 0.0796875 0.028125 0.0484375
0 0.9328125 0.040625 0.0265625 0.0671875
0 0.54453125 0.08828125 0.028125 0.04375
0 0.53671875 0.9765625 0.0734375 0.046875
0 0.36328125 0.9875 0.0515625 0.025
0 0.43984375 0.10390625 0.028125 0.04375
0 0.0359375 0.15546875 0.03125 0.0359375
0 0.8953125 0.05 0.0328125 0.0484375
0 0.09609375 0.15546875 0.0375 0.0546875
0 0.3 0.0328125 0.021875 0.025
0 0.74921875 0.0796875 0.0375 0.05
0 0.271875 0.14296875 0.0328125 0.04375
0 0.49453125 0.11796875 0.0328125 0.04375
0 0.134375 0.1625 0.028125 0.0390625
0 0.25703125 0.040625 0.03125 0.03125
0 0.81015625 0.08671875 0.0328125 0.0484375
0 0.3953125 0.0234375 0.03125 0.03125
0 0.19921875 0.16171875 0.0328125 0.04375
0 0.66171875 0.10703125 0.0234375 0.0390625
0 0.20390625 0.046875 0.021875 0.0296875
0 0.59921875 0.00703125 0.0265625 0.0140625
0 0.70625 0.10859375 0.0375 0.05
0 0.8671875 0.09609375 0.0375 0.0546875
0 0.34453125 0.16015625 0.028125 0.0484375
0 0.40625 0.15234375 0.028125 0.04375
0 0.03671875 0.20234375 0.034375 0.053125
0 0.515625 0.1546875 0.0234375 0.04375
0 0.459375 0.16640625 0.028125 0.04375
0 0.92421875 0.1140625 0.0390625 0.059375
0 0.1390625 0.2203125 0.034375 0.053125
0 0.646875 0.1578125 0.028125 0.04375
0 0.5859375 0.17265625 0.028125 0.04375
0 0.69609375 0.15859375 0.0234375 0.0390625
0 0.234375 0.21796875 0.028125 0.04375
0 0.09921875 0.2390625 0.0375 0.0546875
0 0.759375 0.16015625 0.0375 0.0546875
0 0.41015625 0.20546875 0.0296875 0.053125
0 0.15546875 0.2390625 0.028125 0.04375
0 0.275 0.2265625 0.028125 0.04375
0 0.35234375 0.2265625 0.028125 0.0484375
0 0.55625 0.21328125 0.0328125 0.040625
0 0.8203125 0.1828125 0.0390625 0.0640625
0 0.4640625 0.22890625 0.028125 0.04375
0 0.91328125 0.178125 0.028125 0.0390625
0 0.325 0.25546875 0.0328125 0.04375
0 0.85625 0.1921875 0.0375 0.0546875
0 0.0703125 0.29140625 0.034375 0.053125
0 0.0109375 0.3046875 0.021875 0.059375
0 0.246875 0.2765625 0.028125 0.0484375