0 0.390625 0.1201923076923077 0.052884615384615384 0.06490384615384616
0 0.20192307692307693 0.14302884615384615 0.06490384615384616 0.08173076923076923
0 0.5853365384615384 0.109375 0.03365384615384615 0.057692307692307696
0 0.4987980769230769 0.125 0.052884615384615384 0.06009615384615385
0 0.42427884615384615 0.13341346153846154 0.05048076923076923 0.07451923076923077
0 0.33052884615384615 0.14543269230769232 0.055288461538461536 0.07451923076923077
0 0.5661057692307693 0.12860576923076922 0.055288461538461536 0.07451923076923077
0 0.9459134615384616 0.1045673076923077 0.021634615384615384 0.03365384615384615
0 0.6526442307692307 0.14302884615384615 0.04807692307692308 0.055288461538461536
0 0.07211538461538461 0.21995192307692307 0.08173076923076923 0.11057692307692307
0 0.4050480769230769 0.18509615384615385 0.055288461538461536 0.07451923076923077
0 0.9026442307692307 0.12860576923076922 0.03125 0.026442307692307692
0 0.8653846153846154 0.13581730769230768 0.03125 0.036057692307692304
0 0.13942307692307693 0.2247596153846154 0.09615384615384616 0.11538461538461539
0 0.7103365384615384 0.16466346153846154 0.04326923076923077 0.06490384615384616
0 0.8257211538461539 0.15504807692307693 0.038461538461538464 0.05048076923076923
0 0.7836538461538461 0.1622596153846154 0.038461538461538464 0.052884615384615384
0 0.9423076923076923 0.14543269230769232 0.026442307692307692 0.036057692307692304
0 0.9074519230769231 0.15264423076923078 0.026442307692307692 0.040865384615384616
0 0.875 0.16706730769230768 0.03125 0.040865384615384616
0 0.8557692307692307 0.171875 0.036057692307692304 0.040865384615384616
0 0.7620192307692307 0.1875 0.038461538461538464 0.05048076923076923
0 0.8016826923076923 0.1875 0.026442307692307692 0.040865384615384616
0 0.6622596153846154 0.20793269230769232 0.057692307692307696 0.06971153846153846
0 0.5612980769230769 0.22235576923076922 0.06009615384615385 0.08413461538461539
0 0.8293269230769231 0.2283653846153846 0.04807692307692308 0.06490384615384616
0 0.6826923076923077 0.24639423076923078 0.055288461538461536 0.06971153846153846
0 0.8713942307692307 0.22596153846153846 0.04807692307692308 0.06009615384615385
0 0.7944711538461539 0.23918269230769232 0.05048076923076923 0.07451923076923077
0 0.9399038461538461 0.22235576923076922 0.04326923076923077 0.055288461538461536
0 0.15384615384615385 0.3233173076923077 0.06971153846153846 0.08413461538461539
0 0.4579326923076923 0.2860576923076923 0.06490384615384616 0.09375
0 0.30649038461538464 0.3161057692307692 0.07692307692307693 0.10336538461538461
0 0.7007211538461539 0.3112980769230769 0.0673076923076923 0.0625
0 0.8449519230769231 0.3088942307692308 0.07932692307692307 0.08653846153846154
0 0.9663461538461539 0.3233173076923077 0.03365384615384615 0.03125
0 0.9254807692307693 0.33653846153846156 0.057692307692307696 0.06971153846153846
0 0.7235576923076923 0.3894230769230769 0.06971153846153846 0.09375
0 0.5865384615384616 0.42908653846153844 0.08173076923076923 0.11057692307692307
0 0.9747596153846154 0.39302884615384615 0.040865384615384616 0.0889423076923077
0 0.4423076923076923 0.4651442307692308 0.08653846153846154 0.11778846153846154
0 0.026442307692307692 0.5168269230769231 0.052884615384615384 0.10576923076923077
0 0.8064903846153846 0.43028846153846156 0.057692307692307696 0.06971153846153846
0 0.9362980769230769 0.4230769230769231 0.07451923076923077 0.08653846153846154
0 0.19831730769230768 0.625 0.09615384615384616 0.1201923076923077
0 0.37259615384615385 0.6117788461538461 0.0889423076923077 0.12259615384615384
0 0.054086538461538464 0.6502403846153846 0.08413461538461539 0.12259615384615384
0 0.8473557692307693 0.019230769230769232 0.036057692307692304 0.038461538461538464
0 0.33052884615384615 0.0829326923076923 0.04326923076923077 0.05048076923076923
0 0.41225961538461536 0.07451923076923077 0.04807692307692308 0.06490384615384616
0 0.2824519230769231 0.09615384615384616 0.04807692307692308 0.06009615384615385
0 0.4831730769230769 0.07932692307692307 0.055288461538461536 0.06971153846153846
0 0.9050480769230769 0.042067307692307696 0.026442307692307692 0.036057692307692304