0 0.7860576923076923 0.9519230769230769 0.038461538461538464 0.055288461538461536
0 0.015625 0.09615384615384616 0.03125 0.07091346153846154
0 0.7608173076923077 0.09735576923076923 0.030048076923076924 0.04927884615384615
0 0.5829326923076923 0.9699519230769231 0.06610576923076923 0.04927884615384615
0 0.6670673076923077 0.9747596153846154 0.056490384615384616 0.04927884615384615
0 0.7980769230769231 0.9879807692307693 0.042067307692307696 0.02403846153846154
0 0.7115384615384616 0.10336538461538461 0.021634615384615384 0.030048076923076924
0 0.23197115384615385 0.1045673076923077 0.03245192307692308 0.04326923076923077
0 0.3713942307692308 0.10697115384615384 0.039663461538461536 0.04807692307692308
0 0.515625 0.109375 0.027644230769230768 0.052884615384615384
0 0.7944711538461539 0.11057692307692307 0.027644230769230768 0.04326923076923077
0 0.9627403846153846 0.12620192307692307 0.036057692307692304 0.051682692307692304
0 0.49158653846153844 0.1310096153846154 0.036057692307692304 0.05889423076923077
0 0.6742788461538461 0.1310096153846154 0.030048076923076924 0.042067307692307696
0 0.328125 0.1346153846153846 0.03245192307692308 0.04927884615384615
0 0.7091346153846154 0.13701923076923078 0.03485576923076923 0.04807692307692308
0 0.1045673076923077 0.14182692307692307 0.039663461538461536 0.06850961538461539
0 0.6117788461538461 0.14903846153846154 0.036057692307692304 0.05889423076923077
0 0.5745192307692307 0.1502403846153846 0.030048076923076924 0.04567307692307692
0 0.21033653846153846 0.15264423076923078 0.030048076923076924 0.042067307692307696
0 0.28846153846153844 0.15264423076923078 0.038461538461538464 0.05889423076923077
0 0.6526442307692307 0.15625 0.028846153846153848 0.038461538461538464
0 0.7680288461538461 0.15625 0.027644230769230768 0.04567307692307692
0 0.9723557692307693 0.015625 0.021634615384615384 0.030048076923076924
0 0.9266826923076923 0.16105769230769232 0.038461538461538464 0.054086538461538464
0 0.6382211538461539 0.17307692307692307 0.03245192307692308 0.04927884615384615
0 0.010817307692307692 0.17668269230769232 0.021634615384615384 0.06009615384615385
0 0.038461538461538464 0.17908653846153846 0.037259615384615384 0.052884615384615384
0 0.23317307692307693 0.1814903846153846 0.038461538461538464 0.055288461538461536
0 0.6730769230769231 0.19230769230769232 0.036057692307692304 0.054086538461538464
0 0.39302884615384615 0.19471153846153846 0.03245192307692308 0.04927884615384615
0 0.9903846153846154 0.19471153846153846 0.018028846153846152 0.057692307692307696
0 0.8725961538461539 0.19591346153846154 0.03485576923076923 0.04927884615384615
0 0.7536057692307693 0.021634615384615384 0.030048076923076924 0.042067307692307696
0 0.9447115384615384 0.021634615384615384 0.026442307692307692 0.042067307692307696
0 0.5745192307692307 0.21394230769230768 0.03245192307692308 0.04807692307692308
0 0.5324519230769231 0.21634615384615385 0.03365384615384615 0.055288461538461536
0 0.39302884615384615 0.021634615384615384 0.036057692307692304 0.04326923076923077
0 0.9242788461538461 0.21754807692307693 0.04447115384615385 0.0673076923076923
0 0.8377403846153846 0.21875 0.037259615384615384 0.06129807692307692
0 0.4987980769230769 0.22115384615384615 0.042067307692307696 0.05889423076923077
0 0.34975961538461536 0.22115384615384615 0.038461538461538464 0.051682692307692304
0 0.9663461538461539 0.22235576923076922 0.038461538461538464 0.05889423076923077
0 0.8185096153846154 0.02283653846153846 0.027644230769230768 0.036057692307692304
0 0.38461538461538464 0.23317307692307693 0.03245192307692308 0.051682692307692304
0 0.4579326923076923 0.234375 0.036057692307692304 0.06370192307692307
0 0.6814903846153846 0.02403846153846154 0.036057692307692304 0.046875
0 0.6971153846153846 0.23798076923076922 0.036057692307692304 0.06129807692307692
0 0.16466346153846154 0.2608173076923077 0.042067307692307696 0.0673076923076923
0 0.5817307692307693 0.2608173076923077 0.039663461538461536 0.055288461538461536
0 0.7716346153846154 0.2644230769230769 0.03485576923076923 0.04927884615384615
0 0.9639423076923077 0.2800480769230769 0.038461538461538464 0.0673076923076923
0 0.7379807692307693 0.28125 0.036057692307692304 0.05889423076923077
0 0.8449519230769231 0.2824519230769231 0.037259615384615384 0.03365384615384615
0 0.5372596153846154 0.2848557692307692 0.042067307692307696 0.05889423076923077
0 0.3701923076923077 0.2920673076923077 0.040865384615384616 0.05889423076923077
0 0.8509615384615384 0.3016826923076923 0.03245192307692308 0.04927884615384615
0 0.10817307692307693 0.3088942307692308 0.04567307692307692 0.05889423076923077
0 0.09735576923076923 0.03125 0.046875 0.0625
0 0.03245192307692308 0.3125 0.027644230769230768 0.039663461538461536
0 0.7944711538461539 0.31490384615384615 0.04326923076923077 0.057692307692307696
0 0.453125 0.31850961538461536 0.040865384615384616 0.06490384615384616
0 0.9350961538461539 0.33774038461538464 0.036057692307692304 0.057692307692307696
0 0.4879807692307692 0.3762019230769231 0.04447115384615385 0.054086538461538464
0 0.31009615384615385 0.38822115384615385 0.039663461538461536 0.05889423076923077
0 0.23798076923076922 0.3918269230769231 0.038461538461538464 0.05889423076923077
0 0.40024038461538464 0.39663461538461536 0.038461538461538464 0.057692307692307696
0 0.6682692307692307 0.39903846153846156 0.042067307692307696 0.055288461538461536
0 0.5540865384615384 0.4050480769230769 0.04447115384615385 0.052884615384615384
0 0.8629807692307693 0.41586538461538464 0.03365384615384615 0.03365384615384615
0 0.27524038461538464 0.4206730769230769 0.040865384615384616 0.06129807692307692
0 0.5252403846153846 0.4387019230769231 0.03485576923076923 0.054086538461538464
0 0.9002403846153846 0.4387019230769231 0.036057692307692304 0.04927884615384615
0 0.19230769230769232 0.44350961538461536 0.03245192307692308 0.055288461538461536
0 0.46033653846153844 0.44350961538461536 0.042067307692307696 0.06490384615384616
0 0.6141826923076923 0.44591346153846156 0.042067307692307696 0.06370192307692307
0 0.625 0.04567307692307692 0.028846153846153848 0.04567307692307692
0 0.4050480769230769 0.4651442307692308 0.038461538461538464 0.04927884615384615
0 0.7115384615384616 0.46634615384615385 0.042067307692307696 0.05889423076923077
0 0.6658653846153846 0.4675480769230769 0.038461538461538464 0.06129807692307692
0 0.7560096153846154 0.4735576923076923 0.036057692307692304 0.04927884615384615
0 0.8966346153846154 0.47596153846153844 0.027644230769230768 0.036057692307692304
0 0.015625 0.4795673076923077 0.03125 0.054086538461538464
0 0.9879807692307693 0.484375 0.02403846153846154 0.051682692307692304
0 0.41947115384615385 0.4855769230769231 0.027644230769230768 0.04567307692307692
0 0.32572115384615385 0.04927884615384615 0.038461538461538464 0.052884615384615384
0 0.8305288461538461 0.5096153846153846 0.036057692307692304 0.05889423076923077
0 0.8798076923076923 0.515625 0.028846153846153848 0.040865384615384616
0 0.17427884615384615 0.052884615384615384 0.04567307692307692 0.0673076923076923
0 0.9122596153846154 0.5300480769230769 0.030048076923076924 0.039663461538461536
0 0.5216346153846154 0.5336538461538461 0.040865384615384616 0.06850961538461539
0 0.22115384615384615 0.5444711538461539 0.04807692307692308 0.07091346153846154
0 0.8016826923076923 0.5456730769230769 0.038461538461538464 0.04927884615384615
0 0.08774038461538461 0.5516826923076923 0.04447115384615385 0.055288461538461536
0 0.8810096153846154 0.5600961538461539 0.030048076923076924 0.03365384615384615
0 0.9074519230769231 0.5697115384615384 0.02403846153846154 0.038461538461538464
0 0.019230769230769232 0.5709134615384616 0.038461538461538464 0.04927884615384615
0 0.4651442307692308 0.057692307692307696 0.03245192307692308 0.04567307692307692
0 0.9855769230769231 0.05889423076923077 0.025240384615384616 0.051682692307692304
0 0.9723557692307693 0.5841346153846154 0.038461538461538464 0.055288461538461536
0 0.45913461538461536 0.5913461538461539 0.039663461538461536 0.05889423076923077
0 0.055288461538461536 0.5973557692307693 0.038461538461538464 0.04927884615384615
0 0.1201923076923077 0.5973557692307693 0.03485576923076923 0.04807692307692308
0 0.8076923076923077 0.5997596153846154 0.03365384615384615 0.04927884615384615
0 0.4266826923076923 0.6105769230769231 0.030048076923076924 0.04567307692307692
0 0.40625 0.6117788461538461 0.04326923076923077 0.054086538461538464
0 0.9266826923076923 0.6177884615384616 0.03485576923076923 0.04567307692307692
0 0.23076923076923078 0.6177884615384616 0.038461538461538464 0.06850961538461539
0 0.859375 0.6201923076923077 0.038461538461538464 0.06490384615384616
0 0.35336538461538464 0.6262019230769231 0.042067307692307696 0.06610576923076923
0 0.9038461538461539 0.6274038461538461 0.025240384615384616 0.04927884615384615
0 0.31490384615384615 0.6298076923076923 0.042067307692307696 0.07091346153846154
0 0.7115384615384616 0.6298076923076923 0.046875 0.0673076923076923
0 0.021634615384615384 0.6334134615384616 0.04326923076923077 0.0673076923076923
0 0.6033653846153846 0.06370192307692307 0.027644230769230768 0.039663461538461536
0 0.8209134615384616 0.06490384615384616 0.03245192307692308 0.04567307692307692
0 0.6754807692307693 0.6418269230769231 0.026442307692307692 0.05889423076923077
0 0.1502403846153846 0.6430288461538461 0.039663461538461536 0.06129807692307692
0 0.6550480769230769 0.6466346153846154 0.03245192307692308 0.056490384615384616
0 0.2920673076923077 0.6550480769230769 0.04447115384615385 0.06370192307692307
0 0.7824519230769231 0.65625 0.027644230769230768 0.038461538461538464
0 0.5901442307692307 0.6730769230769231 0.039663461538461536 0.06610576923076923
0 0.07692307692307693 0.6742788461538461 0.03485576923076923 0.04807692307692308
0 0.4110576923076923 0.6790865384615384 0.04326923076923077 0.06490384615384616
0 0.4735576923076923 0.6802884615384616 0.039663461538461536 0.06129807692307692
0 0.8930288461538461 0.06850961538461539 0.03365384615384615 0.05889423076923077
0 0.7992788461538461 0.6959134615384616 0.042067307692307696 0.04326923076923077
0 0.5108173076923077 0.7007211538461539 0.040865384615384616 0.07091346153846154
0 0.8605769230769231 0.703125 0.038461538461538464 0.052884615384615384
0 0.0673076923076923 0.7067307692307693 0.039663461538461536 0.06490384615384616
0 0.7620192307692307 0.7079326923076923 0.03365384615384615 0.054086538461538464
0 0.25721153846153844 0.7091346153846154 0.030048076923076924 0.054086538461538464
0 0.12980769230769232 0.7103365384615384 0.042067307692307696 0.0673076923076923
0 0.6947115384615384 0.7175480769230769 0.037259615384615384 0.054086538461538464
0 0.9507211538461539 0.7259615384615384 0.036057692307692304 0.05889423076923077
0 0.018028846153846152 0.7331730769230769 0.03365384615384615 0.07451923076923077
0 0.2127403846153846 0.7331730769230769 0.036057692307692304 0.05889423076923077
0 0.34615384615384615 0.734375 0.036057692307692304 0.06850961538461539
0 0.3858173076923077 0.7379807692307693 0.04447115384615385 0.0625
0 0.984375 0.7427884615384616 0.030048076923076924 0.055288461538461536
0 0.17427884615384615 0.7512019230769231 0.038461538461538464 0.051682692307692304
0 0.6382211538461539 0.7560096153846154 0.037259615384615384 0.04927884615384615
0 0.8665865384615384 0.7620192307692307 0.04447115384615385 0.06129807692307692
0 0.5829326923076923 0.7620192307692307 0.038461538461538464 0.04567307692307692
0 0.7319711538461539 0.7692307692307693 0.04326923076923077 0.0673076923076923
0 0.8329326923076923 0.78125 0.03365384615384615 0.04927884615384615
0 0.46634615384615385 0.7848557692307693 0.04807692307692308 0.0673076923076923
0 0.6935096153846154 0.7848557692307693 0.04326923076923077 0.051682692307692304
0 0.4074519230769231 0.7860576923076923 0.037259615384615384 0.06370192307692307
0 0.7788461538461539 0.7896634615384616 0.046875 0.07091346153846154
0 0.6826923076923077 0.07932692307692307 0.027644230769230768 0.04567307692307692
0 0.109375 0.7896634615384616 0.042067307692307696 0.07091346153846154
0 0.25961538461538464 0.7956730769230769 0.037259615384615384 0.04807692307692308
0 0.5564903846153846 0.8185096153846154 0.042067307692307696 0.052884615384615384
0 0.19831730769230768 0.8197115384615384 0.037259615384615384 0.06490384615384616
0 0.9555288461538461 0.8233173076923077 0.037259615384615384 0.04567307692307692
0 0.3389423076923077 0.8293269230769231 0.042067307692307696 0.05889423076923077
0 0.2644230769230769 0.8329326923076923 0.030048076923076924 0.04567307692307692
0 0.8858173076923077 0.8377403846153846 0.037259615384615384 0.0625
0 0.7019230769230769 0.8425480769230769 0.05048076923076923 0.07091346153846154
0 0.9266826923076923 0.8449519230769231 0.036057692307692304 0.04927884615384615
0 0.015625 0.8485576923076923 0.03125 0.07211538461538461
0 0.6009615384615384 0.8569711538461539 0.04326923076923077 0.06370192307692307
0 0.4206730769230769 0.8569711538461539 0.038461538461538464 0.04927884615384615
0 0.5216346153846154 0.08653846153846154 0.019230769230769232 0.028846153846153848
0 0.8365384615384616 0.8653846153846154 0.052884615384615384 0.0733173076923077
0 0.2403846153846154 0.8713942307692307 0.036057692307692304 0.055288461538461536
0 0.6622596153846154 0.8725961538461539 0.06370192307692307 0.08052884615384616
0 0.3161057692307692 0.875 0.04447115384615385 0.06129807692307692
0 0.9783653846153846 0.8786057692307693 0.04326923076923077 0.06490384615384616
0 0.3581730769230769 0.8798076923076923 0.036057692307692304 0.05889423076923077
0 0.5432692307692307 0.8822115384615384 0.039663461538461536 0.0625
0 0.4411057692307692 0.0889423076923077 0.030048076923076924 0.04567307692307692
0 0.27884615384615385 0.8966346153846154 0.040865384615384616 0.0733173076923077
0 0.45072115384615385 0.8978365384615384 0.03245192307692308 0.0625
0 0.4675480769230769 0.8990384615384616 0.03245192307692308 0.06370192307692307
0 0.4723557692307692 0.09134615384615384 0.030048076923076924 0.04567307692307692
0 0.5841346153846154 0.9050480769230769 0.036057692307692304 0.052884615384615384
0 0.20072115384615385 0.9074519230769231 0.042067307692307696 0.07091346153846154
0 0.42788461538461536 0.9098557692307693 0.042067307692307696 0.0673076923076923
0 0.5012019230769231 0.9098557692307693 0.05048076923076923 0.08052884615384616
0 0.9459134615384616 0.9110576923076923 0.056490384615384616 0.06370192307692307
0 0.7199519230769231 0.09134615384615384 0.026442307692307692 0.04326923076923077
0 0.09975961538461539 0.9134615384615384 0.046875 0.06850961538461539
0 0.2512019230769231 0.9134615384615384 0.038461538461538464 0.05889423076923077
0 0.1658653846153846 0.9182692307692307 0.030048076923076924 0.052884615384615384
0 0.9086538461538461 0.9194711538461539 0.04927884615384615 0.0733173076923077
0 0.8665865384615384 0.09254807692307693 0.03245192307692308 0.04567307692307692
0 0.4206730769230769 0.09254807692307693 0.030048076923076924 0.04567307692307692
0 0.3137019230769231 0.9387019230769231 0.04927884615384615 0.06850961538461539
0 0.3798076923076923 0.9399038461538461 0.036057692307692304 0.06490384615384616