0 0.4328125 0.51796875 0.0109375 0.0109375
0 0.496875 0.52578125 0.0109375 0.015625
0 0.27890625 0.49921875 0.00625 0.009375
0 0.19140625 0.48828125 0.00625 0.0140625
0 0.2875 0.5 0.00625 0.0140625
0 0.59765625 0.53828125 0.015625 0.0203125
0 0.91015625 0.5765625 0.0234375 0.0390625
0 0.8546875 0.571875 0.021875 0.034375
0 0.22265625 0.49453125 0.0109375 0.015625
0 0.24609375 0.496875 0.00625 0.0140625
0 0.7109375 0.55390625 0.0109375 0.0203125
0 0.25078125 0.49765625 0.00625 0.0140625
0 0.43671875 0.5203125 0.015625 0.0203125
0 0.06953125 0.47578125 0.0109375 0.0109375
0 0.33125 0.51015625 0.0171875 0.0296875
0 0.26640625 0.50234375 0.00625 0.0140625
0 0.86640625 0.57578125 0.0171875 0.025
0 0.40625 0.51953125 0.0109375 0.0203125
0 0.23828125 0.5 0.0046875 0.0046875
0 0.259375 0.503125 0.0046875 0.0046875
0 0.77578125 0.56640625 0.0171875 0.0328125
0 0.16953125 0.49375 0.0171875 0.025
0 0.3765625 0.51953125 0.0109375 0.0109375
0 0.41953125 0.525 0.0171875 0.0328125
0 0.059375 0.48046875 0.0109375 0.0109375
0 0.2171875 0.5 0.0109375 0.0203125
0 0.2984375 0.51015625 0.0109375 0.015625
0 0.8421875 0.5765625 0.0171875 0.0328125
0 0.20390625 0.4984375 0.0109375 0.0203125
0 0.734375 0.56328125 0.0328125 0.040625
0 0.03359375 0.47734375 0.0109375 0.015625
0 0.01328125 0.475 0.0109375 0.0109375
0 0.23125 0.5015625 0.00625 0.0140625
0 0.02265625 0.478125 0.0109375 0.015625
0 0.27265625 0.509375 0.00625 0.009375
0 0.39453125 0.52421875 0.015625 0.0203125
0 0.96640625 0.59453125 0.05 0.078125
0 0.2265625 0.503125 0.00625 0.009375
0 0.05625 0.4828125 0.0046875 0.0046875
0 0.00625 0.4765625 0.0046875 0.0046875
0 0.27890625 0.51015625 0.00625 0.0140625
0 0.64921875 0.5578125 0.0234375 0.04375
0 0.046875 0.48359375 0.0109375 0.015625
0 0.55234375 0.54609375 0.0171875 0.0296875
0 0.26328125 0.51015625 0.0109375 0.0203125
0 0.196875 0.50234375 0.0109375 0.0203125
0 0.56640625 0.55 0.0203125 0.0203125
0 0.2375 0.51171875 0.0109375 0.015625
0 0.31953125 0.52421875 0.0171875 0.0296875
0 0.82109375 0.5859375 0.0390625 0.06875
0 0.06484375 0.49296875 0.00625 0.009375
0 0.14296875 0.50234375 0.021875 0.0296875
0 0.0578125 0.49453125 0.00625 0.009375
0 0.3671875 0.53515625 0.021875 0.0296875
0 0.44140625 0.54375 0.0171875 0.025
0 0.45234375 0.54765625 0.021875 0.034375
0 0.09765625 0.50625 0.021875 0.025
0 0.5828125 0.56640625 0.0234375 0.04375
0 0.3828125 0.54375 0.0171875 0.0296875
0 0.93671875 0.61171875 0.034375 0.053125
0 0.08203125 0.509375 0.015625 0.0203125
0 0.0078125 0.5015625 0.015625 0.025
0 0.05078125 0.5078125 0.021875 0.025
0 0.03515625 0.50625 0.0109375 0.015625
0 0.8828125 0.6125 0.0390625 0.0640625
0 0.5015625 0.565625 0.0234375 0.04375
0 0.55859375 0.57265625 0.034375 0.053125
0 0.25078125 0.534375 0.0171875 0.025
0 0.5375 0.57265625 0.0234375 0.04375
0 0.69609375 0.59453125 0.0234375 0.04375
0 0.68671875 0.59765625 0.0234375 0.04375
0 0.60703125 0.59765625 0.04375 0.0640625
0 0.39921875 0.5765625 0.0484375 0.06875
0 0.7203125 0.62109375 0.0359375 0.071875
0 0.84921875 0.6546875 0.0328125 0.04375
0 0.3640625 0.59765625 0.028125 0.0484375
0 0.959375 0.6703125 0.0453125 0.0828125
0 0.9078125 0.67109375 0.046875 0.0515625
0 0.64765625 0.64609375 0.0328125 0.040625
0 0.11640625 0.58359375 0.0484375 0.06875
0 0.28515625 0.6140625 0.04375 0.0640625
0 0.01875 0.6125 0.0375 0.078125
0 0.46015625 0.671875 0.034375 0.0578125
0 0.3625 0.671875 0.0625 0.10625
0 0.9234375 0.7734375 0.0765625 0.1453125
0 0.53203125 0.73203125 0.078125 0.1234375
0 0.753125 0.7921875 0.0578125 0.0703125
0 0.07578125 0.72109375 0.084375 0.128125
0 0.78359375 0.94296875 0.1484375 0.1140625
0 0.21328125 0.9359375 0.0671875 0.0671875
0 0.915625 0.51171875 0.015625 0.015625
0 0.8125 0.5015625 0.015625 0.0203125
0 0.8921875 0.515625 0.015625 0.0203125
0 0.70546875 0.496875 0.00625 0.009375
0 0.85 0.5171875 0.0109375 0.015625
0 0.859375 0.51796875 0.0109375 0.0109375
0 0.74609375 0.50625 0.00625 0.009375
0 0.92578125 0.52890625 0.0171875 0.025
0 0.72109375 0.503125 0.0109375 0.015625
0 0.6609375 0.4984375 0.0109375 0.0109375
0 0.83828125 0.52265625 0.015625 0.015625
0 0.77578125 0.51484375 0.00625 0.009375
0 0.9578125 0.5375 0.0203125 0.0203125
0 0.73359375 0.5125 0.00625 0.009375
0 0.690625 0.50703125 0.00625 0.0140625
0 0.78203125 0.51796875 0.00625 0.0140625
0 0.8953125 0.53203125 0.0109375 0.0203125
0 0.68359375 0.50625 0.00625 0.009375
0 0.78828125 0.52109375 0.0109375 0.015625
0 0.6328125 0.50234375 0.00625 0.009375
0 0.69921875 0.51015625 0.0109375 0.015625
0 0.70859375 0.51171875 0.0109375 0.015625
0 0.88125 0.5328125 0.0109375 0.0203125
0 0.6515625 0.5046875 0.0109375 0.015625
0 0.66015625 0.50546875 0.0109375 0.0109375
0 0.74296875 0.515625 0.0109375 0.015625
0 0.81875 0.525 0.0109375 0.0109375
0 0.871875 0.53125 0.015625 0.0203125
0 0.6375 0.5046875 0.00625 0.009375
0 0.85 0.53359375 0.0109375 0.015625
0 0.61796875 0.5046875 0.0109375 0.015625
0 0.64375 0.51015625 0.00625 0.009375
0 0.75390625 0.52421875 0.0109375 0.0109375
0 0.52890625 0.49609375 0.0109375 0.0203125
0 0.56015625 0.50234375 0.00625 0.0140625
0 0.534375 0.49921875 0.0109375 0.015625
0 0.625 0.5109375 0.00625 0.009375
0 0.734375 0.52421875 0.0109375 0.015625
0 0.5859375 0.50546875 0.00625 0.009375
0 0.6609375 0.51484375 0.0109375 0.015625
0 0.96640625 0.55234375 0.015625 0.0203125
0 0.5484375 0.5015625 0.00625 0.009375
0 0.63125 0.51171875 0.0109375 0.0109375
0 0.6359375 0.51171875 0.00625 0.009375
0 0.7171875 0.521875 0.015625 0.0203125
0 0.59609375 0.509375 0.0109375 0.0109375
0 0.69140625 0.52109375 0.0109375 0.0109375
0 0.475 0.49453125 0.0109375 0.0109375
0 0.70234375 0.525 0.0109375 0.015625
0 0.56875 0.50859375 0.00625 0.0140625
0 0.50234375 0.5 0.00625 0.009375
0 0.465625 0.49609375 0.00625 0.0140625
0 0.76171875 0.53203125 0.0171875 0.025
0 0.61875 0.5171875 0.0109375 0.015625
0 0.74296875 0.53203125 0.0109375 0.0203125
0 0.39453125 0.4890625 0.0046875 0.0046875
0 0.65390625 0.52109375 0.0109375 0.015625
0 0.9109375 0.553125 0.015625 0.015625
0 0.98359375 0.56640625 0.0171875 0.025
0 0.609375 0.51796875 0.0109375 0.0203125
0 0.53359375 0.50859375 0.0109375 0.0109375
0 0.428125 0.49609375 0.0109375 0.015625
0 0.60234375 0.5171875 0.015625 0.0203125
0 0.453125 0.5015625 0.00625 0.0140625
0 0.57265625 0.51640625 0.0109375 0.015625
0 0.50859375 0.5078125 0.00625 0.01875
0 0.615625 0.5234375 0.0109375 0.015625
0 0.5015625 0.509375 0.00625 0.0140625
0 0.64375 0.52734375 0.015625 0.0203125
0 0.834375 0.55078125 0.0171875 0.025
0 0.946875 0.5640625 0.021875 0.0296875
0 0.5171875 0.51171875 0.021875 0.0296875
0 0.7515625 0.540625 0.0109375 0.015625
0 0.46015625 0.5046875 0.0046875 0.0046875
0 0.55390625 0.51640625 0.00625 0.0140625
0 0.44375 0.5046875 0.0109375 0.0203125
0 0.3515625 0.49375 0.0109375 0.015625
0 0.39765625 0.49921875 0.0109375 0.0109375
0 0.5421875 0.5171875 0.021875 0.0296875
0 0.66875 0.5328125 0.0171875 0.025
0 0.2140625 0.4765625 0.0109375 0.0109375
0 0.33359375 0.49140625 0.0109375 0.0109375
0 0.3859375 0.49765625 0.00625 0.0140625
0 0.6296875 0.52734375 0.0109375 0.015625
0 0.38125 0.496875 0.0109375 0.0203125
0 0.48203125 0.509375 0.0171875 0.0296875
0 0.5859375 0.52265625 0.021875 0.025
0 0.79921875 0.55078125 0.028125 0.0390625
0 0.16015625 0.47265625 0.00625 0.0140625
0 0.40625 0.50234375 0.00625 0.0140625
0 0.49140625 0.51328125 0.00625 0.01875
0 0.4359375 0.50625 0.0109375 0.0109375
0 0.3234375 0.4921875 0.0109375 0.015625
0 0.1671875 0.4734375 0.0046875 0.0046875
0 0.47265625 0.5109375 0.0109375 0.0203125
0 0.5625 0.521875 0.0109375 0.0203125
0 0.2546875 0.484375 0.00625 0.009375
0 0.0875 0.46328125 0.0109375 0.015625
0 0.4203125 0.5046875 0.0109375 0.015625
0 0.36953125 0.50078125 0.0109375 0.0203125
0 0.23125 0.48359375 0.0109375 0.0109375
0 0.3625 0.5 0.015625 0.0203125
0 0.09375 0.46640625 0.00625 0.0140625
0 0.26328125 0.48984375 0.00625 0.009375
0 0.18046875 0.4796875 0.0109375 0.0109375
0 0.24921875 0.490625 0.0046875 0.0046875
0 0.275 0.49375 0.0046875 0.0046875
0 0.925 0.5734375 0.0328125 0.04375
0 0.69765625 0.5453125 0.0171875 0.025
0 0.890625 0.56953125 0.0234375 0.04375
0 0.61171875 0.5375 0.0109375 0.015625
0 0.184375 0.48515625 0.00625 0.009375
0 0.28046875 0.496875 0.00625 0.009375
0 0.23984375 0.49140625 0.00625 0.009375
0 0.3109375 0.50078125 0.0109375 0.0203125
0 0.4609375 0.51875 0.0109375 0.0203125
0 0.35 0.50546875 0.0171875 0.0296875
0 0.68359375 0.54609375 0.015625 0.0203125
0 0.228125 0.48984375 0.00625 0.009375
0 0.3984375 0.51328125 0.0109375 0.0203125