0 0.3453125 0.15390625 0.0171875 0.0203125
0 0.10234375 0.10703125 0.0125 0.015625
0 0.25859375 0.13984375 0.0171875 0.0171875
0 0.37890625 0.16328125 0.0234375 0.0265625
0 0.86015625 0.25859375 0.025 0.01875
0 0.2890625 0.15 0.0171875 0.0203125
0 0.89765625 0.27109375 0.028125 0.0328125
0 0.31875 0.15859375 0.0234375 0.0265625
0 0.4890625 0.19375 0.021875 0.021875
0 0.125 0.1234375 0.021875 0.021875
0 0.9203125 0.27734375 0.0234375 0.0265625
0 0.61796875 0.22109375 0.021875 0.021875
0 0.76796875 0.25078125 0.0234375 0.0265625
0 0.71953125 0.24140625 0.021875 0.021875
0 0.2015625 0.14296875 0.01875 0.025
0 0.24921875 0.1546875 0.021875 0.021875
0 0.2625 0.15703125 0.021875 0.021875
0 0.96875 0.29453125 0.028125 0.0328125
0 0.74375 0.253125 0.0234375 0.03125
0 0.184375 0.14453125 0.028125 0.028125
0 0.3546875 0.17734375 0.021875 0.021875
0 0.9953125 0.30546875 0.009375 0.0203125
0 0.8546875 0.2765625 0.021875 0.021875
0 0.3796875 0.184375 0.028125 0.0328125
0 0.59765625 0.2265625 0.0234375 0.03125
0 0.09140625 0.13046875 0.0078125 0.0140625
0 0.93359375 0.29453125 0.021875 0.021875
0 0.66328125 0.2421875 0.0234375 0.0265625
0 0.95 0.29765625 0.025 0.034375
0 0.57421875 0.22734375 0.021875 0.021875
0 0.33125 0.1796875 0.021875 0.021875
0 0.63359375 0.23828125 0.021875 0.021875
0 0.778125 0.2671875 0.021875 0.021875
0 0.1515625 0.146875 0.0234375 0.0265625
0 0.4234375 0.2015625 0.0203125 0.0171875
0 0.47265625 0.2140625 0.0234375 0.03125
0 0.5390625 0.021875 0.0109375 0.0109375
0 0.67421875 0.2578125 0.021875 0.021875
0 0.99765625 0.321875 0.0046875 0.021875
0 0.24921875 0.17734375 0.0234375 0.0265625
0 0.85546875 0.2953125 0.0171875 0.0203125
0 0.9328125 0.31015625 0.0234375 0.0265625
0 0.4984375 0.228125 0.0234375 0.03125
0 0.7484375 0.2765625 0.0234375 0.0265625
0 0.26953125 0.18359375 0.0203125 0.0171875
0 0.55078125 0.23828125 0.021875 0.021875
0 0.52578125 0.23359375 0.0234375 0.03125
0 0.06953125 0.14453125 0.021875 0.021875
0 0.6234375 0.2546875 0.0234375 0.0265625
0 0.64296875 0.25859375 0.028125 0.0328125
0 0.7296875 0.27578125 0.021875 0.021875
0 0.834375 0.29609375 0.021875 0.021875
0 0.87109375 0.303125 0.021875 0.021875
0 0.53828125 0.240625 0.0234375 0.0265625
0 0.8140625 0.29453125 0.0265625 0.0234375
0 0.20703125 0.17890625 0.021875 0.021875
0 0.97890625 0.32890625 0.0234375 0.03125
0 0.15625 0.16875 0.021875 0.021875
0 0.221875 0.184375 0.01875 0.025
0 0.4078125 0.22265625 0.021875 0.021875
0 0.68515625 0.2765625 0.0234375 0.0265625
0 0.76015625 0.29375 0.028125 0.028125
0 0.4234375 0.228125 0.01875 0.025
0 0.178125 0.18046875 0.0171875 0.0203125
0 0.48203125 0.24140625 0.0234375 0.0265625
0 0.43671875 0.2328125 0.028125 0.028125
0 0.7171875 0.28984375 0.0234375 0.0265625
0 0.2359375 0.19609375 0.01875 0.025
0 0.99296875 0.34453125 0.0140625 0.0328125
0 0.2515625 0.2015625 0.0171875 0.0203125
0 0.8765625 0.3234375 0.028125 0.028125
0 0.2703125 0.20546875 0.0171875 0.0203125
0 0.33125 0.2171875 0.028125 0.028125
0 0.796875 0.3078125 0.028125 0.028125
0 0.56953125 0.265625 0.021875 0.021875
0 0.81953125 0.31484375 0.0234375 0.0265625
0 0.5890625 0.26953125 0.0234375 0.0265625
0 0.60703125 0.27578125 0.0234375 0.0265625
0 0.5484375 0.2640625 0.0234375 0.0265625
0 0.1984375 0.1984375 0.0171875 0.0203125
0 0.35234375 0.22890625 0.0171875 0.0203125
0 0.10703125 0.18046875 0.021875 0.021875
0 0.74140625 0.30390625 0.028125 0.028125
0 0.125 0.184375 0.0171875 0.0203125
0 0.934375 0.34140625 0.021875 0.021875
0 0.65859375 0.28828125 0.0234375 0.0265625
0 0.51796875 0.0203125 0.0125 0.015625
0 0.2921875 0.221875 0.01875 0.025
0 0.06328125 0.17734375 0.0234375 0.0265625
0 0.8578125 0.33359375 0.0234375 0.0265625
0 0.9578125 0.353125 0.0390625 0.025
0 0.18046875 0.2046875 0.01875 0.025
0 0.8390625 0.3328125 0.0234375 0.0265625
0 0.1421875 0.196875 0.021875 0.021875
0 0.21328125 0.215625 0.021875 0.021875
0 0.08203125 0.190625 0.021875 0.021875
0 0.5 0.271875 0.0328125 0.028125
0 0.71328125 0.31328125 0.021875 0.021875
0 0.23359375 0.221875 0.0171875 0.0171875
0 0.40546875 0.25546875 0.0234375 0.0265625
0 0.72890625 0.31875 0.021875 0.021875
0 0.5328125 0.2828125 0.0296875 0.0359375
0 0.3828125 0.25390625 0.021875 0.021875
0 0.59375 0.29609375 0.021875 0.021875
0 0.80078125 0.33671875 0.021875 0.021875
0 0.78203125 0.3328125 0.0234375 0.0265625
0 0.75859375 0.33046875 0.021875 0.021875
0 0.88125 0.35703125 0.0296875 0.01875
0 0.33828125 0.2515625 0.01875 0.025
0 0.309375 0.2453125 0.025 0.034375
0 0.996875 0.3828125 0.00625 0.028125
0 0.09453125 0.20625 0.0171875 0.0203125
0 0.2734375 0.24375 0.01875 0.025
0 0.11484375 0.2125 0.01875 0.025
0 0.25625 0.23984375 0.0328125 0.0328125
0 0.6375 0.3140625 0.0234375 0.0265625
0 0.7046875 0.3296875 0.021875 0.021875
0 0.91640625 0.37109375 0.0328125 0.0328125
0 0.66640625 0.32265625 0.028125 0.0328125
0 0.41640625 0.27578125 0.0265625 0.0234375
0 0.8140625 0.353125 0.0234375 0.0265625
0 0.1328125 0.22109375 0.01875 0.025
0 0.73671875 0.33828125 0.0203125 0.0171875
0 0.859375 0.3640625 0.0234375 0.0265625
0 0.4359375 0.284375 0.028125 0.028125
0 0.78359375 0.35234375 0.0203125 0.0171875
0 0.22890625 0.24453125 0.021875 0.021875
0 0.57421875 0.31171875 0.0328125 0.028125
0 0.16953125 0.2328125 0.0234375 0.0265625
0 0.08046875 0.21796875 0.0234375 0.0265625
0 0.353125 0.2734375 0.034375 0.0375
0 0.4984375 0.30390625 0.028125 0.028125
0 0.95 0.39140625 0.0375 0.034375
0 0.3828125 0.28125 0.028125 0.028125
0 0.609375 0.32578125 0.0234375 0.0265625
0 0.7484375 0.35234375 0.01875 0.025
0 0.19140625 0.24453125 0.028125 0.028125
0 0.7296875 0.3515625 0.021875 0.021875
0 0.64453125 0.3375 0.028125 0.0328125
0 0.98359375 0.403125 0.0296875 0.040625
0 0.44921875 0.29921875 0.028125 0.0328125
0 0.8921875 0.38515625 0.028125 0.0328125
0 0.70078125 0.35078125 0.03125 0.0234375
0 0.10078125 0.2359375 0.0265625 0.0234375
0 0.84609375 0.38125 0.021875 0.021875
0 0.828125 0.37734375 0.0234375 0.0265625
0 0.41640625 0.3 0.021875 0.021875
0 0.2109375 0.26484375 0.03125 0.0234375
0 0.79296875 0.378125 0.025 0.034375
0 0.05625 0.234375 0.0234375 0.03125
0 0.27421875 0.27734375 0.01875 0.0296875
0 0.86796875 0.3921875 0.028125 0.0328125
0 0.46953125 0.3171875 0.0328125 0.0328125
0 0.23125 0.27109375 0.0171875 0.0203125
0 0.153125 0.25859375 0.0234375 0.0265625
0 0.24921875 0.2765625 0.0265625 0.0234375
0 0.13671875 0.2578125 0.0234375 0.0265625
0 0.575 0.34296875 0.028125 0.028125
0 0.359375 0.303125 0.0234375 0.0265625
0 0.53203125 0.33671875 0.0359375 0.0296875
0 0.76796875 0.3828125 0.0359375 0.0453125
0 0.07421875 0.25 0.0234375 0.03125
0 0.60859375 0.35625 0.0328125 0.0328125
0 0.30078125 0.29921875 0.0265625 0.0234375
0 0.49140625 0.02421875 0.0109375 0.0109375
0 0.16875 0.27578125 0.0140625 0.0296875
0 0.10078125 0.2625 0.0265625 0.0234375
0 0.509375 0.3421875 0.0265625 0.0234375
0 0.42109375 0.3265625 0.0234375 0.0265625
0 0.740625 0.39296875 0.0359375 0.0453125
0 0.375 0.321875 0.03125 0.0453125
0 0.946875 0.43359375 0.0359375 0.05
0 0.21015625 0.28984375 0.028125 0.028125
0 0.90625 0.425 0.0296875 0.040625
0 0.1765625 0.28359375 0.0140625 0.025
0 0.39609375 0.32890625 0.034375 0.0375
0 0.559375 0.3625 0.0328125 0.0328125
0 0.87734375 0.42421875 0.0375 0.0375
0 0.35 0.32421875 0.0265625 0.0234375
0 0.43828125 0.34140625 0.028125 0.028125
0 0.65234375 0.38515625 0.0359375 0.05
0 0.85 0.42421875 0.0359375 0.0453125
0 0.23125 0.30625 0.028125 0.0328125
0 0.26953125 0.31328125 0.0296875 0.0359375
0 0.1421875 0.2890625 0.03125 0.0234375
0 0.8125 0.41875 0.05 0.053125
0 0.1859375 0.29921875 0.0234375 0.03125
0 0.7171875 0.403125 0.0296875 0.040625
0 0.29609375 0.3234375 0.0328125 0.028125
0 0.46171875 0.35546875 0.028125 0.028125
0 0.325 0.33125 0.0296875 0.040625
0 0.515625 0.36875 0.028125 0.028125
0 0.76328125 0.41875 0.028125 0.028125
0 0.04921875 0.2828125 0.028125 0.028125
0 0.6171875 0.39296875 0.0390625 0.046875
0 0.09921875 0.29453125 0.034375 0.0375
0 0.20703125 0.3203125 0.0234375 0.0265625
0 0.37734375 0.35390625 0.0234375 0.0265625
0 0.39765625 0.3578125 0.034375 0.0375
0 0.428125 0.36328125 0.028125 0.028125
0 0.25390625 0.334375 0.021875 0.021875
0 0.05859375 0.29609375 0.021875 0.021875
0 0.13515625 0.31171875 0.0265625 0.0234375
0 0.35859375 0.35703125 0.028125 0.0328125
0 0.86875 0.45625 0.0390625 0.0421875
0 0.9921875 0.48125 0.015625 0.05
0 0.2359375 0.3328125 0.0328125 0.028125
0 0.078125 0.30234375 0.0234375 0.0265625
0 0.5671875 0.39765625 0.034375 0.0375
0 0.5484375 0.3984375 0.0359375 0.05
0 0.14765625 0.32109375 0.028125 0.028125
0 0.490625 0.38984375 0.0234375 0.0265625
0 0.27734375 0.3484375 0.0296875 0.040625
0 0.63125 0.41953125 0.0296875 0.01875
0 0.17734375 0.33125 0.0234375 0.03125
0 0.7375 0.440625 0.03125 0.05
0 0.97421875 0.125 0.0171875 0.0203125
0 0.99453125 0.12890625 0.0109375 0.0203125
0 0.66953125 0.4296875 0.028125 0.028125
0 0.296875 0.359375 0.0296875 0.040625
0 0.70703125 0.44140625 0.0296875 0.0359375
0 0.9546875 0.4921875 0.034375 0.0421875
0 0.18828125 0.34453125 0.01875 0.025
0 0.38125 0.38203125 0.028125 0.0328125
0 0.13125 0.33359375 0.0265625 0.0234375
0 0.05703125 0.31953125 0.028125 0.028125
0 0.6328125 0.43359375 0.021875 0.021875
0 0.0875 0.32734375 0.0328125 0.028125
0 0.2625 0.3640625 0.0328125 0.0328125
0 0.78515625 0.465625 0.0375 0.0546875
0 0.3296875 0.3796875 0.0234375 0.0265625
0 0.68671875 0.4484375 0.05 0.053125
0 0.4625 0.02578125 0.015625 0.0125
0 0.403125 0.0140625 0.0171875 0.0171875
0 0.425 0.4 0.0421875 0.034375
0 0.5890625 0.43203125 0.034375 0.0375
0 0.51796875 0.4203125 0.040625 0.0515625
0 0.20625 0.3625 0.0390625 0.046875
0 0.35390625 0.39140625 0.0296875 0.040625
0 0.7515625 0.46875 0.046875 0.065625
0 0.8484375 0.49453125 0.0296875 0.040625
0 0.37890625 0.40546875 0.028125 0.028125
0 0.8109375 0.48984375 0.040625 0.0515625
0 0.175 0.365625 0.034375 0.025
0 0.6078125 0.45234375 0.0296875 0.040625
0 0.91484375 0.5125 0.03125 0.05
0 0.99296875 0.52734375 0.0140625 0.0421875
0 0.0359375 0.34140625 0.0328125 0.028125
0 0.646875 0.4625 0.0390625 0.046875
0 0.48671875 0.43359375 0.0296875 0.040625
0 0.97734375 0.52890625 0.028125 0.0328125
0 0.878125 0.509375 0.0484375 0.0484375
0 0.134375 0.365625 0.0421875 0.0390625
0 0.084375 0.35546875 0.0328125 0.028125
0 0.29765625 0.39921875 0.028125 0.028125
0 0.23828125 0.38984375 0.0390625 0.046875
0 0.2796875 0.3984375 0.0265625 0.0234375
0 0.721875 0.48671875 0.040625 0.0515625
0 0.38984375 0.42421875 0.03125 0.0453125
0 0.434375 0.43515625 0.046875 0.04375
0 0.11015625 0.37265625 0.0375 0.034375
0 0.559375 0.4625 0.040625 0.0515625
0 0.52265625 0.4578125 0.0359375 0.0296875
0 0.1703125 0.3890625 0.0390625 0.0203125
0 0.38671875 0.015625 0.009375 0.00625
0 0.440625 0.02578125 0.015625 0.0125
0 0.6734375 0.07109375 0.0171875 0.0203125
0 0.95234375 0.12578125 0.0171875 0.0171875
0 0.35390625 0.4296875 0.0453125 0.0515625
0 0.68984375 0.49453125 0.040625 0.05625
0 0.03203125 0.37421875 0.03125 0.0453125
0 0.9375 0.55625 0.040625 0.06875
0 0.82734375 0.1015625 0.0125 0.0203125
0 0.8203125 0.10234375 0.0125 0.015625
0 0.2640625 0.428125 0.046875 0.04375
0 0.17265625 0.41015625 0.0328125 0.0328125
0 0.23671875 0.42265625 0.0390625 0.046875
0 0.47265625 0.47109375 0.04375 0.046875
0 0.96484375 0.56875 0.0421875 0.065625
0 0.29921875 0.43984375 0.0359375 0.0453125
0 0.3234375 0.44921875 0.0234375 0.03125
0 0.8484375 0.55078125 0.0359375 0.06875
0 0.5390625 0.490625 0.040625 0.05625
0 0.103125 0.40859375 0.040625 0.0515625
0 0.19765625 0.43125 0.040625 0.05625
0 0.740625 0.5375 0.0453125 0.0515625
0 0.40625 0.475 0.05 0.053125
0 0.590625 0.51015625 0.0515625 0.0671875
0 0.50859375 0.49453125 0.0515625 0.0625
0 0.8625 0.56328125 0.0390625 0.046875
0 0.13984375 0.425 0.040625 0.0515625
0 0.21953125 0.440625 0.0328125 0.0546875
0 0.04375 0.40625 0.0375 0.0546875
0 0.89609375 0.575 0.0515625 0.0671875
0 0.65234375 0.5296875 0.04375 0.046875
0 0.825 0.56328125 0.040625 0.0515625
0 0.33359375 0.4703125 0.0421875 0.034375
0 0.02109375 0.41640625 0.0359375 0.05
0 0.4890625 0.50703125 0.046875 0.0609375
0 0.06796875 0.428125 0.04375 0.046875
0 0.9765625 0.60703125 0.0265625 0.0484375
0 0.2484375 0.4703125 0.0453125 0.0515625
0 0.15703125 0.45703125 0.05 0.0578125
0 0.9515625 0.61640625 0.0375 0.034375
0 0.79921875 0.103125 0.0125 0.015625
0 0.4375 0.51875 0.0328125 0.059375
0 0.859375 0.6046875 0.034375 0.0421875
0 0.32421875 0.50546875 0.0328125 0.059375
0 0.6109375 0.5609375 0.0609375 0.0640625
0 0.296875 0.50234375 0.0484375 0.0703125
0 0.46015625 0.53671875 0.046875 0.065625
0 0.39453125 0.52421875 0.0453125 0.0515625
0 0.27109375 0.50234375 0.03125 0.05
0 0.34765625 0.5171875 0.040625 0.06875
0 0.64140625 0.075 0.0171875 0.0203125
0 0.934375 0.13125 0.0171875 0.0203125
0 0.65859375 0.5828125 0.03125 0.0453125
0 0.75390625 0.60078125 0.0640625 0.0828125
0 0.78984375 0.6078125 0.0546875 0.0765625
0 0.19296875 0.4921875 0.05 0.0578125
0 0.6984375 0.59765625 0.0609375 0.06875
0 0.82109375 0.62109375 0.0421875 0.065625
0 0.546875 0.57265625 0.0515625 0.0671875
0 0.10625 0.4875 0.0421875 0.065625
0 0.86875 0.63984375 0.0265625 0.04375
0 0.959375 0.6578125 0.0421875 0.0609375
0 0.625 0.07421875 0.0171875 0.0171875
0 0.91171875 0.6484375 0.0671875 0.075
0 0.17109375 0.50703125 0.0421875 0.034375
0 0.078125 0.4890625 0.0546875 0.0765625
0 0.884375 0.6453125 0.0296875 0.0625
0 0.63203125 0.59921875 0.053125 0.05
0 0.01640625 0.4796875 0.0328125 0.075
0 0.23203125 0.53046875 0.046875 0.065625
0 0.26875 0.53984375 0.028125 0.0328125
0 0.56328125 0.06171875 0.0171875 0.0203125
0 0.79140625 0.10625 0.0125 0.0203125
0 0.83671875 0.6578125 0.0515625 0.0625
0 0.3890625 0.584375 0.053125 0.071875
0 0.9046875 0.13046875 0.0171875 0.0203125
0 0.49375 0.60703125 0.0625 0.0734375
0 0.62109375 0.63203125 0.0609375 0.0421875
0 0.03359375 0.52265625 0.046875 0.0390625
0 0.96015625 0.70234375 0.021875 0.065625
0 0.14609375 0.546875 0.0578125 0.071875
0 0.5390625 0.62734375 0.0484375 0.0484375
0 0.46796875 0.04765625 0.0171875 0.0171875
0 0.4390625 0.6203125 0.0609375 0.0640625
0 0.34921875 0.61015625 0.0515625 0.0671875
0 0.71640625 0.6859375 0.0578125 0.0765625
0 0.53984375 0.06484375 0.00625 0.009375
0 0.08984375 0.57109375 0.05 0.0578125
0 0.87109375 0.72578125 0.0515625 0.0671875
0 0.50234375 0.65390625 0.0546875 0.0375
0 0.7953125 0.715625 0.0578125 0.0765625
0 0.040625 0.5703125 0.053125 0.071875
0 0.63828125 0.68671875 0.04375 0.0703125
0 0.94140625 0.75078125 0.040625 0.0515625
0 0.53984375 0.67265625 0.046875 0.065625
0 0.5875 0.68203125 0.059375 0.059375
0 0.25390625 0.621875 0.0515625 0.0625
0 0.83671875 0.73515625 0.05 0.0578125
0 0.28984375 0.63359375 0.0515625 0.0671875
0 0.20625 0.62890625 0.075 0.071875
0 0.33125 0.653125 0.06875 0.040625
0 0.42578125 0.6765625 0.0546875 0.0546875
0 0.49765625 0.690625 0.0609375 0.046875
0 0.834375 0.76796875 0.0578125 0.05
0 0.009375 0.603125 0.01875 0.08125
0 0.70078125 0.7421875 0.065625 0.046875
0 0.1328125 0.6390625 0.046875 0.0609375
0 0.8921875 0.78671875 0.0578125 0.0953125
0 0.584375 0.08046875 0.0171875 0.0171875
0 0.74453125 0.77109375 0.0609375 0.090625
0 0.028125 0.634375 0.04375 0.04375
0 0.28515625 0.684375 0.0359375 0.0453125
0 0.49453125 0.73203125 0.0625 0.05625
0 0.45546875 0.7296875 0.0421875 0.065625
0 0.58984375 0.75546875 0.0578125 0.0953125
0 0.1375 0.6671875 0.0296875 0.040625
0 0.51953125 0.0703125 0.0125 0.015625
0 0.3140625 0.71640625 0.071875 0.075
0 0.54765625 0.7640625 0.0671875 0.096875
0 0.92265625 0.83671875 0.053125 0.0984375
0 0.38515625 0.7375 0.0765625 0.0765625
0 0.503125 0.06953125 0.0125 0.015625
0 0.05078125 0.6765625 0.0578125 0.0953125
0 0.66328125 0.803125 0.06875 0.0875
0 0.8078125 0.83125 0.0609375 0.090625
0 0.1578125 0.709375 0.06875 0.0828125
0 0.44375 0.06015625 0.01875 0.025
0 0.853125 0.8546875 0.0609375 0.046875
0 0.11171875 0.71171875 0.0625 0.0734375
0 0.4296875 0.0578125 0.0109375 0.0109375
0 0.7875 0.1265625 0.015625 0.0125
0 0.4796875 0.809375 0.078125 0.0859375
0 0.71640625 0.8578125 0.0375 0.0375
0 0.30859375 0.03828125 0.0171875 0.0171875
0 0.409375 0.0578125 0.0125 0.015625
0 0.284375 0.79296875 0.0640625 0.0828125
0 0.746875 0.89296875 0.071875 0.096875
0 0.38671875 0.82734375 0.0734375 0.084375
0 0.878125 0.92265625 0.0734375 0.0890625
0 0.1765625 0.79296875 0.0671875 0.078125
0 0.36953125 0.053125 0.0171875 0.0171875
0 0.53984375 0.08828125 0.0171875 0.0171875
0 0.29453125 0.040625 0.0171875 0.0171875
0 0.5984375 0.9015625 0.0453125 0.075
0 0.79375 0.94140625 0.071875 0.096875
0 0.62578125 0.9109375 0.071875 0.096875
0 0.675 0.93515625 0.0765625 0.0984375
0 0.39375 0.0625 0.0171875 0.0203125
0 0.55234375 0.0953125 0.0125 0.015625
0 0.934375 0.16953125 0.0171875 0.0171875
0 0.49453125 0.91796875 0.075 0.09375
0 0.27109375 0.040625 0.0234375 0.03125
0 0.66640625 0.11953125 0.0171875 0.0203125
0 0.89296875 0.16328125 0.021875 0.021875
0 0.7234375 0.13046875 0.01875 0.0296875
0 0.2359375 0.9109375 0.0890625 0.1015625
0 0.4015625 0.9546875 0.0921875 0.084375
0 0.3109375 0.05234375 0.0125 0.0203125
0 0.3 0.053125 0.0171875 0.0203125
0 0.32890625 0.05859375 0.0171875 0.0203125
0 0.69921875 0.13046875 0.0171875 0.0171875
0 0.771875 0.14453125 0.0234375 0.0265625
0 0.9890625 0.1859375 0.021875 0.021875
0 0.2546875 0.04921875 0.0203125 0.0171875
0 0.6578125 0.12734375 0.01875 0.025
0 0.94609375 0.1828125 0.0234375 0.0265625
0 0.46640625 0.0921875 0.0125 0.015625
0 0.61328125 0.1234375 0.0171875 0.0203125
0 0.70859375 0.1421875 0.0171875 0.0203125
0 0.5953125 0.11953125 0.0171875 0.0203125
0 0.58046875 0.12421875 0.0125 0.015625
0 0.253125 0.06015625 0.021875 0.021875
0 0.28046875 0.065625 0.021875 0.021875
0 0.865625 0.184375 0.0234375 0.0265625
0 0.48984375 0.11328125 0.0171875 0.0203125
0 0.97578125 0.21015625 0.0171875 0.0203125
0 0.384375 0.1 0.0171875 0.0203125
0 0.4546875 0.11640625 0.01875 0.025
0 0.41171875 0.1078125 0.0171875 0.0203125
0 0.8453125 0.19453125 0.0171875 0.0203125
0 0.89921875 0.2078125 0.021875 0.021875
0 0.81015625 0.18984375 0.0234375 0.03125
0 0.34453125 0.10234375 0.0171875 0.0203125
0 0.55703125 0.14375 0.021875 0.021875
0 0.31171875 0.0984375 0.01875 0.025
0 0.81875 0.196875 0.01875 0.0296875
0 0.434375 0.121875 0.021875 0.021875
0 0.59375 0.153125 0.0125 0.0203125
0 0.30625 0.09921875 0.0125 0.0203125
0 0.2265625 0.0890625 0.0234375 0.0265625
0 0.828125 0.2078125 0.0171875 0.0203125
0 0.278125 0.10078125 0.0234375 0.03125
0 0.9390625 0.2296875 0.021875 0.021875
0 0.69609375 0.184375 0.021875 0.021875
0 0.5328125 0.153125 0.0234375 0.0265625
0 0.78046875 0.20078125 0.0234375 0.0265625
0 0.5609375 0.1609375 0.0171875 0.0203125
0 0.12734375 0.0765625 0.028125 0.0328125
0 0.7609375 0.2 0.0171875 0.0203125
0 0.72890625 0.1953125 0.021875 0.021875
0 0.4265625 0.13671875 0.0171875 0.0203125
0 0.71875 0.1953125 0.0171875 0.0203125
0 0.896875 0.23046875 0.0234375 0.0265625
0 0.590625 0.1703125 0.021875 0.021875
0 0.6734375 0.1890625 0.0234375 0.0265625
0 0.7484375 0.20390625 0.0234375 0.0265625
0 0.46328125 0.1578125 0.0234375 0.0265625
0 0.475 0.16484375 0.01875 0.025
0 0.50078125 0.16953125 0.01875 0.025
0 0.99296875 0.265625 0.0140625 0.03125
0 0.65625 0.20234375 0.0171875 0.0203125
0 0.48359375 0.16875 0.0171875 0.0203125
0 0.40625 0.15859375 0.0234375 0.03125
0 0.5859375 0.19375 0.01875 0.025
0 0.14453125 0.1078125 0.01875 0.025
0 0.6078125 0.19765625 0.0234375 0.0265625
0 0.640625 0.20390625 0.0234375 0.03125
0 0.36015625 0.15234375 0.0171875 0.0203125
0 0.553125 0.18984375 0.0234375 0.0265625
0 0.7125 0.22265625 0.021875 0.021875