0 0.9723557692307693 0.40625 0.055288461538461536 0.1778846153846154
0 0.9459134615384616 0.03365384615384615 0.05048076923076923 0.0673076923076923
0 0.6310096153846154 0.4651442307692308 0.12259615384615384 0.19471153846153846
0 0.32211538461538464 0.054086538461538464 0.04807692307692308 0.0625
0 0.4362980769230769 0.06009615384615385 0.04326923076923077 0.052884615384615384
0 0.046875 0.5600961538461539 0.09375 0.20192307692307693
0 0.7367788461538461 0.04927884615384615 0.04326923076923077 0.0625
0 0.25721153846153844 0.06610576923076923 0.05048076923076923 0.07211538461538461
0 0.65625 0.054086538461538464 0.05048076923076923 0.07692307692307693
0 0.8990384615384616 0.05048076923076923 0.036057692307692304 0.08413461538461539
0 0.14182692307692307 0.8605769230769231 0.21153846153846154 0.24759615384615385
0 0.7512019230769231 0.8713942307692307 0.22355769230769232 0.19230769230769232
0 0.15504807692307693 0.10697115384615384 0.04326923076923077 0.0625
0 0.7980769230769231 0.08173076923076923 0.036057692307692304 0.07451923076923077
0 0.8461538461538461 0.09495192307692307 0.05048076923076923 0.07692307692307693
0 0.5865384615384616 0.11899038461538461 0.04567307692307692 0.07932692307692307
0 0.359375 0.12740384615384615 0.052884615384615384 0.0985576923076923
0 0.5336538461538461 0.12379807692307693 0.057692307692307696 0.08413461538461539
0 0.4519230769230769 0.12620192307692307 0.052884615384615384 0.07692307692307693
0 0.06370192307692307 0.13942307692307693 0.052884615384615384 0.09375
0 0.026442307692307692 0.14302884615384615 0.052884615384615384 0.0985576923076923
0 0.9399038461538461 0.1141826923076923 0.06009615384615385 0.11298076923076923
0 0.6899038461538461 0.125 0.05048076923076923 0.07932692307692307
0 0.6105769230769231 0.13701923076923078 0.052884615384615384 0.07932692307692307
0 0.2692307692307692 0.18028846153846154 0.06490384615384616 0.11298076923076923
0 0.21394230769230768 0.18269230769230768 0.0625 0.0889423076923077
0 0.7572115384615384 0.17548076923076922 0.06009615384615385 0.11298076923076923
0 0.6538461538461539 0.18389423076923078 0.07451923076923077 0.11298076923076923
0 0.13701923076923078 0.20432692307692307 0.06009615384615385 0.11778846153846154
0 0.33052884615384615 0.21634615384615385 0.06490384615384616 0.11778846153846154
0 0.3605769230769231 0.030048076923076924 0.03365384615384615 0.05048076923076923
0 0.5108173076923077 0.2403846153846154 0.07451923076923077 0.11298076923076923
0 0.43990384615384615 0.24278846153846154 0.07932692307692307 0.13221153846153846
0 0.8377403846153846 0.23317307692307693 0.0889423076923077 0.16105769230769232
0 0.02403846153846154 0.26802884615384615 0.04807692307692308 0.11778846153846154
0 0.9387019230769231 0.2439903846153846 0.08173076923076923 0.12259615384615384
0 0.1971153846153846 0.04807692307692308 0.038461538461538464 0.0673076923076923
0 0.06129807692307692 0.38822115384615385 0.09615384615384616 0.13701923076923078
0 0.47716346153846156 0.039663461538461536 0.04567307692307692 0.07211538461538461
0 0.5649038461538461 0.037259615384615384 0.03365384615384615 0.05048076923076923
0 0.24158653846153846 0.41346153846153844 0.12740384615384615 0.18509615384615385