0 0.5 0.3425480769230769 0.004807692307692308 0.004807692307692308
0 0.5120192307692307 0.3425480769230769 0.007211538461538462 0.009615384615384616
0 0.3737980769230769 0.38822115384615385 0.004807692307692308 0.004807692307692308
0 0.375 0.3954326923076923 0.007211538461538462 0.009615384615384616
0 0.3786057692307692 0.39903846153846156 0.007211538461538462 0.009615384615384616
0 0.84375 0.3449519230769231 0.004807692307692308 0.004807692307692308
0 0.6706730769230769 0.3762019230769231 0.01201923076923077 0.01201923076923077
0 0.625 0.38461538461538464 0.01201923076923077 0.01201923076923077
0 0.6225961538461539 0.3870192307692308 0.007211538461538462 0.009615384615384616
0 0.6911057692307693 0.375 0.007211538461538462 0.009615384615384616
0 0.6814903846153846 0.3786057692307692 0.007211538461538462 0.009615384615384616
0 0.6502403846153846 0.3870192307692308 0.007211538461538462 0.009615384615384616
0 0.6382211538461539 0.3894230769230769 0.007211538461538462 0.009615384615384616
0 0.7451923076923077 0.3701923076923077 0.004807692307692308 0.004807692307692308
0 0.6430288461538461 0.38822115384615385 0.004807692307692308 0.004807692307692308
0 0.7379807692307693 0.3713942307692308 0.004807692307692308 0.004807692307692308
0 0.6033653846153846 0.3954326923076923 0.004807692307692308 0.004807692307692308
0 0.7091346153846154 0.3762019230769231 0.007211538461538462 0.009615384615384616
0 0.7512019230769231 0.36899038461538464 0.007211538461538462 0.009615384615384616
0 0.8401442307692307 0.35336538461538464 0.007211538461538462 0.009615384615384616
0 0.7019230769230769 0.37740384615384615 0.004807692307692308 0.004807692307692308
0 0.7728365384615384 0.36538461538461536 0.004807692307692308 0.004807692307692308
0 0.4807692307692308 0.4170673076923077 0.007211538461538462 0.009615384615384616
0 0.7560096153846154 0.36778846153846156 0.007211538461538462 0.009615384615384616
0 0.4951923076923077 0.4170673076923077 0.007211538461538462 0.009615384615384616
0 0.6153846153846154 0.3954326923076923 0.007211538461538462 0.009615384615384616
0 0.7175480769230769 0.37740384615384615 0.007211538461538462 0.009615384615384616
0 0.7295673076923077 0.375 0.01201923076923077 0.01201923076923077
0 0.59375 0.39903846153846156 0.007211538461538462 0.009615384615384616
0 0.8473557692307693 0.3545673076923077 0.01201923076923077 0.01201923076923077
0 0.4170673076923077 0.43028846153846156 0.004807692307692308 0.004807692307692308
0 0.6021634615384616 0.39783653846153844 0.007211538461538462 0.009615384615384616
0 0.4423076923076923 0.42788461538461536 0.004807692307692308 0.004807692307692308
0 0.7367788461538461 0.3762019230769231 0.004807692307692308 0.004807692307692308
0 0.6935096153846154 0.38461538461538464 0.01201923076923077 0.01201923076923077
0 0.4338942307692308 0.4326923076923077 0.007211538461538462 0.009615384615384616
0 0.4026442307692308 0.4387019230769231 0.007211538461538462 0.009615384615384616
0 0.46153846153846156 0.42908653846153844 0.01201923076923077 0.01201923076923077
0 0.4795673076923077 0.4254807692307692 0.007211538461538462 0.009615384615384616
0 0.7475961538461539 0.3786057692307692 0.007211538461538462 0.009615384615384616
0 0.7800480769230769 0.375 0.01201923076923077 0.016826923076923076
0 0.8449519230769231 0.3641826923076923 0.007211538461538462 0.009615384615384616
0 0.4206730769230769 0.4411057692307692 0.01201923076923077 0.01201923076923077
0 0.40384615384615385 0.44591346153846156 0.004807692307692308 0.004807692307692308
0 0.6358173076923077 0.4050480769230769 0.009615384615384616 0.007211538461538462
0 0.453125 0.4375 0.01201923076923077 0.01201923076923077
0 0.49038461538461536 0.43149038461538464 0.004807692307692308 0.004807692307692308
0 0.44711538461538464 0.4411057692307692 0.01201923076923077 0.01201923076923077
0 0.4639423076923077 0.4375 0.01201923076923077 0.01201923076923077
0 0.5276442307692307 0.4266826923076923 0.007211538461538462 0.009615384615384616
0 0.8533653846153846 0.36899038461538464 0.007211538461538462 0.009615384615384616
0 0.4362980769230769 0.4423076923076923 0.01201923076923077 0.01201923076923077
0 0.7487980769230769 0.390625 0.01201923076923077 0.01201923076923077
0 0.7548076923076923 0.3894230769230769 0.01201923076923077 0.01201923076923077
0 0.48677884615384615 0.4387019230769231 0.007211538461538462 0.009615384615384616
0 0.7896634615384616 0.3858173076923077 0.007211538461538462 0.009615384615384616
0 0.6935096153846154 0.4026442307692308 0.01201923076923077 0.01201923076923077
0 0.8653846153846154 0.375 0.01201923076923077 0.01201923076923077
0 0.765625 0.3918269230769231 0.01201923076923077 0.016826923076923076
0 0.7331730769230769 0.39783653846153844 0.01201923076923077 0.016826923076923076
0 0.6057692307692307 0.4206730769230769 0.01201923076923077 0.01201923076923077
0 0.6790865384615384 0.4074519230769231 0.01201923076923077 0.01201923076923077
0 0.6574519230769231 0.41346153846153844 0.01201923076923077 0.01201923076923077
0 0.7379807692307693 0.39903846153846156 0.007211538461538462 0.009615384615384616
0 0.5372596153846154 0.4375 0.01201923076923077 0.016826923076923076
0 0.8449519230769231 0.38341346153846156 0.009615384615384616 0.007211538461538462
0 0.6911057692307693 0.41225961538461536 0.007211538461538462 0.009615384615384616
0 0.7463942307692307 0.4026442307692308 0.007211538461538462 0.009615384615384616
0 0.8557692307692307 0.38341346153846156 0.007211538461538462 0.009615384615384616
0 0.7512019230769231 0.4014423076923077 0.01201923076923077 0.01201923076923077
0 0.5637019230769231 0.43509615384615385 0.01201923076923077 0.01201923076923077
0 0.6658653846153846 0.4170673076923077 0.007211538461538462 0.009615384615384616
0 0.6778846153846154 0.41466346153846156 0.01201923076923077 0.01201923076923077
0 0.6899038461538461 0.41225961538461536 0.007211538461538462 0.009615384615384616
0 0.78125 0.39663461538461536 0.007211538461538462 0.009615384615384616
0 0.5552884615384616 0.4362980769230769 0.007211538461538462 0.009615384615384616
0 0.5432692307692307 0.4411057692307692 0.007211538461538462 0.009615384615384616
0 0.7992788461538461 0.3954326923076923 0.01201923076923077 0.01201923076923077
0 0.5300480769230769 0.44350961538461536 0.01201923076923077 0.016826923076923076
0 0.6237980769230769 0.4266826923076923 0.01201923076923077 0.01201923076923077
0 0.6045673076923077 0.43028846153846156 0.007211538461538462 0.009615384615384616
0 0.7055288461538461 0.41225961538461536 0.01201923076923077 0.01201923076923077
0 0.7379807692307693 0.4074519230769231 0.007211538461538462 0.009615384615384616
0 0.7199519230769231 0.4098557692307692 0.01201923076923077 0.016826923076923076
0 0.7235576923076923 0.41225961538461536 0.01201923076923077 0.01201923076923077
0 0.6105769230769231 0.43149038461538464 0.01201923076923077 0.016826923076923076
0 0.5396634615384616 0.44591346153846156 0.007211538461538462 0.014423076923076924
0 0.5673076923076923 0.43990384615384615 0.007211538461538462 0.009615384615384616
0 0.5733173076923077 0.43990384615384615 0.007211538461538462 0.009615384615384616
0 0.7235576923076923 0.41346153846153844 0.01201923076923077 0.01201923076923077
0 0.6766826923076923 0.421875 0.01201923076923077 0.01201923076923077
0 0.7680288461538461 0.4074519230769231 0.009615384615384616 0.007211538461538462
0 0.5540865384615384 0.44591346153846156 0.01201923076923077 0.016826923076923076
0 0.7067307692307693 0.4182692307692308 0.01201923076923077 0.01201923076923077
0 0.7379807692307693 0.41225961538461536 0.007211538461538462 0.009615384615384616
0 0.8521634615384616 0.3954326923076923 0.007211538461538462 0.009615384615384616
0 0.5985576923076923 0.43990384615384615 0.01201923076923077 0.01201923076923077
0 0.6334134615384616 0.4338942307692308 0.01201923076923077 0.016826923076923076
0 0.7596153846153846 0.4110576923076923 0.007211538461538462 0.009615384615384616
0 0.609375 0.43990384615384615 0.01201923076923077 0.01201923076923077
0 0.8689903846153846 0.3942307692307692 0.01201923076923077 0.016826923076923076
0 0.7295673076923077 0.41947115384615385 0.007211538461538462 0.009615384615384616
0 0.8581730769230769 0.39903846153846156 0.01201923076923077 0.01201923076923077
0 0.7860576923076923 0.41466346153846156 0.01201923076923077 0.01201923076923077
0 0.7764423076923077 0.41586538461538464 0.01201923076923077 0.01201923076923077
0 0.5673076923076923 0.453125 0.01201923076923077 0.01201923076923077
0 0.6586538461538461 0.4387019230769231 0.009615384615384616 0.007211538461538462
0 0.6466346153846154 0.4411057692307692 0.01201923076923077 0.01201923076923077
0 0.7115384615384616 0.43028846153846156 0.01201923076923077 0.016826923076923076
0 0.7944711538461539 0.41466346153846156 0.01201923076923077 0.01201923076923077
0 0.6274038461538461 0.44471153846153844 0.01201923076923077 0.016826923076923076
0 0.8786057692307693 0.40024038461538464 0.01201923076923077 0.016826923076923076
0 0.5745192307692307 0.4567307692307692 0.004807692307692308 0.004807692307692308
0 0.9098557692307693 0.39663461538461536 0.01201923076923077 0.016826923076923076
0 0.7211538461538461 0.43028846153846156 0.01201923076923077 0.01201923076923077
0 0.8569711538461539 0.40625 0.004807692307692308 0.004807692307692308
0 0.7295673076923077 0.43149038461538464 0.01201923076923077 0.01201923076923077
0 0.7668269230769231 0.4254807692307692 0.01201923076923077 0.016826923076923076
0 0.6706730769230769 0.4423076923076923 0.01201923076923077 0.01201923076923077
0 0.7836538461538461 0.42427884615384615 0.007211538461538462 0.009615384615384616
0 0.734375 0.4326923076923077 0.01201923076923077 0.01201923076923077
0 0.6899038461538461 0.4411057692307692 0.01201923076923077 0.01201923076923077
0 0.7788461538461539 0.4254807692307692 0.007211538461538462 0.009615384615384616
0 0.7415865384615384 0.43149038461538464 0.01201923076923077 0.01201923076923077
0 0.6237980769230769 0.453125 0.01201923076923077 0.01201923076923077
0 0.7259615384615384 0.4338942307692308 0.007211538461538462 0.009615384615384616
0 0.7560096153846154 0.43149038461538464 0.004807692307692308 0.004807692307692308
0 0.6490384615384616 0.45072115384615385 0.01201923076923077 0.01201923076923077
0 0.6959134615384616 0.4423076923076923 0.016826923076923076 0.016826923076923076
0 0.6117788461538461 0.4567307692307692 0.01201923076923077 0.016826923076923076
0 0.8581730769230769 0.41346153846153844 0.01201923076923077 0.016826923076923076
0 0.6334134615384616 0.453125 0.01201923076923077 0.01201923076923077
0 0.6418269230769231 0.4519230769230769 0.01201923076923077 0.016826923076923076
0 0.5721153846153846 0.4639423076923077 0.01201923076923077 0.016826923076923076
0 0.8064903846153846 0.4254807692307692 0.01201923076923077 0.01201923076923077
0 0.7608173076923077 0.4338942307692308 0.007211538461538462 0.009615384615384616
0 0.2548076923076923 0.5252403846153846 0.007211538461538462 0.014423076923076924
0 0.6814903846153846 0.4495192307692308 0.009615384615384616 0.007211538461538462
0 0.65625 0.4543269230769231 0.004807692307692308 0.004807692307692308
0 0.5973557692307693 0.4639423076923077 0.009615384615384616 0.007211538461538462
0 0.5408653846153846 0.47475961538461536 0.007211538461538462 0.009615384615384616
0 0.5612980769230769 0.47115384615384615 0.004807692307692308 0.004807692307692308
0 0.8737980769230769 0.41586538461538464 0.01201923076923077 0.01201923076923077
0 0.7403846153846154 0.4387019230769231 0.01201923076923077 0.016826923076923076
0 0.36177884615384615 0.5060096153846154 0.01201923076923077 0.01201923076923077
0 0.5492788461538461 0.47596153846153844 0.01201923076923077 0.01201923076923077
0 0.5540865384615384 0.47475961538461536 0.007211538461538462 0.009615384615384616
0 0.5661057692307693 0.4723557692307692 0.007211538461538462 0.009615384615384616
0 0.7487980769230769 0.43990384615384615 0.01201923076923077 0.016826923076923076
0 0.8233173076923077 0.4266826923076923 0.01201923076923077 0.01201923076923077
0 0.4423076923076923 0.49399038461538464 0.007211538461538462 0.014423076923076924
0 0.71875 0.44591346153846156 0.01201923076923077 0.01201923076923077
0 0.5841346153846154 0.47115384615384615 0.01201923076923077 0.01201923076923077
0 0.6598557692307693 0.4567307692307692 0.01201923076923077 0.01201923076923077
0 0.7115384615384616 0.4483173076923077 0.01201923076923077 0.01201923076923077
0 0.53125 0.4795673076923077 0.01201923076923077 0.016826923076923076
0 0.47716346153846156 0.4891826923076923 0.01201923076923077 0.01201923076923077
0 0.6682692307692307 0.45552884615384615 0.007211538461538462 0.009615384615384616
0 0.6959134615384616 0.45072115384615385 0.01201923076923077 0.01201923076923077
0 0.3545673076923077 0.5108173076923077 0.01201923076923077 0.016826923076923076
0 0.5889423076923077 0.4699519230769231 0.01201923076923077 0.01201923076923077
0 0.7295673076923077 0.44471153846153844 0.01201923076923077 0.01201923076923077
0 0.6502403846153846 0.45913461538461536 0.01201923076923077 0.01201923076923077
0 0.4879807692307692 0.4879807692307692 0.01201923076923077 0.01201923076923077
0 0.4543269230769231 0.4963942307692308 0.007211538461538462 0.009615384615384616
0 0.6237980769230769 0.46634615384615385 0.01201923076923077 0.016826923076923076
0 0.49759615384615385 0.4879807692307692 0.01201923076923077 0.01201923076923077
0 0.6358173076923077 0.4639423076923077 0.01201923076923077 0.016826923076923076
0 0.7259615384615384 0.4483173076923077 0.016826923076923076 0.016826923076923076
0 0.921875 0.41346153846153844 0.01201923076923077 0.016826923076923076
0 0.7391826923076923 0.44591346153846156 0.01201923076923077 0.01201923076923077
0 0.5096153846153846 0.4855769230769231 0.01201923076923077 0.01201923076923077
0 0.6033653846153846 0.4699519230769231 0.007211538461538462 0.009615384615384616
0 0.7536057692307693 0.44350961538461536 0.01201923076923077 0.016826923076923076
0 0.4206730769230769 0.5012019230769231 0.01201923076923077 0.016826923076923076
0 0.6754807692307693 0.4567307692307692 0.01201923076923077 0.01201923076923077
0 0.6899038461538461 0.4543269230769231 0.01201923076923077 0.01201923076923077
0 0.8209134615384616 0.43149038461538464 0.01201923076923077 0.01201923076923077
0 0.5588942307692307 0.47716346153846156 0.01201923076923077 0.01201923076923077
0 0.6802884615384616 0.4579326923076923 0.01201923076923077 0.01201923076923077
0 0.5961538461538461 0.4735576923076923 0.01201923076923077 0.016826923076923076
0 0.7836538461538461 0.43990384615384615 0.01201923076923077 0.016826923076923076
0 0.6983173076923077 0.45552884615384615 0.01201923076923077 0.01201923076923077
0 0.515625 0.4879807692307692 0.007211538461538462 0.009615384615384616
0 0.48677884615384615 0.49278846153846156 0.007211538461538462 0.009615384615384616
0 0.7716346153846154 0.4423076923076923 0.01201923076923077 0.01201923076923077
0 0.5444711538461539 0.48197115384615385 0.01201923076923077 0.016826923076923076
0 0.7055288461538461 0.4543269230769231 0.007211538461538462 0.009615384615384616
0 0.9110576923076923 0.4182692307692308 0.01201923076923077 0.01201923076923077
0 0.6310096153846154 0.4699519230769231 0.01201923076923077 0.01201923076923077
0 0.4098557692307692 0.5084134615384616 0.01201923076923077 0.01201923076923077
0 0.47115384615384615 0.49759615384615385 0.01201923076923077 0.016826923076923076
0 0.6105769230769231 0.4735576923076923 0.009615384615384616 0.007211538461538462
0 0.5336538461538461 0.48677884615384615 0.007211538461538462 0.014423076923076924
0 0.8064903846153846 0.4387019230769231 0.004807692307692308 0.004807692307692308
0 0.8317307692307693 0.4338942307692308 0.01201923076923077 0.016826923076923076
0 0.5853365384615384 0.47716346153846156 0.01201923076923077 0.01201923076923077
0 0.7103365384615384 0.45552884615384615 0.009615384615384616 0.007211538461538462
0 0.5745192307692307 0.4795673076923077 0.01201923076923077 0.016826923076923076
0 0.7884615384615384 0.4423076923076923 0.01201923076923077 0.016826923076923076
0 0.36658653846153844 0.5168269230769231 0.016826923076923076 0.016826923076923076
0 0.5264423076923077 0.4879807692307692 0.01201923076923077 0.016826923076923076
0 0.20673076923076922 0.5444711538461539 0.01201923076923077 0.016826923076923076
0 0.4807692307692308 0.4963942307692308 0.007211538461538462 0.014423076923076924
0 0.3762019230769231 0.5144230769230769 0.01201923076923077 0.01201923076923077
0 0.45552884615384615 0.5012019230769231 0.007211538461538462 0.009615384615384616
0 0.859375 0.43149038461538464 0.01201923076923077 0.016826923076923076
0 0.43990384615384615 0.5060096153846154 0.01201923076923077 0.016826923076923076
0 0.7680288461538461 0.4483173076923077 0.01201923076923077 0.01201923076923077
0 0.6586538461538461 0.4675480769230769 0.016826923076923076 0.01201923076923077
0 0.453125 0.5036057692307693 0.01201923076923077 0.01201923076923077
0 0.3942307692307692 0.5144230769230769 0.007211538461538462 0.014423076923076924
0 0.18389423076923078 0.5504807692307693 0.01201923076923077 0.016826923076923076
0 0.7247596153846154 0.45552884615384615 0.01201923076923077 0.016826923076923076
0 0.4951923076923077 0.4987980769230769 0.01201923076923077 0.016826923076923076
0 0.5 0.49759615384615385 0.01201923076923077 0.016826923076923076
0 0.5925480769230769 0.4807692307692308 0.007211538461538462 0.009615384615384616
0 0.7319711538461539 0.4567307692307692 0.016826923076923076 0.016826923076923076
0 0.6201923076923077 0.47596153846153844 0.01201923076923077 0.016826923076923076
0 0.7487980769230769 0.4567307692307692 0.01201923076923077 0.01201923076923077
0 0.6983173076923077 0.4651442307692308 0.01201923076923077 0.016826923076923076
0 0.8052884615384616 0.44591346153846156 0.01201923076923077 0.016826923076923076
0 0.41346153846153844 0.515625 0.01201923076923077 0.016826923076923076
0 0.6274038461538461 0.47716346153846156 0.016826923076923076 0.01201923076923077
0 0.4651442307692308 0.5060096153846154 0.01201923076923077 0.016826923076923076
0 0.6370192307692307 0.47596153846153844 0.01201923076923077 0.016826923076923076
0 0.6454326923076923 0.47475961538461536 0.01201923076923077 0.016826923076923076
0 0.7391826923076923 0.4579326923076923 0.016826923076923076 0.016826923076923076
0 0.4014423076923077 0.5168269230769231 0.01201923076923077 0.016826923076923076
0 0.6526442307692307 0.47596153846153844 0.01201923076923077 0.016826923076923076
0 0.7127403846153846 0.4651442307692308 0.016826923076923076 0.016826923076923076
0 0.26802884615384615 0.5432692307692307 0.016826923076923076 0.019230769230769232
0 0.3870192307692308 0.5228365384615384 0.01201923076923077 0.016826923076923076
0 0.45072115384615385 0.5108173076923077 0.01201923076923077 0.016826923076923076
0 0.796875 0.45072115384615385 0.01201923076923077 0.016826923076923076
0 0.25841346153846156 0.5444711538461539 0.016826923076923076 0.016826923076923076
0 0.7740384615384616 0.4543269230769231 0.01201923076923077 0.016826923076923076
0 0.4735576923076923 0.5072115384615384 0.007211538461538462 0.014423076923076924
0 0.8245192307692307 0.4483173076923077 0.01201923076923077 0.016826923076923076
0 0.1201923076923077 0.5721153846153846 0.01201923076923077 0.01201923076923077
0 0.7692307692307693 0.4579326923076923 0.01201923076923077 0.01201923076923077
0 0.4387019230769231 0.515625 0.01201923076923077 0.016826923076923076
0 0.5228365384615384 0.5012019230769231 0.01201923076923077 0.016826923076923076
0 0.6057692307692307 0.4855769230769231 0.01201923076923077 0.016826923076923076
0 0.5528846153846154 0.49759615384615385 0.016826923076923076 0.019230769230769232
0 0.7884615384615384 0.4567307692307692 0.01201923076923077 0.016826923076923076
0 0.8365384615384616 0.4483173076923077 0.01201923076923077 0.016826923076923076
0 0.671875 0.47716346153846156 0.01201923076923077 0.01201923076923077
0 0.5132211538461539 0.5048076923076923 0.01201923076923077 0.01201923076923077
0 0.28966346153846156 0.5444711538461539 0.016826923076923076 0.016826923076923076
0 0.22596153846153846 0.5552884615384616 0.016826923076923076 0.016826923076923076
0 0.4855769230769231 0.5096153846153846 0.01201923076923077 0.016826923076923076
0 0.4963942307692308 0.5108173076923077 0.01201923076923077 0.016826923076923076
0 0.10697115384615384 0.5793269230769231 0.016826923076923076 0.016826923076923076
0 0.625 0.4879807692307692 0.01201923076923077 0.01201923076923077
0 0.75 0.4651442307692308 0.014423076923076924 0.007211538461538462
0 0.7824519230769231 0.46033653846153844 0.01201923076923077 0.01201923076923077
0 0.42788461538461536 0.5228365384615384 0.01201923076923077 0.016826923076923076
0 0.5973557692307693 0.49278846153846156 0.01201923076923077 0.016826923076923076
0 0.96875 0.4266826923076923 0.01201923076923077 0.016826923076923076
0 0.203125 0.5625 0.01201923076923077 0.016826923076923076
0 0.703125 0.47836538461538464 0.016826923076923076 0.016826923076923076
0 0.5096153846153846 0.5132211538461539 0.016826923076923076 0.016826923076923076
0 0.8305288461538461 0.4567307692307692 0.01201923076923077 0.016826923076923076
0 0.14302884615384615 0.578125 0.016826923076923076 0.019230769230769232
0 0.3088942307692308 0.5480769230769231 0.01201923076923077 0.01201923076923077
0 0.4567307692307692 0.5228365384615384 0.01201923076923077 0.01201923076923077
0 0.5444711538461539 0.5072115384615384 0.016826923076923076 0.019230769230769232
0 0.6923076923076923 0.4807692307692308 0.01201923076923077 0.016826923076923076
0 0.3954326923076923 0.5348557692307693 0.01201923076923077 0.016826923076923076
0 0.8100961538461539 0.46153846153846156 0.01201923076923077 0.016826923076923076
0 0.6033653846153846 0.49759615384615385 0.01201923076923077 0.016826923076923076
0 0.9747596153846154 0.4326923076923077 0.01201923076923077 0.016826923076923076
0 0.09615384615384616 0.5865384615384616 0.01201923076923077 0.016826923076923076
0 0.6262019230769231 0.49399038461538464 0.01201923076923077 0.01201923076923077
0 0.6850961538461539 0.4831730769230769 0.016826923076923076 0.016826923076923076
0 0.8918269230769231 0.44711538461538464 0.01201923076923077 0.01201923076923077
0 0.027644230769230768 0.5985576923076923 0.01201923076923077 0.01201923076923077
0 0.8834134615384616 0.4483173076923077 0.016826923076923076 0.016826923076923076
0 0.38221153846153844 0.5384615384615384 0.016826923076923076 0.01201923076923077
0 0.5853365384615384 0.5036057692307693 0.01201923076923077 0.016826923076923076
0 0.7536057692307693 0.4735576923076923 0.016826923076923076 0.01201923076923077
0 0.734375 0.47716346153846156 0.009615384615384616 0.007211538461538462
0 0.3004807692307692 0.5528846153846154 0.007211538461538462 0.009615384615384616
0 0.7956730769230769 0.46634615384615385 0.01201923076923077 0.01201923076923077
0 0.35096153846153844 0.5444711538461539 0.016826923076923076 0.019230769230769232
0 0.44711538461538464 0.5300480769230769 0.01201923076923077 0.019230769230769232
0 0.06850961538461539 0.5973557692307693 0.016826923076923076 0.019230769230769232
0 0.5336538461538461 0.5144230769230769 0.016826923076923076 0.019230769230769232
0 0.7704326923076923 0.4735576923076923 0.01201923076923077 0.01201923076923077
0 0.5012019230769231 0.5204326923076923 0.01201923076923077 0.019230769230769232
0 0.47115384615384615 0.5252403846153846 0.01201923076923077 0.016826923076923076
0 0.9615384615384616 0.43990384615384615 0.01201923076923077 0.016826923076923076
0 0.6658653846153846 0.49158653846153844 0.021634615384615384 0.021634615384615384
0 0.17548076923076922 0.578125 0.016826923076923076 0.019230769230769232
0 0.025240384615384616 0.6069711538461539 0.016826923076923076 0.019230769230769232
0 0.125 0.5889423076923077 0.016826923076923076 0.019230769230769232
0 0.10697115384615384 0.5925480769230769 0.016826923076923076 0.016826923076923076
0 0.7872596153846154 0.4723557692307692 0.016826923076923076 0.016826923076923076
0 0.36658653846153844 0.5492788461538461 0.016826923076923076 0.019230769230769232
0 0.7620192307692307 0.4795673076923077 0.01201923076923077 0.016826923076923076
0 0.31009615384615385 0.5588942307692307 0.016826923076923076 0.016826923076923076
0 0.40865384615384615 0.5420673076923077 0.016826923076923076 0.016826923076923076
0 0.6225961538461539 0.5036057692307693 0.01201923076923077 0.016826923076923076
0 0.5757211538461539 0.5120192307692307 0.016826923076923076 0.016826923076923076
0 0.3762019230769231 0.546875 0.01201923076923077 0.016826923076923076
0 0.9278846153846154 0.45072115384615385 0.016826923076923076 0.019230769230769232
0 0.45552884615384615 0.5360576923076923 0.01201923076923077 0.016826923076923076
0 0.6502403846153846 0.5012019230769231 0.016826923076923076 0.016826923076923076
0 0.7355769230769231 0.48677884615384615 0.016826923076923076 0.01201923076923077
0 0.796875 0.47596153846153844 0.007211538461538462 0.009615384615384616
0 0.037259615384615384 0.609375 0.01201923076923077 0.016826923076923076
0 0.6826923076923077 0.4963942307692308 0.016826923076923076 0.016826923076923076
0 0.4411057692307692 0.5408653846153846 0.016826923076923076 0.019230769230769232
0 0.33052884615384615 0.5600961538461539 0.01201923076923077 0.019230769230769232
0 0.056490384615384616 0.6081730769230769 0.016826923076923076 0.019230769230769232
0 0.3918269230769231 0.5492788461538461 0.016826923076923076 0.019230769230769232
0 0.6334134615384616 0.5072115384615384 0.016826923076923076 0.016826923076923076
0 0.8137019230769231 0.47716346153846156 0.01201923076923077 0.016826923076923076
0 0.875 0.46634615384615385 0.01201923076923077 0.016826923076923076
0 0.04326923076923077 0.6129807692307693 0.019230769230769232 0.028846153846153848
0 0.5528846153846154 0.5240384615384616 0.01201923076923077 0.016826923076923076
0 0.5276442307692307 0.5276442307692307 0.016826923076923076 0.016826923076923076
0 0.75 0.4891826923076923 0.01201923076923077 0.01201923076923077
0 0.9002403846153846 0.4651442307692308 0.016826923076923076 0.016826923076923076
0 0.7427884615384616 0.49278846153846156 0.01201923076923077 0.01201923076923077
0 0.5456730769230769 0.5276442307692307 0.01201923076923077 0.016826923076923076
0 0.4675480769230769 0.5408653846153846 0.01201923076923077 0.019230769230769232
0 0.9194711538461539 0.46153846153846156 0.021634615384615384 0.021634615384615384
0 0.9783653846153846 0.45072115384615385 0.016826923076923076 0.019230769230769232
0 0.7103365384615384 0.4987980769230769 0.021634615384615384 0.021634615384615384
0 0.8641826923076923 0.4735576923076923 0.016826923076923076 0.019230769230769232
0 0.33774038461538464 0.5661057692307693 0.01201923076923077 0.019230769230769232
0 0.5240384615384616 0.5336538461538461 0.016826923076923076 0.016826923076923076
0 0.35096153846153844 0.5637019230769231 0.016826923076923076 0.016826923076923076
0 0.7752403846153846 0.4891826923076923 0.016826923076923076 0.016826923076923076
0 0.6069711538461539 0.5192307692307693 0.021634615384615384 0.021634615384615384
0 0.484375 0.5408653846153846 0.016826923076923076 0.016826923076923076
0 0.890625 0.46875 0.01201923076923077 0.019230769230769232
0 0.12740384615384615 0.6033653846153846 0.016826923076923076 0.016826923076923076
0 0.2776442307692308 0.5769230769230769 0.016826923076923076 0.016826923076923076
0 0.6959134615384616 0.5036057692307693 0.016826923076923076 0.019230769230769232
0 0.4014423076923077 0.5576923076923077 0.016826923076923076 0.019230769230769232
0 0.10096153846153846 0.6105769230769231 0.021634615384615384 0.021634615384615384
0 0.31971153846153844 0.5721153846153846 0.01201923076923077 0.019230769230769232
0 0.6778846153846154 0.5084134615384616 0.016826923076923076 0.01201923076923077
0 0.3269230769230769 0.5733173076923077 0.016826923076923076 0.019230769230769232
0 0.5709134615384616 0.5300480769230769 0.016826923076923076 0.019230769230769232
0 0.8449519230769231 0.48197115384615385 0.01201923076923077 0.019230769230769232
0 0.8293269230769231 0.484375 0.016826923076923076 0.019230769230769232
0 0.49759615384615385 0.5432692307692307 0.016826923076923076 0.019230769230769232
0 0.9651442307692307 0.46033653846153844 0.016826923076923076 0.019230769230769232
0 0.5625 0.5336538461538461 0.01201923076923077 0.016826923076923076
0 0.7608173076923077 0.4987980769230769 0.016826923076923076 0.016826923076923076
0 0.5120192307692307 0.5432692307692307 0.016826923076923076 0.019230769230769232
0 0.6310096153846154 0.5216346153846154 0.021634615384615384 0.021634615384615384
0 0.7908653846153846 0.49399038461538464 0.016826923076923076 0.016826923076923076
0 0.28725961538461536 0.5853365384615384 0.016826923076923076 0.019230769230769232
0 0.3161057692307692 0.5805288461538461 0.016826923076923076 0.019230769230769232
0 0.46033653846153844 0.5540865384615384 0.016826923076923076 0.019230769230769232
0 0.20793269230769232 0.5997596153846154 0.021634615384615384 0.03125
0 0.3088942307692308 0.5829326923076923 0.021634615384615384 0.026442307692307692
0 0.7391826923076923 0.5072115384615384 0.016826923076923076 0.016826923076923076
0 0.5060096153846154 0.5480769230769231 0.016826923076923076 0.019230769230769232
0 0.24639423076923078 0.59375 0.016826923076923076 0.019230769230769232
0 0.5504807692307693 0.5420673076923077 0.016826923076923076 0.019230769230769232
0 0.2644230769230769 0.5925480769230769 0.016826923076923076 0.019230769230769232
0 0.34134615384615385 0.5793269230769231 0.016826923076923076 0.019230769230769232
0 0.7524038461538461 0.5072115384615384 0.016826923076923076 0.019230769230769232
0 0.5637019230769231 0.5396634615384616 0.016826923076923076 0.019230769230769232
0 0.10576923076923077 0.6237980769230769 0.016826923076923076 0.019230769230769232
0 0.046875 0.6334134615384616 0.021634615384615384 0.021634615384615384
0 0.6754807692307693 0.5228365384615384 0.021634615384615384 0.03125
0 0.8485576923076923 0.49158653846153844 0.01201923076923077 0.016826923076923076
0 0.8713942307692307 0.4879807692307692 0.016826923076923076 0.016826923076923076
0 0.5288461538461539 0.5480769230769231 0.021634615384615384 0.03125
0 0.375 0.578125 0.016826923076923076 0.019230769230769232
0 0.07932692307692307 0.6310096153846154 0.021634615384615384 0.026442307692307692
0 0.7019230769230769 0.5204326923076923 0.016826923076923076 0.016826923076923076
0 0.9086538461538461 0.484375 0.016826923076923076 0.019230769230769232
0 0.796875 0.5036057692307693 0.016826923076923076 0.019230769230769232
0 0.3870192307692308 0.578125 0.016826923076923076 0.019230769230769232
0 0.9915865384615384 0.47115384615384615 0.016826923076923076 0.02403846153846154
0 0.2776442307692308 0.5973557692307693 0.021634615384615384 0.021634615384615384
0 0.9459134615384616 0.4795673076923077 0.016826923076923076 0.019230769230769232
0 0.35697115384615385 0.5841346153846154 0.021634615384615384 0.03125
0 0.8137019230769231 0.5084134615384616 0.016826923076923076 0.019230769230769232
0 0.33774038461538464 0.5925480769230769 0.019230769230769232 0.02403846153846154
0 0.25721153846153844 0.6057692307692307 0.016826923076923076 0.019230769230769232
0 0.15745192307692307 0.6237980769230769 0.021634615384615384 0.026442307692307692
0 0.28725961538461536 0.6033653846153846 0.016826923076923076 0.019230769230769232
0 0.6370192307692307 0.5420673076923077 0.021634615384615384 0.021634615384615384
0 0.5 0.5661057692307693 0.021634615384615384 0.021634615384615384
0 0.6862980769230769 0.5324519230769231 0.021634615384615384 0.021634615384615384
0 0.8858173076923077 0.5 0.021634615384615384 0.021634615384615384
0 0.4519230769230769 0.5769230769230769 0.021634615384615384 0.03125
0 0.7211538461538461 0.5288461538461539 0.021634615384615384 0.021634615384615384
0 0.8245192307692307 0.5108173076923077 0.01201923076923077 0.016826923076923076
0 0.8353365384615384 0.5120192307692307 0.021634615384615384 0.026442307692307692
0 0.5913461538461539 0.5540865384615384 0.021634615384615384 0.021634615384615384
0 0.3473557692307692 0.5973557692307693 0.01201923076923077 0.016826923076923076
0 0.40384615384615385 0.5877403846153846 0.026442307692307692 0.026442307692307692
0 0.13822115384615385 0.6346153846153846 0.021634615384615384 0.021634615384615384
0 0.31850961538461536 0.6057692307692307 0.019230769230769232 0.02403846153846154
0 0.23918269230769232 0.6189903846153846 0.016826923076923076 0.019230769230769232
0 0.17548076923076922 0.6310096153846154 0.021634615384615384 0.03125
0 0.8052884615384616 0.5192307692307693 0.016826923076923076 0.019230769230769232
0 0.7584134615384616 0.5276442307692307 0.021634615384615384 0.021634615384615384
0 0.3004807692307692 0.6081730769230769 0.019230769230769232 0.02403846153846154
0 0.7019230769230769 0.5396634615384616 0.021634615384615384 0.021634615384615384
0 0.12620192307692307 0.6418269230769231 0.021634615384615384 0.026442307692307692
0 0.3629807692307692 0.5997596153846154 0.021634615384615384 0.026442307692307692
0 0.09615384615384616 0.6466346153846154 0.019230769230769232 0.028846153846153848
0 0.5408653846153846 0.5709134615384616 0.019230769230769232 0.028846153846153848
0 0.65625 0.5504807692307693 0.021634615384615384 0.03125
0 0.057692307692307696 0.65625 0.028846153846153848 0.036057692307692304
0 0.5528846153846154 0.5685096153846154 0.021634615384615384 0.03125
0 0.7451923076923077 0.5384615384615384 0.016826923076923076 0.019230769230769232
0 0.390625 0.6009615384615384 0.021634615384615384 0.021634615384615384
0 0.90625 0.5108173076923077 0.02403846153846154 0.036057692307692304
0 0.7788461538461539 0.5348557692307693 0.016826923076923076 0.019230769230769232
0 0.5048076923076923 0.5853365384615384 0.021634615384615384 0.03125
0 0.2824519230769231 0.625 0.021634615384615384 0.03125
0 0.9615384615384616 0.5072115384615384 0.021634615384615384 0.03125
0 0.5276442307692307 0.5841346153846154 0.021634615384615384 0.03125
0 0.9182692307692307 0.515625 0.019230769230769232 0.02403846153846154
0 0.6021634615384616 0.5709134615384616 0.021634615384615384 0.03125
0 0.3485576923076923 0.6153846153846154 0.016826923076923076 0.019230769230769232
0 0.8774038461538461 0.5252403846153846 0.021634615384615384 0.026442307692307692
0 0.25600961538461536 0.6370192307692307 0.026442307692307692 0.026442307692307692
0 0.43149038461538464 0.6057692307692307 0.026442307692307692 0.03125
0 0.9447115384615384 0.515625 0.021634615384615384 0.026442307692307692
0 0.8605769230769231 0.5324519230769231 0.021634615384615384 0.021634615384615384
0 0.2091346153846154 0.6478365384615384 0.03365384615384615 0.040865384615384616
0 0.8100961538461539 0.5444711538461539 0.021634615384615384 0.03125
0 0.08653846153846154 0.671875 0.026442307692307692 0.026442307692307692
0 0.8269230769230769 0.5408653846153846 0.021634615384615384 0.03125
0 0.7271634615384616 0.5612980769230769 0.021634615384615384 0.03125
0 0.4026442307692308 0.6237980769230769 0.021634615384615384 0.03125
0 0.1201923076923077 0.6754807692307693 0.026442307692307692 0.03125
0 0.6310096153846154 0.5889423076923077 0.028846153846153848 0.036057692307692304
0 0.890625 0.5432692307692307 0.021634615384615384 0.026442307692307692
0 0.8557692307692307 0.5564903846153846 0.026442307692307692 0.03125
0 0.06129807692307692 0.7019230769230769 0.028846153846153848 0.036057692307692304
0 0.44591346153846156 0.6346153846153846 0.028846153846153848 0.036057692307692304
0 0.09615384615384616 0.703125 0.028846153846153848 0.040865384615384616
0 0.7620192307692307 0.5901442307692307 0.028846153846153848 0.040865384615384616
0 0.5336538461538461 0.6358173076923077 0.03365384615384615 0.040865384615384616
0 0.24879807692307693 0.6899038461538461 0.028846153846153848 0.040865384615384616
0 0.7824519230769231 0.5949519230769231 0.03365384615384615 0.036057692307692304
0 0.375 0.6694711538461539 0.03365384615384615 0.04567307692307692
0 0.44350961538461536 0.6574519230769231 0.036057692307692304 0.05048076923076923
0 0.8449519230769231 0.5889423076923077 0.028846153846153848 0.040865384615384616
0 0.21995192307692307 0.6995192307692307 0.036057692307692304 0.05048076923076923
0 0.6935096153846154 0.6189903846153846 0.028846153846153848 0.040865384615384616
0 0.06009615384615385 0.7379807692307693 0.03365384615384615 0.04567307692307692
0 0.6526442307692307 0.6430288461538461 0.03365384615384615 0.04567307692307692
0 0.12379807692307693 0.7379807692307693 0.03365384615384615 0.040865384615384616
0 0.7283653846153846 0.6322115384615384 0.03365384615384615 0.04567307692307692
0 0.15865384615384615 0.7355769230769231 0.028846153846153848 0.04567307692307692
0 0.5600961538461539 0.6694711538461539 0.03365384615384615 0.040865384615384616
0 0.29447115384615385 0.7211538461538461 0.040865384615384616 0.052884615384615384
0 0.9963942307692307 0.6021634615384616 0.007211538461538462 0.05048076923076923
0 0.9026442307692307 0.6237980769230769 0.03365384615384615 0.04567307692307692
0 0.7139423076923077 0.6622596153846154 0.038461538461538464 0.04807692307692308
0 0.06009615384615385 0.7980769230769231 0.036057692307692304 0.06009615384615385
0 0.6586538461538461 0.7055288461538461 0.04567307692307692 0.052884615384615384
0 0.8305288461538461 0.6802884615384616 0.04567307692307692 0.055288461538461536
0 0.15745192307692307 0.8040865384615384 0.040865384615384616 0.055288461538461536
0 0.25 0.7908653846153846 0.052884615384615384 0.0673076923076923
0 0.8990384615384616 0.6838942307692307 0.040865384615384616 0.06009615384615385
0 0.4723557692307692 0.7740384615384616 0.052884615384615384 0.0673076923076923
0 0.9314903846153846 0.6983173076923077 0.06490384615384616 0.07451923076923077
0 0.8401442307692307 0.7620192307692307 0.0625 0.08173076923076923
0 0.4182692307692308 0.84375 0.06971153846153846 0.07451923076923077
0 0.7379807692307693 0.8004807692307693 0.06009615384615385 0.08173076923076923
0 0.6766826923076923 0.8245192307692307 0.057692307692307696 0.07211538461538461
0 0.359375 0.9387019230769231 0.08413461538461539 0.10336538461538461
0 0.7103365384615384 0.8930288461538461 0.052884615384615384 0.07211538461538461
0 0.5865384615384616 0.9242788461538461 0.10576923076923077 0.125
0 0.8245192307692307 0.8870192307692307 0.10576923076923077 0.1201923076923077
0 0.9519230769230769 0.9026442307692307 0.07692307692307693 0.0625