0 0.4483173076923077 0.2403846153846154 0.04567307692307692 0.06490384615384616
0 0.8209134615384616 0.19951923076923078 0.040865384615384616 0.06971153846153846
0 0.5384615384615384 0.23918269230769232 0.06009615384615385 0.07692307692307693
0 0.24519230769230768 0.28365384615384615 0.07692307692307693 0.10096153846153846
0 0.24879807692307693 0.056490384615384616 0.04326923076923077 0.055288461538461536
0 0.020432692307692308 0.08774038461538461 0.038461538461538464 0.055288461538461536
0 0.6538461538461539 0.23076923076923078 0.07692307692307693 0.09134615384615384
0 0.7259615384615384 0.22596153846153846 0.05048076923076923 0.06971153846153846
0 0.10697115384615384 0.31490384615384615 0.06490384615384616 0.08173076923076923
0 0.42427884615384615 0.30528846153846156 0.07692307692307693 0.10096153846153846
0 0.8978365384615384 0.23918269230769232 0.06009615384615385 0.08413461538461539
0 0.5853365384615384 0.29086538461538464 0.0673076923076923 0.09375
0 0.08653846153846154 0.0889423076923077 0.040865384615384616 0.06490384615384616
0 0.22596153846153846 0.3942307692307692 0.06009615384615385 0.08413461538461539
0 0.3269230769230769 0.06009615384615385 0.04326923076923077 0.04567307692307692
0 0.5 0.4110576923076923 0.06971153846153846 0.08653846153846154
0 0.4411057692307692 0.47596153846153844 0.0889423076923077 0.1201923076923077
0 0.8209134615384616 0.44711538461538464 0.0673076923076923 0.09375
0 0.28846153846153844 0.07572115384615384 0.04326923076923077 0.05048076923076923
0 0.18028846153846154 0.09134615384615384 0.04567307692307692 0.06971153846153846
0 0.3245192307692308 0.5456730769230769 0.08653846153846154 0.13942307692307693
0 0.5036057692307693 0.5228365384615384 0.0889423076923077 0.1201923076923077
0 0.9326923076923077 0.4699519230769231 0.07211538461538461 0.10576923076923077
0 0.8137019230769231 0.5240384615384616 0.0889423076923077 0.1201923076923077
0 0.3737980769230769 0.08533653846153846 0.04567307692307692 0.06009615384615385
0 0.9759615384615384 0.6286057692307693 0.04807692307692308 0.1466346153846154
0 0.14302884615384615 0.1201923076923077 0.03365384615384615 0.052884615384615384
0 0.28365384615384615 0.828125 0.10576923076923077 0.15144230769230768
0 0.4423076923076923 0.9134615384615384 0.11057692307692307 0.17307692307692307
0 0.7620192307692307 0.051682692307692304 0.021634615384615384 0.02403846153846154
0 0.6658653846153846 0.07932692307692307 0.040865384615384616 0.038461538461538464
0 0.8485576923076923 0.054086538461538464 0.038461538461538464 0.055288461538461536
0 0.40384615384615385 0.1201923076923077 0.05048076923076923 0.06490384615384616
0 0.006009615384615385 0.1814903846153846 0.01201923076923077 0.06971153846153846
0 0.6189903846153846 0.09975961538461539 0.038461538461538464 0.05048076923076923
0 0.5372596153846154 0.11658653846153846 0.05048076923076923 0.06009615384615385
0 0.051682692307692304 0.18389423076923078 0.040865384615384616 0.06009615384615385
0 0.10697115384615384 0.1814903846153846 0.05048076923076923 0.06971153846153846
0 0.24879807692307693 0.1658653846153846 0.040865384615384616 0.06490384615384616
0 0.1875 0.1778846153846154 0.052884615384615384 0.057692307692307696
0 0.2764423076923077 0.16706730769230768 0.03125 0.0673076923076923
0 0.04807692307692308 0.07451923076923077 0.036057692307692304 0.036057692307692304
0 0.7644230769230769 0.12139423076923077 0.06009615384615385 0.08173076923076923
0 0.6754807692307693 0.1346153846153846 0.05048076923076923 0.06490384615384616
0 0.3942307692307692 0.17668269230769232 0.06009615384615385 0.07692307692307693
0 0.6490384615384616 0.14543269230769232 0.03125 0.057692307692307696
0 0.5228365384615384 0.1658653846153846 0.055288461538461536 0.07451923076923077
0 0.8545673076923077 0.12740384615384615 0.04567307692307692 0.06009615384615385
0 0.1346153846153846 0.0673076923076923 0.04567307692307692 0.04567307692307692
0 0.48677884615384615 0.19110576923076922 0.036057692307692304 0.057692307692307696
0 0.46875 0.20432692307692307 0.038461538461538464 0.04567307692307692
0 0.3473557692307692 0.22355769230769232 0.06009615384615385 0.07211538461538461
0 0.8834134615384616 0.15384615384615385 0.057692307692307696 0.07932692307692307
0 0.09615384615384616 0.2668269230769231 0.04567307692307692 0.06009615384615385
0 0.14423076923076922 0.2620192307692308 0.055288461538461536 0.06009615384615385
0 0.28125 0.24278846153846154 0.04567307692307692 0.07451923076923077