0 0.21033653846153846 0.6526442307692307 0.019230769230769232 0.02403846153846154
0 0.4963942307692308 0.6598557692307693 0.009615384615384616 0.014423076923076924
0 0.22956730769230768 0.6838942307692307 0.02403846153846154 0.04326923076923077
0 0.20192307692307693 0.6887019230769231 0.040865384615384616 0.052884615384615384
0 0.021634615384615384 0.6983173076923077 0.026442307692307692 0.055288461538461536
0 0.13822115384615385 0.7091346153846154 0.028846153846153848 0.04326923076923077
0 0.5252403846153846 0.6935096153846154 0.009615384615384616 0.014423076923076924
0 0.11778846153846154 0.7223557692307693 0.014423076923076924 0.014423076923076924
0 0.04807692307692308 0.7259615384615384 0.014423076923076924 0.019230769230769232
0 0.5036057692307693 0.7055288461538461 0.014423076923076924 0.019230769230769232
0 0.12860576923076922 0.7271634615384616 0.014423076923076924 0.019230769230769232
0 0.25961538461538464 0.7259615384615384 0.009615384615384616 0.014423076923076924
0 0.10697115384615384 0.7331730769230769 0.014423076923076924 0.019230769230769232
0 0.30408653846153844 0.7235576923076923 0.009615384615384616 0.019230769230769232
0 0.33533653846153844 0.7211538461538461 0.014423076923076924 0.019230769230769232
0 0.06490384615384616 0.7355769230769231 0.009615384615384616 0.014423076923076924
0 0.11899038461538461 0.7331730769230769 0.014423076923076924 0.019230769230769232
0 0.3161057692307692 0.7223557692307693 0.014423076923076924 0.019230769230769232
0 0.2920673076923077 0.7235576923076923 0.014423076923076924 0.02403846153846154
0 0.2800480769230769 0.7247596153846154 0.009615384615384616 0.014423076923076924
0 0.4855769230769231 0.7163461538461539 0.009615384615384616 0.014423076923076924
0 0.375 0.7223557692307693 0.009615384615384616 0.014423076923076924
0 0.4110576923076923 0.7199519230769231 0.009615384615384616 0.009615384615384616
0 0.4338942307692308 0.71875 0.014423076923076924 0.019230769230769232
0 0.2692307692307692 0.7295673076923077 0.009615384615384616 0.014423076923076924
0 0.578125 0.7139423076923077 0.014423076923076924 0.014423076923076924
0 0.36177884615384615 0.7247596153846154 0.009615384615384616 0.014423076923076924
0 0.4567307692307692 0.7199519230769231 0.014423076923076924 0.019230769230769232
0 0.5588942307692307 0.7151442307692307 0.009615384615384616 0.019230769230769232
0 0.09014423076923077 0.7415865384615384 0.009615384615384616 0.019230769230769232
0 0.39663461538461536 0.7259615384615384 0.009615384615384616 0.014423076923076924
0 0.3870192307692308 0.7283653846153846 0.009615384615384616 0.014423076923076924
0 0.12740384615384615 0.7415865384615384 0.014423076923076924 0.014423076923076924
0 0.6045673076923077 0.7175480769230769 0.014423076923076924 0.019230769230769232
0 0.5168269230769231 0.7247596153846154 0.009615384615384616 0.014423076923076924
0 0.375 0.7319711538461539 0.009615384615384616 0.009615384615384616
0 0.35216346153846156 0.7331730769230769 0.014423076923076924 0.019230769230769232
0 0.42427884615384615 0.7295673076923077 0.009615384615384616 0.014423076923076924
0 0.4675480769230769 0.7271634615384616 0.009615384615384616 0.019230769230769232
0 0.4795673076923077 0.7259615384615384 0.009615384615384616 0.009615384615384616
0 0.5396634615384616 0.7235576923076923 0.009615384615384616 0.019230769230769232
0 0.5264423076923077 0.7235576923076923 0.014423076923076924 0.019230769230769232
0 0.6742788461538461 0.71875 0.009615384615384616 0.014423076923076924
0 0.6466346153846154 0.7199519230769231 0.019230769230769232 0.028846153846153848
0 0.3641826923076923 0.734375 0.009615384615384616 0.019230769230769232
0 0.4891826923076923 0.7307692307692307 0.014423076923076924 0.014423076923076924
0 0.7091346153846154 0.71875 0.014423076923076924 0.019230769230769232
0 0.7295673076923077 0.7175480769230769 0.009615384615384616 0.019230769230769232
0 0.6213942307692307 0.7235576923076923 0.014423076923076924 0.014423076923076924
0 0.5492788461538461 0.7271634615384616 0.009615384615384616 0.014423076923076924
0 0.5841346153846154 0.7259615384615384 0.009615384615384616 0.019230769230769232
0 0.4543269230769231 0.7319711538461539 0.009615384615384616 0.019230769230769232
0 0.6850961538461539 0.7199519230769231 0.019230769230769232 0.028846153846153848
0 0.8197115384615384 0.7127403846153846 0.009615384615384616 0.019230769230769232
0 0.3449519230769231 0.7403846153846154 0.014423076923076924 0.019230769230769232
0 0.5072115384615384 0.7319711538461539 0.009615384615384616 0.019230769230769232
0 0.8545673076923077 0.7163461538461539 0.014423076923076924 0.02403846153846154
0 0.7548076923076923 0.7211538461538461 0.014423076923076924 0.019230769230769232
0 0.8774038461538461 0.7151442307692307 0.014423076923076924 0.019230769230769232
0 0.4098557692307692 0.7391826923076923 0.009615384615384616 0.014423076923076924
0 0.6971153846153846 0.7247596153846154 0.009615384615384616 0.019230769230769232
0 0.7800480769230769 0.7211538461538461 0.019230769230769232 0.028846153846153848
0 0.3798076923076923 0.7415865384615384 0.014423076923076924 0.019230769230769232
0 0.7920673076923077 0.7211538461538461 0.014423076923076924 0.019230769230769232
0 0.8689903846153846 0.7163461538461539 0.016826923076923076 0.028846153846153848
0 0.6298076923076923 0.7295673076923077 0.014423076923076924 0.014423076923076924
0 0.8064903846153846 0.7199519230769231 0.009615384615384616 0.019230769230769232
0 0.5949519230769231 0.7307692307692307 0.009615384615384616 0.014423076923076924
0 0.8269230769230769 0.7211538461538461 0.014423076923076924 0.019230769230769232
0 0.7463942307692307 0.7259615384615384 0.014423076923076924 0.019230769230769232
0 0.6622596153846154 0.7319711538461539 0.009615384615384616 0.014423076923076924
0 0.921875 0.71875 0.014423076923076924 0.019230769230769232
0 0.9951923076923077 0.7139423076923077 0.009615384615384616 0.028846153846153848
0 0.7644230769230769 0.7271634615384616 0.014423076923076924 0.019230769230769232
0 0.9375 0.7199519230769231 0.019230769230769232 0.028846153846153848
0 0.9795673076923077 0.7175480769230769 0.019230769230769232 0.028846153846153848
0 0.8942307692307693 0.7247596153846154 0.014423076923076924 0.019230769230769232
0 0.9026442307692307 0.7247596153846154 0.009615384615384616 0.014423076923076924
0 0.9567307692307693 0.7211538461538461 0.009615384615384616 0.014423076923076924
0 0.37259615384615385 0.7524038461538461 0.009615384615384616 0.014423076923076924
0 0.9675480769230769 0.7235576923076923 0.014423076923076924 0.019230769230769232
0 0.7716346153846154 0.7331730769230769 0.009615384615384616 0.019230769230769232
0 0.9170673076923077 0.7283653846153846 0.014423076923076924 0.02403846153846154
0 0.07451923076923077 0.7884615384615384 0.009615384615384616 0.014423076923076924
0 0.08653846153846154 0.7872596153846154 0.014423076923076924 0.014423076923076924
0 0.13701923076923078 0.7944711538461539 0.009615384615384616 0.019230769230769232
0 0.3713942307692308 0.7872596153846154 0.009615384615384616 0.014423076923076924
0 0.2692307692307692 0.7920673076923077 0.009615384615384616 0.019230769230769232
0 0.08774038461538461 0.8016826923076923 0.014423076923076924 0.019230769230769232
0 0.359375 0.7896634615384616 0.014423076923076924 0.014423076923076924
0 0.39903846153846156 0.7884615384615384 0.014423076923076924 0.019230769230769232
0 0.38221153846153844 0.7884615384615384 0.014423076923076924 0.019230769230769232
0 0.40625 0.7920673076923077 0.014423076923076924 0.014423076923076924
0 0.0829326923076923 0.8149038461538461 0.014423076923076924 0.019230769230769232
0 0.5108173076923077 0.7920673076923077 0.014423076923076924 0.019230769230769232
0 0.35336538461538464 0.8028846153846154 0.014423076923076924 0.019230769230769232
0 0.5276442307692307 0.7932692307692307 0.014423076923076924 0.014423076923076924
0 0.5480769230769231 0.7920673076923077 0.014423076923076924 0.019230769230769232
0 0.4387019230769231 0.7980769230769231 0.014423076923076924 0.019230769230769232
0 0.4675480769230769 0.796875 0.019230769230769232 0.02403846153846154
0 0.5625 0.7920673076923077 0.014423076923076924 0.019230769230769232
0 0.12860576923076922 0.8149038461538461 0.014423076923076924 0.02403846153846154
0 0.10817307692307693 0.8173076923076923 0.014423076923076924 0.014423076923076924
0 0.41586538461538464 0.8016826923076923 0.014423076923076924 0.014423076923076924
0 0.49038461538461536 0.7980769230769231 0.019230769230769232 0.02403846153846154
0 0.578125 0.7932692307692307 0.009615384615384616 0.009615384615384616
0 0.5384615384615384 0.796875 0.009615384615384616 0.014423076923076924
0 0.3161057692307692 0.8076923076923077 0.014423076923076924 0.014423076923076924
0 0.33052884615384615 0.8076923076923077 0.009615384615384616 0.014423076923076924
0 0.45072115384615385 0.8028846153846154 0.014423076923076924 0.019230769230769232
0 0.2932692307692308 0.8137019230769231 0.019230769230769232 0.019230769230769232
0 0.6706730769230769 0.796875 0.019230769230769232 0.02403846153846154
0 0.5853365384615384 0.8016826923076923 0.014423076923076924 0.019230769230769232
0 0.6009615384615384 0.8004807692307693 0.014423076923076924 0.02403846153846154
0 0.5204326923076923 0.8064903846153846 0.014423076923076924 0.02403846153846154
0 0.39903846153846156 0.8137019230769231 0.019230769230769232 0.02403846153846154
0 0.28966346153846156 0.8221153846153846 0.014423076923076924 0.019230769230769232
0 0.2764423076923077 0.8245192307692307 0.014423076923076924 0.014423076923076924
0 0.7980769230769231 0.796875 0.014423076923076924 0.019230769230769232
0 0.44471153846153844 0.8161057692307693 0.014423076923076924 0.02403846153846154
0 0.10216346153846154 0.8341346153846154 0.014423076923076924 0.02403846153846154
0 0.7800480769230769 0.8004807692307693 0.019230769230769232 0.014423076923076924
0 0.71875 0.8040865384615384 0.019230769230769232 0.019230769230769232
0 0.45913461538461536 0.8173076923076923 0.014423076923076924 0.019230769230769232
0 0.9158653846153846 0.7932692307692307 0.028846153846153848 0.019230769230769232
0 0.1141826923076923 0.8377403846153846 0.019230769230769232 0.02403846153846154
0 0.36177884615384615 0.8245192307692307 0.014423076923076924 0.02403846153846154
0 0.42908653846153844 0.8209134615384616 0.014423076923076924 0.02403846153846154
0 0.8112980769230769 0.8064903846153846 0.014423076923076924 0.019230769230769232
0 0.34134615384615385 0.8305288461538461 0.019230769230769232 0.028846153846153848
0 0.5540865384615384 0.8197115384615384 0.016826923076923076 0.028846153846153848
0 0.7463942307692307 0.8100961538461539 0.019230769230769232 0.02403846153846154
0 0.4699519230769231 0.8269230769230769 0.019230769230769232 0.019230769230769232
0 0.5817307692307693 0.8209134615384616 0.016826923076923076 0.028846153846153848
0 0.27524038461538464 0.8389423076923077 0.016826923076923076 0.028846153846153848
0 0.09495192307692307 0.8485576923076923 0.028846153846153848 0.04326923076923077
0 0.31971153846153844 0.8365384615384616 0.02403846153846154 0.03365384615384615
0 0.5096153846153846 0.828125 0.019230769230769232 0.028846153846153848
0 0.7788461538461539 0.8161057692307693 0.02403846153846154 0.028846153846153848
0 0.9699519230769231 0.8064903846153846 0.019230769230769232 0.028846153846153848
0 0.8617788461538461 0.8125 0.014423076923076924 0.019230769230769232
0 0.6838942307692307 0.8209134615384616 0.014423076923076924 0.019230769230769232
0 0.39302884615384615 0.8389423076923077 0.019230769230769232 0.028846153846153848
0 0.4375 0.8365384615384616 0.02403846153846154 0.03365384615384615
0 0.5697115384615384 0.8293269230769231 0.019230769230769232 0.02403846153846154
0 0.6394230769230769 0.828125 0.02403846153846154 0.02403846153846154
0 0.8365384615384616 0.8185096153846154 0.019230769230769232 0.02403846153846154
0 0.0733173076923077 0.8605769230769231 0.04567307692307692 0.0625
0 0.9314903846153846 0.8161057692307693 0.019230769230769232 0.019230769230769232
0 0.47836538461538464 0.8413461538461539 0.019230769230769232 0.019230769230769232
0 0.9122596153846154 0.8185096153846154 0.019230769230769232 0.03365384615384615
0 0.5384615384615384 0.8389423076923077 0.019230769230769232 0.028846153846153848
0 0.8954326923076923 0.8245192307692307 0.019230769230769232 0.028846153846153848
0 0.9483173076923077 0.8221153846153846 0.019230769230769232 0.019230769230769232
0 0.6706730769230769 0.8389423076923077 0.02403846153846154 0.028846153846153848
0 0.37259615384615385 0.8545673076923077 0.02403846153846154 0.02403846153846154
0 0.6935096153846154 0.8401442307692307 0.02403846153846154 0.028846153846153848
0 0.2956730769230769 0.8605769230769231 0.02403846153846154 0.03365384615384615
0 0.9651442307692307 0.828125 0.02403846153846154 0.03365384615384615
0 0.9939903846153846 0.8269230769230769 0.01201923076923077 0.03365384615384615
0 0.4807692307692308 0.8557692307692307 0.019230769230769232 0.02403846153846154
0 0.27884615384615385 0.8689903846153846 0.016826923076923076 0.028846153846153848
0 0.6502403846153846 0.8521634615384616 0.019230769230769232 0.02403846153846154
0 0.6322115384615384 0.8533653846153846 0.019230769230769232 0.028846153846153848
0 0.7127403846153846 0.8497596153846154 0.02403846153846154 0.03365384615384615
0 0.6117788461538461 0.8581730769230769 0.028846153846153848 0.03365384615384615
0 0.8161057692307693 0.8497596153846154 0.028846153846153848 0.03365384615384615
0 0.8521634615384616 0.8473557692307693 0.02403846153846154 0.02403846153846154
0 0.8786057692307693 0.8485576923076923 0.02403846153846154 0.028846153846153848
0 0.5012019230769231 0.8677884615384616 0.014423076923076924 0.019230769230769232
0 0.36177884615384615 0.875 0.02403846153846154 0.03365384615384615
0 0.3894230769230769 0.8810096153846154 0.02403846153846154 0.028846153846153848
0 0.4423076923076923 0.8810096153846154 0.02403846153846154 0.04326923076923077
0 0.7596153846153846 0.8713942307692307 0.02403846153846154 0.038461538461538464
0 0.5576923076923077 0.8822115384615384 0.028846153846153848 0.038461538461538464
0 0.5108173076923077 0.8870192307692307 0.019230769230769232 0.028846153846153848
0 0.6923076923076923 0.8810096153846154 0.028846153846153848 0.03365384615384615
0 0.4675480769230769 0.8954326923076923 0.04567307692307692 0.0625
0 0.6009615384615384 0.890625 0.028846153846153848 0.038461538461538464
0 0.6358173076923077 0.8966346153846154 0.028846153846153848 0.04326923076923077
0 0.7704326923076923 0.8894230769230769 0.028846153846153848 0.04326923076923077
0 0.5288461538461539 0.90625 0.036057692307692304 0.04807692307692308
0 0.35216346153846156 0.9158653846153846 0.040865384615384616 0.057692307692307696
0 0.39663461538461536 0.9206730769230769 0.040865384615384616 0.057692307692307696
0 0.1622596153846154 0.9350961538461539 0.04567307692307692 0.0625
0 0.9411057692307693 0.8990384615384616 0.028846153846153848 0.04326923076923077
0 0.9783653846153846 0.9206730769230769 0.04326923076923077 0.07692307692307693
0 0.5769230769230769 0.9567307692307693 0.057692307692307696 0.07211538461538461
0 0.05048076923076923 0.9735576923076923 0.052884615384615384 0.052884615384615384
0 0.8413461538461539 0.9483173076923077 0.05048076923076923 0.0673076923076923
0 0.35336538461538464 0.9711538461538461 0.0673076923076923 0.057692307692307696