0 0.056490384615384616 0.6742788461538461 0.10096153846153846 0.06009615384615385
0 0.4423076923076923 0.7151442307692307 0.10817307692307693 0.06971153846153846
0 0.8557692307692307 0.7740384615384616 0.08413461538461539 0.057692307692307696
0 0.1346153846153846 0.03365384615384615 0.06009615384615385 0.04807692307692308
0 0.5961538461538461 0.7548076923076923 0.06971153846153846 0.04807692307692308
0 0.3605769230769231 0.7487980769230769 0.08413461538461539 0.057692307692307696
0 0.5348557692307693 0.078125 0.07932692307692307 0.05048076923076923
0 0.19591346153846154 0.7548076923076923 0.11298076923076923 0.0673076923076923
0 0.8798076923076923 0.8269230769230769 0.11298076923076923 0.0673076923076923
0 0.578125 0.7992788461538461 0.0985576923076923 0.07451923076923077
0 0.3004807692307692 0.78125 0.09375 0.06490384615384616
0 0.6959134615384616 0.8329326923076923 0.08653846153846154 0.05048076923076923
0 0.78125 0.8641826923076923 0.07451923076923077 0.057692307692307696
0 0.8305288461538461 0.8713942307692307 0.10096153846153846 0.06009615384615385
0 0.109375 0.8004807692307693 0.09375 0.07451923076923077
0 0.6586538461538461 0.09975961538461539 0.07451923076923077 0.052884615384615384
0 0.6370192307692307 0.8737980769230769 0.07932692307692307 0.057692307692307696
0 0.9939903846153846 0.13942307692307693 0.01201923076923077 0.052884615384615384
0 0.46875 0.8713942307692307 0.07932692307692307 0.0673076923076923
0 0.2536057692307692 0.8509615384615384 0.08413461538461539 0.057692307692307696
0 0.8269230769230769 0.9290865384615384 0.10576923076923077 0.057692307692307696
0 0.02283653846153846 0.8629807692307693 0.04567307692307692 0.0625
0 0.26322115384615385 0.8918269230769231 0.1201923076923077 0.052884615384615384
0 0.6706730769230769 0.9375 0.08653846153846154 0.040865384615384616
0 0.4387019230769231 0.9158653846153846 0.10096153846153846 0.04326923076923077
0 0.9086538461538461 0.13341346153846154 0.08173076923076923 0.055288461538461536
0 0.19951923076923078 0.05889423076923077 0.06490384615384616 0.04807692307692308
0 0.14903846153846154 0.07692307692307693 0.057692307692307696 0.038461538461538464
0 0.8004807692307693 0.14543269230769232 0.07932692307692307 0.055288461538461536
0 0.6658653846153846 0.13822115384615385 0.08173076923076923 0.05048076923076923
0 0.484375 0.11899038461538461 0.07932692307692307 0.057692307692307696
0 0.5540865384615384 0.1310096153846154 0.07932692307692307 0.055288461538461536
0 0.06370192307692307 0.0889423076923077 0.04567307692307692 0.040865384615384616
0 0.8882211538461539 0.17908653846153846 0.07932692307692307 0.05048076923076923
0 0.2644230769230769 0.1141826923076923 0.055288461538461536 0.04807692307692308
0 0.38100961538461536 0.1310096153846154 0.07692307692307693 0.04567307692307692
0 0.9831730769230769 0.20192307692307693 0.03365384615384615 0.0625
0 0.13822115384615385 0.11298076923076923 0.0625 0.038461538461538464
0 0.8245192307692307 0.046875 0.052884615384615384 0.036057692307692304
0 0.5228365384615384 0.1622596153846154 0.0625 0.04326923076923077
0 0.8521634615384616 0.20192307692307693 0.06971153846153846 0.04807692307692308
0 0.3449519230769231 0.15384615384615385 0.0673076923076923 0.03365384615384615
0 0.7199519230769231 0.1971153846153846 0.06490384615384616 0.04807692307692308
0 0.7848557692307693 0.20552884615384615 0.08173076923076923 0.05048076923076923
0 0.3581730769230769 0.010817307692307692 0.0673076923076923 0.021634615384615384
0 0.4230769230769231 0.17307692307692307 0.08653846153846154 0.055288461538461536
0 0.18028846153846154 0.15504807692307693 0.06009615384615385 0.06009615384615385
0 0.9338942307692307 0.06129807692307692 0.052884615384615384 0.040865384615384616
0 0.6538461538461539 0.21153846153846154 0.11538461538461539 0.057692307692307696
0 0.07091346153846154 0.1502403846153846 0.06009615384615385 0.04807692307692308
0 0.3269230769230769 0.1814903846153846 0.055288461538461536 0.04326923076923077
0 0.5384615384615384 0.021634615384615384 0.0625 0.04326923076923077
0 0.5264423076923077 0.20432692307692307 0.055288461538461536 0.04326923076923077
0 0.6730769230769231 0.036057692307692304 0.07451923076923077 0.04807692307692308
0 0.96875 0.25961538461538464 0.0625 0.057692307692307696
0 0.9230769230769231 0.25600961538461536 0.055288461538461536 0.052884615384615384
0 0.7439903846153846 0.23677884615384615 0.057692307692307696 0.04326923076923077
0 0.8149038461538461 0.24879807692307693 0.08173076923076923 0.05048076923076923
0 0.703125 0.24278846153846154 0.040865384615384616 0.03125
0 0.6370192307692307 0.2403846153846154 0.07692307692307693 0.040865384615384616
0 0.11538461538461539 0.19230769230769232 0.06971153846153846 0.0625
0 0.28846153846153844 0.21033653846153846 0.06009615384615385 0.052884615384615384
0 0.43149038461538464 0.22596153846153846 0.06971153846153846 0.057692307692307696
0 0.4735576923076923 0.24639423076923078 0.07451923076923077 0.052884615384615384
0 0.8461538461538461 0.2848557692307692 0.07211538461538461 0.04326923076923077
0 0.7271634615384616 0.2800480769230769 0.06490384615384616 0.052884615384615384
0 0.21394230769230768 0.2283653846153846 0.07211538461538461 0.038461538461538464
0 0.5769230769230769 0.27283653846153844 0.06971153846153846 0.052884615384615384
0 0.3641826923076923 0.25721153846153844 0.06490384615384616 0.052884615384615384
0 0.9242788461538461 0.32091346153846156 0.06009615384615385 0.052884615384615384
0 0.8461538461538461 0.3125 0.08173076923076923 0.04567307692307692
0 0.052884615384615384 0.23677884615384615 0.06009615384615385 0.06009615384615385
0 0.59375 0.30288461538461536 0.06971153846153846 0.052884615384615384
0 0.13942307692307693 0.2548076923076923 0.0889423076923077 0.057692307692307696
0 0.7536057692307693 0.054086538461538464 0.07692307692307693 0.040865384615384616
0 0.27884615384615385 0.28125 0.07451923076923077 0.057692307692307696
0 0.734375 0.33413461538461536 0.07932692307692307 0.055288461538461536
0 0.7980769230769231 0.3449519230769231 0.06971153846153846 0.04807692307692308
0 0.9699519230769231 0.37259615384615385 0.06009615384615385 0.057692307692307696
0 0.42427884615384615 0.3161057692307692 0.06009615384615385 0.04807692307692308
0 0.65625 0.34375 0.06009615384615385 0.052884615384615384
0 0.45913461538461536 0.025240384615384616 0.057692307692307696 0.04326923076923077
0 0.052884615384615384 0.2848557692307692 0.06009615384615385 0.06009615384615385
0 0.8485576923076923 0.3713942307692308 0.07932692307692307 0.05048076923076923
0 0.5564903846153846 0.3449519230769231 0.07451923076923077 0.052884615384615384
0 0.23317307692307693 0.3161057692307692 0.07211538461538461 0.04326923076923077
0 0.3473557692307692 0.3485576923076923 0.07451923076923077 0.057692307692307696
0 0.7692307692307693 0.40024038461538464 0.05048076923076923 0.040865384615384616
0 0.6201923076923077 0.046875 0.06009615384615385 0.052884615384615384
0 0.7139423076923077 0.39663461538461536 0.0625 0.04326923076923077
0 0.8713942307692307 0.41346153846153844 0.06971153846153846 0.057692307692307696
0 0.4723557692307692 0.3786057692307692 0.07932692307692307 0.057692307692307696
0 0.042067307692307696 0.33774038461538464 0.055288461538461536 0.04326923076923077
0 0.609375 0.41586538461538464 0.06971153846153846 0.04807692307692308
0 0.5276442307692307 0.41225961538461536 0.0625 0.04326923076923077
0 0.1201923076923077 0.3713942307692308 0.07451923076923077 0.057692307692307696
0 0.3425480769230769 0.3954326923076923 0.06490384615384616 0.04807692307692308
0 0.8930288461538461 0.4639423076923077 0.06009615384615385 0.06009615384615385
0 0.040865384615384616 0.3762019230769231 0.06490384615384616 0.052884615384615384
0 0.7463942307692307 0.453125 0.07451923076923077 0.057692307692307696
0 0.9338942307692307 0.49278846153846156 0.07451923076923077 0.04807692307692308
0 0.14423076923076922 0.4182692307692308 0.0673076923076923 0.03365384615384615
0 0.30408653846153844 0.4375 0.08413461538461539 0.0673076923076923
0 0.6057692307692307 0.47596153846153844 0.07451923076923077 0.0625
0 0.39302884615384615 0.47475961538461536 0.07451923076923077 0.057692307692307696
0 0.5216346153846154 0.49038461538461536 0.07932692307692307 0.0625
0 0.9699519230769231 0.5420673076923077 0.06009615384615385 0.055288461538461536
0 0.08774038461538461 0.4567307692307692 0.07451923076923077 0.057692307692307696
0 0.8197115384615384 0.5432692307692307 0.0889423076923077 0.0673076923076923
0 0.3004807692307692 0.49399038461538464 0.0625 0.038461538461538464
0 0.6634615384615384 0.5372596153846154 0.07932692307692307 0.055288461538461536
0 0.03245192307692308 0.47836538461538464 0.0625 0.06971153846153846
0 0.8353365384615384 0.5625 0.08173076923076923 0.05048076923076923
0 0.18990384615384615 0.5024038461538461 0.09375 0.06490384615384616
0 0.7800480769230769 0.07932692307692307 0.07451923076923077 0.052884615384615384
0 0.8978365384615384 0.5889423076923077 0.06490384615384616 0.04807692307692308
0 0.2824519230769231 0.030048076923076924 0.06490384615384616 0.04807692307692308
0 0.35216346153846156 0.5324519230769231 0.06009615384615385 0.04807692307692308
0 0.5408653846153846 0.5576923076923077 0.07932692307692307 0.057692307692307696
0 0.0733173076923077 0.5108173076923077 0.07932692307692307 0.05048076923076923
0 0.4206730769230769 0.5697115384615384 0.06490384615384616 0.04807692307692308
0 0.22716346153846154 0.5528846153846154 0.09134615384615384 0.06009615384615385
0 0.9663461538461539 0.1045673076923077 0.057692307692307696 0.03365384615384615
0 0.8918269230769231 0.09615384615384616 0.06009615384615385 0.04807692307692308
0 0.6959134615384616 0.6057692307692307 0.08173076923076923 0.055288461538461536
0 0.328125 0.5817307692307693 0.09134615384615384 0.06009615384615385
0 0.7199519230769231 0.6262019230769231 0.07932692307692307 0.05048076923076923
0 0.8221153846153846 0.6442307692307693 0.08413461538461539 0.057692307692307696
0 0.9651442307692307 0.6610576923076923 0.04326923076923077 0.036057692307692304
0 0.59375 0.6262019230769231 0.08413461538461539 0.0673076923076923
0 0.03125 0.5721153846153846 0.0625 0.0673076923076923
0 0.16826923076923078 0.59375 0.08173076923076923 0.04567307692307692
0 0.49038461538461536 0.6430288461538461 0.06971153846153846 0.052884615384615384
0 0.9663461538461539 0.6959134615384616 0.036057692307692304 0.05048076923076923
0 0.44350961538461536 0.056490384615384616 0.06490384615384616 0.052884615384615384
0 0.7103365384615384 0.6730769230769231 0.0889423076923077 0.057692307692307696
0 0.2091346153846154 0.6346153846153846 0.10096153846153846 0.057692307692307696
0 0.4338942307692308 0.6694711538461539 0.0889423076923077 0.0625
0 0.8978365384615384 0.7259615384615384 0.08653846153846154 0.055288461538461536
0 0.018028846153846152 0.6358173076923077 0.036057692307692304 0.055288461538461536
0 0.6694711538461539 0.7295673076923077 0.07932692307692307 0.055288461538461536
0 0.8209134615384616 0.10336538461538461 0.0673076923076923 0.04326923076923077
0 0.17307692307692307 0.6838942307692307 0.08413461538461539 0.057692307692307696