0 0.8265625 0.08984375 0.040625 0.0640625
0 0.68046875 0.115625 0.0390625 0.05
0 0.165625 0.20546875 0.0296875 0.0453125
0 0.38671875 0.1703125 0.03125 0.053125
0 0.60625 0.1359375 0.0359375 0.0546875
0 0.31171875 0.18515625 0.0359375 0.0546875
0 0.75546875 0.12890625 0.0328125 0.040625
0 0.91015625 0.11171875 0.034375 0.0453125
0 0.45703125 0.18359375 0.034375 0.05
0 0.484375 0.18359375 0.0296875 0.0453125
0 0.53984375 0.18671875 0.0390625 0.0546875
0 0.08828125 0.265625 0.0359375 0.059375
0 0.3625 0.23359375 0.040625 0.0640625
0 0.39453125 0.2328125 0.0359375 0.059375
0 0.76015625 0.175 0.0359375 0.0546875
0 0.14765625 0.271875 0.040625 0.059375
0 0.2328125 0.2609375 0.0359375 0.0546875
0 0.62265625 0.20859375 0.0359375 0.059375
0 0.30390625 0.2640625 0.0375 0.0640625
0 0.44453125 0.24140625 0.03125 0.053125
0 0.17109375 0.28671875 0.0359375 0.0546875
0 0.82265625 0.18359375 0.0359375 0.059375
0 0.67421875 0.20703125 0.0328125 0.0359375
0 0.12265625 0.296875 0.0390625 0.05
0 0.5953125 0.26015625 0.040625 0.059375
0 0.51328125 0.2734375 0.040625 0.059375
0 0.76171875 0.24296875 0.0390625 0.05
0 0.68515625 0.26640625 0.0390625 0.0546875
0 0.9515625 0.23125 0.0296875 0.0484375
0 0.9 0.2421875 0.040625 0.059375
0 0.4625 0.3375 0.034375 0.0453125
0 0.5953125 0.31875 0.040625 0.059375
0 0.38671875 0.365625 0.03125 0.0578125
0 0.03125 0.4265625 0.0453125 0.0609375
0 0.67109375 0.334375 0.040625 0.0640625
0 0.74765625 0.33203125 0.0390625 0.05
0 0.14140625 0.43046875 0.0390625 0.0546875
0 0.825 0.321875 0.0359375 0.059375
0 0.3140625 0.40546875 0.034375 0.05
0 0.24140625 0.41953125 0.034375 0.05
0 0.89609375 0.32265625 0.0359375 0.0546875
0 0.96015625 0.31484375 0.03125 0.0578125
0 0.09609375 0.45390625 0.0359375 0.0546875
0 0.45546875 0.41171875 0.034375 0.05
0 0.1859375 0.45546875 0.025 0.04375
0 0.96328125 0.365625 0.0421875 0.06875
0 0.90703125 0.3796875 0.0390625 0.0546875
0 0.81875 0.39609375 0.034375 0.0453125
0 0.75546875 0.41015625 0.040625 0.059375
0 0.584375 0.4515625 0.0359375 0.0359375
0 0.375 0.5078125 0.0375 0.0453125
0 0.4578125 0.496875 0.0390625 0.0546875
0 0.58515625 0.48671875 0.040625 0.0640625
0 0.8328125 0.4546875 0.0453125 0.065625
0 0.9640625 0.43828125 0.0328125 0.040625
0 0.7421875 0.47578125 0.0453125 0.065625
0 0.6703125 0.496875 0.0296875 0.0484375
0 0.3875 0.54375 0.0390625 0.0546875
0 0.3015625 0.56640625 0.0359375 0.0546875
0 0.8875 0.48984375 0.0328125 0.0359375
0 0.96484375 0.4875 0.034375 0.05
0 0.52109375 0.571875 0.0375 0.06875
0 0.1046875 0.6375 0.0296875 0.0453125
0 0.25078125 0.61484375 0.034375 0.0453125
0 0.88203125 0.5171875 0.0453125 0.0375
0 0.8046875 0.53125 0.04375 0.05625
0 0.14453125 0.63828125 0.034375 0.0453125
0 0.45 0.59765625 0.0359375 0.0546875
0 0.603125 0.57265625 0.034375 0.0453125
0 0.2171875 0.63671875 0.0390625 0.05
0 0.378125 0.6171875 0.034375 0.05
0 0.73515625 0.565625 0.0390625 0.0546875
0 0.88515625 0.54921875 0.040625 0.059375
0 0.478125 0.63984375 0.04375 0.05625
0 0.16484375 0.69140625 0.034375 0.0453125
0 0.7140625 0.60703125 0.0390625 0.0546875
0 0.328125 0.67265625 0.0359375 0.059375
0 0.10390625 0.70859375 0.0296875 0.0484375
0 0.0890625 0.715625 0.0296875 0.0453125
0 0.23671875 0.69921875 0.0296875 0.0453125
0 0.39765625 0.68203125 0.0375 0.0640625
0 0.94765625 0.60234375 0.0453125 0.0609375
0 0.55703125 0.6640625 0.04375 0.05625
0 0.63203125 0.6546875 0.034375 0.05
0 0.81640625 0.6328125 0.040625 0.059375
0 0.325 0.7296875 0.0359375 0.0546875
0 0.16640625 0.775 0.0359375 0.059375
0 0.46640625 0.73203125 0.0296875 0.0484375
0 0.1609375 0.12265625 0.0421875 0.0734375
0 0.40859375 0.79609375 0.0359375 0.059375
0 0.30625 0.1203125 0.0296875 0.0484375
0 0.0078125 0.16875 0.015625 0.053125
0 0.57109375 0.0875 0.034375 0.0453125
0 0.396875 0.115625 0.028125 0.040625
0 0.46640625 0.10703125 0.034375 0.05
0 0.06640625 0.17265625 0.0359375 0.0546875
0 0.69765625 0.07265625 0.0328125 0.040625