0 0.7043269230769231 0.10576923076923077 0.026442307692307692 0.04567307692307692
0 0.9362980769230769 0.10697115384615384 0.030048076923076924 0.04807692307692308
0 0.6418269230769231 0.10697115384615384 0.025240384615384616 0.042067307692307696
0 0.53125 0.10817307692307693 0.026442307692307692 0.037259615384615384
0 0.29927884615384615 0.109375 0.02403846153846154 0.04326923076923077
0 0.8810096153846154 0.11177884615384616 0.028846153846153848 0.040865384615384616
0 0.3605769230769231 0.11538461538461539 0.02283653846153846 0.03485576923076923
0 0.8052884615384616 0.125 0.027644230769230768 0.04567307692307692
0 0.13581730769230768 0.125 0.03125 0.04326923076923077
0 0.7512019230769231 0.125 0.020432692307692308 0.03485576923076923
0 0.42427884615384615 0.12740384615384615 0.026442307692307692 0.040865384615384616
0 0.4639423076923077 0.12860576923076922 0.028846153846153848 0.037259615384615384
0 0.010817307692307692 0.1310096153846154 0.021634615384615384 0.042067307692307696
0 0.06610576923076923 0.140625 0.025240384615384616 0.046875
0 0.24519230769230768 0.14423076923076922 0.025240384615384616 0.03485576923076923
0 0.5913461538461539 0.016826923076923076 0.02403846153846154 0.03365384615384615
0 0.8725961538461539 0.018028846153846152 0.026442307692307692 0.03365384615384615
0 0.9471153846153846 0.018028846153846152 0.020432692307692308 0.036057692307692304
0 0.5348557692307693 0.018028846153846152 0.028846153846153848 0.036057692307692304
0 0.7548076923076923 0.018028846153846152 0.02403846153846154 0.03245192307692308
0 0.9903846153846154 0.18269230769230768 0.018028846153846152 0.037259615384615384
0 0.8798076923076923 0.18870192307692307 0.026442307692307692 0.051682692307692304
0 0.8161057692307693 0.019230769230769232 0.02403846153846154 0.037259615384615384
0 0.9507211538461539 0.1971153846153846 0.025240384615384616 0.04927884615384615
0 0.8004807692307693 0.19831730769230768 0.03365384615384615 0.04326923076923077
0 0.5576923076923077 0.19951923076923078 0.03485576923076923 0.04567307692307692
0 0.6262019230769231 0.19951923076923078 0.03125 0.046875
0 0.10817307692307693 0.203125 0.026442307692307692 0.042067307692307696
0 0.40024038461538464 0.20432692307692307 0.03125 0.036057692307692304
0 0.17067307692307693 0.21153846153846154 0.028846153846153848 0.040865384615384616
0 0.6790865384615384 0.21394230769230768 0.02403846153846154 0.039663461538461536
0 0.039663461538461536 0.21514423076923078 0.02403846153846154 0.040865384615384616
0 0.2283653846153846 0.21995192307692307 0.026442307692307692 0.039663461538461536
0 0.04567307692307692 0.021634615384615384 0.014423076923076924 0.04326923076923077
0 0.4170673076923077 0.02283653846153846 0.025240384615384616 0.037259615384615384
0 0.46153846153846156 0.22235576923076922 0.026442307692307692 0.036057692307692304
0 0.30288461538461536 0.2247596153846154 0.028846153846153848 0.037259615384615384
0 0.359375 0.22716346153846154 0.025240384615384616 0.037259615384615384
0 0.4723557692307692 0.02283653846153846 0.027644230769230768 0.036057692307692304
0 0.6887019230769231 0.02403846153846154 0.026442307692307692 0.04326923076923077
0 0.054086538461538464 0.025240384615384616 0.025240384615384616 0.03245192307692308
0 0.35336538461538464 0.026442307692307692 0.026442307692307692 0.040865384615384616
0 0.20793269230769232 0.027644230769230768 0.018028846153846152 0.027644230769230768
0 0.7740384615384616 0.28125 0.026442307692307692 0.040865384615384616
0 0.2247596153846154 0.028846153846153848 0.02283653846153846 0.039663461538461536
0 0.5793269230769231 0.28846153846153844 0.026442307692307692 0.04447115384615385
0 0.5144230769230769 0.2920673076923077 0.028846153846153848 0.04567307692307692
0 0.7103365384615384 0.2932692307692308 0.028846153846153848 0.04326923076923077
0 0.9939903846153846 0.2956730769230769 0.01201923076923077 0.04807692307692308
0 0.8341346153846154 0.296875 0.028846153846153848 0.04567307692307692
0 0.28846153846153844 0.30408653846153844 0.02283653846153846 0.03245192307692308
0 0.4338942307692308 0.3076923076923077 0.028846153846153848 0.040865384615384616
0 0.1141826923076923 0.3076923076923077 0.03365384615384615 0.046875
0 0.375 0.3088942307692308 0.02403846153846154 0.040865384615384616
0 0.6502403846153846 0.3112980769230769 0.027644230769230768 0.040865384615384616
0 0.2283653846153846 0.3125 0.02283653846153846 0.037259615384615384
0 0.9074519230769231 0.31490384615384615 0.027644230769230768 0.038461538461538464
0 0.24879807692307693 0.31850961538461536 0.028846153846153848 0.04326923076923077
0 0.16826923076923078 0.3233173076923077 0.026442307692307692 0.038461538461538464
0 0.046875 0.3245192307692308 0.030048076923076924 0.046875
0 0.12379807692307693 0.03365384615384615 0.025240384615384616 0.04567307692307692
0 0.9663461538461539 0.3858173076923077 0.028846153846153848 0.04927884615384615
0 0.27524038461538464 0.038461538461538464 0.025240384615384616 0.036057692307692304
0 0.7608173076923077 0.39663461538461536 0.025240384615384616 0.04567307692307692
0 0.8846153846153846 0.39903846153846156 0.026442307692307692 0.051682692307692304
0 0.25600961538461536 0.40024038461538464 0.025240384615384616 0.04567307692307692
0 0.3870192307692308 0.40024038461538464 0.03125 0.04567307692307692
0 0.6430288461538461 0.4074519230769231 0.027644230769230768 0.05048076923076923
0 0.009615384615384616 0.4074519230769231 0.019230769230769232 0.06009615384615385
0 0.5012019230769231 0.40865384615384615 0.027644230769230768 0.04567307692307692
0 0.171875 0.41346153846153844 0.026442307692307692 0.042067307692307696
0 0.05048076923076923 0.4266826923076923 0.03125 0.04567307692307692
0 0.44350961538461536 0.43028846153846156 0.028846153846153848 0.04567307692307692
0 0.5612980769230769 0.4362980769230769 0.026442307692307692 0.04326923076923077
0 0.30649038461538464 0.4375 0.026442307692307692 0.042067307692307696
0 0.7956730769230769 0.43990384615384615 0.02403846153846154 0.03365384615384615
0 0.16826923076923078 0.04447115384615385 0.02403846153846154 0.03245192307692308
0 0.008413461538461538 0.04807692307692308 0.015625 0.038461538461538464
0 0.5733173076923077 0.5036057692307693 0.026442307692307692 0.04447115384615385
0 0.36658653846153844 0.5120192307692307 0.027644230769230768 0.04567307692307692
0 0.18028846153846154 0.5180288461538461 0.027644230769230768 0.040865384615384616
0 0.5036057692307693 0.5192307692307693 0.026442307692307692 0.04326923076923077
0 0.7319711538461539 0.5192307692307693 0.028846153846153848 0.046875
0 0.11538461538461539 0.5216346153846154 0.02403846153846154 0.042067307692307696
0 0.8052884615384616 0.5240384615384616 0.03125 0.04807692307692308
0 0.6370192307692307 0.052884615384615384 0.02403846153846154 0.04326923076923077
0 0.9399038461538461 0.5276442307692307 0.028846153846153848 0.04807692307692308
0 0.4230769230769231 0.5348557692307693 0.028846153846153848 0.04567307692307692
0 0.05889423076923077 0.5360576923076923 0.026442307692307692 0.037259615384615384
0 0.8737980769230769 0.5408653846153846 0.026442307692307692 0.04927884615384615
0 0.3016826923076923 0.5408653846153846 0.027644230769230768 0.04927884615384615
0 0.12860576923076922 0.546875 0.027644230769230768 0.039663461538461536
0 0.6694711538461539 0.5492788461538461 0.026442307692307692 0.037259615384615384
0 0.23798076923076922 0.5492788461538461 0.025240384615384616 0.04567307692307692
0 0.3125 0.057692307692307696 0.026442307692307692 0.037259615384615384
0 0.30528846153846156 0.6189903846153846 0.03365384615384615 0.037259615384615384
0 0.3605769230769231 0.6286057692307693 0.025240384615384616 0.042067307692307696
0 0.5120192307692307 0.6358173076923077 0.03245192307692308 0.051682692307692304
0 0.0985576923076923 0.6382211538461539 0.030048076923076924 0.04567307692307692
0 0.6442307692307693 0.6418269230769231 0.03365384615384615 0.04807692307692308
0 0.5745192307692307 0.6466346153846154 0.03245192307692308 0.052884615384615384
0 0.8846153846153846 0.6502403846153846 0.030048076923076924 0.04567307692307692
0 0.9459134615384616 0.6526442307692307 0.039663461538461536 0.055288461538461536
0 0.8100961538461539 0.65625 0.027644230769230768 0.04567307692307692
0 0.1778846153846154 0.6598557692307693 0.03365384615384615 0.052884615384615384
0 0.4254807692307692 0.6598557692307693 0.03125 0.054086538461538464
0 0.07692307692307693 0.6670673076923077 0.028846153846153848 0.03125
0 0.7283653846153846 0.6706730769230769 0.03245192307692308 0.042067307692307696
0 0.009615384615384616 0.671875 0.019230769230769232 0.054086538461538464
0 0.2403846153846154 0.6742788461538461 0.027644230769230768 0.04567307692307692
0 0.8798076923076923 0.6947115384615384 0.03125 0.04567307692307692
0 0.49038461538461536 0.7644230769230769 0.036057692307692304 0.05889423076923077
0 0.2704326923076923 0.7680288461538461 0.03125 0.054086538461538464
0 0.5649038461538461 0.7752403846153846 0.037259615384615384 0.05048076923076923
0 0.921875 0.7824519230769231 0.03245192307692308 0.05048076923076923
0 0.640625 0.7932692307692307 0.040865384615384616 0.054086538461538464
0 0.1875 0.7932692307692307 0.037259615384615384 0.057692307692307696
0 0.7067307692307693 0.796875 0.028846153846153848 0.051682692307692304
0 0.3137019230769231 0.8004807692307693 0.03485576923076923 0.054086538461538464
0 0.109375 0.8040865384615384 0.03485576923076923 0.04927884615384615
0 0.040865384615384616 0.8100961538461539 0.038461538461538464 0.056490384615384616
0 0.796875 0.8112980769230769 0.036057692307692304 0.054086538461538464
0 0.4098557692307692 0.8185096153846154 0.03485576923076923 0.052884615384615384
0 0.8834134615384616 0.8293269230769231 0.03365384615384615 0.04927884615384615
0 0.9819711538461539 0.8341346153846154 0.03485576923076923 0.06971153846153846
0 0.9122596153846154 0.8918269230769231 0.037259615384615384 0.028846153846153848
0 0.1346153846153846 0.009615384615384616 0.02403846153846154 0.019230769230769232
0 0.7872596153846154 0.09615384615384616 0.02283653846153846 0.042067307692307696
0 0.5877403846153846 0.09735576923076923 0.02283653846153846 0.040865384615384616
0 0.19831730769230768 0.10336538461538461 0.025240384615384616 0.037259615384615384