0 0.52109375 0.01171875 0.0203125 0.0234375
0 0.984375 0.14453125 0.021875 0.0375
0 0.46796875 0.09921875 0.0265625 0.034375
0 0.69765625 0.121875 0.0265625 0.034375
0 0.77734375 0.140625 0.0265625 0.04375
0 0.87734375 0.0453125 0.0265625 0.0296875
0 0.50703125 0.1265625 0.021875 0.0421875
0 0.67109375 0.140625 0.0265625 0.034375
0 0.534375 0.13125 0.03125 0.03125
0 0.621875 0.14375 0.034375 0.0390625
0 0.9171875 0.171875 0.0265625 0.04375
0 0.98125 0.17734375 0.021875 0.0375
0 0.75234375 0.034375 0.021875 0.0296875
0 0.43046875 0.12890625 0.021875 0.0328125
0 0.234375 0.1140625 0.0265625 0.04375
0 0.47578125 0.140625 0.0203125 0.025
0 0.20546875 0.11875 0.0265625 0.04375
0 0.72421875 0.034375 0.0265625 0.034375
0 0.8609375 0.1765625 0.03125 0.0390625
0 0.11328125 0.115625 0.03125 0.0390625
0 0.2625 0.12890625 0.0265625 0.04375
0 0.403125 0.146875 0.021875 0.0328125
0 0.9703125 0.2015625 0.021875 0.0328125
0 0.7546875 0.1875 0.034375 0.0390625
0 0.46953125 0.0140625 0.0265625 0.028125
0 0.5359375 0.16796875 0.03125 0.034375
0 0.1390625 0.1359375 0.021875 0.0328125
0 0.803125 0.19609375 0.0265625 0.034375
0 0.45234375 0.1703125 0.0265625 0.034375
0 0.47265625 0.17421875 0.021875 0.0328125
0 0.5953125 0.18515625 0.0265625 0.0390625
0 0.3046875 0.1625 0.021875 0.0328125
0 0.66171875 0.19609375 0.03125 0.0390625
0 0.3546875 0.17109375 0.03125 0.04375
0 0.5125 0.1921875 0.03125 0.0390625
0 0.1046875 0.15859375 0.03125 0.0390625
0 0.54296875 0.19921875 0.03125 0.034375
0 0.06015625 0.159375 0.03125 0.04375
0 0.17734375 0.18125 0.0265625 0.0390625
0 0.37734375 0.2015625 0.03125 0.04375
0 0.6921875 0.23515625 0.0421875 0.0578125
0 0.57734375 0.22734375 0.0328125 0.0484375
0 0.04921875 0.18359375 0.028125 0.0484375
0 0.3328125 0.20859375 0.0265625 0.04375
0 0.62734375 0.2390625 0.0328125 0.053125
0 0.315625 0.21640625 0.0265625 0.04375
0 0.771875 0.2609375 0.021875 0.0328125
0 0.93515625 0.2796875 0.0265625 0.0390625
0 0.51328125 0.24296875 0.0265625 0.0296875
0 0.9140625 0.2828125 0.0328125 0.0484375
0 0.47578125 0.2515625 0.021875 0.0296875
0 0.51640625 0.26015625 0.021875 0.0296875
0 0.23203125 0.2421875 0.021875 0.0328125
0 0.44140625 0.2625 0.0265625 0.0296875
0 0.2015625 0.24609375 0.0265625 0.034375
0 0.5515625 0.28203125 0.03125 0.0390625
0 0.265625 0.259375 0.0265625 0.0390625
0 0.378125 0.2703125 0.0359375 0.04375
0 0.86953125 0.31328125 0.0265625 0.0390625
0 0.50234375 0.28125 0.0265625 0.034375
0 0.92890625 0.3234375 0.0328125 0.0484375
0 0.66171875 0.3046875 0.03125 0.0390625
0 0.69375 0.0453125 0.0265625 0.034375
0 0.2078125 0.0078125 0.015625 0.015625
0 0.7390625 0.31640625 0.0265625 0.0390625
0 0.0359375 0.2546875 0.028125 0.0484375
0 0.12734375 0.26484375 0.028125 0.0484375
0 0.778125 0.321875 0.0296875 0.0265625
0 0.5140625 0.30859375 0.028125 0.0484375
0 0.1703125 0.28515625 0.034375 0.0390625
0 0.4578125 0.3171875 0.03125 0.034375
0 0.3046875 0.31328125 0.0265625 0.0296875
0 0.1046875 0.29609375 0.0359375 0.053125
0 0.175 0.3046875 0.034375 0.0390625
0 0.7703125 0.3609375 0.03125 0.0390625
0 0.56953125 0.34609375 0.03125 0.034375
0 0.66875 0.35703125 0.03125 0.04375
0 0.49453125 0.34609375 0.03125 0.04375
0 0.87265625 0.37890625 0.03125 0.04375
0 0.2015625 0.32265625 0.0265625 0.034375
0 0.246875 0.3359375 0.0359375 0.0484375
0 0.74453125 0.384375 0.0328125 0.053125
0 0.41875 0.3578125 0.0265625 0.034375
0 0.91328125 0.40625 0.0328125 0.0484375
0 0.446875 0.36484375 0.0265625 0.0390625
0 0.165625 0.340625 0.03125 0.04375
0 0.075 0.33515625 0.0359375 0.04375
0 0.30078125 0.35703125 0.0265625 0.034375
0 0.21328125 0.3515625 0.0265625 0.0390625
0 0.6609375 0.39296875 0.03125 0.0390625
0 0.79765625 0.4125 0.0328125 0.0484375
0 0.61328125 0.39609375 0.03125 0.04375
0 0.5671875 0.39453125 0.0359375 0.04375
0 0.35 0.38515625 0.0265625 0.0390625
0 0.7140625 0.41875 0.040625 0.04375
0 0.7625 0.42578125 0.0328125 0.0484375
0 0.478125 0.40078125 0.0265625 0.04375
0 0.66328125 0.42109375 0.03125 0.034375
0 0.8234375 0.43984375 0.0265625 0.0296875
0 0.0484375 0.37421875 0.0359375 0.0484375
0 0.90390625 0.45859375 0.03125 0.0390625
0 0.5875 0.4328125 0.0328125 0.0484375
0 0.26875 0.40546875 0.0328125 0.053125
0 0.15546875 0.4 0.0328125 0.0484375
0 0.33984375 0.42109375 0.0265625 0.0390625
0 0.6203125 0.45234375 0.0359375 0.0484375
0 0.6703125 0.459375 0.0453125 0.05
0 0.94296875 0.48515625 0.040625 0.0484375
0 0.73046875 0.4671875 0.0296875 0.0265625
0 0.1953125 0.42265625 0.0359375 0.04375
0 0.825 0.47734375 0.0265625 0.04375
0 0.990625 0.496875 0.01875 0.046875
0 0.7640625 0.48359375 0.0359375 0.04375
0 0.02421875 0.41953125 0.03125 0.04375
0 0.43125 0.46328125 0.03125 0.0390625
0 0.60078125 0.4828125 0.03125 0.03125
0 0.07578125 0.43671875 0.03125 0.04375
0 0.1078125 0.4421875 0.03125 0.034375
0 0.21640625 0.45390625 0.03125 0.04375
0 0.26484375 0.45859375 0.040625 0.0484375
0 0.36328125 0.4671875 0.0359375 0.053125
0 0.56171875 0.484375 0.0390625 0.03125
0 0.7296875 0.49921875 0.03125 0.0390625
0 0.14375 0.01640625 0.03125 0.0328125
0 0.66484375 0.4953125 0.03125 0.03125
0 0.8265625 0.5125 0.0203125 0.015625
0 0.70625 0.50625 0.0359375 0.04375
0 0.84609375 0.528125 0.03125 0.0390625
0 0.32734375 0.4828125 0.0359375 0.0484375
0 0.2984375 0.48671875 0.0265625 0.04375
0 0.190625 0.4796875 0.0359375 0.04375
0 0.7875 0.53203125 0.03125 0.034375
0 0.61640625 0.521875 0.0359375 0.053125
0 0.2328125 0.02578125 0.0203125 0.025
0 0.7 0.06640625 0.03125 0.0390625
0 0.2421875 0.49375 0.03125 0.04375
0 0.09921875 0.48359375 0.0328125 0.0484375
0 0.0671875 0.48359375 0.03125 0.04375
0 0.69609375 0.54296875 0.0265625 0.04375
0 0.48828125 0.52734375 0.0359375 0.053125
0 0.746875 0.55 0.0328125 0.0484375
0 0.0078125 0.48671875 0.015625 0.0515625
0 0.82734375 0.5609375 0.03125 0.04375
0 0.57109375 0.53828125 0.040625 0.053125
0 0.66953125 0.5515625 0.0421875 0.0625
0 0.33046875 0.52421875 0.0359375 0.0484375
0 0.41328125 0.53359375 0.0265625 0.04375
0 0.86953125 0.5765625 0.028125 0.053125
0 0.76796875 0.57421875 0.0421875 0.0578125
0 0.340625 0.03984375 0.0265625 0.0296875
0 0.0453125 0.51328125 0.0359375 0.04375
0 0.22265625 0.53125 0.0359375 0.04375
0 0.25546875 0.53671875 0.0359375 0.0484375
0 0.1625 0.52890625 0.03125 0.0390625
0 0.43046875 0.5515625 0.034375 0.03125
0 0.9390625 0.60625 0.046875 0.06875
0 0.125 0.53671875 0.0359375 0.053125
0 0.33125 0.5765625 0.0328125 0.0484375
0 0.96171875 0.63359375 0.0421875 0.0671875
0 0.44375 0.58828125 0.0453125 0.05
0 0.8515625 0.62421875 0.0359375 0.053125
0 0.3765625 0.5828125 0.040625 0.053125
0 0.7171875 0.61875 0.0328125 0.0625
0 0.88125 0.6375 0.0375 0.0578125
0 0.40703125 0.05 0.021875 0.0375
0 0.8015625 0.63515625 0.0375 0.0578125
0 0.39375 0.60234375 0.0265625 0.034375
0 0.16015625 0.58359375 0.046875 0.06875
0 0.09765625 0.58125 0.0359375 0.0484375
0 0.3140625 0.6046875 0.03125 0.0390625
0 0.02578125 0.58125 0.0296875 0.021875
0 0.6546875 0.6390625 0.0421875 0.0578125
0 0.75 0.65 0.0421875 0.0625
0 0.05703125 0.59375 0.0328125 0.0578125
0 0.08359375 0.603125 0.0375 0.0578125
0 0.425 0.6375 0.0515625 0.0640625
0 0.0046875 0.60234375 0.009375 0.0421875
0 0.5578125 0.6625 0.0453125 0.0546875
0 0.13046875 0.6390625 0.0359375 0.0484375
0 0.303125 0.6546875 0.046875 0.0734375
0 0.50390625 0.671875 0.03125 0.04375
0 0.0234375 0.63203125 0.040625 0.053125
0 0.2078125 0.6484375 0.0359375 0.053125
0 0.5765625 0.071875 0.021875 0.0328125
0 0.77734375 0.0921875 0.021875 0.0375
0 0.553125 0.7140625 0.0390625 0.034375
0 0.15625 0.6796875 0.0453125 0.0546875
0 0.5296875 0.7140625 0.03125 0.04375
0 0.50703125 0.7125 0.040625 0.04375
0 0.8390625 0.1 0.034375 0.0390625
0 0.44453125 0.71171875 0.034375 0.0390625
0 0.328125 0.7078125 0.040625 0.0484375
0 0.1984375 0.7078125 0.03125 0.04375
0 0.940625 0.78203125 0.0421875 0.0578125
0 0.48828125 0.74296875 0.046875 0.0640625
0 0.24609375 0.72421875 0.0515625 0.0734375
0 0.85234375 0.7796875 0.040625 0.04375
0 0.30546875 0.7578125 0.040625 0.053125
0 0.090625 0.74140625 0.0359375 0.053125
0 0.13828125 0.7515625 0.0390625 0.0390625
0 0.55390625 0.78984375 0.0421875 0.0625
0 0.88984375 0.821875 0.04375 0.0765625
0 0.44453125 0.7875 0.034375 0.0671875
0 0.83203125 0.821875 0.075 0.065625
0 0.859375 0.82890625 0.0375 0.0578125
0 0.51953125 0.8015625 0.05625 0.06875
0 0.4046875 0.79375 0.0515625 0.06875
0 0.265625 0.7859375 0.0421875 0.0625
0 0.64609375 0.821875 0.0578125 0.0828125
0 0.22578125 0.78984375 0.0453125 0.0546875
0 0.025 0.77890625 0.0390625 0.0390625
0 0.7 0.83828125 0.05 0.059375
0 0.921875 0.86015625 0.046875 0.06875
0 0.109375 0.79375 0.0375 0.0671875
0 0.17421875 0.05390625 0.021875 0.0328125
0 0.80078125 0.85859375 0.0859375 0.0953125
0 0.2390625 0.059375 0.03125 0.034375
0 0.375 0.07109375 0.0265625 0.0390625
0 0.57578125 0.85078125 0.0484375 0.0875
0 0.30625 0.83125 0.0453125 0.0453125
0 0.1921875 0.8234375 0.053125 0.078125
0 0.12578125 0.8203125 0.0421875 0.071875
0 0.60703125 0.86953125 0.0484375 0.0921875
0 0.68515625 0.88828125 0.05 0.059375
0 0.03125 0.8296875 0.0625 0.065625
0 0.9515625 0.91328125 0.0328125 0.0578125
0 0.35234375 0.8609375 0.053125 0.078125
0 0.4671875 0.87109375 0.065625 0.0796875
0 0.8359375 0.9078125 0.06875 0.0609375
0 0.2390625 0.85625 0.0515625 0.0640625
0 0.1484375 0.85078125 0.05625 0.0734375
0 0.29140625 0.865625 0.0546875 0.05
0 0.53984375 0.89140625 0.0546875 0.059375
0 0.775 0.9171875 0.05 0.05
0 0.90390625 0.928125 0.04375 0.0359375
0 0.10390625 0.05859375 0.03125 0.034375
0 0.925 0.13515625 0.03125 0.0390625
0 0.2953125 0.08203125 0.0265625 0.0296875