0 0.40625 0.3870192307692308 0.007211538461538462 0.009615384615384616
0 0.4483173076923077 0.39302884615384615 0.01201923076923077 0.01201923076923077
0 0.8966346153846154 0.46634615384615385 0.026442307692307692 0.036057692307692304
0 0.8028846153846154 0.4519230769230769 0.007211538461538462 0.014423076923076924
0 0.45552884615384615 0.39663461538461536 0.007211538461538462 0.014423076923076924
0 0.4182692307692308 0.390625 0.009615384615384616 0.007211538461538462
0 0.43028846153846156 0.39783653846153844 0.01201923076923077 0.016826923076923076
0 0.3317307692307692 0.38221153846153844 0.016826923076923076 0.016826923076923076
0 0.7932692307692307 0.45552884615384615 0.01201923076923077 0.01201923076923077
0 0.39783653846153844 0.39302884615384615 0.01201923076923077 0.016826923076923076
0 0.40865384615384615 0.3942307692307692 0.01201923076923077 0.016826923076923076
0 0.8076923076923077 0.4579326923076923 0.007211538461538462 0.014423076923076924
0 0.78125 0.453125 0.007211538461538462 0.019230769230769232
0 0.7728365384615384 0.4543269230769231 0.01201923076923077 0.016826923076923076
0 0.8545673076923077 0.4675480769230769 0.021634615384615384 0.026442307692307692
0 0.6009615384615384 0.4266826923076923 0.01201923076923077 0.016826923076923076
0 0.3605769230769231 0.3894230769230769 0.01201923076923077 0.01201923076923077
0 0.6826923076923077 0.4423076923076923 0.016826923076923076 0.019230769230769232
0 0.8197115384615384 0.46634615384615385 0.016826923076923076 0.019230769230769232
0 0.7283653846153846 0.4519230769230769 0.01201923076923077 0.016826923076923076
0 0.6887019230769231 0.44591346153846156 0.01201923076923077 0.019230769230769232
0 0.30528846153846156 0.38461538461538464 0.01201923076923077 0.016826923076923076
0 0.07572115384615384 0.35096153846153844 0.021634615384615384 0.026442307692307692
0 0.7415865384615384 0.4567307692307692 0.01201923076923077 0.019230769230769232
0 0.24759615384615385 0.3786057692307692 0.016826923076923076 0.019230769230769232
0 0.028846153846153848 0.34375 0.021634615384615384 0.03125
0 0.7596153846153846 0.45913461538461536 0.016826923076923076 0.019230769230769232
0 0.296875 0.38822115384615385 0.01201923076923077 0.016826923076923076
0 0.28725961538461536 0.3870192307692308 0.01201923076923077 0.016826923076923076
0 0.7740384615384616 0.4651442307692308 0.016826923076923076 0.019230769230769232
0 0.46153846153846156 0.4206730769230769 0.016826923076923076 0.019230769230769232
0 0.4495192307692308 0.421875 0.01201923076923077 0.019230769230769232
0 0.7055288461538461 0.4639423076923077 0.016826923076923076 0.019230769230769232
0 0.6634615384615384 0.46033653846153844 0.026442307692307692 0.03125
0 0.5889423076923077 0.453125 0.021634615384615384 0.03125
0 0.5192307692307693 0.4423076923076923 0.028846153846153848 0.04567307692307692
0 0.4963942307692308 0.44350961538461536 0.021634615384615384 0.03125
0 0.5408653846153846 0.453125 0.026442307692307692 0.036057692307692304
0 0.22355769230769232 0.4074519230769231 0.038461538461538464 0.05048076923076923
0 0.3629807692307692 0.4375 0.03365384615384615 0.040865384615384616
0 0.41466346153846156 0.44591346153846156 0.03365384615384615 0.04567307692307692
0 0.7139423076923077 0.4963942307692308 0.06009615384615385 0.07692307692307693
0 0.6334134615384616 0.49038461538461536 0.028846153846153848 0.05048076923076923
0 0.5985576923076923 0.4855769230769231 0.05048076923076923 0.06490384615384616
0 0.12980769230769232 0.4254807692307692 0.052884615384615384 0.07932692307692307
0 0.4387019230769231 0.4855769230769231 0.04567307692307692 0.055288461538461536
0 0.16706730769230768 0.4567307692307692 0.057692307692307696 0.07692307692307693