0 0.146875 0.3328125 0.00625 0.00625
0 0.1515625 0.334375 0.00625 0.009375
0 0.17265625 0.3328125 0.009375 0.00625
0 0.21328125 0.325 0.0078125 0.0140625
0 0.1640625 0.33671875 0.0078125 0.0140625
0 0.14375 0.340625 0.00625 0.009375
0 0.15703125 0.33828125 0.0109375 0.0109375
0 0.40546875 0.2921875 0.0125 0.0203125
0 0.13515625 0.346875 0.00625 0.00625
0 0.203125 0.334375 0.00625 0.00625
0 0.0171875 0.3703125 0.00625 0.00625
0 0.35625 0.30625 0.0078125 0.0140625
0 0.07421875 0.3609375 0.0125 0.015625
0 0.1859375 0.34140625 0.00625 0.009375
0 0.0609375 0.365625 0.00625 0.009375
0 0.1265625 0.353125 0.009375 0.00625
0 0.2515625 0.32890625 0.00625 0.00625
0 0.30078125 0.321875 0.0109375 0.0109375
0 0.084375 0.36328125 0.00625 0.009375
0 0.2703125 0.32734375 0.00625 0.00625
0 0.1171875 0.359375 0.00625 0.00625
0 0.4171875 0.3015625 0.0078125 0.0140625
0 0.153125 0.35234375 0.00625 0.00625
0 0.2234375 0.3390625 0.00625 0.009375
0 0.2375 0.3359375 0.00625 0.009375
0 0.0046875 0.38125 0.00625 0.00625
0 0.09453125 0.36640625 0.0125 0.0203125
0 0.2875 0.32890625 0.00625 0.009375
0 0.05859375 0.3734375 0.0125 0.015625
0 0.06484375 0.371875 0.00625 0.009375
0 0.18359375 0.3515625 0.00625 0.009375
0 0.03828125 0.3796875 0.0125 0.015625
0 0.13984375 0.36015625 0.00625 0.00625
0 0.265625 0.3375 0.00625 0.009375
0 0.07421875 0.375 0.0125 0.015625
0 0.00234375 0.39140625 0.0046875 0.0140625
0 0.315625 0.33046875 0.0109375 0.0109375
0 0.3296875 0.328125 0.0109375 0.0109375
0 0.25234375 0.34296875 0.0109375 0.0109375
0 0.27734375 0.33828125 0.0109375 0.0109375
0 0.30078125 0.33359375 0.0109375 0.0109375
0 0.134375 0.36796875 0.00625 0.009375
0 0.10078125 0.375 0.00625 0.009375
0 0.24453125 0.346875 0.00625 0.009375
0 0.24765625 0.34609375 0.00625 0.009375
0 0.39140625 0.31796875 0.00625 0.009375
0 0.02109375 0.38984375 0.0078125 0.0140625
0 0.20546875 0.35703125 0.0078125 0.0140625
0 0.3421875 0.33046875 0.0109375 0.0109375
0 0.3984375 0.31875 0.00625 0.00625
0 0.16953125 0.3640625 0.0078125 0.0140625
0 0.37578125 0.3234375 0.0078125 0.0140625
0 0.128125 0.37421875 0.00625 0.009375
0 0.01484375 0.39609375 0.0078125 0.0140625
0 0.11796875 0.37578125 0.0078125 0.0140625
0 0.18359375 0.36328125 0.0125 0.0203125
0 0.2171875 0.35703125 0.00625 0.00625
0 0.43203125 0.3171875 0.00625 0.009375
0 0.19453125 0.36328125 0.0078125 0.0140625
0 0.06171875 0.38984375 0.0125 0.0203125
0 0.1140625 0.38125 0.009375 0.0234375
0 0.0484375 0.39453125 0.0078125 0.0140625
0 0.14609375 0.378125 0.00625 0.009375
0 0.31875 0.34453125 0.0109375 0.0109375
0 0.4484375 0.31875 0.0109375 0.0109375
0 0.53046875 0.303125 0.0109375 0.0109375
0 0.0390625 0.3984375 0.0125 0.0203125
0 0.23046875 0.36171875 0.0125 0.015625
0 0.17890625 0.37421875 0.0125 0.015625
0 0.278125 0.3546875 0.0125 0.015625
0 0.10390625 0.390625 0.0125 0.015625
0 0.240625 0.3640625 0.0078125 0.0140625
0 0.24765625 0.3625 0.00625 0.009375
0 0.271875 0.3578125 0.0125 0.015625
0 0.25390625 0.3640625 0.00625 0.009375
0 0.15859375 0.3828125 0.0125 0.0203125
0 0.265625 0.36171875 0.0125 0.015625
0 0.08125 0.39765625 0.015625 0.0125
0 0.3046875 0.35625 0.0078125 0.0140625
0 0.20234375 0.3765625 0.0125 0.015625
0 0.2984375 0.3578125 0.0125 0.0203125
0 0.39296875 0.3390625 0.0109375 0.0109375
0 0.41171875 0.3359375 0.0078125 0.0140625
0 0.06796875 0.40234375 0.0125 0.015625
0 0.209375 0.37734375 0.0078125 0.0140625
0 0.2890625 0.36171875 0.00625 0.009375
0 0.4640625 0.328125 0.0078125 0.0140625
0 0.028125 0.4125 0.021875 0.021875
0 0.41875 0.33671875 0.00625 0.009375
0 0.44140625 0.33203125 0.0078125 0.0140625
0 0.45703125 0.32890625 0.00625 0.009375
0 0.32734375 0.3546875 0.0171875 0.0203125
0 0.3390625 0.35234375 0.0125 0.0203125
0 0.0140625 0.415625 0.0171875 0.0203125
0 0.37109375 0.34609375 0.0125 0.015625
0 0.3484375 0.35234375 0.0125 0.015625
0 0.471875 0.32890625 0.0125 0.015625
0 0.31640625 0.35859375 0.0125 0.015625
0 0.4265625 0.3375 0.0125 0.0203125
0 0.4359375 0.33828125 0.0078125 0.0140625
0 0.04453125 0.4140625 0.0125 0.015625
0 0.22890625 0.378125 0.0078125 0.0140625
0 0.53984375 0.31796875 0.0109375 0.0109375
0 0.628125 0.30078125 0.0109375 0.0109375
0 0.44921875 0.33828125 0.0125 0.0203125
0 0.66328125 0.29609375 0.0125 0.015625
0 0.25390625 0.37578125 0.0078125 0.0140625
0 0.50390625 0.32734375 0.0125 0.015625
0 0.06328125 0.41328125 0.021875 0.021875
0 0.07890625 0.41015625 0.0125 0.0203125
0 0.00546875 0.42734375 0.0109375 0.0203125
0 0.37890625 0.35390625 0.0125 0.015625
0 0.5296875 0.325 0.0125 0.015625
0 0.16875 0.3953125 0.01875 0.025
0 0.715625 0.28828125 0.00625 0.00625
0 0.11875 0.40703125 0.0171875 0.0203125
0 0.1828125 0.39453125 0.0171875 0.0203125
0 0.1953125 0.3921875 0.0078125 0.0140625
0 0.24609375 0.38203125 0.0125 0.015625
0 0.41171875 0.35 0.0171875 0.0171875
0 0.56640625 0.3203125 0.0125 0.0203125
0 0.2640625 0.37890625 0.0078125 0.01875
0 0.16015625 0.4015625 0.0125 0.0203125
0 0.28515625 0.37734375 0.0125 0.0203125
0 0.60546875 0.31484375 0.0125 0.015625
0 0.6828125 0.3 0.00625 0.009375
0 0.703125 0.29609375 0.0125 0.015625
0 0.72578125 0.29140625 0.00625 0.009375
0 0.7328125 0.28984375 0.0109375 0.0109375
0 0.10078125 0.4125 0.021875 0.021875
0 0.14609375 0.40390625 0.0078125 0.01875
0 0.32109375 0.3703125 0.0125 0.0203125
0 0.34609375 0.36484375 0.0125 0.0203125
0 0.3578125 0.3625 0.0125 0.015625
0 0.371875 0.36015625 0.0125 0.0203125
0 0.6421875 0.31015625 0.0125 0.015625
0 0.74296875 0.290625 0.00625 0.00625
0 0.13984375 0.4078125 0.0078125 0.01875
0 0.51484375 0.334375 0.0109375 0.0109375
0 0.6625 0.30625 0.0125 0.015625
0 0.0515625 0.425 0.01875 0.025
0 0.7578125 0.2875 0.00625 0.009375
0 0.65625 0.30703125 0.00625 0.009375
0 0.71015625 0.296875 0.0109375 0.0109375
0 0.7875 0.28203125 0.00625 0.00625
0 0.3359375 0.371875 0.0125 0.0203125
0 0.48359375 0.34296875 0.0125 0.0203125
0 0.675 0.30625 0.009375 0.00625
0 0.6 0.3203125 0.0125 0.0203125
0 0.696875 0.3015625 0.00625 0.00625
0 0.46328125 0.3484375 0.0078125 0.01875
0 0.58125 0.32578125 0.0125 0.015625
0 0.590625 0.32421875 0.0171875 0.0203125
0 0.44296875 0.353125 0.0171875 0.0203125
0 0.50390625 0.340625 0.0109375 0.0109375
0 0.62265625 0.31796875 0.00625 0.009375
0 0.63359375 0.315625 0.0125 0.015625
0 0.76796875 0.28984375 0.00625 0.00625
0 0.79296875 0.284375 0.00625 0.00625
0 0.209375 0.40078125 0.0078125 0.01875
0 0.6859375 0.3078125 0.00625 0.009375
0 0.75 0.2953125 0.00625 0.009375
0 0.24140625 0.39453125 0.0140625 0.025
0 0.27265625 0.38828125 0.0171875 0.0203125
0 0.4328125 0.35703125 0.0140625 0.025
0 0.49375 0.3453125 0.0171875 0.0203125
0 0.6140625 0.321875 0.0109375 0.0109375
0 0.76171875 0.29296875 0.00625 0.009375
0 0.1234375 0.4171875 0.0125 0.0203125
0 0.2484375 0.39296875 0.0078125 0.01875
0 0.4546875 0.353125 0.0109375 0.0109375
0 0.328125 0.3796875 0.0171875 0.0171875
0 0.72109375 0.303125 0.0109375 0.0109375
0 0.77578125 0.29296875 0.00625 0.009375
0 0.7828125 0.29140625 0.00625 0.00625
0 0.02109375 0.43984375 0.021875 0.021875
0 0.4734375 0.3515625 0.0171875 0.0203125
0 0.678125 0.31171875 0.0109375 0.0109375
0 0.73515625 0.30078125 0.0125 0.015625
0 0.19453125 0.4078125 0.01875 0.025
0 0.56640625 0.3359375 0.0171875 0.0171875
0 0.4125 0.365625 0.0171875 0.0203125
0 0.52578125 0.34375 0.0125 0.015625
0 0.76953125 0.29609375 0.0109375 0.0109375
0 0.096875 0.4296875 0.01875 0.025
0 0.23359375 0.403125 0.01875 0.0296875
0 0.315625 0.38671875 0.0125 0.0203125
0 0.64921875 0.321875 0.0078125 0.0140625
0 0.396875 0.37109375 0.01875 0.025
0 0.3640625 0.3796875 0.01875 0.025
0 0.26328125 0.39921875 0.0171875 0.0171875
0 0.50625 0.35234375 0.0125 0.015625
0 0.00703125 0.44921875 0.0140625 0.0296875
0 0.625 0.32890625 0.0125 0.0203125
0 0.92109375 0.27421875 0.0109375 0.0109375
0 0.93671875 0.2734375 0.00625 0.009375
0 0.29375 0.3984375 0.0234375 0.0265625
0 0.38203125 0.38125 0.01875 0.0296875
0 0.6984375 0.31953125 0.0125 0.0203125
0 0.83671875 0.29296875 0.0125 0.015625
0 0.4828125 0.3640625 0.0171875 0.0203125
0 0.73046875 0.315625 0.0125 0.015625
0 0.75078125 0.31171875 0.0171875 0.0203125
0 0.1875 0.42109375 0.0171875 0.0203125
0 0.04453125 0.44921875 0.021875 0.021875
0 0.6078125 0.33984375 0.0125 0.0203125
0 0.16953125 0.425 0.01875 0.025
0 0.7375 0.31484375 0.0171875 0.0171875
0 0.78515625 0.30546875 0.0125 0.015625
0 0.846875 0.29296875 0.00625 0.00625
0 0.8578125 0.29140625 0.0140625 0.025
0 0.8734375 0.28828125 0.0125 0.015625
0 0.596875 0.34453125 0.0171875 0.0203125
0 0.6375 0.33671875 0.0125 0.0203125
0 0.1515625 0.43046875 0.0234375 0.0265625
0 0.30625 0.40078125 0.0171875 0.0203125
0 0.4609375 0.37109375 0.01875 0.025
0 0.50234375 0.3625 0.0125 0.015625
0 0.68984375 0.3265625 0.0125 0.0203125
0 0.7125 0.321875 0.0125 0.0203125
0 0.8875 0.2875 0.0171875 0.0203125
0 0.25234375 0.41328125 0.01875 0.025
0 0.4953125 0.36640625 0.0125 0.0203125
0 0.58125 0.35 0.01875 0.0296875
0 0.66796875 0.3328125 0.0125 0.0203125
0 0.90859375 0.2859375 0.00625 0.00625
0 0.8265625 0.30234375 0.0171875 0.0203125
0 0.43671875 0.378125 0.0125 0.015625
0 0.52265625 0.3609375 0.0234375 0.0265625
0 0.77265625 0.3125 0.0125 0.0203125
0 0.81328125 0.30703125 0.0171875 0.0203125
0 0.6234375 0.34375 0.0171875 0.0203125
0 0.11875 0.44453125 0.021875 0.021875
0 0.209375 0.4265625 0.01875 0.025
0 0.65078125 0.340625 0.01875 0.025
0 0.903125 0.2921875 0.0078125 0.01875
0 0.45234375 0.3796875 0.01875 0.025
0 0.55078125 0.36015625 0.0125 0.0203125
0 0.79375 0.31328125 0.0171875 0.0203125
0 0.95078125 0.2828125 0.0125 0.0203125
0 0.67890625 0.33828125 0.01875 0.025
0 0.96015625 0.28359375 0.0140625 0.025
0 0.13984375 0.4453125 0.01875 0.0296875
0 0.4171875 0.39140625 0.0125 0.0203125
0 0.61796875 0.35234375 0.0125 0.0203125
0 0.76484375 0.3234375 0.0171875 0.0203125
0 0.9375 0.28984375 0.0125 0.0203125
0 0.10625 0.4515625 0.0140625 0.025
0 0.1765625 0.4375 0.01875 0.025
0 0.925 0.29453125 0.0125 0.0203125
0 0.425 0.3921875 0.0171875 0.0203125
0 0.00234375 0.47578125 0.0046875 0.0296875
0 0.33671875 0.41171875 0.025 0.034375
0 0.83203125 0.315625 0.0125 0.015625
0 0.5640625 0.3671875 0.0125 0.0203125
0 0.6046875 0.359375 0.0171875 0.0203125
0 0.3578125 0.41015625 0.0140625 0.025
0 0.7 0.34296875 0.0171875 0.0203125
0 0.40703125 0.4 0.0171875 0.0203125
0 0.4890625 0.384375 0.0140625 0.0296875
0 0.84140625 0.315625 0.0125 0.015625
0 0.86875 0.31015625 0.0125 0.0203125
0 0.9140625 0.3015625 0.0125 0.015625
0 0.7375 0.33828125 0.0140625 0.025
0 0.75390625 0.33515625 0.0125 0.0203125
0 0.76015625 0.334375 0.0125 0.015625
0 0.08984375 0.4640625 0.0375 0.0546875
0 0.2 0.4453125 0.0234375 0.03125
0 0.80625 0.32734375 0.0171875 0.0203125
0 0.271875 0.43125 0.0234375 0.03125
0 0.78359375 0.33203125 0.0109375 0.0109375
0 0.6703125 0.35625 0.01875 0.025
0 0.44296875 0.40078125 0.0171875 0.0203125
0 0.89296875 0.31328125 0.01875 0.025
0 0.825 0.32890625 0.0234375 0.0265625
0 0.88125 0.31796875 0.01875 0.025
0 0.57265625 0.3796875 0.01875 0.025
0 0.959375 0.3046875 0.0125 0.015625
0 0.3734375 0.41875 0.0234375 0.03125
0 0.9453125 0.3078125 0.0125 0.0203125
0 0.2578125 0.44140625 0.025 0.0390625
0 0.11953125 0.4703125 0.0171875 0.0203125
0 0.2421875 0.446875 0.0234375 0.03125
0 0.53515625 0.38984375 0.009375 0.0234375
0 0.39375 0.4171875 0.0234375 0.03125
0 0.90625 0.3203125 0.0125 0.0203125
0 0.32265625 0.4359375 0.01875 0.025
0 0.134375 0.47265625 0.0140625 0.025
0 0.18203125 0.46328125 0.025 0.0390625
0 0.49765625 0.4015625 0.01875 0.025
0 0.92734375 0.31796875 0.0125 0.0203125
0 0.68203125 0.36796875 0.0171875 0.0203125
0 0.06875 0.4875 0.0171875 0.0203125
0 0.93671875 0.31875 0.01875 0.025
0 0.4734375 0.41015625 0.01875 0.025
0 0.41875 0.42109375 0.01875 0.0296875
0 0.8078125 0.3453125 0.0171875 0.0203125
0 0.71640625 0.365625 0.0171875 0.0203125
0 0.04375 0.49609375 0.025 0.0390625
0 0.65078125 0.378125 0.0234375 0.03125
0 0.96640625 0.3171875 0.0125 0.0203125
0 0.03046875 0.5015625 0.0234375 0.03125
0 0.61015625 0.38828125 0.025 0.0390625
0 0.846875 0.34296875 0.01875 0.025
0 0.2046875 0.46953125 0.0296875 0.0359375
0 0.17265625 0.478125 0.028125 0.0328125
0 0.2953125 0.4546875 0.0234375 0.03125
0 0.00546875 0.5140625 0.0109375 0.04375
0 0.75703125 0.36484375 0.01875 0.025
0 0.77734375 0.3609375 0.0171875 0.0171875
0 0.3484375 0.44921875 0.0328125 0.0328125
0 0.4546875 0.428125 0.01875 0.025
0 0.82578125 0.35625 0.0171875 0.0203125
0 0.74453125 0.371875 0.01875 0.025
0 0.91875 0.33828125 0.01875 0.025
0 0.88359375 0.34765625 0.0125 0.0203125
0 0.440625 0.4359375 0.0171875 0.0203125
0 0.3953125 0.446875 0.0234375 0.03125
0 0.934375 0.3421875 0.0171875 0.0203125
0 0.60234375 0.40703125 0.025 0.034375
0 0.1546875 0.49609375 0.021875 0.021875
0 0.725 0.38515625 0.025 0.034375
0 0.96171875 0.33984375 0.0125 0.0203125
0 0.26015625 0.478125 0.0203125 0.034375
0 0.25859375 0.48125 0.025 0.0390625
0 0.028125 0.52578125 0.0234375 0.03125
0 0.81484375 0.37265625 0.025 0.034375
0 0.97421875 0.34375 0.0140625 0.025
0 0.27421875 0.4828125 0.025 0.034375
0 0.9515625 0.35078125 0.0140625 0.025
0 0.55234375 0.42890625 0.01875 0.025
0 0.134375 0.5125 0.025 0.0390625
0 0.19609375 0.50234375 0.0328125 0.028125
0 0.628125 0.41875 0.03125 0.0453125
0 0.70703125 0.403125 0.0203125 0.034375
0 0.8890625 0.36796875 0.01875 0.025
0 0.56953125 0.43203125 0.0296875 0.0359375
0 0.17890625 0.5109375 0.0296875 0.040625
0 0.78359375 0.39296875 0.0234375 0.03125
0 0.66484375 0.41640625 0.0265625 0.04375
0 0.84921875 0.38046875 0.025 0.0390625
0 0.93125 0.3640625 0.0171875 0.0203125
0 0.509375 0.44921875 0.0234375 0.03125
0 0.3609375 0.47734375 0.0203125 0.0390625
0 0.415625 0.4671875 0.01875 0.0296875
0 0.21640625 0.5109375 0.0265625 0.0484375
0 0.1625 0.5234375 0.0296875 0.040625
0 0.24921875 0.50859375 0.0390625 0.046875
0 0.91015625 0.38046875 0.028125 0.028125
0 0.759375 0.4125 0.021875 0.04375
0 0.94765625 0.37578125 0.0234375 0.03125
0 0.7390625 0.41875 0.034375 0.0421875
0 0.978125 0.37578125 0.0109375 0.0328125
0 0.87578125 0.39453125 0.0234375 0.03125
0 0.8078125 0.4078125 0.0265625 0.04375
0 0.37578125 0.49296875 0.03125 0.0453125
0 0.76953125 0.41640625 0.025 0.0390625
0 0.403125 0.48984375 0.0296875 0.040625
0 0.5625 0.459375 0.028125 0.0328125
0 0.721875 0.428125 0.03125 0.0453125
0 0.96953125 0.38046875 0.0234375 0.03125
0 0.32421875 0.50546875 0.028125 0.0328125
0 0.58984375 0.45390625 0.028125 0.0328125
0 0.0515625 0.55859375 0.040625 0.05625
0 0.846875 0.40625 0.0265625 0.04375
0 0.54296875 0.465625 0.0375 0.059375
0 0.4796875 0.48046875 0.03125 0.0453125
0 0.8296875 0.41171875 0.03125 0.0453125
0 0.2046875 0.53359375 0.0390625 0.046875
0 0.93515625 0.39609375 0.0234375 0.0265625
0 0.453125 0.48984375 0.0328125 0.0546875
0 0.34453125 0.51328125 0.03125 0.0453125
0 0.63671875 0.46171875 0.03125 0.0453125
0 0.61640625 0.4703125 0.0234375 0.0265625
0 0.57265625 0.48359375 0.0265625 0.0484375
0 0.68125 0.4625 0.0296875 0.0359375
0 0.3 0.5390625 0.0234375 0.03125
0 0.509375 0.50078125 0.0328125 0.0546875
0 0.1625 0.5703125 0.0375 0.0546875
0 0.328125 0.53828125 0.0390625 0.046875
0 0.19453125 0.56640625 0.0421875 0.065625
0 0.7421875 0.46015625 0.03125 0.0453125
0 0.8671875 0.4359375 0.034375 0.0375
0 0.2421875 0.559375 0.040625 0.05625
0 0.934375 0.42734375 0.0296875 0.0359375
0 0.78359375 0.45703125 0.025 0.034375
0 0.9703125 0.42265625 0.0359375 0.0453125
0 0.3828125 0.53984375 0.0296875 0.040625
0 0.43515625 0.5296875 0.0296875 0.0359375
0 0.4078125 0.534375 0.0453125 0.0515625
0 0.2703125 0.56640625 0.0265625 0.04375
0 0.6625 0.48984375 0.0265625 0.0484375
0 0.72421875 0.49140625 0.0359375 0.0453125
0 0.325 0.57109375 0.0390625 0.0640625
0 0.68671875 0.50078125 0.03125 0.0453125
0 0.29296875 0.58515625 0.05 0.0578125
0 0.60546875 0.52421875 0.034375 0.0640625
0 0.8 0.49140625 0.0265625 0.0484375
0 0.9875 0.45390625 0.025 0.0390625
0 0.990625 0.45859375 0.01875 0.0515625
0 0.77421875 0.50078125 0.03125 0.0453125
0 0.8171875 0.49453125 0.0375 0.0546875
0 0.45859375 0.56484375 0.034375 0.0640625
0 0.95859375 0.4671875 0.0328125 0.0546875
0 0.84609375 0.49375 0.0375 0.0546875
0 0.884375 0.48671875 0.040625 0.05625
0 0.940625 0.47578125 0.0421875 0.065625
0 0.75703125 0.5234375 0.0359375 0.0453125
0 0.5453125 0.5640625 0.0328125 0.0546875
0 0.425 0.58984375 0.0546875 0.08125
0 0.51875 0.571875 0.0421875 0.034375
0 0.64765625 0.56640625 0.053125 0.0984375
0 0.38359375 0.61875 0.0484375 0.0703125
0 0.28984375 0.6421875 0.0625 0.1
0 0.153125 0.68046875 0.0796875 0.115625
0 0.73359375 0.5703125 0.0390625 0.0640625
0 0.69921875 0.57890625 0.040625 0.0734375
0 0.534375 0.615625 0.0453125 0.075
0 0.58359375 0.61328125 0.04375 0.0703125
0 0.9765625 0.53671875 0.046875 0.0671875
0 0.25234375 0.68515625 0.0734375 0.10625
0 0.51484375 0.6484375 0.0375 0.0375
0 0.06484375 0.7359375 0.06875 0.109375
0 0.79765625 0.5984375 0.0484375 0.0703125
0 0.86953125 0.5953125 0.0265625 0.04375
0 0.9328125 0.5828125 0.0421875 0.065625
0 0.625 0.6546875 0.059375 0.103125
0 0.97578125 0.584375 0.0484375 0.075
0 0.8453125 0.65 0.0515625 0.0890625
0 0.42109375 0.73515625 0.0625 0.1
0 0.76484375 0.67421875 0.0625 0.0953125
0 0.5515625 0.73046875 0.078125 0.10625
0 0.14375 0.84765625 0.1 0.128125
0 0.68046875 0.759375 0.078125 0.128125
0 0.31484375 0.8328125 0.071875 0.1453125
0 0.9671875 0.71015625 0.065625 0.1484375
0 0.5296875 0.834375 0.0734375 0.1109375
0 0.81875 0.8296875 0.0953125 0.1328125
0 0.3703125 0.915625 0.125 0.16875
0 0.5703125 0.9125 0.08125 0.125