0 0.76171875 0.22421875 0.0265625 0.034375
0 0.05703125 0.1421875 0.0328125 0.040625
0 0.24921875 0.16875 0.0265625 0.034375
0 0.28125 0.17265625 0.028125 0.0390625
0 0.26171875 0.003125 0.0265625 0.00625
0 0.89765625 0.26015625 0.028125 0.04375
0 0.634375 0.240625 0.021875 0.034375
0 0.6890625 0.25 0.028125 0.0390625
0 0.7921875 0.26484375 0.0234375 0.0390625
0 0.07265625 0.17890625 0.0328125 0.040625
0 0.99375 0.2921875 0.0125 0.034375
0 0.1484375 0.190625 0.028125 0.0390625
0 0.184375 0.2046875 0.0328125 0.040625
0 0.3421875 0.22890625 0.028125 0.04375
0 0.84765625 0.290625 0.021875 0.034375
0 0.39453125 0.23984375 0.03125 0.0359375
0 0.2125 0.221875 0.0265625 0.034375
0 0.08828125 0.20703125 0.0328125 0.04375
0 0.965625 0.31484375 0.021875 0.034375
0 0.5140625 0.26875 0.0328125 0.0484375
0 0.828125 0.31640625 0.0328125 0.04375
0 0.93359375 0.3296875 0.028125 0.04375
0 0.76796875 0.31171875 0.03125 0.0359375
0 0.2734375 0.25234375 0.03125 0.03125
0 0.2375 0.00234375 0.015625 0.0046875
0 0.984375 0.08671875 0.021875 0.0296875
0 0.64765625 0.30546875 0.0375 0.05
0 0.67109375 0.30859375 0.021875 0.0296875
0 0.11875 0.24765625 0.0375 0.05
0 0.72890625 0.32734375 0.028125 0.04375
0 0.15 0.25625 0.0375 0.0546875
0 0.346875 0.2828125 0.028125 0.04375
0 0.853125 0.3453125 0.0265625 0.03125
0 0.40703125 0.28984375 0.0265625 0.034375
0 0.90703125 0.35859375 0.028125 0.0390625
0 0.18125 0.28359375 0.034375 0.053125
0 0.8171875 0.3640625 0.028125 0.0390625
0 0.64921875 0.046875 0.0171875 0.0296875
0 0.91796875 0.0796875 0.021875 0.0296875
0 0.4328125 0.02265625 0.0171875 0.0296875
0 0.0453125 0.27421875 0.01875 0.0421875
0 0.96796875 0.3921875 0.028125 0.04375
0 0.9890625 0.396875 0.021875 0.040625
0 0.76328125 0.36953125 0.0359375 0.0671875
0 0.35234375 0.334375 0.028125 0.04375
0 0.05546875 0.30078125 0.0328125 0.04375
0 0.2390625 0.32578125 0.0375 0.0546875
0 0.71171875 0.38828125 0.0359375 0.040625
0 0.63984375 0.38671875 0.028125 0.04375
0 0.27890625 0.346875 0.028125 0.0390625
0 0.92734375 0.43359375 0.0375 0.05
0 0.87265625 0.42890625 0.028125 0.04375
0 0.13671875 0.36171875 0.0328125 0.04375
0 0.08828125 0.3578125 0.0328125 0.04375
0 0.83046875 0.44921875 0.0328125 0.0484375
0 0.99140625 0.09765625 0.0171875 0.0296875
0 0.1234375 0.0046875 0.03125 0.009375
0 0.65625 0.44453125 0.0328125 0.04375
0 0.73359375 0.45390625 0.0375 0.0453125
0 0.784375 0.46484375 0.0328125 0.040625
0 0.1703125 0.3921875 0.0375 0.0546875
0 0.96953125 0.496875 0.0328125 0.0484375
0 0.0203125 0.3828125 0.025 0.053125
0 0.2859375 0.425 0.0328125 0.0484375
0 0.3328125 0.43984375 0.0375 0.0453125
0 0.91015625 0.515625 0.028125 0.0390625
0 0.05859375 0.4109375 0.0375 0.0453125
0 0.234375 0.43671875 0.0375 0.05
0 0.709375 0.07109375 0.021875 0.034375
0 0.85 0.53125 0.0328125 0.04375
0 0.3 0.02265625 0.021875 0.034375
0 0.41875 0.0375 0.0265625 0.03125
0 0.80078125 0.084375 0.021875 0.0296875
0 0.74609375 0.53046875 0.0375 0.0546875
0 0.13125 0.4640625 0.0375 0.05
0 0.5921875 0.5234375 0.0421875 0.0546875
0 0.80546875 0.55390625 0.0328125 0.0484375
0 0.69140625 0.53984375 0.0421875 0.0453125
0 0.20390625 0.48515625 0.0375 0.0546875
0 0.23828125 0.5 0.0375 0.05
0 0.1890625 0.0140625 0.021875 0.028125
0 0.97734375 0.6 0.025 0.0484375
0 0.30859375 0.52265625 0.0328125 0.04375
0 0.9203125 0.6265625 0.0328125 0.04375
0 0.4390625 0.046875 0.0265625 0.0265625
0 0.01953125 0.5203125 0.0328125 0.04375
0 0.346875 0.56796875 0.0328125 0.04375
0 0.31484375 0.034375 0.0265625 0.03125
0 0.06328125 0.0109375 0.0171875 0.021875
0 0.57734375 0.61171875 0.0375 0.0453125
0 0.25 0.02890625 0.0265625 0.034375
0 0.77734375 0.65078125 0.0375 0.0546875
0 0.85078125 0.659375 0.034375 0.053125
0 0.13125 0.578125 0.034375 0.053125
0 0.08203125 0.5796875 0.0375 0.05
0 0.484375 0.05703125 0.0265625 0.034375
0 0.11171875 0.01171875 0.0203125 0.0203125
0 0.684375 0.08203125 0.0234375 0.0390625
0 0.928125 0.11171875 0.021875 0.0296875
0 0.7 0.67421875 0.0390625 0.059375
0 0.203125 0.61796875 0.0328125 0.04375
0 0.27421875 0.6265625 0.0390625 0.059375
0 0.59375 0.6859375 0.0375 0.0546875
0 0.3390625 0.6859375 0.0375 0.0546875
0 0.0453125 0.69140625 0.0375 0.0546875
0 0.10859375 0.70859375 0.0484375 0.059375
0 0.9390625 0.8171875 0.034375 0.053125
0 0.925 0.0578125 0.025 0.021875
0 0.99765625 0.06796875 0.0046875 0.0203125
0 0.1796875 0.7359375 0.0421875 0.05
0 0.76640625 0.83828125 0.0375 0.0546875
0 0.70078125 0.83984375 0.0421875 0.0546875
0 0.95625 0.14140625 0.0265625 0.034375
0 0.82578125 0.92265625 0.0421875 0.0453125
0 0.1265625 0.04765625 0.0234375 0.0390625
0 0.35546875 0.0828125 0.021875 0.034375
0 0.7640625 0.1359375 0.0234375 0.0390625
0 0.2421875 0.07421875 0.028125 0.0390625
0 0.85546875 0.14921875 0.021875 0.0296875
0 0.91875 0.1640625 0.021875 0.034375
0 0.9765625 0.17109375 0.021875 0.0296875
0 0.68671875 0.14296875 0.0234375 0.0390625
0 0.65546875 0.14140625 0.028125 0.0390625
0 0.734375 0.15078125 0.021875 0.0296875
0 0.4515625 0.11640625 0.0234375 0.0390625
0 0.39609375 0.11171875 0.021875 0.034375
0 0.2734375 0.09921875 0.0265625 0.034375
0 0.8984375 0.18046875 0.0265625 0.03125
0 0.82265625 0.1734375 0.0234375 0.04375
0 0.77578125 0.1703125 0.0171875 0.0296875
0 0.88125 0.190625 0.0265625 0.03125
0 0.85546875 0.1890625 0.0328125 0.040625
0 0.321875 0.00390625 0.021875 0.0078125
0 0.4796875 0.0125 0.021875 0.025
0 0.809375 0.05078125 0.021875 0.034375
0 0.78125 0.04765625 0.0171875 0.0296875
0 0.95546875 0.20859375 0.0234375 0.0390625
0 0.97421875 0.2109375 0.0234375 0.04375
0 0.1875 0.12109375 0.0328125 0.04375
0 0.1 0.1125 0.028125 0.04375
0 0.7546875 0.19296875 0.028125 0.04375
0 0.05078125 0.1109375 0.01875 0.0375
0 0.23203125 0.1359375 0.028125 0.0390625
0 0.69921875 0.20234375 0.0234375 0.0390625
0 0.64375 0.20078125 0.0265625 0.034375
0 0.13515625 0.14296875 0.0375 0.0453125
0 0.9328125 0.24296875 0.0328125 0.04375