0 0.6105769230769231 0.0985576923076923 0.04567307692307692 0.07451923076923077
0 0.7415865384615384 0.08533653846153846 0.036057692307692304 0.0673076923076923
0 0.3870192307692308 0.12379807692307693 0.057692307692307696 0.07692307692307693
0 0.8377403846153846 0.08533653846153846 0.04807692307692308 0.057692307692307696
0 0.16466346153846154 0.04567307692307692 0.052884615384615384 0.03125
0 0.14903846153846154 0.16466346153846154 0.0625 0.09134615384615384
0 0.016826923076923076 0.1935096153846154 0.03365384615384615 0.06971153846153846
0 0.9242788461538461 0.10216346153846154 0.04807692307692308 0.0625
0 0.10096153846153846 0.20552884615384615 0.04807692307692308 0.057692307692307696
0 0.8473557692307693 0.13581730769230768 0.06009615384615385 0.07211538461538461
0 0.21033653846153846 0.21514423076923078 0.06490384615384616 0.09134615384615384
0 0.026442307692307692 0.23557692307692307 0.052884615384615384 0.07692307692307693
0 0.5588942307692307 0.21875 0.0673076923076923 0.08173076923076923
0 0.38822115384615385 0.24158653846153846 0.06009615384615385 0.09134615384615384
0 0.6574519230769231 0.21514423076923078 0.052884615384615384 0.07932692307692307
0 0.41947115384615385 0.2620192307692308 0.0625 0.09134615384615384
0 0.546875 0.27283653846153844 0.06009615384615385 0.09134615384615384
0 0.014423076923076924 0.33653846153846156 0.028846153846153848 0.08173076923076923
0 0.02403846153846154 0.08052884615384616 0.04807692307692308 0.06971153846153846
0 0.8389423076923077 0.3125 0.0673076923076923 0.07692307692307693
0 0.7259615384615384 0.33413461538461536 0.055288461538461536 0.07211538461538461
0 0.33052884615384615 0.3870192307692308 0.057692307692307696 0.0889423076923077
0 0.6069711538461539 0.3629807692307692 0.0625 0.07692307692307693
0 0.5348557692307693 0.3918269230769231 0.07451923076923077 0.08173076923076923
0 0.7163461538461539 0.38822115384615385 0.06009615384615385 0.08413461538461539
0 0.27884615384615385 0.4362980769230769 0.07451923076923077 0.11298076923076923
0 0.014423076923076924 0.47836538461538464 0.028846153846153848 0.09134615384615384
0 0.45552884615384615 0.4326923076923077 0.06490384615384616 0.0889423076923077
0 0.6814903846153846 0.43509615384615385 0.07211538461538461 0.08173076923076923
0 0.984375 0.40865384615384615 0.02403846153846154 0.0985576923076923
0 0.8473557692307693 0.42427884615384615 0.06971153846153846 0.10096153846153846
0 0.19230769230769232 0.49759615384615385 0.06490384615384616 0.09134615384615384
0 0.5120192307692307 0.04326923076923077 0.055288461538461536 0.08413461538461539
0 0.7560096153846154 0.47836538461538464 0.07451923076923077 0.09134615384615384
0 0.6334134615384616 0.49278846153846156 0.08653846153846154 0.09134615384615384
0 0.20072115384615385 0.5408653846153846 0.055288461538461536 0.08413461538461539
0 0.8954326923076923 0.47115384615384615 0.055288461538461536 0.06971153846153846
0 0.6274038461538461 0.5540865384615384 0.06490384615384616 0.0889423076923077
0 0.2932692307692308 0.07692307692307693 0.055288461538461536 0.08413461538461539
0 0.47475961538461536 0.5865384615384616 0.08413461538461539 0.09375
0 0.9411057692307693 0.020432692307692308 0.026442307692307692 0.040865384615384616
0 0.20673076923076922 0.6189903846153846 0.06971153846153846 0.10336538461538461
0 0.12139423076923077 0.6550480769230769 0.055288461538461536 0.07692307692307693
0 0.25961538461538464 0.6502403846153846 0.0889423076923077 0.11298076923076923
0 0.4651442307692308 0.6971153846153846 0.06490384615384616 0.11298076923076923
0 0.5889423076923077 0.7091346153846154 0.07211538461538461 0.11778846153846154
0 0.07451923076923077 0.7704326923076923 0.06009615384615385 0.09615384615384616
0 0.9519230769230769 0.703125 0.07932692307692307 0.08173076923076923
0 0.20072115384615385 0.7860576923076923 0.08173076923076923 0.10336538461538461
0 0.8076923076923077 0.7295673076923077 0.0625 0.09615384615384616
0 0.34615384615384615 0.78125 0.07692307692307693 0.11298076923076923
0 0.14182692307692307 0.8064903846153846 0.055288461538461536 0.08173076923076923
0 0.7355769230769231 0.7680288461538461 0.0673076923076923 0.10096153846153846
0 0.20192307692307693 0.8737980769230769 0.07692307692307693 0.11298076923076923
0 0.24278846153846154 0.11177884615384616 0.04807692307692308 0.0889423076923077
0 0.5024038461538461 0.859375 0.0889423076923077 0.10576923076923077
0 0.4050480769230769 0.09375 0.057692307692307696 0.08653846153846154
0 0.7223557692307693 0.8449519230769231 0.09134615384615384 0.0889423076923077
0 0.9002403846153846 0.8353365384615384 0.09134615384615384 0.07692307692307693
0 0.6201923076923077 0.8713942307692307 0.07932692307692307 0.06009615384615385
0 0.9411057692307693 0.8377403846153846 0.09615384615384616 0.05048076923076923
0 0.7740384615384616 0.05889423076923077 0.055288461538461536 0.07692307692307693