0 0.1921875 0.0953125 0.01875 0.01875
0 0.490625 0.10546875 0.0203125 0.0234375
0 0.14375 0.09609375 0.0203125 0.0234375
0 0.746875 0.11953125 0.01875 0.0140625
0 0.43203125 0.1109375 0.0203125 0.0234375
0 0.44375 0.1109375 0.009375 0.0140625
0 0.1671875 0.1015625 0.0203125 0.0234375
0 0.79140625 0.128125 0.0234375 0.0203125
0 0.0390625 0.10390625 0.0140625 0.01875
0 0.0640625 0.10703125 0.0140625 0.01875
0 0.8734375 0.13984375 0.015625 0.0234375
0 0.02265625 0.11484375 0.0203125 0.0234375
0 0.80078125 0.1671875 0.0140625 0.01875
0 0.06328125 0.14375 0.0203125 0.0234375
0 0.0859375 0.1515625 0.0140625 0.01875
0 0.15078125 0.15625 0.0203125 0.028125
0 0.17578125 0.16640625 0.0140625 0.01875
0 0.20390625 0.16796875 0.0203125 0.028125
0 0.04609375 0.16171875 0.01875 0.01875
0 0.025 0.18515625 0.01875 0.01875
0 0.090625 0.23046875 0.0296875 0.0296875
0 0.2375 0.24296875 0.071875 0.0578125
0 0.96484375 0.27890625 0.0703125 0.1734375
0 0.40234375 0.26015625 0.0484375 0.0625
0 0.5171875 0.271875 0.05 0.09375
0 0.1046875 0.26171875 0.0296875 0.0375
0 0.70234375 0.28515625 0.065625 0.1546875
0 0.334375 0.2828125 0.075 0.1453125
0 0.6015625 0.30625 0.0984375 0.1703125
0 0.84296875 0.31484375 0.0984375 0.146875
0 0.153125 0.29296875 0.071875 0.0859375
0 0.4796875 0.34375 0.0890625 0.159375
0 0.78984375 0.4109375 0.1078125 0.165625
0 0.096875 0.3890625 0.115625 0.1421875
0 0.2484375 0.4078125 0.1171875 0.1703125
0 0.03359375 0.4 0.065625 0.15
0 0.396875 0.41953125 0.0984375 0.1609375
0 0.45859375 0.09296875 0.01875 0.01875
0 0.0328125 0.0828125 0.0140625 0.0140625
0 0.1046875 0.08984375 0.0140625 0.01875