0 0.7884615384615384 0.3701923076923077 0.01201923076923077 0.019230769230769232
0 0.6754807692307693 0.35336538461538464 0.016826923076923076 0.019230769230769232
0 0.42788461538461536 0.3088942307692308 0.016826923076923076 0.019230769230769232
0 0.6598557692307693 0.35216346153846156 0.016826923076923076 0.019230769230769232
0 0.7007211538461539 0.359375 0.019230769230769232 0.02403846153846154
0 0.7536057692307693 0.37259615384615385 0.026442307692307692 0.026442307692307692
0 0.3473557692307692 0.3004807692307692 0.019230769230769232 0.02403846153846154
0 0.24879807692307693 0.28365384615384615 0.019230769230769232 0.02403846153846154
0 0.8786057692307693 0.39663461538461536 0.016826923076923076 0.019230769230769232
0 0.39903846153846156 0.3125 0.019230769230769232 0.02403846153846154
0 0.3173076923076923 0.2980769230769231 0.007211538461538462 0.009615384615384616
0 0.8269230769230769 0.38822115384615385 0.019230769230769232 0.02403846153846154
0 0.32211538461538464 0.29927884615384615 0.014423076923076924 0.02403846153846154
0 0.04807692307692308 0.25600961538461536 0.026442307692307692 0.03125
0 0.3293269230769231 0.30288461538461536 0.01201923076923077 0.01201923076923077
0 0.671875 0.3629807692307692 0.019230769230769232 0.02403846153846154
0 0.2620192307692308 0.2932692307692308 0.021634615384615384 0.026442307692307692
0 0.20552884615384615 0.28365384615384615 0.021634615384615384 0.03125
0 0.3701923076923077 0.3125 0.01201923076923077 0.019230769230769232
0 0.6490384615384616 0.36177884615384615 0.01201923076923077 0.019230769230769232
0 0.4807692307692308 0.3317307692307692 0.019230769230769232 0.02403846153846154
0 0.23197115384615385 0.28846153846153844 0.019230769230769232 0.02403846153846154
0 0.1814903846153846 0.27884615384615385 0.016826923076923076 0.019230769230769232
0 0.2860576923076923 0.3004807692307692 0.014423076923076924 0.02403846153846154
0 0.4639423076923077 0.3317307692307692 0.019230769230769232 0.02403846153846154
0 0.12620192307692307 0.27403846153846156 0.019230769230769232 0.02403846153846154
0 0.15625 0.27884615384615385 0.019230769230769232 0.028846153846153848
0 0.3605769230769231 0.3161057692307692 0.014423076923076924 0.02403846153846154
0 0.19230769230769232 0.2860576923076923 0.007211538461538462 0.009615384615384616
0 0.07932692307692307 0.265625 0.021634615384615384 0.026442307692307692
0 0.11057692307692307 0.27163461538461536 0.026442307692307692 0.026442307692307692
0 0.16947115384615385 0.2824519230769231 0.021634615384615384 0.026442307692307692
0 0.38822115384615385 0.3233173076923077 0.016826923076923076 0.019230769230769232
0 0.33533653846153844 0.3161057692307692 0.01201923076923077 0.016826923076923076
0 0.6610576923076923 0.3737980769230769 0.021634615384615384 0.026442307692307692
0 0.0985576923076923 0.27403846153846156 0.02403846153846154 0.036057692307692304
0 0.45072115384615385 0.33653846153846156 0.019230769230769232 0.02403846153846154
0 0.8161057692307693 0.4026442307692308 0.021634615384615384 0.021634615384615384
0 0.30288461538461536 0.3125 0.016826923076923076 0.019230769230769232
0 0.9110576923076923 0.41947115384615385 0.019230769230769232 0.02403846153846154
0 0.43028846153846156 0.33774038461538464 0.019230769230769232 0.02403846153846154
0 0.7427884615384616 0.39302884615384615 0.021634615384615384 0.026442307692307692
0 0.8305288461538461 0.40865384615384615 0.016826923076923076 0.019230769230769232
0 0.8028846153846154 0.40625 0.016826923076923076 0.016826923076923076
0 0.8918269230769231 0.421875 0.019230769230769232 0.02403846153846154
0 0.3473557692307692 0.32572115384615385 0.021634615384615384 0.021634615384615384
0 0.23798076923076922 0.30649038461538464 0.021634615384615384 0.026442307692307692
0 0.9302884615384616 0.43028846153846156 0.021634615384615384 0.026442307692307692
0 0.8689903846153846 0.41947115384615385 0.021634615384615384 0.021634615384615384
0 0.8545673076923077 0.4170673076923077 0.019230769230769232 0.02403846153846154
0 0.48197115384615385 0.3581730769230769 0.019230769230769232 0.02403846153846154
0 0.38100961538461536 0.3401442307692308 0.016826923076923076 0.019230769230769232
0 0.3894230769230769 0.34134615384615385 0.01201923076923077 0.019230769230769232
0 0.051682692307692304 0.28125 0.019230769230769232 0.02403846153846154
0 0.7908653846153846 0.42427884615384615 0.016826923076923076 0.019230769230769232
0 0.19831730769230768 0.31971153846153844 0.019230769230769232 0.02403846153846154
0 0.2548076923076923 0.33052884615384615 0.016826923076923076 0.019230769230769232
0 0.875 0.4411057692307692 0.019230769230769232 0.02403846153846154
0 0.14543269230769232 0.3125 0.021634615384615384 0.03125
0 0.29447115384615385 0.34375 0.021634615384615384 0.026442307692307692
0 0.8894230769230769 0.4495192307692308 0.021634615384615384 0.026442307692307692
0 0.8401442307692307 0.43990384615384615 0.021634615384615384 0.026442307692307692
0 0.4110576923076923 0.36658653846153844 0.021634615384615384 0.03125
0 0.15504807692307693 0.32211538461538464 0.021634615384615384 0.026442307692307692
0 0.4807692307692308 0.3798076923076923 0.016826923076923076 0.016826923076923076
0 0.8028846153846154 0.4362980769230769 0.016826923076923076 0.019230769230769232
0 0.12379807692307693 0.3161057692307692 0.026442307692307692 0.026442307692307692
0 0.06370192307692307 0.3088942307692308 0.019230769230769232 0.02403846153846154
0 0.36899038461538464 0.36177884615384615 0.021634615384615384 0.026442307692307692
0 0.31009615384615385 0.35216346153846156 0.02403846153846154 0.036057692307692304
0 0.8641826923076923 0.4519230769230769 0.01201923076923077 0.016826923076923076
0 0.9278846153846154 0.46274038461538464 0.019230769230769232 0.02403846153846154
0 0.765625 0.43509615384615385 0.021634615384615384 0.026442307692307692
0 0.5877403846153846 0.4026442307692308 0.02403846153846154 0.04567307692307692
0 0.23317307692307693 0.3425480769230769 0.026442307692307692 0.021634615384615384
0 0.38461538461538464 0.36899038461538464 0.019230769230769232 0.02403846153846154
0 0.5649038461538461 0.40024038461538464 0.02403846153846154 0.036057692307692304
0 0.75 0.43509615384615385 0.021634615384615384 0.026442307692307692
0 0.6778846153846154 0.4254807692307692 0.019230769230769232 0.02403846153846154
0 0.71875 0.4326923076923077 0.019230769230769232 0.02403846153846154
0 0.6201923076923077 0.421875 0.038461538461538464 0.04807692307692308
0 0.2548076923076923 0.3581730769230769 0.01201923076923077 0.016826923076923076
0 0.5372596153846154 0.4074519230769231 0.021634615384615384 0.03125
0 0.48677884615384615 0.39903846153846156 0.028846153846153848 0.04567307692307692
0 0.28365384615384615 0.36778846153846156 0.016826923076923076 0.016826923076923076
0 0.03485576923076923 0.3269230769230769 0.021634615384615384 0.026442307692307692
0 0.9411057692307693 0.49399038461538464 0.021634615384615384 0.026442307692307692
0 0.25600961538461536 0.37740384615384615 0.01201923076923077 0.019230769230769232
0 0.2668269230769231 0.38100961538461536 0.019230769230769232 0.02403846153846154
0 0.5012019230769231 0.421875 0.028846153846153848 0.036057692307692304
0 0.1875 0.36658653846153844 0.019230769230769232 0.02403846153846154
0 0.17548076923076922 0.3641826923076923 0.02403846153846154 0.036057692307692304
0 0.2824519230769231 0.38341346153846156 0.014423076923076924 0.02403846153846154
0 0.22115384615384615 0.375 0.016826923076923076 0.016826923076923076
0 0.15865384615384615 0.3641826923076923 0.021634615384615384 0.026442307692307692
0 0.4266826923076923 0.4110576923076923 0.021634615384615384 0.021634615384615384
0 0.23197115384615385 0.3798076923076923 0.028846153846153848 0.040865384615384616
0 0.7199519230769231 0.4651442307692308 0.028846153846153848 0.036057692307692304
0 0.20192307692307693 0.3737980769230769 0.021634615384615384 0.021634615384615384
0 0.78125 0.47836538461538464 0.028846153846153848 0.036057692307692304
0 0.7644230769230769 0.47836538461538464 0.021634615384615384 0.026442307692307692
0 0.8161057692307693 0.49038461538461536 0.021634615384615384 0.021634615384615384
0 0.40865384615384615 0.4182692307692308 0.019230769230769232 0.02403846153846154
0 0.25 0.39302884615384615 0.016826923076923076 0.01201923076923077
0 0.9903846153846154 0.5228365384615384 0.019230769230769232 0.040865384615384616
0 0.052884615384615384 0.3581730769230769 0.019230769230769232 0.02403846153846154
0 0.8004807692307693 0.49158653846153844 0.019230769230769232 0.02403846153846154
0 0.34615384615384615 0.41225961538461536 0.03365384615384615 0.04567307692307692
0 0.6947115384615384 0.4735576923076923 0.021634615384615384 0.03125
0 0.13581730769230768 0.375 0.019230769230769232 0.02403846153846154
0 0.08413461538461539 0.36538461538461536 0.026442307692307692 0.026442307692307692
0 0.8942307692307693 0.5108173076923077 0.038461538461538464 0.04807692307692308
0 0.10576923076923077 0.3737980769230769 0.021634615384615384 0.026442307692307692
0 0.6670673076923077 0.4735576923076923 0.021634615384615384 0.03125
0 0.6802884615384616 0.47596153846153844 0.021634615384615384 0.03125
0 0.16466346153846154 0.3870192307692308 0.016826923076923076 0.016826923076923076
0 0.06370192307692307 0.36899038461538464 0.021634615384615384 0.03125
0 0.7487980769230769 0.49038461538461536 0.021634615384615384 0.026442307692307692
0 0.390625 0.42908653846153844 0.021634615384615384 0.03125
0 0.4326923076923077 0.4375 0.028846153846153848 0.036057692307692304
0 0.5564903846153846 0.45913461538461536 0.036057692307692304 0.05048076923076923
0 0.14903846153846154 0.3870192307692308 0.021634615384615384 0.026442307692307692
0 0.4170673076923077 0.4375 0.026442307692307692 0.03125
0 0.875 0.5180288461538461 0.021634615384615384 0.026442307692307692
0 0.2668269230769231 0.41346153846153844 0.028846153846153848 0.040865384615384616
0 0.8221153846153846 0.5120192307692307 0.026442307692307692 0.03125
0 0.3173076923076923 0.43028846153846156 0.026442307692307692 0.03125
0 0.019230769230769232 0.37740384615384615 0.014423076923076924 0.02403846153846154
0 0.2127403846153846 0.4110576923076923 0.021634615384615384 0.03125
0 0.0889423076923077 0.3918269230769231 0.019230769230769232 0.02403846153846154
0 0.49158653846153844 0.4675480769230769 0.028846153846153848 0.036057692307692304
0 0.10336538461538461 0.4014423076923077 0.016826923076923076 0.019230769230769232
0 0.03485576923076923 0.3918269230769231 0.021634615384615384 0.03125
0 0.9591346153846154 0.5600961538461539 0.03365384615384615 0.04567307692307692
0 0.9038461538461539 0.5564903846153846 0.021634615384615384 0.03125
0 0.12860576923076922 0.41947115384615385 0.026442307692307692 0.03125
0 0.8834134615384616 0.5649038461538461 0.03125 0.03125
0 0.03485576923076923 0.4206730769230769 0.021634615384615384 0.021634615384615384
0 0.4675480769230769 0.4987980769230769 0.03365384615384615 0.04567307692307692
0 0.7331730769230769 0.5504807692307693 0.03365384615384615 0.040865384615384616
0 0.359375 0.4879807692307692 0.040865384615384616 0.052884615384615384
0 0.1778846153846154 0.4579326923076923 0.038461538461538464 0.04326923076923077
0 0.08653846153846154 0.44350961538461536 0.03125 0.03125
0 0.7992788461538461 0.5757211538461539 0.028846153846153848 0.014423076923076924
0 0.2848557692307692 0.49759615384615385 0.052884615384615384 0.07211538461538461
0 0.8052884615384616 0.5961538461538461 0.038461538461538464 0.038461538461538464
0 0.021634615384615384 0.46274038461538464 0.03365384615384615 0.04567307692307692
0 0.6682692307692307 0.5805288461538461 0.040865384615384616 0.052884615384615384
0 0.5793269230769231 0.5721153846153846 0.04567307692307692 0.055288461538461536
0 0.12980769230769232 0.49759615384615385 0.036057692307692304 0.05048076923076923
0 0.19230769230769232 0.5168269230769231 0.040865384615384616 0.055288461538461536
0 0.06009615384615385 0.5012019230769231 0.05048076923076923 0.052884615384615384
0 0.31850961538461536 0.5516826923076923 0.03365384615384615 0.04567307692307692
0 0.078125 0.5709134615384616 0.038461538461538464 0.04807692307692308
0 0.9495192307692307 0.7307692307692307 0.040865384615384616 0.04326923076923077
0 0.49038461538461536 0.6887019230769231 0.04326923076923077 0.04807692307692308