0 0.6622596153846154 0.027644230769230768 0.037259615384615384 0.055288461538461536
0 0.055288461538461536 0.25961538461538464 0.027644230769230768 0.0829326923076923
0 0.025240384615384616 0.25961538461538464 0.037259615384615384 0.09735576923076923
0 0.2920673076923077 0.25961538461538464 0.027644230769230768 0.0829326923076923
0 0.5649038461538461 0.2620192307692308 0.046875 0.06490384615384616
0 0.5444711538461539 0.2644230769230769 0.02283653846153846 0.0829326923076923
0 0.453125 0.2644230769230769 0.03245192307692308 0.06009615384615385
0 0.21754807692307693 0.2704326923076923 0.03245192307692308 0.0829326923076923
0 0.6225961538461539 0.27283653846153844 0.037259615384615384 0.06490384615384616
0 0.890625 0.2776442307692308 0.037259615384615384 0.08774038461538461
0 0.5180288461538461 0.2920673076923077 0.037259615384615384 0.09254807692307693
0 0.3401442307692308 0.29447115384615385 0.03245192307692308 0.0829326923076923
0 0.009615384615384616 0.296875 0.018028846153846152 0.07451923076923077
0 0.09975961538461539 0.030048076923076924 0.03245192307692308 0.06009615384615385
0 0.0625 0.03245192307692308 0.037259615384615384 0.06490384615384616
0 0.18269230769230768 0.30288461538461536 0.042067307692307696 0.0829326923076923
0 0.6971153846153846 0.30288461538461536 0.03245192307692308 0.0829326923076923
0 0.27524038461538464 0.31490384615384615 0.027644230769230768 0.06971153846153846
0 0.7620192307692307 0.31490384615384615 0.042067307692307696 0.10216346153846154
0 0.1045673076923077 0.31490384615384615 0.03245192307692308 0.055288461538461536
0 0.6694711538461539 0.32211538461538464 0.037259615384615384 0.09254807692307693
0 0.140625 0.3245192307692308 0.03245192307692308 0.09254807692307693
0 0.8701923076923077 0.03245192307692308 0.027644230769230768 0.06490384615384616
0 0.9579326923076923 0.03245192307692308 0.027644230769230768 0.06490384615384616
0 0.5769230769230769 0.3269230769230769 0.03245192307692308 0.10216346153846154
0 0.6394230769230769 0.33533653846153844 0.03245192307692308 0.11057692307692307
0 0.8173076923076923 0.3401442307692308 0.03245192307692308 0.09735576923076923
0 0.4423076923076923 0.3449519230769231 0.03245192307692308 0.09735576923076923
0 0.23197115384615385 0.34975961538461536 0.037259615384615384 0.09735576923076923
0 0.609375 0.34975961538461536 0.03245192307692308 0.10697115384615384
0 0.484375 0.03485576923076923 0.02283653846153846 0.06490384615384616
0 0.2127403846153846 0.037259615384615384 0.03245192307692308 0.06971153846153846
0 0.5805288461538461 0.037259615384615384 0.027644230769230768 0.06009615384615385
0 0.018028846153846152 0.35336538461538464 0.036057692307692304 0.10096153846153846
0 0.8377403846153846 0.3545673076923077 0.027644230769230768 0.078125
0 0.07211538461538461 0.35697115384615385 0.027644230769230768 0.10216346153846154
0 0.4098557692307692 0.359375 0.03245192307692308 0.07451923076923077
0 0.3629807692307692 0.3629807692307692 0.042067307692307696 0.06971153846153846
0 0.5300480769230769 0.3629807692307692 0.037259615384615384 0.09254807692307693
0 0.9170673076923077 0.36538461538461536 0.037259615384615384 0.09254807692307693
0 0.009615384615384616 0.039663461538461536 0.018028846153846152 0.078125
0 0.3245192307692308 0.37740384615384615 0.03245192307692308 0.078125
0 0.734375 0.38221153846153844 0.037259615384615384 0.09254807692307693
0 0.9771634615384616 0.38221153846153844 0.037259615384615384 0.11057692307692307
0 0.17307692307692307 0.38461538461538464 0.03245192307692308 0.06971153846153846
0 0.49038461538461536 0.38461538461538464 0.03245192307692308 0.09254807692307693
0 0.2920673076923077 0.38461538461538464 0.027644230769230768 0.08774038461538461
0 0.11298076923076923 0.3870192307692308 0.042067307692307696 0.08774038461538461
0 0.203125 0.40024038461538464 0.03245192307692308 0.09254807692307693
0 0.8978365384615384 0.4254807692307692 0.042067307692307696 0.09254807692307693
0 0.15745192307692307 0.42788461538461536 0.03245192307692308 0.09735576923076923
0 0.09495192307692307 0.43509615384615385 0.03245192307692308 0.08774038461538461
0 0.6045673076923077 0.44711538461538464 0.042067307692307696 0.10697115384615384
0 0.8076923076923077 0.45552884615384615 0.037259615384615384 0.09254807692307693
0 0.5697115384615384 0.46033653846153844 0.037259615384615384 0.08774038461538461
0 0.07451923076923077 0.46274038461538464 0.03245192307692308 0.09254807692307693
0 0.7704326923076923 0.4651442307692308 0.037259615384615384 0.08774038461538461
0 0.7728365384615384 0.04807692307692308 0.03245192307692308 0.09254807692307693
0 0.6694711538461539 0.4855769230769231 0.03245192307692308 0.0829326923076923
0 0.43509615384615385 0.49038461538461536 0.03245192307692308 0.08774038461538461
0 0.4723557692307692 0.49278846153846156 0.03245192307692308 0.05048076923076923
0 0.7451923076923077 0.4951923076923077 0.037259615384615384 0.09735576923076923
0 0.1971153846153846 0.4951923076923077 0.037259615384615384 0.10697115384615384
0 0.5180288461538461 0.49759615384615385 0.046875 0.0829326923076923
0 0.6826923076923077 0.05048076923076923 0.027644230769230768 0.06490384615384616
0 0.3004807692307692 0.5 0.02283653846153846 0.055288461538461536
0 0.36538461538461536 0.5144230769230769 0.02283653846153846 0.06009615384615385
0 0.9230769230769231 0.5204326923076923 0.042067307692307696 0.09735576923076923
0 0.5444711538461539 0.5204326923076923 0.027644230769230768 0.06009615384615385
0 0.8846153846153846 0.5276442307692307 0.03245192307692308 0.08774038461538461
0 0.7223557692307693 0.5300480769230769 0.037259615384615384 0.09735576923076923
0 0.4170673076923077 0.5348557692307693 0.03245192307692308 0.06971153846153846
0 0.05048076923076923 0.5348557692307693 0.03245192307692308 0.08774038461538461
0 0.26802884615384615 0.5396634615384616 0.03245192307692308 0.10216346153846154
0 0.6622596153846154 0.5396634615384616 0.037259615384615384 0.07451923076923077
0 0.0829326923076923 0.5444711538461539 0.037259615384615384 0.10216346153846154
0 0.8125 0.5444711538461539 0.02283653846153846 0.06490384615384616
0 0.984375 0.055288461538461536 0.027644230769230768 0.09254807692307693
0 0.5853365384615384 0.5528846153846154 0.037259615384615384 0.09254807692307693
0 0.30528846153846156 0.5552884615384616 0.02283653846153846 0.06490384615384616
0 0.453125 0.5552884615384616 0.03245192307692308 0.06490384615384616
0 0.16947115384615385 0.5576923076923077 0.042067307692307696 0.08774038461538461
0 0.7055288461538461 0.5600961538461539 0.037259615384615384 0.08774038461538461
0 0.5252403846153846 0.5673076923076923 0.037259615384615384 0.06490384615384616
0 0.1201923076923077 0.5673076923076923 0.037259615384615384 0.10697115384615384
0 0.4879807692307692 0.5697115384615384 0.042067307692307696 0.0829326923076923
0 0.328125 0.5769230769230769 0.02283653846153846 0.06490384615384616
0 0.859375 0.578125 0.03245192307692308 0.09254807692307693
0 0.39302884615384615 0.5805288461538461 0.03245192307692308 0.06490384615384616
0 0.9579326923076923 0.5829326923076923 0.03245192307692308 0.08774038461538461
0 0.7824519230769231 0.5925480769230769 0.042067307692307696 0.10697115384615384
0 0.9855769230769231 0.5925480769230769 0.02283653846153846 0.1201923076923077
0 0.025240384615384616 0.5949519230769231 0.027644230769230768 0.10697115384615384
0 0.7247596153846154 0.06009615384615385 0.03245192307692308 0.07451923076923077
0 0.36538461538461536 0.6021634615384616 0.037259615384615384 0.08774038461538461
0 0.44471153846153844 0.6225961538461539 0.027644230769230768 0.09254807692307693
0 0.4423076923076923 0.06490384615384616 0.02283653846153846 0.07451923076923077
0 0.2644230769230769 0.6274038461538461 0.03245192307692308 0.0829326923076923
0 0.7379807692307693 0.6298076923076923 0.03245192307692308 0.09735576923076923
0 0.9194711538461539 0.6322115384615384 0.042067307692307696 0.10697115384615384
0 0.6670673076923077 0.6394230769230769 0.027644230769230768 0.10697115384615384
0 0.5252403846153846 0.640625 0.037259615384615384 0.10697115384615384
0 0.5673076923076923 0.640625 0.037259615384615384 0.10216346153846154
0 0.6021634615384616 0.06490384615384616 0.027644230769230768 0.06009615384615385
0 0.24519230769230768 0.6502403846153846 0.037259615384615384 0.09735576923076923
0 0.1971153846153846 0.6502403846153846 0.027644230769230768 0.0829326923076923
0 0.3329326923076923 0.6502403846153846 0.03245192307692308 0.10216346153846154
0 0.6478365384615384 0.6550480769230769 0.03245192307692308 0.10697115384615384
0 0.8305288461538461 0.6574519230769231 0.042067307692307696 0.10697115384615384
0 0.4795673076923077 0.6622596153846154 0.037259615384615384 0.09735576923076923
0 0.6923076923076923 0.6646634615384616 0.027644230769230768 0.10216346153846154
0 0.421875 0.6670673076923077 0.03245192307692308 0.10216346153846154
0 0.9399038461538461 0.0673076923076923 0.037259615384615384 0.09735576923076923
0 0.2920673076923077 0.6826923076923077 0.03245192307692308 0.09735576923076923
0 0.3870192307692308 0.7019230769230769 0.042067307692307696 0.10697115384615384
0 0.14302884615384615 0.703125 0.042067307692307696 0.09735576923076923
0 0.014423076923076924 0.7055288461538461 0.027644230769230768 0.10697115384615384
0 0.43028846153846156 0.7127403846153846 0.027644230769230768 0.08774038461538461
0 0.18509615384615385 0.7175480769230769 0.042067307692307696 0.11057692307692307
0 0.22716346153846154 0.7223557692307693 0.042067307692307696 0.10697115384615384
0 0.2776442307692308 0.7247596153846154 0.042067307692307696 0.10697115384615384
0 0.5625 0.07211538461538461 0.027644230769230768 0.09254807692307693
0 0.3701923076923077 0.07451923076923077 0.02283653846153846 0.06971153846153846
0 0.9002403846153846 0.7319711538461539 0.046875 0.125
0 0.06009615384615385 0.7403846153846154 0.046875 0.07451923076923077
0 0.8569711538461539 0.07451923076923077 0.042067307692307696 0.0829326923076923
0 0.328125 0.7524038461538461 0.037259615384615384 0.09735576923076923
0 0.9819711538461539 0.7548076923076923 0.027644230769230768 0.1201923076923077
0 0.025240384615384616 0.7596153846153846 0.037259615384615384 0.08774038461538461
0 0.7199519230769231 0.7728365384615384 0.042067307692307696 0.10697115384615384
0 0.7800480769230769 0.7872596153846154 0.037259615384615384 0.11057692307692307
0 0.3245192307692308 0.08052884615384616 0.03245192307692308 0.09254807692307693
0 0.1045673076923077 0.8028846153846154 0.042067307692307696 0.10697115384615384
0 0.12740384615384615 0.8149038461538461 0.03245192307692308 0.09735576923076923
0 0.1622596153846154 0.8173076923076923 0.042067307692307696 0.10697115384615384
0 0.5144230769230769 0.0829326923076923 0.027644230769230768 0.078125
0 0.014423076923076924 0.8353365384615384 0.027644230769230768 0.11538461538461539
0 0.055288461538461536 0.8377403846153846 0.037259615384615384 0.11057692307692307
0 0.6778846153846154 0.8545673076923077 0.042067307692307696 0.10697115384615384
0 0.8497596153846154 0.8629807692307693 0.027644230769230768 0.09254807692307693
0 0.37259615384615385 0.8653846153846154 0.037259615384615384 0.11538461538461539
0 0.2548076923076923 0.8701923076923077 0.03245192307692308 0.10697115384615384
0 0.6274038461538461 0.8822115384615384 0.037259615384615384 0.09254807692307693
0 0.4723557692307692 0.8930288461538461 0.037259615384615384 0.11057692307692307
0 0.5072115384615384 0.9002403846153846 0.037259615384615384 0.10697115384615384
0 0.21514423076923078 0.9026442307692307 0.03245192307692308 0.09735576923076923
0 0.3173076923076923 0.9074519230769231 0.037259615384615384 0.08774038461538461
0 0.75 0.9074519230769231 0.042067307692307696 0.09254807692307693
0 0.8149038461538461 0.9278846153846154 0.042067307692307696 0.10697115384615384
0 0.5504807692307693 0.9471153846153846 0.027644230769230768 0.078125
0 0.9603365384615384 0.9519230769230769 0.042067307692307696 0.09254807692307693
0 0.890625 0.9603365384615384 0.042067307692307696 0.07451923076923077
0 0.5925480769230769 0.9627403846153846 0.03245192307692308 0.06490384615384616
0 0.6670673076923077 0.9651442307692307 0.042067307692307696 0.06490384615384616
0 0.7475961538461539 0.9747596153846154 0.042067307692307696 0.042067307692307696
0 0.11538461538461539 0.11298076923076923 0.037259615384615384 0.09254807692307693
0 0.796875 0.12259615384615384 0.03245192307692308 0.05048076923076923
0 0.02283653846153846 0.12980769230769232 0.03245192307692308 0.10216346153846154
0 0.06490384615384616 0.13942307692307693 0.027644230769230768 0.09254807692307693
0 0.6899038461538461 0.13942307692307693 0.042067307692307696 0.09254807692307693
0 0.24519230769230768 0.13942307692307693 0.042067307692307696 0.09735576923076923
0 0.5997596153846154 0.140625 0.037259615384615384 0.09254807692307693
0 0.4026442307692308 0.14302884615384615 0.03245192307692308 0.07451923076923077
0 0.1971153846153846 0.14783653846153846 0.037259615384615384 0.10697115384615384
0 0.2920673076923077 0.1502403846153846 0.037259615384615384 0.09735576923076923
0 0.1502403846153846 0.15264423076923078 0.042067307692307696 0.10697115384615384
0 0.3545673076923077 0.15264423076923078 0.03245192307692308 0.10216346153846154
0 0.47716346153846156 0.1622596153846154 0.03245192307692308 0.09254807692307693
0 0.6574519230769231 0.16947115384615385 0.037259615384615384 0.10697115384615384
0 0.14182692307692307 0.018028846153846152 0.028846153846153848 0.036057692307692304
0 0.7175480769230769 0.18269230769230768 0.042067307692307696 0.10697115384615384
0 0.8377403846153846 0.18509615384615385 0.042067307692307696 0.10697115384615384
0 0.27524038461538464 0.18509615384615385 0.03245192307692308 0.0829326923076923
0 0.5324519230769231 0.18990384615384615 0.037259615384615384 0.10216346153846154
0 0.578125 0.19230769230769232 0.027644230769230768 0.07451923076923077
0 0.4519230769230769 0.21033653846153846 0.027644230769230768 0.055288461538461536
0 0.8004807692307693 0.2127403846153846 0.03245192307692308 0.09735576923076923
0 0.4951923076923077 0.21514423076923078 0.027644230769230768 0.06971153846153846
0 0.9651442307692307 0.22235576923076922 0.037259615384615384 0.11538461538461539
0 0.2644230769230769 0.025240384615384616 0.027644230769230768 0.05048076923076923
0 0.25 0.23557692307692307 0.03245192307692308 0.078125
0 0.10216346153846154 0.23557692307692307 0.042067307692307696 0.09254807692307693
0 0.3954326923076923 0.24278846153846154 0.037259615384615384 0.08774038461538461
0 0.16706730769230768 0.24519230769230768 0.042067307692307696 0.0829326923076923