0 0.29447115384615385 0.1778846153846154 0.05048076923076923 0.037259615384615384
0 0.015625 0.18629807692307693 0.03125 0.040865384615384616
0 0.1502403846153846 0.21514423076923078 0.06971153846153846 0.046875
0 0.8269230769230769 0.234375 0.03245192307692308 0.018028846153846152
0 0.9831730769230769 0.23677884615384615 0.03365384615384615 0.03125
0 0.36538461538461536 0.2403846153846154 0.046875 0.037259615384615384
0 0.5252403846153846 0.24278846153846154 0.06009615384615385 0.042067307692307696
0 0.7620192307692307 0.25240384615384615 0.037259615384615384 0.027644230769230768
0 0.7127403846153846 0.2548076923076923 0.06009615384615385 0.03245192307692308
0 0.8052884615384616 0.265625 0.046875 0.037259615384615384
0 0.625 0.28966346153846156 0.05048076923076923 0.037259615384615384
0 0.5444711538461539 0.28966346153846156 0.05048076923076923 0.037259615384615384
0 0.4699519230769231 0.296875 0.037259615384615384 0.03245192307692308
0 0.12259615384615384 0.296875 0.037259615384615384 0.027644230769230768
0 0.44711538461538464 0.3004807692307692 0.046875 0.037259615384615384
0 0.4098557692307692 0.30528846153846156 0.06009615384615385 0.037259615384615384
0 0.15745192307692307 0.3076923076923077 0.06490384615384616 0.03245192307692308
0 0.33052884615384615 0.3173076923076923 0.055288461538461536 0.037259615384615384
0 0.25721153846153844 0.32211538461538464 0.042067307692307696 0.027644230769230768
0 0.8449519230769231 0.3245192307692308 0.042067307692307696 0.027644230769230768
0 0.7848557692307693 0.3329326923076923 0.046875 0.027644230769230768
0 0.5252403846153846 0.33533653846153844 0.05048076923076923 0.018028846153846152
0 0.4026442307692308 0.33774038461538464 0.042067307692307696 0.027644230769230768
0 0.6754807692307693 0.3425480769230769 0.05048076923076923 0.03245192307692308
0 0.27283653846153844 0.3449519230769231 0.046875 0.03245192307692308
0 0.4675480769230769 0.3473557692307692 0.037259615384615384 0.02283653846153846
0 0.8774038461538461 0.3473557692307692 0.06490384615384616 0.042067307692307696
0 0.7319711538461539 0.3545673076923077 0.06490384615384616 0.042067307692307696
0 0.17307692307692307 0.35697115384615385 0.06009615384615385 0.027644230769230768
0 0.3269230769230769 0.3629807692307692 0.055288461538461536 0.037259615384615384
0 0.5997596153846154 0.36538461538461536 0.05048076923076923 0.042067307692307696
0 0.5372596153846154 0.36538461538461536 0.06971153846153846 0.02283653846153846
0 0.8449519230769231 0.36778846153846156 0.046875 0.037259615384615384
0 0.43509615384615385 0.37740384615384615 0.06009615384615385 0.037259615384615384
0 0.12980769230769232 0.37740384615384615 0.03245192307692308 0.02283653846153846
0 0.8954326923076923 0.3798076923076923 0.06490384615384616 0.037259615384615384
0 0.48197115384615385 0.38221153846153844 0.046875 0.03245192307692308
0 0.03485576923076923 0.3894230769230769 0.027644230769230768 0.014423076923076924
0 0.6850961538461539 0.390625 0.055288461538461536 0.037259615384615384
0 0.2548076923076923 0.390625 0.055288461538461536 0.03245192307692308
0 0.5204326923076923 0.39302884615384615 0.05048076923076923 0.042067307692307696
0 0.07451923076923077 0.3954326923076923 0.042067307692307696 0.02283653846153846
0 0.17307692307692307 0.39783653846153844 0.05048076923076923 0.02283653846153846
0 0.09975961538461539 0.4074519230769231 0.05048076923076923 0.02283653846153846
0 0.7379807692307693 0.4098557692307692 0.06009615384615385 0.042067307692307696
0 0.41225961538461536 0.41466346153846156 0.055288461538461536 0.03245192307692308
0 0.3425480769230769 0.4170673076923077 0.078125 0.046875
0 0.5997596153846154 0.4170673076923077 0.06490384615384616 0.046875
0 0.140625 0.4170673076923077 0.055288461538461536 0.027644230769230768
0 0.24278846153846154 0.41947115384615385 0.05048076923076923 0.027644230769230768
0 0.9002403846153846 0.421875 0.06009615384615385 0.046875
0 0.03485576923076923 0.4230769230769231 0.06009615384615385 0.042067307692307696
0 0.4855769230769231 0.43028846153846156 0.055288461538461536 0.037259615384615384
0 0.19471153846153846 0.4326923076923077 0.06971153846153846 0.05048076923076923
0 0.2980769230769231 0.44711538461538464 0.07451923076923077 0.037259615384615384
0 0.09254807692307693 0.45552884615384615 0.06009615384615385 0.046875
0 0.2403846153846154 0.4699519230769231 0.06009615384615385 0.03245192307692308
0 0.4098557692307692 0.4795673076923077 0.09254807692307693 0.06009615384615385
0 0.18269230769230768 0.4879807692307692 0.08774038461538461 0.042067307692307696
0 0.7103365384615384 0.49759615384615385 0.09735576923076923 0.05048076923076923
0 0.2980769230769231 0.5024038461538461 0.07451923076923077 0.05048076923076923
0 0.046875 0.5096153846153846 0.07451923076923077 0.05048076923076923
0 0.5697115384615384 0.515625 0.11538461538461539 0.06971153846153846
0 0.14543269230769232 0.5228365384615384 0.078125 0.042067307692307696
0 0.6923076923076923 0.5444711538461539 0.08774038461538461 0.042067307692307696
0 0.9675480769230769 0.5480769230769231 0.06490384615384616 0.06490384615384616
0 0.8774038461538461 0.5600961538461539 0.06971153846153846 0.042067307692307696
0 0.8100961538461539 0.5600961538461539 0.09254807692307693 0.06490384615384616
0 0.2824519230769231 0.5649038461538461 0.10216346153846154 0.06971153846153846
0 0.16706730769230768 0.5649038461538461 0.0829326923076923 0.05048076923076923
0 0.7103365384615384 0.5853365384615384 0.09254807692307693 0.046875
0 0.12980769230769232 0.6225961538461539 0.09254807692307693 0.042067307692307696
0 0.7247596153846154 0.6322115384615384 0.09735576923076923 0.06490384615384616
0 0.125 0.6850961538461539 0.1201923076923077 0.07451923076923077
0 0.30288461538461536 0.6850961538461539 0.125 0.07451923076923077
0 0.7704326923076923 0.7319711538461539 0.1201923076923077 0.09735576923076923
0 0.04807692307692308 0.8016826923076923 0.09615384615384616 0.10817307692307693
0 0.359375 0.8149038461538461 0.15745192307692307 0.10216346153846154