0 0.8786057692307693 0.3004807692307692 0.05048076923076923 0.052884615384615384
0 0.40384615384615385 0.21995192307692307 0.038461538461538464 0.06490384615384616
0 0.984375 0.10576923076923077 0.03125 0.057692307692307696
0 0.09375 0.16706730769230768 0.036057692307692304 0.06009615384615385
0 0.6670673076923077 0.27283653846153844 0.055288461538461536 0.0625
0 0.9194711538461539 0.31971153846153844 0.040865384615384616 0.055288461538461536
0 0.46153846153846156 0.23918269230769232 0.04807692307692308 0.07451923076923077
0 0.7127403846153846 0.28846153846153844 0.036057692307692304 0.028846153846153848
0 0.9639423076923077 0.33533653846153844 0.0625 0.08173076923076923
0 0.8377403846153846 0.078125 0.03365384615384615 0.04567307692307692
0 0.22355769230769232 0.21514423076923078 0.040865384615384616 0.055288461538461536
0 0.8401442307692307 0.3269230769230769 0.052884615384615384 0.0673076923076923
0 0.7704326923076923 0.3173076923076923 0.052884615384615384 0.07211538461538461
0 0.5697115384615384 0.29086538461538464 0.038461538461538464 0.06490384615384616
0 0.8990384615384616 0.35216346153846156 0.052884615384615384 0.05048076923076923
0 0.17427884615384615 0.22716346153846154 0.038461538461538464 0.04326923076923077
0 0.30408653846153844 0.25721153846153844 0.055288461538461536 0.057692307692307696
0 0.36778846153846156 0.2704326923076923 0.052884615384615384 0.07692307692307693
0 0.5997596153846154 0.31971153846153844 0.06009615384615385 0.0625
0 0.10096153846153846 0.23197115384615385 0.055288461538461536 0.057692307692307696
0 0.8185096153846154 0.3581730769230769 0.057692307692307696 0.07692307692307693
0 0.9747596153846154 0.3894230769230769 0.05048076923076923 0.057692307692307696
0 0.7175480769230769 0.3473557692307692 0.052884615384615384 0.07692307692307693
0 0.5144230769230769 0.31490384615384615 0.057692307692307696 0.09375
0 0.23557692307692307 0.2704326923076923 0.04807692307692308 0.06971153846153846
0 0.8076923076923077 0.07932692307692307 0.036057692307692304 0.05048076923076923
0 0.4567307692307692 0.3161057692307692 0.05048076923076923 0.057692307692307696
0 0.20432692307692307 0.27283653846153844 0.052884615384615384 0.0673076923076923
0 0.9038461538461539 0.39903846153846156 0.052884615384615384 0.07211538461538461
0 0.40865384615384615 0.3137019230769231 0.055288461538461536 0.08173076923076923
0 0.7884615384615384 0.38341346153846156 0.052884615384615384 0.0673076923076923
0 0.7475961538461539 0.07091346153846154 0.028846153846153848 0.04567307692307692
0 0.2764423076923077 0.3125 0.05048076923076923 0.057692307692307696
0 0.08413461538461539 0.28365384615384615 0.057692307692307696 0.0673076923076923
0 0.9735576923076923 0.43990384615384615 0.052884615384615384 0.0673076923076923
0 0.6225961538461539 0.3798076923076923 0.06009615384615385 0.07211538461538461
0 0.6838942307692307 0.4050480769230769 0.040865384615384616 0.052884615384615384
0 0.8605769230769231 0.4387019230769231 0.052884615384615384 0.07692307692307693
0 0.23197115384615385 0.013221153846153846 0.05048076923076923 0.026442307692307692
0 0.7596153846153846 0.4266826923076923 0.05048076923076923 0.0625
0 0.7223557692307693 0.42427884615384615 0.052884615384615384 0.07211538461538461
0 0.46875 0.38341346153846156 0.055288461538461536 0.08173076923076923
0 0.6165865384615384 0.41225961538461536 0.04567307692307692 0.055288461538461536
0 0.9543269230769231 0.4807692307692308 0.04567307692307692 0.055288461538461536
0 0.14543269230769232 0.3389423076923077 0.057692307692307696 0.0673076923076923
0 0.5528846153846154 0.41346153846153844 0.04567307692307692 0.055288461538461536
0 0.8149038461538461 0.47115384615384615 0.057692307692307696 0.07692307692307693
0 0.6237980769230769 0.056490384615384616 0.036057692307692304 0.06009615384615385
0 0.49158653846153844 0.41947115384615385 0.06490384615384616 0.09134615384615384
0 0.4050480769230769 0.4050480769230769 0.057692307692307696 0.07692307692307693
0 0.8894230769230769 0.49038461538461536 0.05048076923076923 0.0625
0 0.625 0.4543269230769231 0.05048076923076923 0.057692307692307696
0 0.0625 0.359375 0.040865384615384616 0.055288461538461536
0 0.6899038461538461 0.47475961538461536 0.04807692307692308 0.06971153846153846
0 0.32211538461538464 0.41466346153846156 0.057692307692307696 0.07692307692307693
0 0.9711538461538461 0.5384615384615384 0.057692307692307696 0.09615384615384616
0 0.7584134615384616 0.5048076923076923 0.057692307692307696 0.10336538461538461
0 0.17908653846153846 0.4026442307692308 0.04326923076923077 0.06490384615384616
0 0.5564903846153846 0.4723557692307692 0.052884615384615384 0.07211538461538461
0 0.9194711538461539 0.5384615384615384 0.06009615384615385 0.0625
0 0.13822115384615385 0.40384615384615385 0.052884615384615384 0.0673076923076923
0 0.3545673076923077 0.020432692307692308 0.03125 0.040865384615384616
0 0.6382211538461539 0.5084134615384616 0.07211538461538461 0.07932692307692307
0 0.9206730769230769 0.11538461538461539 0.038461538461538464 0.04807692307692308
0 0.515625 0.49759615384615385 0.052884615384615384 0.0673076923076923
0 0.8112980769230769 0.5504807692307693 0.05048076923076923 0.057692307692307696
0 0.051682692307692304 0.4182692307692308 0.055288461538461536 0.08173076923076923
0 0.4014423076923077 0.4951923076923077 0.06009615384615385 0.07211538461538461
0 0.2692307692307692 0.47475961538461536 0.05048076923076923 0.0625
0 0.9399038461538461 0.5961538461538461 0.057692307692307696 0.07211538461538461
0 0.13221153846153846 0.4675480769230769 0.057692307692307696 0.07692307692307693
0 0.6983173076923077 0.5733173076923077 0.052884615384615384 0.0673076923076923
0 0.6189903846153846 0.5612980769230769 0.06971153846153846 0.09134615384615384
0 0.3858173076923077 0.026442307692307692 0.04567307692307692 0.052884615384615384
0 0.46634615384615385 0.5456730769230769 0.06009615384615385 0.08173076923076923
0 0.8365384615384616 0.6177884615384616 0.06009615384615385 0.08413461538461539
0 0.5108173076923077 0.5673076923076923 0.07692307692307693 0.08413461538461539
0 0.21875 0.5216346153846154 0.06009615384615385 0.08173076923076923
0 0.9158653846153846 0.6490384615384616 0.0625 0.10336538461538461
0 0.6826923076923077 0.6141826923076923 0.0673076923076923 0.08413461538461539
0 0.11177884615384616 0.515625 0.06009615384615385 0.0673076923076923
0 0.7680288461538461 0.6358173076923077 0.04807692307692308 0.06971153846153846
0 0.021634615384615384 0.5048076923076923 0.04326923076923077 0.08173076923076923
0 0.18990384615384615 0.5420673076923077 0.06009615384615385 0.07211538461538461
0 0.8774038461538461 0.1201923076923077 0.040865384615384616 0.052884615384615384
0 0.3942307692307692 0.5961538461538461 0.08173076923076923 0.11298076923076923
0 0.8161057692307693 0.6802884615384616 0.057692307692307696 0.09375
0 0.7788461538461539 0.6911057692307693 0.0673076923076923 0.08413461538461539
0 0.5288461538461539 0.06370192307692307 0.04326923076923077 0.04326923076923077
0 0.5600961538461539 0.6658653846153846 0.06009615384615385 0.0673076923076923
0 0.10817307692307693 0.5913461538461539 0.06009615384615385 0.0625
0 0.5180288461538461 0.6658653846153846 0.0673076923076923 0.08653846153846154
0 0.2548076923076923 0.6262019230769231 0.057692307692307696 0.07211538461538461
0 0.051682692307692304 0.5901442307692307 0.0625 0.06009615384615385
0 0.3269230769230769 0.6454326923076923 0.06009615384615385 0.08413461538461539
0 0.6790865384615384 0.7103365384615384 0.06009615384615385 0.0625
0 0.28125 0.027644230769230768 0.04326923076923077 0.055288461538461536
0 0.18028846153846154 0.6310096153846154 0.07451923076923077 0.11778846153846154
0 0.45913461538461536 0.055288461538461536 0.04567307692307692 0.055288461538461536
0 0.43028846153846156 0.6923076923076923 0.07692307692307693 0.10576923076923077
0 0.24158653846153846 0.6610576923076923 0.057692307692307696 0.07211538461538461
0 0.6189903846153846 0.734375 0.055288461538461536 0.08413461538461539
0 0.6947115384615384 0.09975961538461539 0.04326923076923077 0.06490384615384616
0 0.5528846153846154 0.7307692307692307 0.06009615384615385 0.07211538461538461
0 0.6802884615384616 0.7572115384615384 0.052884615384615384 0.07692307692307693
0 0.9254807692307693 0.8100961538461539 0.06490384615384616 0.11778846153846154
0 0.8533653846153846 0.8004807692307693 0.07692307692307693 0.11538461538461539
0 0.042067307692307696 0.6586538461538461 0.06971153846153846 0.10096153846153846
0 0.10697115384615384 0.6875 0.06490384615384616 0.09134615384615384
0 0.7692307692307693 0.8137019230769231 0.07692307692307693 0.11057692307692307
0 0.47836538461538464 0.7680288461538461 0.0625 0.0985576923076923
0 0.25600961538461536 0.734375 0.0673076923076923 0.10576923076923077
0 0.5925480769230769 0.7956730769230769 0.0625 0.08173076923076923
0 0.31971153846153844 0.039663461538461536 0.038461538461538464 0.06490384615384616
0 0.35697115384615385 0.7920673076923077 0.08413461538461539 0.0985576923076923
0 0.48677884615384615 0.07211538461538461 0.052884615384615384 0.07211538461538461
0 0.18389423076923078 0.7668269230769231 0.07211538461538461 0.08653846153846154
0 0.7367788461538461 0.11538461538461539 0.04326923076923077 0.06490384615384616
0 0.15264423076923078 0.019230769230769232 0.036057692307692304 0.038461538461538464
0 0.6490384615384616 0.10336538461538461 0.04807692307692308 0.06490384615384616
0 0.5144230769230769 0.8449519230769231 0.07692307692307693 0.10576923076923077
0 0.036057692307692304 0.7836538461538461 0.07211538461538461 0.09615384615384616
0 0.5889423076923077 0.8870192307692307 0.0673076923076923 0.10576923076923077
0 0.45072115384615385 0.8846153846153846 0.07211538461538461 0.11057692307692307
0 0.16346153846153846 0.8377403846153846 0.07692307692307693 0.0889423076923077
0 0.7475961538461539 0.9399038461538461 0.09134615384615384 0.11778846153846154
0 0.32572115384615385 0.8858173076923077 0.08173076923076923 0.10817307692307693
0 0.26322115384615385 0.8978365384615384 0.08173076923076923 0.10817307692307693
0 0.17668269230769232 0.03125 0.03365384615384615 0.04567307692307692
0 0.36778846153846156 0.06490384615384616 0.05048076923076923 0.057692307692307696
0 0.13221153846153846 0.8918269230769231 0.10336538461538461 0.10576923076923077
0 0.03245192307692308 0.8689903846153846 0.06490384615384616 0.10817307692307693
0 0.39302884615384615 0.9483173076923077 0.09375 0.08413461538461539
0 0.5408653846153846 0.96875 0.07692307692307693 0.0625
0 0.22956730769230768 0.04567307692307692 0.038461538461538464 0.038461538461538464
0 0.6706730769230769 0.12379807692307693 0.052884615384615384 0.07692307692307693
0 0.08774038461538461 0.027644230769230768 0.03125 0.055288461538461536
0 0.9675480769230769 0.18269230769230768 0.040865384615384616 0.06009615384615385
0 0.5180288461538461 0.1045673076923077 0.03365384615384615 0.040865384615384616
0 0.6622596153846154 0.03245192307692308 0.026442307692307692 0.026442307692307692
0 0.16346153846153846 0.04567307692307692 0.03125 0.05048076923076923
0 0.6105769230769231 0.12620192307692307 0.05048076923076923 0.0625
0 0.8016826923076923 0.1622596153846154 0.04567307692307692 0.052884615384615384
0 0.5889423076923077 0.12980769230769232 0.04567307692307692 0.055288461538461536
0 0.8581730769230769 0.18028846153846154 0.038461538461538464 0.04807692307692308
0 0.2848557692307692 0.08173076923076923 0.04326923076923077 0.06490384615384616
0 0.921875 0.19831730769230768 0.038461538461538464 0.038461538461538464
0 0.2091346153846154 0.08052884615384616 0.055288461538461536 0.08173076923076923
0 0.3605769230769231 0.109375 0.040865384615384616 0.06009615384615385
0 0.5252403846153846 0.14182692307692307 0.04326923076923077 0.06490384615384616
0 0.4098557692307692 0.003605769230769231 0.03125 0.007211538461538462
0 0.4387019230769231 0.12860576923076922 0.04807692307692308 0.06490384615384616
0 0.10817307692307693 0.0733173076923077 0.036057692307692304 0.06009615384615385
0 0.7367788461538461 0.18389423076923078 0.04326923076923077 0.04807692307692308
0 0.8353365384615384 0.2091346153846154 0.040865384615384616 0.055288461538461536
0 0.16105769230769232 0.09254807692307693 0.040865384615384616 0.06009615384615385
0 0.3088942307692308 0.11899038461538461 0.04567307692307692 0.055288461538461536
0 0.49759615384615385 0.015625 0.038461538461538464 0.03125
0 0.9134615384615384 0.24639423076923078 0.04807692307692308 0.06971153846153846
0 0.6262019230769231 0.1971153846153846 0.052884615384615384 0.0673076923076923
0 0.5552884615384616 0.18509615384615385 0.04567307692307692 0.055288461538461536
0 0.7235576923076923 0.05048076923076923 0.03365384615384615 0.040865384615384616
0 0.984375 0.2644230769230769 0.03125 0.04807692307692308
0 0.3942307692307692 0.1658653846153846 0.057692307692307696 0.07692307692307693
0 0.8581730769230769 0.2536057692307692 0.05048076923076923 0.057692307692307696
0 0.8185096153846154 0.24879807692307693 0.04326923076923077 0.04807692307692308
0 0.7439903846153846 0.23798076923076922 0.03365384615384615 0.04567307692307692
0 0.71875 0.23677884615384615 0.040865384615384616 0.06009615384615385
0 0.4651442307692308 0.19230769230769232 0.05048076923076923 0.052884615384615384
0 0.20673076923076922 0.14903846153846154 0.04567307692307692 0.06009615384615385
0 0.27884615384615385 0.16947115384615385 0.04807692307692308 0.06971153846153846
0 0.31490384615384615 0.1778846153846154 0.05048076923076923 0.0625
0 0.5204326923076923 0.21394230769230768 0.036057692307692304 0.055288461538461536
0 0.765625 0.2620192307692308 0.04807692307692308 0.04807692307692308
0 0.16947115384615385 0.1622596153846154 0.04807692307692308 0.06490384615384616
0 0.11658653846153846 0.15264423076923078 0.04567307692307692 0.06009615384615385
0 0.5985576923076923 0.24519230769230768 0.04807692307692308 0.06971153846153846