0 0.4699519230769231 0.5973557692307693 0.05048076923076923 0.05048076923076923
0 0.8978365384615384 0.6021634615384616 0.05048076923076923 0.06490384615384616
0 0.5745192307692307 0.6045673076923077 0.042067307692307696 0.09735576923076923
0 0.6322115384615384 0.609375 0.055288461538461536 0.11057692307692307
0 0.7872596153846154 0.6298076923076923 0.05048076923076923 0.11057692307692307
0 0.9819711538461539 0.6526442307692307 0.027644230769230768 0.14783653846153846
0 0.703125 0.6598557692307693 0.06971153846153846 0.125
0 0.921875 0.6694711538461539 0.055288461538461536 0.078125
0 0.8894230769230769 0.6730769230769231 0.046875 0.09735576923076923
0 0.47716346153846156 0.703125 0.06971153846153846 0.1346153846153846
0 0.13701923076923078 0.7223557692307693 0.06009615384615385 0.14783653846153846
0 0.015625 0.7235576923076923 0.03125 0.10576923076923077
0 0.9519230769230769 0.7271634615384616 0.06490384615384616 0.1346153846153846
0 0.6526442307692307 0.7271634615384616 0.06009615384615385 0.11538461538461539
0 0.7776442307692307 0.7295673076923077 0.055288461538461536 0.11057692307692307
0 0.28966346153846156 0.7800480769230769 0.06490384615384616 0.1346153846153846
0 0.23798076923076922 0.078125 0.02283653846153846 0.042067307692307696
0 0.5324519230769231 0.7944711538461539 0.0829326923076923 0.14302884615384615
0 0.37740384615384615 0.8052884615384616 0.06971153846153846 0.1346153846153846
0 0.2247596153846154 0.08052884615384616 0.018028846153846152 0.042067307692307696
0 0.7127403846153846 0.8269230769230769 0.046875 0.1201923076923077
0 0.7548076923076923 0.8521634615384616 0.06971153846153846 0.125
0 0.09254807692307693 0.8677884615384616 0.07451923076923077 0.12980769230769232
0 0.9759615384615384 0.8725961538461539 0.04807692307692308 0.12980769230769232
0 0.16706730769230768 0.8774038461538461 0.055288461538461536 0.1201923076923077
0 0.8545673076923077 0.8930288461538461 0.078125 0.12980769230769232
0 0.10216346153846154 0.09254807692307693 0.027644230769230768 0.042067307692307696
0 0.6021634615384616 0.9278846153846154 0.08774038461538461 0.14302884615384615
0 0.41225961538461536 0.9326923076923077 0.0829326923076923 0.125
0 0.14543269230769232 0.09495192307692307 0.018028846153846152 0.018028846153846152
0 0.02283653846153846 0.09495192307692307 0.027644230769230768 0.06009615384615385
0 0.9603365384615384 0.9651442307692307 0.06971153846153846 0.06009615384615385
0 0.039663461538461536 0.09735576923076923 0.027644230769230768 0.037259615384615384
0 0.1778846153846154 0.09975961538461539 0.018028846153846152 0.03245192307692308
0 0.25961538461538464 0.1045673076923077 0.018028846153846152 0.03245192307692308
0 0.234375 0.11057692307692307 0.018028846153846152 0.03245192307692308
0 0.3473557692307692 0.11057692307692307 0.014423076923076924 0.03245192307692308
0 0.078125 0.11057692307692307 0.027644230769230768 0.042067307692307696
0 0.4026442307692308 0.11298076923076923 0.018028846153846152 0.027644230769230768
0 0.16706730769230768 0.11298076923076923 0.02283653846153846 0.042067307692307696
0 0.28966346153846156 0.11538461538461539 0.027644230769230768 0.042067307692307696
0 0.49278846153846156 0.11538461538461539 0.018028846153846152 0.027644230769230768
0 0.36538461538461536 0.11778846153846154 0.018028846153846152 0.027644230769230768
0 0.5528846153846154 0.11778846153846154 0.027644230769230768 0.03245192307692308
0 0.46274038461538464 0.1201923076923077 0.018028846153846152 0.02283653846153846
0 0.01201923076923077 0.1201923076923077 0.02283653846153846 0.055288461538461536
0 0.13942307692307693 0.1201923076923077 0.027644230769230768 0.05048076923076923
0 0.23798076923076922 0.12740384615384615 0.018028846153846152 0.042067307692307696
0 0.30288461538461536 0.12740384615384615 0.018028846153846152 0.042067307692307696
0 0.6370192307692307 0.12980769230769232 0.027644230769230768 0.046875
0 0.4254807692307692 0.13221153846153846 0.018028846153846152 0.03245192307692308
0 0.04447115384615385 0.13221153846153846 0.014423076923076924 0.02283653846153846
0 0.09975961538461539 0.1346153846153846 0.027644230769230768 0.03245192307692308
0 0.25961538461538464 0.1346153846153846 0.018028846153846152 0.03245192307692308
0 0.39783653846153844 0.13701923076923078 0.02283653846153846 0.042067307692307696
0 0.5949519230769231 0.13942307692307693 0.018028846153846152 0.03245192307692308
0 0.3269230769230769 0.140625 0.02283653846153846 0.042067307692307696
0 0.5721153846153846 0.14543269230769232 0.018028846153846152 0.018028846153846152
0 0.4795673076923077 0.1502403846153846 0.018028846153846152 0.037259615384615384
0 0.4519230769230769 0.1502403846153846 0.027644230769230768 0.046875
0 0.3798076923076923 0.1502403846153846 0.02283653846153846 0.03245192307692308
0 0.5504807692307693 0.15264423076923078 0.018028846153846152 0.037259615384615384
0 0.35697115384615385 0.15504807692307693 0.02283653846153846 0.03245192307692308
0 0.12980769230769232 0.15745192307692307 0.027644230769230768 0.03245192307692308
0 0.17548076923076922 0.15985576923076922 0.027644230769230768 0.046875
0 0.6153846153846154 0.1622596153846154 0.018028846153846152 0.037259615384615384
0 0.07211538461538461 0.16466346153846154 0.02283653846153846 0.042067307692307696
0 0.05048076923076923 0.16466346153846154 0.03245192307692308 0.037259615384615384
0 0.49278846153846156 0.16706730769230768 0.02283653846153846 0.055288461538461536
0 0.5144230769230769 0.16706730769230768 0.02283653846153846 0.042067307692307696
0 0.014423076923076924 0.171875 0.027644230769230768 0.055288461538461536
0 0.22235576923076922 0.171875 0.018028846153846152 0.03245192307692308
0 0.31490384615384615 0.17307692307692307 0.02283653846153846 0.042067307692307696
0 0.42788461538461536 0.17307692307692307 0.02283653846153846 0.037259615384615384
0 0.09975961538461539 0.1778846153846154 0.02283653846153846 0.042067307692307696
0 0.265625 0.1778846153846154 0.027644230769230768 0.046875
0 0.5372596153846154 0.18269230769230768 0.02283653846153846 0.027644230769230768
0 0.4074519230769231 0.18269230769230768 0.02283653846153846 0.037259615384615384
0 0.5901442307692307 0.18269230769230768 0.03245192307692308 0.05048076923076923
0 0.0829326923076923 0.18269230769230768 0.018028846153846152 0.027644230769230768
0 0.6346153846153846 0.18509615384615385 0.018028846153846152 0.037259615384615384
0 0.12259615384615384 0.18509615384615385 0.02283653846153846 0.03245192307692308
0 0.33774038461538464 0.1875 0.02283653846153846 0.05048076923076923
0 0.6754807692307693 0.1875 0.03245192307692308 0.042067307692307696
0 0.5600961538461539 0.18990384615384615 0.018028846153846152 0.03245192307692308
0 0.055288461538461536 0.1971153846153846 0.02283653846153846 0.03245192307692308
0 0.45552884615384615 0.203125 0.037259615384615384 0.046875
0 0.2127403846153846 0.203125 0.018028846153846152 0.03245192307692308
0 0.2824519230769231 0.21033653846153846 0.027644230769230768 0.042067307692307696
0 0.1875 0.2127403846153846 0.03245192307692308 0.06009615384615385
0 0.38461538461538464 0.21514423076923078 0.027644230769230768 0.055288461538461536
0 0.027644230769230768 0.21754807692307693 0.03245192307692308 0.055288461538461536
0 0.31971153846153844 0.21754807692307693 0.018028846153846152 0.046875
0 0.6430288461538461 0.21754807692307693 0.027644230769230768 0.037259615384615384
0 0.12980769230769232 0.21754807692307693 0.02283653846153846 0.046875
0 0.359375 0.21995192307692307 0.02283653846153846 0.05048076923076923
0 0.7199519230769231 0.21995192307692307 0.037259615384615384 0.046875
0 0.24278846153846154 0.21995192307692307 0.02283653846153846 0.03245192307692308
0 0.5300480769230769 0.22235576923076922 0.02283653846153846 0.03245192307692308
0 0.43509615384615385 0.2247596153846154 0.042067307692307696 0.055288461538461536
0 0.5829326923076923 0.2247596153846154 0.027644230769230768 0.05048076923076923
0 0.4723557692307692 0.22716346153846154 0.027644230769230768 0.037259615384615384
0 0.2247596153846154 0.22716346153846154 0.014423076923076924 0.02283653846153846
0 0.2548076923076923 0.22716346153846154 0.02283653846153846 0.018028846153846152
0 0.6730769230769231 0.22956730769230768 0.018028846153846152 0.05048076923076923
0 0.09254807692307693 0.234375 0.03245192307692308 0.055288461538461536
0 0.5480769230769231 0.234375 0.027644230769230768 0.037259615384615384
0 0.11298076923076923 0.23557692307692307 0.03245192307692308 0.06009615384615385
0 0.06490384615384616 0.23557692307692307 0.027644230769230768 0.037259615384615384
0 0.6225961538461539 0.23798076923076922 0.027644230769230768 0.042067307692307696
0 0.6574519230769231 0.24278846153846154 0.02283653846153846 0.03245192307692308
0 0.703125 0.24278846153846154 0.027644230769230768 0.05048076923076923
0 0.039663461538461536 0.24519230769230768 0.027644230769230768 0.037259615384615384
0 0.6826923076923077 0.24759615384615385 0.018028846153846152 0.046875
0 0.2644230769230769 0.25 0.018028846153846152 0.02283653846153846
0 0.7752403846153846 0.25240384615384615 0.02283653846153846 0.055288461538461536
0 0.5048076923076923 0.25240384615384615 0.03245192307692308 0.055288461538461536
0 0.609375 0.25721153846153844 0.03245192307692308 0.042067307692307696
0 0.5228365384615384 0.25721153846153844 0.018028846153846152 0.042067307692307696
0 0.8377403846153846 0.25961538461538464 0.027644230769230768 0.05048076923076923
0 0.22235576923076922 0.25961538461538464 0.027644230769230768 0.06490384615384616
0 0.2848557692307692 0.2620192307692308 0.018028846153846152 0.046875
0 0.1778846153846154 0.265625 0.027644230769230768 0.03245192307692308
0 0.24519230769230768 0.265625 0.02283653846153846 0.037259615384615384
0 0.5396634615384616 0.265625 0.018028846153846152 0.02283653846153846
0 0.390625 0.26802884615384615 0.03245192307692308 0.06009615384615385
0 0.5901442307692307 0.26802884615384615 0.027644230769230768 0.03245192307692308
0 0.7199519230769231 0.26802884615384615 0.027644230769230768 0.055288461538461536
0 0.3629807692307692 0.26802884615384615 0.037259615384615384 0.05048076923076923
0 0.8052884615384616 0.26802884615384615 0.018028846153846152 0.037259615384615384
0 0.47475961538461536 0.2704326923076923 0.03245192307692308 0.046875
0 0.921875 0.2848557692307692 0.03245192307692308 0.06971153846153846
0 0.037259615384615384 0.28725961538461536 0.03245192307692308 0.06009615384615385
0 0.06490384615384616 0.28966346153846156 0.03245192307692308 0.055288461538461536
0 0.7475961538461539 0.28966346153846156 0.02283653846153846 0.055288461538461536
0 0.265625 0.29447115384615385 0.037259615384615384 0.07451923076923077
0 0.8473557692307693 0.296875 0.03245192307692308 0.06971153846153846
0 0.4495192307692308 0.2980769230769231 0.03245192307692308 0.06009615384615385
0 0.640625 0.2980769230769231 0.037259615384615384 0.0829326923076923
0 0.8653846153846154 0.30288461538461536 0.02283653846153846 0.05048076923076923
0 0.16947115384615385 0.30528846153846156 0.02283653846153846 0.037259615384615384
0 0.5576923076923077 0.30528846153846156 0.037259615384615384 0.055288461538461536
0 0.1045673076923077 0.30528846153846156 0.027644230769230768 0.042067307692307696
0 0.5973557692307693 0.3076923076923077 0.037259615384615384 0.055288461538461536
0 0.35697115384615385 0.31490384615384615 0.03245192307692308 0.05048076923076923
0 0.22235576923076922 0.31971153846153844 0.037259615384615384 0.06490384615384616
0 0.5180288461538461 0.32211538461538464 0.027644230769230768 0.06009615384615385
0 0.984375 0.328125 0.02283653846153846 0.0829326923076923
0 0.9447115384615384 0.3329326923076923 0.03245192307692308 0.05048076923076923
0 0.4699519230769231 0.33533653846153844 0.03245192307692308 0.06490384615384616
0 0.3954326923076923 0.33774038461538464 0.037259615384615384 0.078125
0 0.037259615384615384 0.3425480769230769 0.027644230769230768 0.05048076923076923
0 0.3076923076923077 0.3425480769230769 0.037259615384615384 0.06971153846153846
0 0.06490384615384616 0.3545673076923077 0.03245192307692308 0.046875
0 0.3701923076923077 0.3605769230769231 0.046875 0.07451923076923077
0 0.19951923076923078 0.3629807692307692 0.037259615384615384 0.078125
0 0.109375 0.3701923076923077 0.03245192307692308 0.06971153846153846
0 0.8221153846153846 0.37259615384615385 0.03245192307692308 0.06971153846153846
0 0.7800480769230769 0.3798076923076923 0.027644230769230768 0.055288461538461536
0 0.9230769230769231 0.38461538461538464 0.037259615384615384 0.06971153846153846
0 0.546875 0.39302884615384615 0.03245192307692308 0.07451923076923077
0 0.4579326923076923 0.4026442307692308 0.037259615384615384 0.07451923076923077
0 0.0625 0.4170673076923077 0.037259615384615384 0.06490384615384616
0 0.6947115384615384 0.4254807692307692 0.055288461538461536 0.11057692307692307
0 0.6502403846153846 0.43028846153846156 0.027644230769230768 0.07451923076923077
0 0.625 0.43990384615384615 0.046875 0.10697115384615384
0 0.8173076923076923 0.44471153846153844 0.027644230769230768 0.06971153846153846
0 0.953125 0.44711538461538464 0.05048076923076923 0.0829326923076923
0 0.4879807692307692 0.4699519230769231 0.03245192307692308 0.078125
0 0.890625 0.4699519230769231 0.042067307692307696 0.07451923076923077
0 0.171875 0.4723557692307692 0.05048076923076923 0.08774038461538461
0 0.7848557692307693 0.47716346153846156 0.042067307692307696 0.09254807692307693
0 0.5829326923076923 0.47716346153846156 0.042067307692307696 0.10697115384615384
0 0.5480769230769231 0.48197115384615385 0.037259615384615384 0.07451923076923077
0 0.07451923076923077 0.4879807692307692 0.046875 0.078125
0 0.38461538461538464 0.4951923076923077 0.042067307692307696 0.09254807692307693
0 0.015625 0.5036057692307693 0.03125 0.06490384615384616
0 0.44711538461538464 0.5072115384615384 0.042067307692307696 0.08774038461538461
0 0.32211538461538464 0.5144230769230769 0.046875 0.10216346153846154
0 0.24278846153846154 0.5180288461538461 0.046875 0.09735576923076923
0 0.3545673076923077 0.5180288461538461 0.055288461538461536 0.09735576923076923
0 0.42788461538461536 0.5180288461538461 0.02283653846153846 0.06009615384615385
0 0.47475961538461536 0.5420673076923077 0.05048076923076923 0.055288461538461536
0 0.06009615384615385 0.5504807692307693 0.037259615384615384 0.07451923076923077
0 0.9579326923076923 0.5528846153846154 0.05048076923076923 0.10697115384615384
0 0.21033653846153846 0.5576923076923077 0.046875 0.1201923076923077
0 0.7644230769230769 0.5649038461538461 0.042067307692307696 0.06490384615384616
0 0.1622596153846154 0.5745192307692307 0.042067307692307696 0.09254807692307693
0 0.020432692307692308 0.5817307692307693 0.040865384615384616 0.10096153846153846