0 0.12139423076923077 0.5396634615384616 0.014423076923076924 0.019230769230769232
0 0.1466346153846154 0.5408653846153846 0.014423076923076924 0.019230769230769232
0 0.10336538461538461 0.5444711538461539 0.009615384615384616 0.028846153846153848
0 0.34375 0.5829326923076923 0.014423076923076924 0.028846153846153848
0 0.36177884615384615 0.5877403846153846 0.009615384615384616 0.014423076923076924
0 0.4567307692307692 0.6033653846153846 0.014423076923076924 0.019230769230769232
0 0.4411057692307692 0.6033653846153846 0.014423076923076924 0.014423076923076924
0 0.7680288461538461 0.7055288461538461 0.014423076923076924 0.019230769230769232
0 0.0733173076923077 0.7271634615384616 0.014423076923076924 0.014423076923076924
0 0.7487980769230769 0.7175480769230769 0.009615384615384616 0.019230769230769232
0 0.2932692307692308 0.7283653846153846 0.019230769230769232 0.014423076923076924
0 0.0985576923076923 0.7319711538461539 0.014423076923076924 0.014423076923076924
0 0.47596153846153844 0.7271634615384616 0.014423076923076924 0.028846153846153848
0 0.8341346153846154 0.7259615384615384 0.014423076923076924 0.019230769230769232
0 0.6189903846153846 0.7295673076923077 0.009615384615384616 0.014423076923076924
0 0.46634615384615385 0.7367788461538461 0.014423076923076924 0.028846153846153848
0 0.640625 0.7331730769230769 0.014423076923076924 0.014423076923076924
0 0.9939903846153846 0.7259615384615384 0.01201923076923077 0.038461538461538464
0 0.6514423076923077 0.7379807692307693 0.014423076923076924 0.014423076923076924
0 0.6658653846153846 0.7379807692307693 0.009615384615384616 0.014423076923076924
0 0.5973557692307693 0.7415865384615384 0.004807692307692308 0.014423076923076924
0 0.7103365384615384 0.7415865384615384 0.019230769230769232 0.028846153846153848
0 0.6298076923076923 0.7427884615384616 0.014423076923076924 0.019230769230769232
0 0.28966346153846156 0.7512019230769231 0.02403846153846154 0.03365384615384615
0 0.7043269230769231 0.7463942307692307 0.009615384615384616 0.019230769230769232
0 0.21754807692307693 0.7548076923076923 0.019230769230769232 0.038461538461538464
0 0.9519230769230769 0.7415865384615384 0.028846153846153848 0.028846153846153848
0 0.18990384615384615 0.7584134615384616 0.019230769230769232 0.03365384615384615
0 0.6802884615384616 0.7512019230769231 0.014423076923076924 0.028846153846153848
0 0.8954326923076923 0.7475961538461539 0.02403846153846154 0.028846153846153848
0 0.5793269230769231 0.7536057692307693 0.019230769230769232 0.028846153846153848
0 0.9903846153846154 0.7451923076923077 0.019230769230769232 0.028846153846153848
0 0.7548076923076923 0.7524038461538461 0.009615384615384616 0.014423076923076924
0 0.5072115384615384 0.7596153846153846 0.02403846153846154 0.038461538461538464
0 0.42427884615384615 0.765625 0.019230769230769232 0.038461538461538464
0 0.7427884615384616 0.7608173076923077 0.019230769230769232 0.028846153846153848
0 0.11778846153846154 0.7728365384615384 0.019230769230769232 0.03365384615384615
0 0.5420673076923077 0.7668269230769231 0.019230769230769232 0.019230769230769232
0 0.9074519230769231 0.7632211538461539 0.019230769230769232 0.028846153846153848
0 0.8197115384615384 0.7644230769230769 0.014423076923076924 0.03365384615384615
0 0.46274038461538464 0.7764423076923077 0.019230769230769232 0.038461538461538464
0 0.3641826923076923 0.7800480769230769 0.014423076923076924 0.014423076923076924
0 0.8653846153846154 0.7716346153846154 0.014423076923076924 0.028846153846153848
0 0.3317307692307692 0.7800480769230769 0.019230769230769232 0.028846153846153848
0 0.08173076923076923 0.7848557692307693 0.014423076923076924 0.028846153846153848
0 0.07211538461538461 0.7848557692307693 0.019230769230769232 0.028846153846153848
0 0.10697115384615384 0.7872596153846154 0.014423076923076924 0.019230769230769232
0 0.020432692307692308 0.7884615384615384 0.014423076923076924 0.019230769230769232
0 0.037259615384615384 0.7908653846153846 0.014423076923076924 0.028846153846153848
0 0.3942307692307692 0.7872596153846154 0.019230769230769232 0.028846153846153848
0 0.052884615384615384 0.7980769230769231 0.019230769230769232 0.028846153846153848
0 0.8317307692307693 0.7920673076923077 0.019230769230769232 0.019230769230769232
0 0.7295673076923077 0.7992788461538461 0.02403846153846154 0.03365384615384615
0 0.6923076923076923 0.8016826923076923 0.019230769230769232 0.038461538461538464
0 0.8846153846153846 0.8028846153846154 0.014423076923076924 0.019230769230769232
0 0.41346153846153844 0.8161057692307693 0.02403846153846154 0.038461538461538464
0 0.7908653846153846 0.8125 0.019230769230769232 0.038461538461538464
0 0.8653846153846154 0.8137019230769231 0.028846153846153848 0.03365384615384615
0 0.8257211538461539 0.8185096153846154 0.019230769230769232 0.038461538461538464
0 0.35336538461538464 0.8293269230769231 0.028846153846153848 0.028846153846153848
0 0.3858173076923077 0.8293269230769231 0.02403846153846154 0.04326923076923077
0 0.9711538461538461 0.8365384615384616 0.028846153846153848 0.04326923076923077
0 0.6213942307692307 0.8497596153846154 0.03365384615384615 0.038461538461538464
0 0.7764423076923077 0.8557692307692307 0.02403846153846154 0.04326923076923077
0 0.12620192307692307 0.8786057692307693 0.055288461538461536 0.06490384615384616
0 0.4014423076923077 0.8786057692307693 0.028846153846153848 0.04326923076923077
0 0.29927884615384615 0.8858173076923077 0.038461538461538464 0.05048076923076923
0 0.027644230769230768 0.9182692307692307 0.038461538461538464 0.055288461538461536
0 0.1346153846153846 0.9711538461538461 0.04326923076923077 0.057692307692307696