0 0.006009615384615385 0.04567307692307692 0.01201923076923077 0.02403846153846154
0 0.16826923076923078 0.12980769230769232 0.021634615384615384 0.04326923076923077
0 0.6694711538461539 0.09615384615384616 0.036057692307692304 0.04326923076923077
0 0.6021634615384616 0.1045673076923077 0.03125 0.04326923076923077
0 0.3233173076923077 0.02283653846153846 0.028846153846153848 0.02403846153846154
0 0.9170673076923077 0.08533653846153846 0.036057692307692304 0.038461538461538464
0 0.6923076923076923 0.10336538461538461 0.036057692307692304 0.04326923076923077
0 0.28365384615384615 0.1346153846153846 0.028846153846153848 0.028846153846153848
0 0.40625 0.12860576923076922 0.036057692307692304 0.04807692307692308
0 0.11778846153846154 0.15264423076923078 0.03125 0.04326923076923077
0 0.18509615384615385 0.14903846153846154 0.036057692307692304 0.04326923076923077
0 0.5132211538461539 0.12740384615384615 0.04567307692307692 0.052884615384615384
0 0.3401442307692308 0.14302884615384615 0.026442307692307692 0.04807692307692308
0 0.6466346153846154 0.12379807692307693 0.040865384615384616 0.05048076923076923
0 0.01201923076923077 0.16826923076923078 0.02403846153846154 0.038461538461538464
0 0.0733173076923077 0.1658653846153846 0.03365384615384615 0.028846153846153848
0 0.7572115384615384 0.12139423076923077 0.03125 0.04326923076923077
0 0.4987980769230769 0.015625 0.036057692307692304 0.03125
0 0.22115384615384615 0.16706730769230768 0.03125 0.04326923076923077
0 0.25600961538461536 0.16826923076923078 0.03125 0.04807692307692308
0 0.5360576923076923 0.014423076923076924 0.03365384615384615 0.028846153846153848
0 0.6045673076923077 0.01201923076923077 0.03125 0.02403846153846154
0 0.8377403846153846 0.13341346153846154 0.036057692307692304 0.052884615384615384
0 0.2920673076923077 0.17307692307692307 0.036057692307692304 0.04807692307692308
0 0.7007211538461539 0.1502403846153846 0.040865384615384616 0.04567307692307692
0 0.9615384615384616 0.13341346153846154 0.028846153846153848 0.03365384615384615
0 0.71875 0.006009615384615385 0.02403846153846154 0.01201923076923077
0 0.7788461538461539 0.1466346153846154 0.03125 0.04326923076923077
0 0.06370192307692307 0.19951923076923078 0.026442307692307692 0.04326923076923077
0 0.9290865384615384 0.13822115384615385 0.036057692307692304 0.052884615384615384
0 0.14783653846153846 0.19591346153846154 0.036057692307692304 0.04326923076923077
0 0.6394230769230769 0.01201923076923077 0.03365384615384615 0.02403846153846154
0 0.0889423076923077 0.20552884615384615 0.03125 0.04326923076923077
0 0.07091346153846154 0.046875 0.03125 0.038461538461538464
0 0.5661057692307693 0.18990384615384615 0.03125 0.052884615384615384
0 0.12980769230769232 0.21995192307692307 0.03365384615384615 0.03365384615384615
0 0.6995192307692307 0.013221153846153846 0.02403846153846154 0.026442307692307692
0 0.19110576923076922 0.2283653846153846 0.036057692307692304 0.038461538461538464
0 0.6634615384615384 0.01201923076923077 0.019230769230769232 0.02403846153846154
0 0.04807692307692308 0.24158653846153846 0.036057692307692304 0.04326923076923077
0 0.9014423076923077 0.18389423076923078 0.04567307692307692 0.057692307692307696
0 0.10096153846153846 0.24519230769230768 0.028846153846153848 0.03365384615384615
0 0.9627403846153846 0.19471153846153846 0.038461538461538464 0.057692307692307696
0 0.13221153846153846 0.2548076923076923 0.040865384615384616 0.052884615384615384
0 0.018028846153846152 0.26322115384615385 0.036057692307692304 0.036057692307692304
0 0.4050480769230769 0.25600961538461536 0.040865384615384616 0.052884615384615384
0 0.5456730769230769 0.2536057692307692 0.04567307692307692 0.057692307692307696
0 0.1935096153846154 0.3004807692307692 0.040865384615384616 0.052884615384615384
0 0.015625 0.3161057692307692 0.03125 0.04807692307692308
0 0.25 0.29927884615384615 0.04567307692307692 0.052884615384615384
0 0.04807692307692308 0.3137019230769231 0.040865384615384616 0.040865384615384616
0 0.11899038461538461 0.3161057692307692 0.040865384615384616 0.052884615384615384
0 0.3581730769230769 0.3016826923076923 0.040865384615384616 0.05048076923076923
0 0.6262019230769231 0.30288461538461536 0.036057692307692304 0.052884615384615384
0 0.44350961538461536 0.3233173076923077 0.04567307692307692 0.057692307692307696
0 0.051682692307692304 0.3557692307692308 0.03125 0.04326923076923077
0 0.09615384615384616 0.3545673076923077 0.040865384615384616 0.05048076923076923
0 0.5649038461538461 0.3233173076923077 0.04567307692307692 0.052884615384615384
0 0.36778846153846156 0.04326923076923077 0.036057692307692304 0.04807692307692308
0 0.47475961538461536 0.036057692307692304 0.03125 0.04326923076923077
0 0.12379807692307693 0.3942307692307692 0.036057692307692304 0.04326923076923077
0 0.08774038461538461 0.40384615384615385 0.040865384615384616 0.052884615384615384
0 0.04567307692307692 0.40625 0.036057692307692304 0.052884615384615384
0 0.9651442307692307 0.3545673076923077 0.04567307692307692 0.07211538461538461
0 0.7391826923076923 0.3762019230769231 0.04567307692307692 0.052884615384615384
0 0.5456730769230769 0.3942307692307692 0.04567307692307692 0.0673076923076923
0 0.3918269230769231 0.41225961538461536 0.06009615384615385 0.06490384615384616
0 0.12740384615384615 0.44350961538461536 0.04567307692307692 0.052884615384615384
0 0.08052884615384616 0.4483173076923077 0.036057692307692304 0.04807692307692308
0 0.7980769230769231 0.025240384615384616 0.040865384615384616 0.04567307692307692
0 0.47836538461538464 0.45072115384615385 0.040865384615384616 0.05048076923076923
0 0.057692307692307696 0.4831730769230769 0.040865384615384616 0.057692307692307696
0 0.20072115384615385 0.47836538461538464 0.040865384615384616 0.052884615384615384
0 0.17668269230769232 0.06850961538461539 0.02403846153846154 0.028846153846153848
0 0.4338942307692308 0.05048076923076923 0.03125 0.04807692307692308
0 0.5757211538461539 0.042067307692307696 0.026442307692307692 0.04326923076923077
0 0.49038461538461536 0.49399038461538464 0.05048076923076923 0.052884615384615384
0 0.37740384615384615 0.5036057692307693 0.05048076923076923 0.0625
0 0.11177884615384616 0.5252403846153846 0.052884615384615384 0.052884615384615384
0 0.40865384615384615 0.055288461538461536 0.03125 0.04326923076923077
0 0.17908653846153846 0.5300480769230769 0.052884615384615384 0.052884615384615384
0 0.2403846153846154 0.5504807692307693 0.04567307692307692 0.052884615384615384
0 0.625 0.5240384615384616 0.05048076923076923 0.0673076923076923
0 0.03125 0.5697115384615384 0.05048076923076923 0.052884615384615384
0 0.7331730769230769 0.5372596153846154 0.055288461538461536 0.0625
0 0.11658653846153846 0.6033653846153846 0.05048076923076923 0.040865384615384616
0 0.8545673076923077 0.5637019230769231 0.055288461538461536 0.0673076923076923
0 0.9435096153846154 0.5685096153846154 0.05048076923076923 0.057692307692307696
0 0.09014423076923077 0.08774038461538461 0.026442307692307692 0.04326923076923077
0 0.10576923076923077 0.6346153846153846 0.036057692307692304 0.04326923076923077
0 0.2283653846153846 0.6322115384615384 0.040865384615384616 0.057692307692307696
0 0.3605769230769231 0.07091346153846154 0.026442307692307692 0.038461538461538464
0 0.9206730769230769 0.03245192307692308 0.036057692307692304 0.04807692307692308
0 0.04447115384615385 0.6478365384615384 0.04567307692307692 0.057692307692307696
0 0.1310096153846154 0.6610576923076923 0.05048076923076923 0.057692307692307696
0 0.20793269230769232 0.6598557692307693 0.036057692307692304 0.057692307692307696
0 0.33052884615384615 0.07572115384615384 0.03125 0.038461538461538464
0 0.6814903846153846 0.6382211538461539 0.05048076923076923 0.0673076923076923
0 0.3605769230769231 0.6622596153846154 0.040865384615384616 0.0673076923076923
0 0.6286057692307693 0.6490384615384616 0.05048076923076923 0.0625
0 0.9915865384615384 0.6262019230769231 0.016826923076923076 0.06490384615384616
0 0.5408653846153846 0.6598557692307693 0.05048076923076923 0.052884615384615384
0 0.7163461538461539 0.6526442307692307 0.036057692307692304 0.057692307692307696
0 0.7764423076923077 0.6526442307692307 0.05048076923076923 0.0625
0 0.2776442307692308 0.6887019230769231 0.05048076923076923 0.0673076923076923
0 0.8786057692307693 0.042067307692307696 0.028846153846153848 0.03365384615384615
0 0.0889423076923077 0.7211538461538461 0.04567307692307692 0.057692307692307696
0 0.13822115384615385 0.09375 0.026442307692307692 0.04807692307692308
0 0.7451923076923077 0.6862980769230769 0.04567307692307692 0.057692307692307696
0 0.8329326923076923 0.6826923076923077 0.05048076923076923 0.0625
0 0.5120192307692307 0.06971153846153846 0.03125 0.04326923076923077
0 0.3954326923076923 0.078125 0.036057692307692304 0.04326923076923077
0 0.5552884615384616 0.71875 0.055288461538461536 0.07692307692307693
0 0.5925480769230769 0.71875 0.040865384615384616 0.057692307692307696
0 0.16466346153846154 0.7536057692307693 0.05048076923076923 0.057692307692307696
0 0.7271634615384616 0.057692307692307696 0.019230769230769232 0.03365384615384615
0 0.015625 0.10697115384615384 0.021634615384615384 0.04326923076923077
0 0.21995192307692307 0.7548076923076923 0.04567307692307692 0.052884615384615384
0 0.3016826923076923 0.7524038461538461 0.055288461538461536 0.057692307692307696
0 0.47475961538461536 0.07572115384615384 0.03125 0.04326923076923077
0 0.48197115384615385 0.7475961538461539 0.055288461538461536 0.0673076923076923
0 0.8894230769230769 0.7283653846153846 0.055288461538461536 0.07692307692307693
0 0.6526442307692307 0.7584134615384616 0.055288461538461536 0.0673076923076923
0 0.6478365384615384 0.0673076923076923 0.028846153846153848 0.028846153846153848
0 0.20673076923076922 0.7920673076923077 0.040865384615384616 0.04567307692307692
0 0.11057692307692307 0.8004807692307693 0.05048076923076923 0.057692307692307696
0 0.36538461538461536 0.7896634615384616 0.04567307692307692 0.05048076923076923
0 0.23918269230769232 0.09495192307692307 0.03125 0.038461538461538464
0 0.4423076923076923 0.7896634615384616 0.06009615384615385 0.07932692307692307
0 0.04807692307692308 0.10817307692307693 0.026442307692307692 0.038461538461538464
0 0.296875 0.8112980769230769 0.055288461538461536 0.057692307692307696
0 0.2956730769230769 0.09375 0.02403846153846154 0.03365384615384615
0 0.7055288461538461 0.7920673076923077 0.055288461538461536 0.0673076923076923
0 0.27163461538461536 0.09735576923076923 0.040865384615384616 0.04567307692307692
0 0.2247596153846154 0.8449519230769231 0.04567307692307692 0.052884615384615384
0 0.171875 0.8521634615384616 0.055288461538461536 0.0673076923076923
0 0.6947115384615384 0.06850961538461539 0.02403846153846154 0.028846153846153848
0 0.8353365384615384 0.8149038461538461 0.055288461538461536 0.0625
0 0.9507211538461539 0.8064903846153846 0.06009615384615385 0.06971153846153846
0 0.27403846153846156 0.8545673076923077 0.055288461538461536 0.07211538461538461
0 0.6862980769230769 0.8305288461538461 0.05048076923076923 0.057692307692307696
0 0.05048076923076923 0.8798076923076923 0.055288461538461536 0.08653846153846154
0 0.11057692307692307 0.8774038461538461 0.04567307692307692 0.057692307692307696
0 0.3701923076923077 0.859375 0.04567307692307692 0.0673076923076923
0 0.2283653846153846 0.8954326923076923 0.07451923076923077 0.06490384615384616
0 0.20673076923076922 0.10697115384615384 0.028846153846153848 0.03365384615384615
0 0.5841346153846154 0.0829326923076923 0.03125 0.04807692307692308
0 0.7632211538461539 0.07091346153846154 0.03125 0.04807692307692308
0 0.7980769230769231 0.0733173076923077 0.036057692307692304 0.052884615384615384
0 0.7355769230769231 0.07692307692307693 0.03125 0.04807692307692308
0 0.8882211538461539 0.07451923076923077 0.036057692307692304 0.052884615384615384
0 0.3798076923076923 0.109375 0.040865384615384616 0.04567307692307692
0 0.23076923076923078 0.12259615384615384 0.036057692307692304 0.04326923076923077
0 0.5300480769230769 0.10096153846153846 0.03125 0.04326923076923077