0 0.43990384615384615 0.109375 0.036057692307692304 0.0625
0 0.43509615384615385 0.009615384615384616 0.03365384615384615 0.019230769230769232
0 0.9387019230769231 0.15504807692307693 0.04567307692307692 0.052884615384615384
0 0.21153846153846154 0.12379807692307693 0.03365384615384615 0.038461538461538464
0 0.27884615384615385 0.009615384615384616 0.038461538461538464 0.019230769230769232
0 0.8569711538461539 0.1935096153846154 0.04567307692307692 0.07692307692307693
0 0.78125 0.20192307692307693 0.055288461538461536 0.10096153846153846
0 0.9675480769230769 0.042067307692307696 0.028846153846153848 0.038461538461538464
0 0.5384615384615384 0.019230769230769232 0.038461538461538464 0.038461538461538464
0 0.7223557692307693 0.23076923076923078 0.07932692307692307 0.08173076923076923
0 0.9915865384615384 0.25721153846153844 0.016826923076923076 0.057692307692307696
0 0.9302884615384616 0.04447115384615385 0.03125 0.04807692307692308
0 0.7199519230769231 0.265625 0.06009615384615385 0.07692307692307693
0 0.05048076923076923 0.23798076923076922 0.040865384615384616 0.0625
0 0.06370192307692307 0.013221153846153846 0.036057692307692304 0.026442307692307692
0 0.2283653846153846 0.018028846153846152 0.038461538461538464 0.036057692307692304
0 0.6682692307692307 0.28846153846153844 0.040865384615384616 0.0625
0 0.2980769230769231 0.28125 0.05048076923076923 0.08413461538461539
0 0.36778846153846156 0.28725961538461536 0.038461538461538464 0.04326923076923077
0 0.039663461538461536 0.015625 0.03125 0.03125
0 0.7115384615384616 0.3112980769230769 0.052884615384615384 0.0673076923076923
0 0.10096153846153846 0.2932692307692308 0.08413461538461539 0.11538461538461539
0 0.5564903846153846 0.32211538461538464 0.040865384615384616 0.0673076923076923
0 0.5889423076923077 0.3317307692307692 0.036057692307692304 0.052884615384615384
0 0.1310096153846154 0.020432692307692308 0.040865384615384616 0.040865384615384616
0 0.5564903846153846 0.037259615384615384 0.03125 0.052884615384615384
0 0.59375 0.039663461538461536 0.038461538461538464 0.03365384615384615
0 0.4891826923076923 0.3557692307692308 0.0889423076923077 0.11538461538461539
0 0.6899038461538461 0.06009615384615385 0.038461538461538464 0.04807692307692308
0 0.7704326923076923 0.06370192307692307 0.026442307692307692 0.055288461538461536
0 0.36899038461538464 0.5204326923076923 0.06009615384615385 0.10576923076923077
0 0.18389423076923078 0.040865384615384616 0.03365384615384615 0.04326923076923077
0 0.7223557692307693 0.07091346153846154 0.03125 0.04807692307692308
0 0.4879807692307692 0.05889423076923077 0.03365384615384615 0.038461538461538464
0 0.9663461538461539 0.0889423076923077 0.03125 0.04807692307692308
0 0.8076923076923077 0.08052884615384616 0.036057692307692304 0.057692307692307696
0 0.5901442307692307 0.07091346153846154 0.04567307692307692 0.052884615384615384
0 0.2956730769230769 0.05889423076923077 0.03125 0.057692307692307696
0 0.6346153846153846 0.08052884615384616 0.026442307692307692 0.055288461538461536
0 0.07091346153846154 0.057692307692307696 0.036057692307692304 0.052884615384615384
0 0.6911057692307693 0.09495192307692307 0.052884615384615384 0.07211538461538461
0 0.3894230769230769 0.008413461538461538 0.038461538461538464 0.016826923076923076
0 0.10697115384615384 0.07572115384615384 0.04567307692307692 0.057692307692307696
0 0.03125 0.07692307692307693 0.021634615384615384 0.06490384615384616
0 0.37740384615384615 0.09735576923076923 0.03125 0.052884615384615384
0 0.5324519230769231 0.10576923076923077 0.036057692307692304 0.052884615384615384