0 0.6225961538461539 0.09134615384615384 0.004807692307692308 0.004807692307692308
0 0.6370192307692307 0.09014423076923077 0.004807692307692308 0.004807692307692308
0 0.49038461538461536 0.10817307692307693 0.002403846153846154 0.002403846153846154
0 0.5180288461538461 0.10576923076923077 0.004807692307692308 0.002403846153846154
0 0.5072115384615384 0.10697115384615384 0.004807692307692308 0.004807692307692308
0 0.12740384615384615 0.14783653846153846 0.004807692307692308 0.009615384615384616
0 0.34975961538461536 0.12379807692307693 0.004807692307692308 0.004807692307692308
0 0.46634615384615385 0.11177884615384616 0.004807692307692308 0.002403846153846154
0 0.15504807692307693 0.14543269230769232 0.002403846153846154 0.004807692307692308
0 0.4795673076923077 0.11177884615384616 0.004807692307692308 0.004807692307692308
0 0.45552884615384615 0.1141826923076923 0.004807692307692308 0.002403846153846154
0 0.10216346153846154 0.15264423076923078 0.004807692307692308 0.004807692307692308
0 0.5324519230769231 0.10697115384615384 0.004807692307692308 0.004807692307692308
0 0.13581730769230768 0.14903846153846154 0.002403846153846154 0.007211538461538462
0 0.18629807692307693 0.14543269230769232 0.004807692307692308 0.007211538461538462
0 0.5408653846153846 0.10817307692307693 0.004807692307692308 0.007211538461538462
0 0.4735576923076923 0.11538461538461539 0.004807692307692308 0.004807692307692308
0 0.4963942307692308 0.1141826923076923 0.004807692307692308 0.004807692307692308
0 0.5108173076923077 0.11298076923076923 0.004807692307692308 0.004807692307692308
0 0.6358173076923077 0.09975961538461539 0.009615384615384616 0.01201923076923077
0 0.6514423076923077 0.09975961538461539 0.004807692307692308 0.007211538461538462
0 0.734375 0.09134615384615384 0.007211538461538462 0.004807692307692308
0 0.1658653846153846 0.15144230769230768 0.004807692307692308 0.009615384615384616
0 0.32572115384615385 0.1346153846153846 0.004807692307692308 0.009615384615384616
0 0.3125 0.13701923076923078 0.004807692307692308 0.004807692307692308
0 0.3449519230769231 0.13581730769230768 0.002403846153846154 0.004807692307692308
0 0.4795673076923077 0.12139423076923077 0.007211538461538462 0.004807692307692308
0 0.18990384615384615 0.15264423076923078 0.004807692307692308 0.004807692307692308
0 0.6634615384615384 0.10336538461538461 0.004807692307692308 0.004807692307692308
0 0.671875 0.10216346153846154 0.004807692307692308 0.007211538461538462
0 0.6778846153846154 0.10216346153846154 0.004807692307692308 0.007211538461538462
0 0.4723557692307692 0.125 0.004807692307692308 0.002403846153846154
0 0.47115384615384615 0.12620192307692307 0.002403846153846154 0.002403846153846154
0 0.43990384615384615 0.1310096153846154 0.004807692307692308 0.007211538461538462
0 0.2848557692307692 0.1466346153846154 0.004807692307692308 0.004807692307692308
0 0.3317307692307692 0.14302884615384615 0.007211538461538462 0.007211538461538462
0 0.6466346153846154 0.109375 0.004807692307692308 0.002403846153846154
0 0.6971153846153846 0.1045673076923077 0.004807692307692308 0.007211538461538462
0 0.5084134615384616 0.12620192307692307 0.004807692307692308 0.007211538461538462
0 0.296875 0.14903846153846154 0.004807692307692308 0.009615384615384616
0 0.45552884615384615 0.13341346153846154 0.004807692307692308 0.004807692307692308
0 0.28846153846153844 0.15144230769230768 0.004807692307692308 0.002403846153846154
0 0.6670673076923077 0.11177884615384616 0.004807692307692308 0.007211538461538462
0 0.37740384615384615 0.14182692307692307 0.007211538461538462 0.007211538461538462
0 0.4639423076923077 0.13341346153846154 0.004807692307692308 0.009615384615384616
0 0.1778846153846154 0.16466346153846154 0.007211538461538462 0.007211538461538462
0 0.6766826923076923 0.11298076923076923 0.004807692307692308 0.004807692307692308
0 0.10216346153846154 0.17427884615384615 0.004807692307692308 0.009615384615384616
0 0.359375 0.14783653846153846 0.004807692307692308 0.01201923076923077
0 0.7055288461538461 0.11057692307692307 0.004807692307692308 0.007211538461538462
0 0.4326923076923077 0.140625 0.004807692307692308 0.007211538461538462
0 0.859375 0.09735576923076923 0.007211538461538462 0.004807692307692308
0 0.48197115384615385 0.13701923076923078 0.004807692307692308 0.007211538461538462
0 0.65625 0.11899038461538461 0.007211538461538462 0.007211538461538462
0 0.6466346153846154 0.12139423076923077 0.004807692307692308 0.004807692307692308
0 0.8617788461538461 0.0985576923076923 0.004807692307692308 0.002403846153846154
0 0.6682692307692307 0.11899038461538461 0.004807692307692308 0.004807692307692308
0 0.7319711538461539 0.11298076923076923 0.004807692307692308 0.007211538461538462
0 0.18629807692307693 0.17067307692307693 0.009615384615384616 0.007211538461538462
0 0.12620192307692307 0.17668269230769232 0.007211538461538462 0.01201923076923077
0 0.4963942307692308 0.13822115384615385 0.004807692307692308 0.007211538461538462
0 0.10216346153846154 0.17908653846153846 0.007211538461538462 0.004807692307692308
0 0.47596153846153844 0.13942307692307693 0.004807692307692308 0.004807692307692308
0 0.5721153846153846 0.13221153846153846 0.002403846153846154 0.004807692307692308
0 0.3545673076923077 0.15625 0.007211538461538462 0.007211538461538462
0 0.29927884615384615 0.1622596153846154 0.007211538461538462 0.009615384615384616
0 0.21995192307692307 0.171875 0.004807692307692308 0.009615384615384616
0 0.46153846153846156 0.1466346153846154 0.004807692307692308 0.004807692307692308
0 0.515625 0.140625 0.004807692307692308 0.007211538461538462
0 0.49158653846153844 0.14423076923076922 0.004807692307692308 0.004807692307692308
0 0.7019230769230769 0.12259615384615384 0.004807692307692308 0.009615384615384616
0 0.8737980769230769 0.10576923076923077 0.01201923076923077 0.01201923076923077
0 0.2932692307692308 0.1658653846153846 0.004807692307692308 0.004807692307692308
0 0.010817307692307692 0.19591346153846154 0.007211538461538462 0.01201923076923077
0 0.03485576923076923 0.1935096153846154 0.007211538461538462 0.009615384615384616
0 0.23557692307692307 0.17307692307692307 0.004807692307692308 0.007211538461538462
0 0.4206730769230769 0.15384615384615385 0.009615384615384616 0.009615384615384616
0 0.25961538461538464 0.17067307692307693 0.009615384615384616 0.007211538461538462
0 0.49399038461538464 0.1466346153846154 0.004807692307692308 0.007211538461538462
0 0.5036057692307693 0.14543269230769232 0.004807692307692308 0.007211538461538462
0 0.5288461538461539 0.14423076923076922 0.004807692307692308 0.004807692307692308
0 0.6069711538461539 0.13581730769230768 0.004807692307692308 0.009615384615384616
0 0.6358173076923077 0.13341346153846154 0.004807692307692308 0.004807692307692308
0 0.34375 0.16466346153846154 0.004807692307692308 0.007211538461538462
0 0.7331730769230769 0.125 0.004807692307692308 0.002403846153846154
0 0.5132211538461539 0.14783653846153846 0.004807692307692308 0.004807692307692308
0 0.8317307692307693 0.1141826923076923 0.007211538461538462 0.007211538461538462
0 0.6129807692307693 0.13822115384615385 0.004807692307692308 0.004807692307692308
0 0.8245192307692307 0.11538461538461539 0.004807692307692308 0.004807692307692308
0 0.1658653846153846 0.18509615384615385 0.007211538461538462 0.009615384615384616
0 0.13822115384615385 0.18870192307692307 0.009615384615384616 0.009615384615384616
0 0.6466346153846154 0.13581730769230768 0.004807692307692308 0.007211538461538462
0 0.1971153846153846 0.18389423076923078 0.01201923076923077 0.01201923076923077
0 0.2776442307692308 0.17548076923076922 0.004807692307692308 0.004807692307692308
0 0.48197115384615385 0.15384615384615385 0.004807692307692308 0.004807692307692308
0 0.5697115384615384 0.14423076923076922 0.004807692307692308 0.004807692307692308
0 0.4891826923076923 0.15264423076923078 0.004807692307692308 0.007211538461538462
0 0.24278846153846154 0.18028846153846154 0.007211538461538462 0.01201923076923077
0 0.2860576923076923 0.17548076923076922 0.007211538461538462 0.01201923076923077
0 0.12259615384615384 0.1935096153846154 0.009615384615384616 0.01201923076923077
0 0.3245192307692308 0.17307692307692307 0.004807692307692308 0.007211538461538462
0 0.4723557692307692 0.15745192307692307 0.007211538461538462 0.009615384615384616
0 0.6237980769230769 0.14182692307692307 0.004807692307692308 0.004807692307692308
0 0.6538461538461539 0.13822115384615385 0.002403846153846154 0.004807692307692308
0 0.26322115384615385 0.18028846153846154 0.004807692307692308 0.009615384615384616
0 0.35336538461538464 0.17067307692307693 0.007211538461538462 0.009615384615384616
0 0.2980769230769231 0.1778846153846154 0.002403846153846154 0.009615384615384616
0 0.6382211538461539 0.14182692307692307 0.004807692307692308 0.004807692307692308
0 0.25 0.18389423076923078 0.007211538461538462 0.007211538461538462
0 0.6586538461538461 0.14182692307692307 0.004807692307692308 0.009615384615384616
0 0.3161057692307692 0.1778846153846154 0.004807692307692308 0.007211538461538462
0 0.5180288461538461 0.15625 0.004807692307692308 0.007211538461538462
0 0.4699519230769231 0.1622596153846154 0.002403846153846154 0.004807692307692308
0 0.22355769230769232 0.18870192307692307 0.007211538461538462 0.007211538461538462
0 0.25841346153846156 0.18509615384615385 0.007211538461538462 0.009615384615384616
0 0.36177884615384615 0.17427884615384615 0.004807692307692308 0.009615384615384616
0 0.6346153846153846 0.14543269230769232 0.004807692307692308 0.007211538461538462
0 0.8762019230769231 0.12139423076923077 0.002403846153846154 0.002403846153846154
0 0.4675480769230769 0.16346153846153846 0.004807692307692308 0.007211538461538462
0 0.49759615384615385 0.16105769230769232 0.004807692307692308 0.007211538461538462
0 0.11177884615384616 0.20192307692307693 0.01201923076923077 0.014423076923076924
0 0.31009615384615385 0.1814903846153846 0.004807692307692308 0.007211538461538462
0 0.45552884615384615 0.1658653846153846 0.004807692307692308 0.004807692307692308
0 0.30288461538461536 0.18269230769230768 0.004807692307692308 0.007211538461538462
0 0.8545673076923077 0.12379807692307693 0.007211538461538462 0.004807692307692308
0 0.46153846153846156 0.16706730769230768 0.004807692307692308 0.004807692307692308
0 0.7283653846153846 0.13942307692307693 0.004807692307692308 0.004807692307692308
0 0.1935096153846154 0.19471153846153846 0.007211538461538462 0.009615384615384616
0 0.2860576923076923 0.18509615384615385 0.007211538461538462 0.004807692307692308
0 0.71875 0.140625 0.004807692307692308 0.007211538461538462
0 0.23677884615384615 0.19110576923076922 0.01201923076923077 0.01201923076923077
0 0.47475961538461536 0.16706730769230768 0.004807692307692308 0.004807692307692308
0 0.32211538461538464 0.18509615384615385 0.004807692307692308 0.007211538461538462
0 0.38100961538461536 0.17908653846153846 0.004807692307692308 0.007211538461538462
0 0.6418269230769231 0.15144230769230768 0.007211538461538462 0.009615384615384616
0 0.3389423076923077 0.18389423076923078 0.007211538461538462 0.009615384615384616
0 0.16706730769230768 0.203125 0.009615384615384616 0.01201923076923077
0 0.515625 0.1658653846153846 0.004807692307692308 0.004807692307692308
0 0.8413461538461539 0.13221153846153846 0.007211538461538462 0.004807692307692308
0 0.4651442307692308 0.171875 0.004807692307692308 0.002403846153846154
0 0.1045673076923077 0.21033653846153846 0.009615384615384616 0.009615384615384616
0 0.41225961538461536 0.1778846153846154 0.004807692307692308 0.009615384615384616
0 0.6310096153846154 0.15625 0.004807692307692308 0.004807692307692308
0 0.47115384615384615 0.17307692307692307 0.004807692307692308 0.007211538461538462
0 0.49399038461538464 0.17067307692307693 0.004807692307692308 0.007211538461538462
0 0.5072115384615384 0.16947115384615385 0.004807692307692308 0.007211538461538462
0 0.07932692307692307 0.21394230769230768 0.009615384615384616 0.01201923076923077
0 0.7067307692307693 0.14783653846153846 0.004807692307692308 0.007211538461538462
0 0.04326923076923077 0.21754807692307693 0.007211538461538462 0.007211538461538462
0 0.8822115384615384 0.1310096153846154 0.009615384615384616 0.009615384615384616
0 0.06370192307692307 0.21754807692307693 0.007211538461538462 0.009615384615384616
0 0.2668269230769231 0.19591346153846154 0.004807692307692308 0.009615384615384616
0 0.29927884615384615 0.19230769230769232 0.007211538461538462 0.004807692307692308
0 0.8737980769230769 0.1346153846153846 0.007211538461538462 0.007211538461538462
0 0.18990384615384615 0.20673076923076922 0.004807692307692308 0.009615384615384616
0 0.5372596153846154 0.16947115384615385 0.004807692307692308 0.007211538461538462
0 0.7367788461538461 0.14903846153846154 0.004807692307692308 0.007211538461538462
0 0.0889423076923077 0.21754807692307693 0.004807692307692308 0.007211538461538462
0 0.3485576923076923 0.18990384615384615 0.007211538461538462 0.009615384615384616
0 0.3713942307692308 0.18870192307692307 0.007211538461538462 0.007211538461538462
0 0.5276442307692307 0.171875 0.004807692307692308 0.004807692307692308
0 0.8473557692307693 0.13822115384615385 0.007211538461538462 0.004807692307692308
0 0.21153846153846154 0.20552884615384615 0.009615384615384616 0.01201923076923077
0 0.39663461538461536 0.18629807692307693 0.007211538461538462 0.007211538461538462
0 0.17427884615384615 0.21033653846153846 0.009615384615384616 0.01201923076923077
0 0.7896634615384616 0.1466346153846154 0.009615384615384616 0.014423076923076924
0 0.07211538461538461 0.22235576923076922 0.009615384615384616 0.01201923076923077
0 0.28725961538461536 0.19951923076923078 0.004807692307692308 0.007211538461538462
0 0.46634615384615385 0.18028846153846154 0.004807692307692308 0.009615384615384616
0 0.7800480769230769 0.14783653846153846 0.004807692307692308 0.009615384615384616
0 0.8641826923076923 0.140625 0.009615384615384616 0.01201923076923077
0 0.9074519230769231 0.13581730769230768 0.004807692307692308 0.007211538461538462
0 0.453125 0.18389423076923078 0.004807692307692308 0.007211538461538462
0 0.5108173076923077 0.1778846153846154 0.004807692307692308 0.004807692307692308
0 0.4362980769230769 0.18509615384615385 0.009615384615384616 0.007211538461538462
0 0.24879807692307693 0.20552884615384615 0.007211538461538462 0.01201923076923077
0 0.5216346153846154 0.1778846153846154 0.004807692307692308 0.007211538461538462
0 0.421875 0.1875 0.009615384615384616 0.007211538461538462
0 0.546875 0.17427884615384615 0.004807692307692308 0.007211538461538462
0 0.8918269230769231 0.13942307692307693 0.007211538461538462 0.007211538461538462
0 0.328125 0.19951923076923078 0.004807692307692308 0.007211538461538462
0 0.46033653846153844 0.18509615384615385 0.004807692307692308 0.002403846153846154
0 0.6153846153846154 0.16947115384615385 0.004807692307692308 0.009615384615384616
0 0.4735576923076923 0.18509615384615385 0.004807692307692308 0.007211538461538462
0 0.24278846153846154 0.21033653846153846 0.004807692307692308 0.004807692307692308
0 0.23798076923076922 0.21153846153846154 0.004807692307692308 0.007211538461538462
0 0.7307692307692307 0.15865384615384615 0.004807692307692308 0.004807692307692308
0 0.056490384615384616 0.23076923076923078 0.004807692307692308 0.007211538461538462
0 0.3798076923076923 0.1971153846153846 0.007211538461538462 0.007211538461538462
0 0.04927884615384615 0.23197115384615385 0.004807692307692308 0.004807692307692308
0 0.7752403846153846 0.15504807692307693 0.004807692307692308 0.009615384615384616
0 0.5276442307692307 0.1814903846153846 0.004807692307692308 0.007211538461538462
0 0.6706730769230769 0.16706730769230768 0.004807692307692308 0.007211538461538462
0 0.5144230769230769 0.18389423076923078 0.004807692307692308 0.007211538461538462
0 0.6947115384615384 0.1658653846153846 0.004807692307692308 0.004807692307692308
0 0.6826923076923077 0.16706730769230768 0.002403846153846154 0.007211538461538462
0 0.453125 0.19230769230769232 0.002403846153846154 0.007211538461538462
0 0.8233173076923077 0.15264423076923078 0.007211538461538462 0.007211538461538462
0 0.41466346153846156 0.19591346153846154 0.007211538461538462 0.007211538461538462
0 0.5072115384615384 0.18629807692307693 0.004807692307692308 0.007211538461538462
0 0.46033653846153844 0.19110576923076922 0.004807692307692308 0.007211538461538462
0 0.5360576923076923 0.18269230769230768 0.004807692307692308 0.007211538461538462
0 0.6911057692307693 0.16706730769230768 0.004807692307692308 0.007211538461538462
0 0.22956730769230768 0.21634615384615385 0.004807692307692308 0.007211538461538462
0 0.7139423076923077 0.1658653846153846 0.004807692307692308 0.007211538461538462
0 0.6117788461538461 0.1778846153846154 0.004807692307692308 0.009615384615384616
0 0.10336538461538461 0.23076923076923078 0.007211538461538462 0.007211538461538462
0 0.4254807692307692 0.1971153846153846 0.004807692307692308 0.004807692307692308
0 0.5456730769230769 0.18509615384615385 0.004807692307692308 0.007211538461538462
0 0.9182692307692307 0.1466346153846154 0.007211538461538462 0.007211538461538462
0 0.4963942307692308 0.19110576923076922 0.004807692307692308 0.007211538461538462
0 0.5817307692307693 0.1814903846153846 0.004807692307692308 0.007211538461538462
0 0.9014423076923077 0.14783653846153846 0.007211538461538462 0.007211538461538462
0 0.5096153846153846 0.18990384615384615 0.007211538461538462 0.007211538461538462
0 0.078125 0.23557692307692307 0.004807692307692308 0.007211538461538462
0 0.002403846153846154 0.2439903846153846 0.004807692307692308 0.007211538461538462
0 0.39663461538461536 0.203125 0.007211538461538462 0.01201923076923077
0 0.9423076923076923 0.14543269230769232 0.007211538461538462 0.004807692307692308
0 0.7283653846153846 0.16826923076923078 0.004807692307692308 0.004807692307692308
0 0.19951923076923078 0.2247596153846154 0.004807692307692308 0.009615384615384616
0 0.23798076923076922 0.22115384615384615 0.004807692307692308 0.004807692307692308
0 0.7415865384615384 0.16826923076923078 0.007211538461538462 0.007211538461538462
0 0.9567307692307693 0.1466346153846154 0.007211538461538462 0.004807692307692308
0 0.5576923076923077 0.18870192307692307 0.007211538461538462 0.004807692307692308
0 0.8461538461538461 0.15745192307692307 0.007211538461538462 0.007211538461538462
0 0.6574519230769231 0.17908653846153846 0.004807692307692308 0.009615384615384616
0 0.5228365384615384 0.1935096153846154 0.004807692307692308 0.007211538461538462
0 0.5408653846153846 0.19110576923076922 0.004807692307692308 0.007211538461538462
0 0.5769230769230769 0.1875 0.004807692307692308 0.004807692307692308
0 0.6358173076923077 0.1814903846153846 0.004807692307692308 0.009615384615384616
0 0.7752403846153846 0.16826923076923078 0.007211538461538462 0.007211538461538462
0 0.9375 0.1502403846153846 0.004807692307692308 0.007211538461538462
0 0.3173076923076923 0.21634615384615385 0.004807692307692308 0.01201923076923077
0 0.6754807692307693 0.17908653846153846 0.004807692307692308 0.007211538461538462
0 0.21153846153846154 0.2283653846153846 0.004807692307692308 0.007211538461538462
0 0.3112980769230769 0.21754807692307693 0.004807692307692308 0.009615384615384616
0 0.3329326923076923 0.21514423076923078 0.004807692307692308 0.007211538461538462
0 0.6682692307692307 0.18028846153846154 0.004807692307692308 0.007211538461538462
0 0.2247596153846154 0.2283653846153846 0.004807692307692308 0.009615384615384616
0 0.05048076923076923 0.24639423076923078 0.009615384615384616 0.009615384615384616
0 0.18509615384615385 0.23197115384615385 0.004807692307692308 0.009615384615384616
0 0.5564903846153846 0.1935096153846154 0.004807692307692308 0.004807692307692308
0 0.4723557692307692 0.20192307692307693 0.007211538461538462 0.007211538461538462
0 0.23798076923076922 0.2283653846153846 0.004807692307692308 0.007211538461538462
0 0.546875 0.19591346153846154 0.004807692307692308 0.007211538461538462
0 0.5661057692307693 0.1935096153846154 0.004807692307692308 0.007211538461538462
0 0.828125 0.1658653846153846 0.007211538461538462 0.007211538461538462
0 0.17908653846153846 0.234375 0.004807692307692308 0.009615384615384616
0 0.5961538461538461 0.18990384615384615 0.004807692307692308 0.007211538461538462
0 0.765625 0.17307692307692307 0.004807692307692308 0.007211538461538462
0 0.48197115384615385 0.203125 0.004807692307692308 0.004807692307692308
0 0.5192307692307693 0.19951923076923078 0.004807692307692308 0.007211538461538462
0 0.27884615384615385 0.2247596153846154 0.004807692307692308 0.007211538461538462
0 0.4483173076923077 0.20673076923076922 0.004807692307692308 0.004807692307692308
0 0.19471153846153846 0.234375 0.004807692307692308 0.007211538461538462
0 0.5096153846153846 0.20192307692307693 0.004807692307692308 0.004807692307692308
0 0.6105769230769231 0.19110576923076922 0.004807692307692308 0.009615384615384616
0 0.8858173076923077 0.1622596153846154 0.009615384615384616 0.004807692307692308
0 0.3401442307692308 0.21995192307692307 0.01201923076923077 0.01201923076923077
0 0.49759615384615385 0.203125 0.004807692307692308 0.009615384615384616
0 0.5552884615384616 0.1971153846153846 0.004807692307692308 0.007211538461538462
0 0.7211538461538461 0.17908653846153846 0.007211538461538462 0.007211538461538462
0 0.8389423076923077 0.16826923076923078 0.009615384615384616 0.007211538461538462
0 0.20552884615384615 0.234375 0.004807692307692308 0.004807692307692308
0 0.23076923076923078 0.23197115384615385 0.007211538461538462 0.009615384615384616
0 0.3942307692307692 0.21634615384615385 0.007211538461538462 0.01201923076923077
0 0.8125 0.171875 0.007211538461538462 0.007211538461538462
0 0.12980769230769232 0.2439903846153846 0.004807692307692308 0.007211538461538462
0 0.8485576923076923 0.16947115384615385 0.004807692307692308 0.002403846153846154
0 0.8737980769230769 0.16706730769230768 0.007211538461538462 0.004807692307692308
0 0.9074519230769231 0.16346153846153846 0.009615384615384616 0.007211538461538462
0 0.40384615384615385 0.21634615384615385 0.004807692307692308 0.004807692307692308
0 0.43509615384615385 0.2127403846153846 0.007211538461538462 0.004807692307692308
0 0.5817307692307693 0.19951923076923078 0.004807692307692308 0.007211538461538462
0 0.59375 0.1971153846153846 0.004807692307692308 0.007211538461538462
0 0.21634615384615385 0.23677884615384615 0.004807692307692308 0.009615384615384616
0 0.41346153846153844 0.21634615384615385 0.004807692307692308 0.004807692307692308
0 0.4519230769230769 0.2127403846153846 0.004807692307692308 0.009615384615384616
0 0.49278846153846156 0.20793269230769232 0.004807692307692308 0.007211538461538462
0 0.4639423076923077 0.2127403846153846 0.004807692307692308 0.007211538461538462
0 0.484375 0.21033653846153846 0.004807692307692308 0.007211538461538462
0 0.5060096153846154 0.20793269230769232 0.004807692307692308 0.007211538461538462
0 0.6790865384615384 0.18990384615384615 0.004807692307692308 0.007211538461538462
0 0.4579326923076923 0.2127403846153846 0.004807692307692308 0.009615384615384616
0 0.7872596153846154 0.18028846153846154 0.007211538461538462 0.009615384615384616
0 0.11899038461538461 0.25 0.007211538461538462 0.009615384615384616
0 0.140625 0.24759615384615385 0.007211538461538462 0.009615384615384616
0 0.6478365384615384 0.19471153846153846 0.004807692307692308 0.009615384615384616
0 0.7007211538461539 0.18870192307692307 0.004807692307692308 0.004807692307692308
0 0.027644230769230768 0.2608173076923077 0.004807692307692308 0.007211538461538462
0 0.16947115384615385 0.24639423076923078 0.004807692307692308 0.009615384615384616
0 0.27524038461538464 0.234375 0.009615384615384616 0.01201923076923077
0 0.004807692307692308 0.26322115384615385 0.007211538461538462 0.007211538461538462
0 0.5480769230769231 0.20673076923076922 0.007211538461538462 0.007211538461538462
0 0.8088942307692307 0.18028846153846154 0.004807692307692308 0.004807692307692308
0 0.8653846153846154 0.17427884615384615 0.007211538461538462 0.004807692307692308
0 0.20673076923076922 0.24278846153846154 0.004807692307692308 0.009615384615384616
0 0.13341346153846154 0.2512019230769231 0.007211538461538462 0.007211538461538462
0 0.8389423076923077 0.1778846153846154 0.007211538461538462 0.007211538461538462
0 0.6394230769230769 0.19831730769230768 0.004807692307692308 0.009615384615384616
0 0.09375 0.25600961538461536 0.009615384615384616 0.01201923076923077
0 0.25961538461538464 0.23918269230769232 0.007211538461538462 0.009615384615384616
0 0.7463942307692307 0.18870192307692307 0.007211538461538462 0.007211538461538462
0 0.16346153846153846 0.25 0.007211538461538462 0.009615384615384616
0 0.33052884615384615 0.23317307692307693 0.004807692307692308 0.007211538461538462
0 0.7103365384615384 0.19230769230769232 0.007211538461538462 0.007211538461538462
0 0.5384615384615384 0.21153846153846154 0.004807692307692308 0.007211538461538462
0 0.04807692307692308 0.26322115384615385 0.009615384615384616 0.01201923076923077
0 0.06850961538461539 0.2608173076923077 0.004807692307692308 0.009615384615384616
0 0.020432692307692308 0.2668269230769231 0.007211538461538462 0.007211538461538462
0 0.8545673076923077 0.17908653846153846 0.004807692307692308 0.004807692307692308
0 0.9074519230769231 0.17427884615384615 0.009615384615384616 0.007211538461538462
0 0.921875 0.17307692307692307 0.009615384615384616 0.007211538461538462
0 0.34615384615384615 0.23317307692307693 0.007211538461538462 0.01201923076923077
0 0.4855769230769231 0.21875 0.007211538461538462 0.007211538461538462
0 0.7716346153846154 0.18990384615384615 0.007211538461538462 0.007211538461538462
0 0.9519230769230769 0.17067307692307693 0.007211538461538462 0.007211538461538462
0 0.3233173076923077 0.23677884615384615 0.007211538461538462 0.007211538461538462
0 0.5024038461538461 0.21754807692307693 0.004807692307692308 0.004807692307692308
0 0.8233173076923077 0.18509615384615385 0.007211538461538462 0.007211538461538462
0 0.14903846153846154 0.25600961538461536 0.007211538461538462 0.01201923076923077
0 0.5096153846153846 0.21875 0.004807692307692308 0.004807692307692308
0 0.8954326923076923 0.1778846153846154 0.004807692307692308 0.004807692307692308
0 0.13822115384615385 0.25721153846153844 0.004807692307692308 0.009615384615384616
0 0.8004807692307693 0.1875 0.009615384615384616 0.009615384615384616
0 0.7283653846153846 0.19591346153846154 0.009615384615384616 0.007211538461538462
0 0.6814903846153846 0.20192307692307693 0.004807692307692308 0.007211538461538462
0 0.4675480769230769 0.2247596153846154 0.004807692307692308 0.007211538461538462
0 0.53125 0.21875 0.007211538461538462 0.007211538461538462
0 0.042067307692307696 0.27163461538461536 0.009615384615384616 0.01201923076923077
0 0.17427884615384615 0.25721153846153844 0.004807692307692308 0.007211538461538462
0 0.5997596153846154 0.2127403846153846 0.004807692307692308 0.004807692307692308
0 0.5625 0.21754807692307693 0.004807692307692308 0.007211538461538462
0 0.006009615384615385 0.2764423076923077 0.009615384615384616 0.01201923076923077
0 0.6262019230769231 0.21153846153846154 0.004807692307692308 0.009615384615384616
0 0.6502403846153846 0.21033653846153846 0.004807692307692308 0.007211538461538462
0 0.6442307692307693 0.21153846153846154 0.007211538461538462 0.009615384615384616
0 0.6838942307692307 0.20793269230769232 0.004807692307692308 0.007211538461538462
0 0.12740384615384615 0.2668269230769231 0.009615384615384616 0.014423076923076924
0 0.7487980769230769 0.20192307692307693 0.009615384615384616 0.01201923076923077
0 0.8822115384615384 0.1875 0.009615384615384616 0.009615384615384616
0 0.9338942307692307 0.18269230769230768 0.007211538461538462 0.009615384615384616
0 0.36177884615384615 0.24278846153846154 0.007211538461538462 0.01201923076923077
0 0.7259615384615384 0.20432692307692307 0.009615384615384616 0.009615384615384616
0 0.08653846153846154 0.27283653846153844 0.009615384615384616 0.01201923076923077
0 0.21514423076923078 0.25961538461538464 0.007211538461538462 0.01201923076923077
0 0.5024038461538461 0.22956730769230768 0.004807692307692308 0.007211538461538462
0 0.7067307692307693 0.20793269230769232 0.004807692307692308 0.004807692307692308
0 0.5300480769230769 0.22716346153846154 0.004807692307692308 0.004807692307692308
0 0.20552884615384615 0.26322115384615385 0.007211538461538462 0.01201923076923077
0 0.10697115384615384 0.27283653846153844 0.009615384615384616 0.009615384615384616
0 0.2932692307692308 0.2536057692307692 0.007211538461538462 0.009615384615384616
0 0.5913461538461539 0.22235576923076922 0.007211538461538462 0.007211538461538462
0 0.17307692307692307 0.265625 0.007211538461538462 0.007211538461538462
0 0.4050480769230769 0.24158653846153846 0.007211538461538462 0.01201923076923077
0 0.6189903846153846 0.21875 0.007211538461538462 0.009615384615384616
0 0.8449519230769231 0.1971153846153846 0.007211538461538462 0.004807692307692308
0 0.4651442307692308 0.23798076923076922 0.007211538461538462 0.01201923076923077
0 0.5528846153846154 0.2283653846153846 0.004807692307692308 0.009615384615384616
0 0.921875 0.19110576923076922 0.007211538461538462 0.004807692307692308
0 0.3762019230769231 0.24879807692307693 0.007211538461538462 0.009615384615384616
0 0.15985576923076922 0.27283653846153844 0.007211538461538462 0.01201923076923077
0 0.9579326923076923 0.18870192307692307 0.009615384615384616 0.009615384615384616
0 0.1971153846153846 0.26802884615384615 0.007211538461538462 0.014423076923076924
0 0.23197115384615385 0.2644230769230769 0.009615384615384616 0.01201923076923077
0 0.5625 0.22956730769230768 0.004807692307692308 0.007211538461538462
0 0.8317307692307693 0.203125 0.009615384615384616 0.004807692307692308
0 0.9002403846153846 0.19591346153846154 0.007211538461538462 0.009615384615384616
0 0.9146634615384616 0.19471153846153846 0.007211538461538462 0.004807692307692308
0 0.265625 0.2620192307692308 0.007211538461538462 0.009615384615384616
0 0.734375 0.2127403846153846 0.009615384615384616 0.01201923076923077
0 0.8665865384615384 0.19951923076923078 0.007211538461538462 0.007211538461538462
0 0.6129807692307693 0.22596153846153846 0.007211538461538462 0.007211538461538462
0 0.06971153846153846 0.28365384615384615 0.009615384615384616 0.01201923076923077
0 0.3076923076923077 0.25961538461538464 0.007211538461538462 0.01201923076923077
0 0.6778846153846154 0.21995192307692307 0.004807692307692308 0.009615384615384616
0 0.8185096153846154 0.20552884615384615 0.004807692307692308 0.004807692307692308
0 0.40384615384615385 0.25 0.009615384615384616 0.01201923076923077
0 0.5024038461538461 0.2403846153846154 0.007211538461538462 0.009615384615384616
0 0.29086538461538464 0.2644230769230769 0.01201923076923077 0.014423076923076924
0 0.6850961538461539 0.22355769230769232 0.007211538461538462 0.007211538461538462
0 0.036057692307692304 0.2920673076923077 0.009615384615384616 0.016826923076923076
0 0.4170673076923077 0.25240384615384615 0.007211538461538462 0.01201923076923077
0 0.27524038461538464 0.2692307692307692 0.004807692307692308 0.009615384615384616
0 0.6334134615384616 0.23076923076923078 0.007211538461538462 0.007211538461538462
0 0.7620192307692307 0.21754807692307693 0.009615384615384616 0.01201923076923077
0 0.006009615384615385 0.296875 0.01201923076923077 0.014423076923076924
0 0.5600961538461539 0.2403846153846154 0.004807692307692308 0.009615384615384616
0 0.7235576923076923 0.22235576923076922 0.007211538461538462 0.009615384615384616
0 0.8161057692307693 0.21394230769230768 0.007211538461538462 0.007211538461538462
0 0.47716346153846156 0.25 0.007211538461538462 0.009615384615384616
0 0.5360576923076923 0.2439903846153846 0.007211538461538462 0.009615384615384616
0 0.3918269230769231 0.25961538461538464 0.01201923076923077 0.01201923076923077
0 0.5793269230769231 0.2403846153846154 0.004807692307692308 0.007211538461538462
0 0.9663461538461539 0.19951923076923078 0.007211538461538462 0.004807692307692308
0 0.7752403846153846 0.22235576923076922 0.009615384615384616 0.01201923076923077
0 0.5949519230769231 0.24158653846153846 0.007211538461538462 0.01201923076923077
0 0.03125 0.3016826923076923 0.01201923076923077 0.014423076923076924
0 0.7391826923076923 0.22716346153846154 0.009615384615384616 0.01201923076923077
0 0.9014423076923077 0.21153846153846154 0.01201923076923077 0.01201923076923077
0 0.5865384615384616 0.2439903846153846 0.009615384615384616 0.01201923076923077
0 0.4951923076923077 0.25600961538461536 0.007211538461538462 0.01201923076923077
0 0.2668269230769231 0.28125 0.009615384615384616 0.01201923076923077
0 0.6935096153846154 0.23677884615384615 0.007211538461538462 0.007211538461538462
0 0.06009615384615385 0.30408653846153844 0.004807692307692308 0.007211538461538462
0 0.7019230769230769 0.23677884615384615 0.009615384615384616 0.009615384615384616
0 0.5240384615384616 0.25600961538461536 0.007211538461538462 0.007211538461538462
0 0.7235576923076923 0.23557692307692307 0.009615384615384616 0.01201923076923077
0 0.6310096153846154 0.24639423076923078 0.004807692307692308 0.009615384615384616
0 0.4987980769230769 0.2608173076923077 0.007211538461538462 0.009615384615384616
0 0.5733173076923077 0.2536057692307692 0.004807692307692308 0.009615384615384616
0 0.6754807692307693 0.24278846153846154 0.007211538461538462 0.009615384615384616
0 0.10697115384615384 0.30288461538461536 0.009615384615384616 0.01201923076923077
0 0.015625 0.3137019230769231 0.01201923076923077 0.014423076923076924
0 0.5192307692307693 0.2608173076923077 0.004807692307692308 0.009615384615384616
0 0.5492788461538461 0.25841346153846156 0.007211538461538462 0.009615384615384616
0 0.31971153846153844 0.2824519230769231 0.004807692307692308 0.009615384615384616
0 0.6586538461538461 0.24639423076923078 0.004807692307692308 0.009615384615384616
0 0.8978365384615384 0.22235576923076922 0.01201923076923077 0.01201923076923077
0 0.7103365384615384 0.24278846153846154 0.009615384615384616 0.009615384615384616
0 0.9278846153846154 0.22115384615384615 0.007211538461538462 0.007211538461538462
0 0.9471153846153846 0.21875 0.016826923076923076 0.019230769230769232
0 0.6899038461538461 0.24519230769230768 0.009615384615384616 0.009615384615384616
0 0.8509615384615384 0.22956730769230768 0.01201923076923077 0.014423076923076924
0 0.4579326923076923 0.27163461538461536 0.007211538461538462 0.009615384615384616
0 0.6646634615384616 0.25 0.007211538461538462 0.009615384615384616
0 0.8677884615384616 0.22956730769230768 0.01201923076923077 0.016826923076923076
0 0.6286057692307693 0.2548076923076923 0.007211538461538462 0.004807692307692308
0 0.8774038461538461 0.22956730769230768 0.01201923076923077 0.01201923076923077
0 0.3918269230769231 0.2800480769230769 0.007211538461538462 0.01201923076923077
0 0.7956730769230769 0.23918269230769232 0.014423076923076924 0.014423076923076924
0 0.8100961538461539 0.23798076923076922 0.007211538461538462 0.01201923076923077
0 0.9615384615384616 0.22235576923076922 0.009615384615384616 0.004807692307692308
0 0.5456730769230769 0.265625 0.009615384615384616 0.01201923076923077
0 0.6466346153846154 0.2548076923076923 0.007211538461538462 0.009615384615384616
0 0.8197115384615384 0.23677884615384615 0.014423076923076924 0.014423076923076924
0 0.4254807692307692 0.2776442307692308 0.01201923076923077 0.014423076923076924
0 0.6165865384615384 0.25841346153846156 0.009615384615384616 0.014423076923076924
0 0.47716346153846156 0.27524038461538464 0.009615384615384616 0.01201923076923077
0 0.33052884615384615 0.29086538461538464 0.004807692307692308 0.01201923076923077
0 0.7620192307692307 0.24639423076923078 0.01201923076923077 0.009615384615384616
0 0.6574519230769231 0.25721153846153844 0.007211538461538462 0.009615384615384616
0 0.7716346153846154 0.24519230769230768 0.01201923076923077 0.01201923076923077
0 0.4206730769230769 0.2824519230769231 0.007211538461538462 0.01201923076923077
0 0.59375 0.2644230769230769 0.007211538461538462 0.01201923076923077
0 0.6274038461538461 0.2608173076923077 0.007211538461538462 0.009615384615384616
0 0.8305288461538461 0.2403846153846154 0.01201923076923077 0.014423076923076924
0 0.2800480769230769 0.2980769230769231 0.01201923076923077 0.014423076923076924
0 0.24759615384615385 0.30288461538461536 0.007211538461538462 0.009615384615384616
0 0.34134615384615385 0.2932692307692308 0.007211538461538462 0.01201923076923077
0 0.5132211538461539 0.27524038461538464 0.009615384615384616 0.01201923076923077
0 0.5276442307692307 0.27524038461538464 0.007211538461538462 0.007211538461538462
0 0.21754807692307693 0.3076923076923077 0.009615384615384616 0.01201923076923077
0 0.3269230769230769 0.296875 0.007211538461538462 0.01201923076923077
0 0.5733173076923077 0.27163461538461536 0.009615384615384616 0.01201923076923077
0 0.7283653846153846 0.2548076923076923 0.009615384615384616 0.009615384615384616
0 0.484375 0.28125 0.009615384615384616 0.01201923076923077
0 0.7872596153846154 0.2512019230769231 0.01201923076923077 0.016826923076923076
0 0.7175480769230769 0.25841346153846156 0.014423076923076924 0.014423076923076924
0 0.18629807692307693 0.3173076923076923 0.01201923076923077 0.01201923076923077
0 0.6706730769230769 0.2668269230769231 0.007211538461538462 0.01201923076923077
0 0.7908653846153846 0.25721153846153844 0.01201923076923077 0.014423076923076924
0 0.5600961538461539 0.28125 0.009615384615384616 0.01201923076923077
0 0.5108173076923077 0.28725961538461536 0.009615384615384616 0.01201923076923077
0 0.5432692307692307 0.28365384615384615 0.004807692307692308 0.007211538461538462
0 0.6153846153846154 0.2764423076923077 0.01201923076923077 0.01201923076923077
0 0.7632211538461539 0.2620192307692308 0.014423076923076924 0.014423076923076924
0 0.12860576923076922 0.328125 0.009615384615384616 0.01201923076923077
0 0.8173076923076923 0.25600961538461536 0.01201923076923077 0.016826923076923076
0 0.7560096153846154 0.26322115384615385 0.01201923076923077 0.01201923076923077
0 0.5697115384615384 0.28365384615384615 0.009615384615384616 0.01201923076923077
0 0.29927884615384615 0.3125 0.009615384615384616 0.01201923076923077
0 0.43028846153846156 0.3004807692307692 0.009615384615384616 0.01201923076923077
0 0.5384615384615384 0.28966346153846156 0.004807692307692308 0.009615384615384616
0 0.71875 0.2704326923076923 0.009615384615384616 0.004807692307692308
0 0.6923076923076923 0.27283653846153844 0.01201923076923077 0.01201923076923077
0 0.5276442307692307 0.2920673076923077 0.009615384615384616 0.009615384615384616
0 0.44591346153846156 0.3016826923076923 0.004807692307692308 0.009615384615384616
0 0.8605769230769231 0.2608173076923077 0.016826923076923076 0.021634615384615384
0 0.8894230769230769 0.25721153846153844 0.016826923076923076 0.021634615384615384
0 0.45072115384615385 0.30288461538461536 0.009615384615384616 0.01201923076923077
0 0.7079326923076923 0.2764423076923077 0.009615384615384616 0.01201923076923077
0 0.7415865384615384 0.27403846153846156 0.009615384615384616 0.009615384615384616
0 0.08774038461538461 0.3425480769230769 0.01201923076923077 0.01201923076923077
0 0.5036057692307693 0.29927884615384615 0.009615384615384616 0.009615384615384616
0 0.6081730769230769 0.29086538461538464 0.007211538461538462 0.01201923076923077
0 0.5168269230769231 0.3004807692307692 0.01201923076923077 0.01201923076923077
0 0.6694711538461539 0.28365384615384615 0.01201923076923077 0.014423076923076924
0 0.7223557692307693 0.27884615384615385 0.009615384615384616 0.009615384615384616
0 0.30288461538461536 0.3233173076923077 0.009615384615384616 0.01201923076923077
0 0.4795673076923077 0.30528846153846156 0.009615384615384616 0.01201923076923077
0 0.6141826923076923 0.29086538461538464 0.009615384615384616 0.009615384615384616
0 0.32572115384615385 0.32211538461538464 0.01201923076923077 0.01201923076923077
0 0.8365384615384616 0.2704326923076923 0.014423076923076924 0.014423076923076924
0 0.22596153846153846 0.33533653846153844 0.01201923076923077 0.01201923076923077
0 0.5 0.30649038461538464 0.01201923076923077 0.009615384615384616
0 0.11177884615384616 0.3485576923076923 0.009615384615384616 0.01201923076923077
0 0.44350961538461536 0.31490384615384615 0.007211538461538462 0.009615384615384616
0 0.016826923076923076 0.3605769230769231 0.01201923076923077 0.016826923076923076
0 0.5276442307692307 0.3076923076923077 0.01201923076923077 0.016826923076923076
0 0.12860576923076922 0.35216346153846156 0.009615384615384616 0.01201923076923077
0 0.17668269230769232 0.3473557692307692 0.01201923076923077 0.01201923076923077
0 0.4891826923076923 0.31490384615384615 0.01201923076923077 0.016826923076923076
0 0.6622596153846154 0.2980769230769231 0.01201923076923077 0.014423076923076924
0 0.9254807692307693 0.27163461538461536 0.016826923076923076 0.021634615384615384
0 0.6418269230769231 0.3016826923076923 0.009615384615384616 0.007211538461538462
0 0.5 0.3173076923076923 0.009615384615384616 0.01201923076923077
0 0.4579326923076923 0.3233173076923077 0.009615384615384616 0.01201923076923077
0 0.6021634615384616 0.3076923076923077 0.009615384615384616 0.01201923076923077
0 0.65625 0.30288461538461536 0.014423076923076924 0.014423076923076924
0 0.09615384615384616 0.36177884615384615 0.014423076923076924 0.014423076923076924
0 0.15865384615384615 0.3557692307692308 0.009615384615384616 0.01201923076923077
0 0.9459134615384616 0.27524038461538464 0.016826923076923076 0.009615384615384616
0 0.21514423076923078 0.35216346153846156 0.009615384615384616 0.01201923076923077
0 0.45072115384615385 0.328125 0.01201923076923077 0.014423076923076924
0 0.7103365384615384 0.3004807692307692 0.01201923076923077 0.01201923076923077
0 0.2980769230769231 0.3449519230769231 0.01201923076923077 0.01201923076923077
0 0.39783653846153844 0.33413461538461536 0.01201923076923077 0.014423076923076924
0 0.5216346153846154 0.3233173076923077 0.009615384615384616 0.01201923076923077
0 0.11298076923076923 0.36658653846153844 0.01201923076923077 0.014423076923076924
0 0.42908653846153844 0.3329326923076923 0.009615384615384616 0.014423076923076924
0 0.6430288461538461 0.3125 0.01201923076923077 0.01201923076923077
0 0.32572115384615385 0.3473557692307692 0.007211538461538462 0.009615384615384616
0 0.8112980769230769 0.2980769230769231 0.014423076923076924 0.019230769230769232
0 0.390625 0.3425480769230769 0.009615384615384616 0.01201923076923077
0 0.6983173076923077 0.31009615384615385 0.014423076923076924 0.014423076923076924
0 0.31971153846153844 0.35096153846153844 0.009615384615384616 0.01201923076923077
0 0.2283653846153846 0.3605769230769231 0.009615384615384616 0.01201923076923077
0 0.6081730769230769 0.3233173076923077 0.01201923076923077 0.014423076923076924
0 0.3629807692307692 0.3485576923076923 0.01201923076923077 0.007211538461538462
0 0.42427884615384615 0.3425480769230769 0.01201923076923077 0.016826923076923076
0 0.17427884615384615 0.3713942307692308 0.014423076923076924 0.016826923076923076
0 0.3449519230769231 0.3557692307692308 0.01201923076923077 0.014423076923076924
0 0.6382211538461539 0.3245192307692308 0.014423076923076924 0.016826923076923076
0 0.4026442307692308 0.3545673076923077 0.009615384615384616 0.01201923076923077
0 0.9639423076923077 0.2956730769230769 0.016826923076923076 0.021634615384615384
0 0.31971153846153844 0.3641826923076923 0.009615384615384616 0.009615384615384616
0 0.3329326923076923 0.3641826923076923 0.014423076923076924 0.016826923076923076
0 0.1310096153846154 0.3858173076923077 0.01201923076923077 0.014423076923076924
0 0.36177884615384615 0.3605769230769231 0.01201923076923077 0.016826923076923076
0 0.5168269230769231 0.34615384615384615 0.014423076923076924 0.019230769230769232
0 0.6021634615384616 0.3401442307692308 0.014423076923076924 0.021634615384615384
0 0.3161057692307692 0.3713942307692308 0.01201923076923077 0.014423076923076924
0 0.5949519230769231 0.3425480769230769 0.009615384615384616 0.014423076923076924
0 0.8425480769230769 0.3161057692307692 0.02403846153846154 0.03125
0 0.9206730769230769 0.3112980769230769 0.02403846153846154 0.028846153846153848
0 0.30649038461538464 0.37740384615384615 0.01201923076923077 0.019230769230769232
0 0.21514423076923078 0.38822115384615385 0.014423076923076924 0.014423076923076924
0 0.0889423076923077 0.4050480769230769 0.01201923076923077 0.016826923076923076
0 0.24639423076923078 0.3894230769230769 0.01201923076923077 0.016826923076923076
0 0.27163461538461536 0.3858173076923077 0.007211538461538462 0.016826923076923076
0 0.27884615384615385 0.3858173076923077 0.01201923076923077 0.019230769230769232
0 0.23677884615384615 0.390625 0.009615384615384616 0.014423076923076924
0 0.7920673076923077 0.3329326923076923 0.019230769230769232 0.026442307692307692
0 0.7487980769230769 0.3401442307692308 0.016826923076923076 0.02403846153846154
0 0.6514423076923077 0.35096153846153844 0.016826923076923076 0.021634615384615384
0 0.6165865384615384 0.35697115384615385 0.021634615384615384 0.03125
0 0.09975961538461539 0.41225961538461536 0.01201923076923077 0.016826923076923076
0 0.036057692307692304 0.4230769230769231 0.014423076923076924 0.019230769230769232
0 0.1310096153846154 0.41346153846153844 0.009615384615384616 0.01201923076923077
0 0.5120192307692307 0.37740384615384615 0.014423076923076924 0.019230769230769232
0 0.4735576923076923 0.38461538461538464 0.014423076923076924 0.021634615384615384
0 0.49158653846153844 0.38221153846153844 0.016826923076923076 0.021634615384615384
0 0.53125 0.38221153846153844 0.016826923076923076 0.021634615384615384
0 0.9314903846153846 0.3401442307692308 0.021634615384615384 0.03125
0 0.06610576923076923 0.4326923076923077 0.016826923076923076 0.019230769230769232
0 0.1201923076923077 0.42788461538461536 0.014423076923076924 0.014423076923076924
0 0.13942307692307693 0.4266826923076923 0.01201923076923077 0.014423076923076924
0 0.8882211538461539 0.3485576923076923 0.026442307692307692 0.03125
0 0.7403846153846154 0.36538461538461536 0.014423076923076924 0.021634615384615384
0 0.15384615384615385 0.4338942307692308 0.014423076923076924 0.019230769230769232
0 0.036057692307692304 0.44711538461538464 0.016826923076923076 0.021634615384615384
0 0.7247596153846154 0.37740384615384615 0.019230769230769232 0.026442307692307692
0 0.22956730769230768 0.43028846153846156 0.009615384615384616 0.01201923076923077
0 0.6658653846153846 0.3858173076923077 0.021634615384615384 0.026442307692307692
0 0.4723557692307692 0.41225961538461536 0.016826923076923076 0.02403846153846154
0 0.8221153846153846 0.3798076923076923 0.026442307692307692 0.03125
0 0.5252403846153846 0.41346153846153844 0.014423076923076924 0.016826923076923076
0 0.4387019230769231 0.4254807692307692 0.021634615384615384 0.03125
0 0.07692307692307693 0.4651442307692308 0.021634615384615384 0.021634615384615384
0 0.6322115384615384 0.40625 0.019230769230769232 0.026442307692307692
0 0.5576923076923077 0.41586538461538464 0.019230769230769232 0.02403846153846154
0 0.12980769230769232 0.4651442307692308 0.016826923076923076 0.021634615384615384
0 0.006009615384615385 0.4831730769230769 0.01201923076923077 0.019230769230769232
0 0.39302884615384615 0.44591346153846156 0.019230769230769232 0.026442307692307692
0 0.33774038461538464 0.4567307692307692 0.021634615384615384 0.02403846153846154
0 0.08052884615384616 0.48677884615384615 0.019230769230769232 0.02403846153846154
0 0.36778846153846156 0.4567307692307692 0.019230769230769232 0.02403846153846154
0 0.6634615384615384 0.4254807692307692 0.021634615384615384 0.028846153846153848
0 0.5252403846153846 0.4423076923076923 0.019230769230769232 0.026442307692307692
0 0.734375 0.4254807692307692 0.016826923076923076 0.02403846153846154
0 0.7860576923076923 0.421875 0.021634615384615384 0.026442307692307692
0 0.003605769230769231 0.5024038461538461 0.007211538461538462 0.02403846153846154
0 0.055288461538461536 0.5012019230769231 0.016826923076923076 0.021634615384615384
0 0.5 0.4639423076923077 0.021634615384615384 0.028846153846153848
0 0.3389423076923077 0.484375 0.028846153846153848 0.03365384615384615
0 0.12259615384615384 0.5132211538461539 0.019230769230769232 0.026442307692307692
0 0.296875 0.4963942307692308 0.02403846153846154 0.028846153846153848
0 0.859375 0.4375 0.026442307692307692 0.03365384615384615
0 0.9783653846153846 0.4254807692307692 0.03125 0.040865384615384616
0 0.21153846153846154 0.5108173076923077 0.016826923076923076 0.021634615384615384
0 0.013221153846153846 0.5480769230769231 0.021634615384615384 0.028846153846153848
0 0.15144230769230768 0.5348557692307693 0.016826923076923076 0.019230769230769232
0 0.28725961538461536 0.5240384615384616 0.026442307692307692 0.03125
0 0.2439903846153846 0.5300480769230769 0.02403846153846154 0.028846153846153848
0 0.19951923076923078 0.5396634615384616 0.02403846153846154 0.028846153846153848
0 0.7067307692307693 0.4891826923076923 0.026442307692307692 0.038461538461538464
0 0.6189903846153846 0.5012019230769231 0.02403846153846154 0.03365384615384615
0 0.08533653846153846 0.5637019230769231 0.019230769230769232 0.026442307692307692
0 0.16706730769230768 0.5576923076923077 0.019230769230769232 0.02403846153846154
0 0.35216346153846156 0.5420673076923077 0.028846153846153848 0.038461538461538464
0 0.015625 0.5925480769230769 0.019230769230769232 0.03125
0 0.2644230769230769 0.5685096153846154 0.028846153846153848 0.03125
0 0.04927884615384615 0.5961538461538461 0.021634615384615384 0.03125
0 0.7355769230769231 0.5264423076923077 0.02403846153846154 0.038461538461538464
0 0.5012019230769231 0.6274038461538461 0.021634615384615384 0.03365384615384615
0 0.08653846153846154 0.6802884615384616 0.03365384615384615 0.04807692307692308
0 0.4411057692307692 0.6730769230769231 0.03365384615384615 0.04326923076923077
0 0.21394230769230768 0.7175480769230769 0.036057692307692304 0.04326923076923077
0 0.14903846153846154 0.7487980769230769 0.038461538461538464 0.04807692307692308
0 0.703125 0.703125 0.038461538461538464 0.055288461538461536
0 0.3112980769230769 0.7836538461538461 0.040865384615384616 0.055288461538461536
0 0.07692307692307693 0.8245192307692307 0.04326923076923077 0.052884615384615384
0 0.5192307692307693 0.08052884615384616 0.002403846153846154 0.002403846153846154
0 0.3762019230769231 0.8629807692307693 0.040865384615384616 0.06009615384615385
0 0.49038461538461536 0.0889423076923077 0.004807692307692308 0.007211538461538462
0 0.49759615384615385 0.08774038461538461 0.004807692307692308 0.004807692307692308
0 0.5168269230769231 0.08774038461538461 0.004807692307692308 0.004807692307692308
0 0.4723557692307692 0.09254807692307693 0.004807692307692308 0.004807692307692308
0 0.5036057692307693 0.09134615384615384 0.002403846153846154 0.002403846153846154
0 0.4699519230769231 0.09615384615384616 0.004807692307692308 0.004807692307692308
0 0.5132211538461539 0.09495192307692307 0.004807692307692308 0.004807692307692308
0 0.4795673076923077 0.09975961538461539 0.004807692307692308 0.007211538461538462
0 0.4579326923076923 0.10336538461538461 0.004807692307692308 0.004807692307692308
0 0.5036057692307693 0.09975961538461539 0.004807692307692308 0.004807692307692308
0 0.5384615384615384 0.09615384615384616 0.002403846153846154 0.004807692307692308
0 0.5588942307692307 0.09375 0.004807692307692308 0.004807692307692308
0 0.4483173076923077 0.10697115384615384 0.004807692307692308 0.004807692307692308