0 0.5661057692307693 0.16826923076923078 0.0889423076923077 0.14423076923076922
0 0.49759615384615385 0.17908653846153846 0.0673076923076923 0.11298076923076923
0 0.20793269230769232 0.27283653846153844 0.0889423076923077 0.16105769230769232
0 0.12980769230769232 0.28725961538461536 0.0889423076923077 0.14423076923076922
0 0.33052884615384615 0.25841346153846156 0.07451923076923077 0.13701923076923078
0 0.7235576923076923 0.1971153846153846 0.07932692307692307 0.13701923076923078
0 0.6117788461538461 0.24759615384615385 0.0673076923076923 0.11778846153846154
0 0.421875 0.2776442307692308 0.10096153846153846 0.18028846153846154
0 0.6574519230769231 0.25 0.08413461538461539 0.13942307692307693
0 0.8990384615384616 0.21875 0.08413461538461539 0.17067307692307693
0 0.5552884615384616 0.3173076923076923 0.08413461538461539 0.14423076923076922
0 0.7788461538461539 0.2920673076923077 0.07451923076923077 0.13221153846153846
0 0.7524038461538461 0.4651442307692308 0.07932692307692307 0.14182692307692307
0 0.1310096153846154 0.13341346153846154 0.07451923076923077 0.12740384615384615
0 0.32091346153846156 0.10576923076923077 0.06490384615384616 0.10817307692307693
0 0.2403846153846154 0.12139423076923077 0.07692307692307693 0.1466346153846154
0 0.07451923076923077 0.1971153846153846 0.06971153846153846 0.12740384615384615
0 0.4338942307692308 0.14543269230769232 0.06971153846153846 0.12740384615384615
0 0.03245192307692308 0.22716346153846154 0.06490384615384616 0.14182692307692307
0 0.8834134615384616 0.10697115384615384 0.07451923076923077 0.12740384615384615
0 0.7884615384615384 0.12860576923076922 0.08173076923076923 0.12980769230769232