0 0.5 0.2015625 0.075 0.13125
0 0.20234375 0.16953125 0.0359375 0.0625
0 0.2234375 0.20703125 0.0328125 0.0484375
0 0.25859375 0.2234375 0.0375 0.05
0 0.709375 0.278125 0.05625 0.0890625
0 0.10234375 0.20625 0.084375 0.128125
0 0.63984375 0.27265625 0.0671875 0.1078125
0 0.38359375 0.25 0.0328125 0.0484375
0 0.7328125 0.29765625 0.0359375 0.0625
0 0.98046875 0.340625 0.0390625 0.075
0 0.521875 0.2828125 0.0484375 0.0640625
0 0.30390625 0.25859375 0.06875 0.1125
0 0.89140625 0.3328125 0.0265625 0.03125
0 0.71640625 0.31640625 0.021875 0.025
0 0.3484375 0.2734375 0.034375 0.053125
0 0.58046875 0.30234375 0.028125 0.04375
0 0.7546875 0.32578125 0.0265625 0.03125
0 0.9078125 0.3515625 0.0171875 0.025
0 0.9265625 0.365625 0.021875 0.025
0 0.81640625 0.3890625 0.0828125 0.1234375