0 0.38461538461538464 0.10096153846153846 0.04807692307692308 0.07211538461538461
0 0.25 0.09014423076923077 0.038461538461538464 0.0625
0 0.6081730769230769 0.12139423076923077 0.052884615384615384 0.07451923076923077
0 0.15504807692307693 0.09134615384615384 0.05048076923076923 0.055288461538461536
0 0.8305288461538461 0.042067307692307696 0.052884615384615384 0.03125
0 0.8461538461538461 0.15865384615384615 0.0625 0.08653846153846154
0 0.9795673076923077 0.18870192307692307 0.040865384615384616 0.06971153846153846
0 0.0673076923076923 0.10817307692307693 0.04567307692307692 0.057692307692307696
0 0.8930288461538461 0.20072115384615385 0.05048076923076923 0.06009615384615385
0 0.14543269230769232 0.140625 0.06009615384615385 0.07451923076923077
0 0.7860576923076923 0.21153846153846154 0.0625 0.09134615384615384
0 0.9699519230769231 0.22956730769230768 0.052884615384615384 0.07932692307692307
0 0.4362980769230769 0.22115384615384615 0.0625 0.07932692307692307
0 0.6081730769230769 0.2403846153846154 0.057692307692307696 0.08653846153846154
0 0.3389423076923077 0.21875 0.052884615384615384 0.08173076923076923
0 0.5769230769230769 0.2608173076923077 0.0625 0.08653846153846154
0 0.4519230769230769 0.27524038461538464 0.057692307692307696 0.09134615384615384
0 0.9819711538461539 0.3293269230769231 0.036057692307692304 0.08173076923076923
0 0.9711538461538461 0.0733173076923077 0.057692307692307696 0.06490384615384616
0 0.15985576923076922 0.31971153846153844 0.06490384615384616 0.07451923076923077
0 0.2704326923076923 0.3389423076923077 0.055288461538461536 0.07451923076923077
0 0.6658653846153846 0.38461538461538464 0.057692307692307696 0.08653846153846154
0 0.390625 0.36538461538461536 0.0625 0.07932692307692307
0 0.46274038461538464 0.3942307692307692 0.07211538461538461 0.07932692307692307
0 0.28125 0.3954326923076923 0.0625 0.08173076923076923
0 0.7199519230769231 0.4338942307692308 0.07451923076923077 0.11298076923076923
0 0.9867788461538461 0.4675480769230769 0.026442307692307692 0.09375
0 0.5432692307692307 0.4338942307692308 0.0625 0.08653846153846154
0 0.31971153846153844 0.4375 0.07211538461538461 0.07932692307692307
0 0.016826923076923076 0.4182692307692308 0.02403846153846154 0.0985576923076923
0 0.1502403846153846 0.43149038461538464 0.0673076923076923 0.0985576923076923
0 0.8076923076923077 0.49158653846153844 0.0625 0.09134615384615384
0 0.4795673076923077 0.04447115384615385 0.052884615384615384 0.08173076923076923
0 0.24278846153846154 0.48197115384615385 0.07692307692307693 0.0889423076923077
0 0.36778846153846156 0.49759615384615385 0.08413461538461539 0.0889423076923077
0 0.7980769230769231 0.5384615384615384 0.052884615384615384 0.08173076923076923
0 0.1045673076923077 0.4795673076923077 0.055288461538461536 0.06971153846153846
0 0.3713942307692308 0.5588942307692307 0.0673076923076923 0.0889423076923077
0 0.7007211538461539 0.0733173076923077 0.052884615384615384 0.08173076923076923
0 0.5252403846153846 0.5853365384615384 0.08173076923076923 0.0889423076923077
0 0.052884615384615384 0.026442307692307692 0.028846153846153848 0.052884615384615384
0 0.7944711538461539 0.6165865384615384 0.0673076923076923 0.10336538461538461
0 0.8810096153846154 0.6490384615384616 0.052884615384615384 0.07932692307692307
0 0.7451923076923077 0.6442307692307693 0.08653846153846154 0.11298076923076923
0 0.5384615384615384 0.6959134615384616 0.06490384615384616 0.11057692307692307
0 0.41346153846153844 0.7103365384615384 0.06971153846153846 0.11538461538461539
0 0.9302884615384616 0.7632211538461539 0.057692307692307696 0.09134615384615384
0 0.051682692307692304 0.7115384615384616 0.07692307692307693 0.07932692307692307
0 0.8052884615384616 0.7800480769230769 0.08173076923076923 0.10336538461538461
0 0.19591346153846154 0.7367788461538461 0.0625 0.09134615384615384
0 0.6586538461538461 0.7788461538461539 0.07932692307692307 0.10817307692307693
0 0.8653846153846154 0.7980769230769231 0.052884615384615384 0.08173076923076923
0 0.2704326923076923 0.7704326923076923 0.0673076923076923 0.10336538461538461
0 0.8040865384615384 0.8677884615384616 0.07932692307692307 0.11298076923076923
0 0.75 0.10817307692307693 0.04807692307692308 0.08653846153846154
0 0.5036057692307693 0.8605769230769231 0.08653846153846154 0.10336538461538461
0 0.5889423076923077 0.09375 0.057692307692307696 0.08653846153846154
0 0.28365384615384615 0.8473557692307693 0.0889423076923077 0.0889423076923077
0 0.10576923076923077 0.84375 0.09375 0.07692307692307693
0 0.3894230769230769 0.8737980769230769 0.07932692307692307 0.057692307692307696
0 0.06610576923076923 0.8461538461538461 0.09615384615384616 0.05048076923076923
0 0.21754807692307693 0.06370192307692307 0.052884615384615384 0.07451923076923077