0 0.22956730769230768 0.1201923076923077 0.03245192307692308 0.055288461538461536
0 0.9855769230769231 0.13942307692307693 0.027644230769230768 0.055288461538461536
0 0.9447115384615384 0.140625 0.037259615384615384 0.05048076923076923
0 0.5096153846153846 0.14543269230769232 0.037259615384615384 0.05048076923076923
0 0.2980769230769231 0.15264423076923078 0.03245192307692308 0.046875
0 0.01201923076923077 0.15504807692307693 0.02283653846153846 0.03245192307692308
0 0.1201923076923077 0.15745192307692307 0.027644230769230768 0.046875
0 0.8725961538461539 0.15745192307692307 0.03245192307692308 0.055288461538461536
0 0.7824519230769231 0.16706730769230768 0.037259615384615384 0.06490384615384616
0 0.7403846153846154 0.17548076923076922 0.037259615384615384 0.06490384615384616
0 0.02283653846153846 0.1778846153846154 0.027644230769230768 0.05048076923076923
0 0.5997596153846154 0.18028846153846154 0.03245192307692308 0.055288461538461536
0 0.703125 0.1875 0.037259615384615384 0.06009615384615385
0 0.35216346153846156 0.1875 0.027644230769230768 0.05048076923076923
0 0.22235576923076922 0.19230769230769232 0.027644230769230768 0.042067307692307696
0 0.5396634615384616 0.19230769230769232 0.042067307692307696 0.06009615384615385
0 0.9855769230769231 0.20192307692307693 0.018028846153846152 0.06009615384615385
0 0.6574519230769231 0.20192307692307693 0.037259615384615384 0.06009615384615385
0 0.3076923076923077 0.20552884615384615 0.03245192307692308 0.05048076923076923
0 0.9519230769230769 0.21514423076923078 0.042067307692307696 0.06971153846153846
0 0.19471153846153846 0.21514423076923078 0.037259615384615384 0.06009615384615385
0 0.06009615384615385 0.21754807692307693 0.037259615384615384 0.06490384615384616
0 0.8822115384615384 0.22956730769230768 0.03245192307692308 0.05048076923076923
0 0.1502403846153846 0.23197115384615385 0.03245192307692308 0.046875
0 0.6129807692307693 0.23197115384615385 0.03245192307692308 0.046875
0 0.21033653846153846 0.2403846153846154 0.03245192307692308 0.055288461538461536
0 0.8545673076923077 0.2403846153846154 0.03245192307692308 0.055288461538461536
0 0.5 0.24278846153846154 0.037259615384615384 0.05048076923076923
0 0.421875 0.24519230769230768 0.037259615384615384 0.046875
0 0.359375 0.25 0.03245192307692308 0.055288461538461536
0 0.8221153846153846 0.25 0.03245192307692308 0.055288461538461536
0 0.3173076923076923 0.2620192307692308 0.03245192307692308 0.05048076923076923
0 0.7596153846153846 0.265625 0.037259615384615384 0.05048076923076923
0 0.6394230769230769 0.26802884615384615 0.037259615384615384 0.055288461538461536
0 0.4699519230769231 0.2704326923076923 0.03245192307692308 0.05048076923076923
0 0.8930288461538461 0.27283653846153844 0.027644230769230768 0.055288461538461536
0 0.23197115384615385 0.2776442307692308 0.037259615384615384 0.055288461538461536
0 0.9194711538461539 0.2776442307692308 0.03245192307692308 0.055288461538461536
0 0.7247596153846154 0.2824519230769231 0.03245192307692308 0.046875
0 0.11298076923076923 0.2848557692307692 0.03245192307692308 0.05048076923076923
0 0.5805288461538461 0.28966346153846156 0.03245192307692308 0.042067307692307696
0 0.15504807692307693 0.2920673076923077 0.03245192307692308 0.055288461538461536
0 0.9555288461538461 0.296875 0.03245192307692308 0.046875
0 0.5673076923076923 0.30288461538461536 0.03245192307692308 0.05048076923076923
0 0.037259615384615384 0.3125 0.037259615384615384 0.05048076923076923
0 0.3605769230769231 0.3269230769230769 0.037259615384615384 0.03245192307692308
0 0.859375 0.3245192307692308 0.042067307692307696 0.046875
0 0.20552884615384615 0.3269230769230769 0.042067307692307696 0.03245192307692308
0 0.7451923076923077 0.33052884615384615 0.037259615384615384 0.06971153846153846
0 0.640625 0.33533653846153844 0.03245192307692308 0.042067307692307696
0 0.5853365384615384 0.3425480769230769 0.042067307692307696 0.055288461538461536
0 0.9375 0.35216346153846156 0.042067307692307696 0.055288461538461536
0 0.43509615384615385 0.359375 0.037259615384615384 0.042067307692307696
0 0.5480769230769231 0.359375 0.03245192307692308 0.05048076923076923
0 0.3629807692307692 0.3605769230769231 0.03245192307692308 0.046875
0 0.25 0.3629807692307692 0.046875 0.05048076923076923
0 0.01201923076923077 0.3629807692307692 0.02283653846153846 0.03245192307692308
0 0.21033653846153846 0.36538461538461536 0.03245192307692308 0.046875
0 0.8377403846153846 0.36538461538461536 0.046875 0.055288461538461536
0 0.14302884615384615 0.38461538461538464 0.037259615384615384 0.046875
0 0.06971153846153846 0.38461538461538464 0.037259615384615384 0.046875
0 0.4699519230769231 0.3870192307692308 0.042067307692307696 0.06009615384615385
0 0.41947115384615385 0.390625 0.042067307692307696 0.05048076923076923
0 0.125 0.4074519230769231 0.037259615384615384 0.055288461538461536
0 0.9555288461538461 0.4050480769230769 0.03245192307692308 0.05048076923076923
0 0.7223557692307693 0.421875 0.037259615384615384 0.055288461538461536
0 0.6670673076923077 0.4230769230769231 0.037259615384615384 0.06009615384615385
0 0.2247596153846154 0.4254807692307692 0.042067307692307696 0.055288461538461536
0 0.578125 0.4254807692307692 0.046875 0.055288461538461536
0 0.7644230769230769 0.43028846153846156 0.037259615384615384 0.06490384615384616
0 0.296875 0.4375 0.037259615384615384 0.05048076923076923
0 0.9278846153846154 0.4375 0.03245192307692308 0.06009615384615385
0 0.8125 0.43990384615384615 0.03245192307692308 0.046875
0 0.9855769230769231 0.44711538461538464 0.027644230769230768 0.078125
0 0.5528846153846154 0.4519230769230769 0.03245192307692308 0.05048076923076923
0 0.4230769230769231 0.453125 0.03245192307692308 0.055288461538461536
0 0.5096153846153846 0.45552884615384615 0.037259615384615384 0.06009615384615385
0 0.18509615384615385 0.46274038461538464 0.037259615384615384 0.055288461538461536
0 0.8377403846153846 0.4651442307692308 0.037259615384615384 0.05048076923076923
0 0.31490384615384615 0.4723557692307692 0.037259615384615384 0.055288461538461536
0 0.10216346153846154 0.47475961538461536 0.027644230769230768 0.05048076923076923
0 0.7223557692307693 0.484375 0.037259615384615384 0.06009615384615385
0 0.6021634615384616 0.4855769230769231 0.037259615384615384 0.06490384615384616
0 0.07211538461538461 0.49278846153846156 0.03245192307692308 0.06009615384615385
0 0.9399038461538461 0.5096153846153846 0.037259615384615384 0.06490384615384616
0 0.8377403846153846 0.5276442307692307 0.037259615384615384 0.055288461538461536
0 0.08774038461538461 0.5324519230769231 0.037259615384615384 0.06490384615384616
0 0.19230769230769232 0.5420673076923077 0.02283653846153846 0.06490384615384616
0 0.11298076923076923 0.5420673076923077 0.042067307692307696 0.06490384615384616
0 0.21514423076923078 0.546875 0.042067307692307696 0.06490384615384616
0 0.3425480769230769 0.5805288461538461 0.037259615384615384 0.06009615384615385
0 0.6322115384615384 0.5805288461538461 0.042067307692307696 0.06971153846153846
0 0.7475961538461539 0.5997596153846154 0.042067307692307696 0.06009615384615385
0 0.9651442307692307 0.5997596153846154 0.042067307692307696 0.06971153846153846
0 0.030048076923076924 0.6105769230769231 0.05048076923076923 0.046875
0 0.5252403846153846 0.6201923076923077 0.042067307692307696 0.06490384615384616
0 0.203125 0.6454326923076923 0.037259615384615384 0.06971153846153846
0 0.8497596153846154 0.6478365384615384 0.042067307692307696 0.06490384615384616
0 0.12259615384615384 0.6550480769230769 0.03245192307692308 0.06009615384615385
0 0.018028846153846152 0.6586538461538461 0.036057692307692304 0.07692307692307693
0 0.29447115384615385 0.6598557692307693 0.042067307692307696 0.042067307692307696
0 0.890625 0.6923076923076923 0.05048076923076923 0.06971153846153846
0 0.453125 0.6923076923076923 0.037259615384615384 0.042067307692307696
0 0.6370192307692307 0.6947115384615384 0.05048076923076923 0.07451923076923077
0 0.40024038461538464 0.6995192307692307 0.03245192307692308 0.055288461538461536
0 0.30528846153846156 0.7019230769230769 0.046875 0.06009615384615385
0 0.15264423076923078 0.7079326923076923 0.046875 0.07451923076923077
0 0.7271634615384616 0.7175480769230769 0.046875 0.07451923076923077
0 0.09735576923076923 0.7271634615384616 0.046875 0.055288461538461536
0 0.453125 0.7403846153846154 0.046875 0.06490384615384616
0 0.8269230769230769 0.7644230769230769 0.05048076923076923 0.06490384615384616
0 0.6754807692307693 0.7872596153846154 0.046875 0.06490384615384616