0 0.3233173076923077 0.2403846153846154 0.021634615384615384 0.014423076923076924
0 0.4014423076923077 0.25 0.03125 0.036057692307692304
0 0.2644230769230769 0.24158653846153846 0.028846153846153848 0.04326923076923077
0 0.1658653846153846 0.234375 0.02403846153846154 0.03365384615384615
0 0.3737980769230769 0.2548076923076923 0.026442307692307692 0.03125
0 0.2091346153846154 0.25 0.03125 0.052884615384615384
0 0.12139423076923077 0.2439903846153846 0.038461538461538464 0.04567307692307692
0 0.28966346153846156 0.2608173076923077 0.03365384615384615 0.04326923076923077
0 0.1875 0.2548076923076923 0.028846153846153848 0.040865384615384616
0 0.15865384615384615 0.25721153846153844 0.02403846153846154 0.03365384615384615
0 0.22596153846153846 0.26322115384615385 0.026442307692307692 0.036057692307692304
0 0.42427884615384615 0.2776442307692308 0.038461538461538464 0.057692307692307696
0 0.09014423076923077 0.2548076923076923 0.038461538461538464 0.05048076923076923
0 0.33052884615384615 0.27283653846153844 0.019230769230769232 0.03125
0 0.39302884615384615 0.27884615384615385 0.03125 0.036057692307692304
0 0.3545673076923077 0.2776442307692308 0.03365384615384615 0.038461538461538464
0 0.3076923076923077 0.27403846153846156 0.026442307692307692 0.03365384615384615
0 0.4651442307692308 0.3016826923076923 0.04326923076923077 0.06009615384615385
0 0.35336538461538464 0.29447115384615385 0.02403846153846154 0.040865384615384616
0 0.15384615384615385 0.28725961538461536 0.038461538461538464 0.04567307692307692
0 0.28725961538461536 0.30288461538461536 0.026442307692307692 0.03365384615384615
0 0.26322115384615385 0.30288461538461536 0.021634615384615384 0.036057692307692304
0 0.33653846153846156 0.32091346153846156 0.03365384615384615 0.04567307692307692
0 0.23677884615384615 0.31490384615384615 0.04567307692307692 0.06490384615384616
0 0.39302884615384615 0.328125 0.038461538461538464 0.055288461538461536
0 0.05889423076923077 0.30528846153846156 0.055288461538461536 0.07451923076923077
0 0.3076923076923077 0.33533653846153844 0.04807692307692308 0.06971153846153846
0 0.2704326923076923 0.3317307692307692 0.03365384615384615 0.028846153846153848
0 0.09014423076923077 0.3389423076923077 0.06009615384615385 0.06971153846153846
0 0.3293269230769231 0.3713942307692308 0.036057692307692304 0.055288461538461536
0 0.5492788461538461 0.38822115384615385 0.04807692307692308 0.0625
0 0.25841346153846156 0.36899038461538464 0.038461538461538464 0.06490384615384616
0 0.21634615384615385 0.3737980769230769 0.04326923076923077 0.06971153846153846
0 0.6298076923076923 0.4074519230769231 0.038461538461538464 0.06009615384615385
0 0.36177884615384615 0.3942307692307692 0.04326923076923077 0.06971153846153846
0 0.44350961538461536 0.4074519230769231 0.040865384615384616 0.040865384615384616
0 0.828125 0.43990384615384615 0.0625 0.07932692307692307
0 0.5036057692307693 0.4182692307692308 0.038461538461538464 0.06490384615384616
0 0.12139423076923077 0.39663461538461536 0.052884615384615384 0.08413461538461539
0 0.14543269230769232 0.41466346153846156 0.05048076923076923 0.07932692307692307
0 0.28725961538461536 0.4266826923076923 0.04567307692307692 0.0673076923076923
0 0.8786057692307693 0.4723557692307692 0.04567307692307692 0.06971153846153846
0 0.6682692307692307 0.46153846153846156 0.040865384615384616 0.057692307692307696
0 0.17427884615384615 0.4266826923076923 0.038461538461538464 0.07211538461538461
0 0.6454326923076923 0.4651442307692308 0.052884615384615384 0.0673076923076923
0 0.41466346153846156 0.45552884615384615 0.04567307692307692 0.04567307692307692
0 0.21394230769230768 0.4411057692307692 0.04567307692307692 0.036057692307692304
0 0.4495192307692308 0.46033653846153844 0.036057692307692304 0.06490384615384616
0 0.6021634615384616 0.4735576923076923 0.05048076923076923 0.06490384615384616
0 0.5276442307692307 0.47115384615384615 0.04807692307692308 0.07451923076923077
0 0.7572115384615384 0.4891826923076923 0.03365384615384615 0.04326923076923077
0 0.5612980769230769 0.47475961538461536 0.038461538461538464 0.06490384615384616
0 0.8377403846153846 0.5 0.055288461538461536 0.06971153846153846
0 0.6995192307692307 0.4951923076923077 0.040865384615384616 0.06490384615384616
0 0.78125 0.5084134615384616 0.055288461538461536 0.06490384615384616
0 0.21153846153846154 0.4699519230769231 0.04567307692307692 0.052884615384615384
0 0.7403846153846154 0.5168269230769231 0.03365384615384615 0.052884615384615384
0 0.5 0.5 0.055288461538461536 0.07692307692307693
0 0.7199519230769231 0.5216346153846154 0.03365384615384615 0.06009615384615385
0 0.9759615384615384 0.5480769230769231 0.04807692307692308 0.09615384615384616
0 0.39903846153846156 0.5096153846153846 0.055288461538461536 0.06971153846153846
0 0.8173076923076923 0.5444711538461539 0.05048076923076923 0.055288461538461536
0 0.6418269230769231 0.5396634615384616 0.055288461538461536 0.07211538461538461
0 0.21995192307692307 0.5228365384615384 0.052884615384615384 0.0673076923076923
0 0.5096153846153846 0.5612980769230769 0.055288461538461536 0.0985576923076923
0 0.5805288461538461 0.5901442307692307 0.055288461538461536 0.06971153846153846
0 0.4543269230769231 0.5817307692307693 0.057692307692307696 0.09615384615384616
0 0.6742788461538461 0.5985576923076923 0.057692307692307696 0.07451923076923077
0 0.7992788461538461 0.625 0.06490384615384616 0.10096153846153846
0 0.3870192307692308 0.5997596153846154 0.07451923076923077 0.10817307692307693
0 0.18389423076923078 0.6033653846153846 0.07211538461538461 0.10336538461538461
0 0.625 0.6394230769230769 0.0625 0.07932692307692307
0 0.06610576923076923 0.6262019230769231 0.0673076923076923 0.08653846153846154
0 0.6983173076923077 0.6814903846153846 0.0673076923076923 0.07932692307692307
0 0.018028846153846152 0.6334134615384616 0.036057692307692304 0.09375
0 0.5673076923076923 0.6887019230769231 0.08173076923076923 0.10817307692307693
0 0.296875 0.6706730769230769 0.0673076923076923 0.10096153846153846
0 0.8401442307692307 0.7199519230769231 0.08653846153846154 0.11298076923076923
0 0.4098557692307692 0.7151442307692307 0.07211538461538461 0.11057692307692307
0 0.9014423076923077 0.7680288461538461 0.07451923076923077 0.10576923076923077
0 0.06370192307692307 0.71875 0.07211538461538461 0.11057692307692307
0 0.65625 0.7860576923076923 0.04807692307692308 0.06971153846153846
0 0.59375 0.7860576923076923 0.057692307692307696 0.09134615384615384
0 0.6814903846153846 0.7956730769230769 0.0673076923076923 0.1201923076923077
0 0.9483173076923077 0.8197115384615384 0.06971153846153846 0.13942307692307693
0 0.5120192307692307 0.7920673076923077 0.0673076923076923 0.10576923076923077
0 0.7848557692307693 0.8293269230769231 0.09375 0.12740384615384615
0 0.5372596153846154 0.8257211538461539 0.06009615384615385 0.11778846153846154
0 0.11538461538461539 0.8197115384615384 0.08413461538461539 0.12740384615384615
0 0.8353365384615384 0.9194711538461539 0.07211538461538461 0.125
0 0.640625 0.9086538461538461 0.09615384615384616 0.16105769230769232
0 0.2403846153846154 0.8834134615384616 0.07211538461538461 0.0985576923076923
0 0.8894230769230769 0.9254807692307693 0.10576923076923077 0.14903846153846154
0 0.44350961538461536 0.9038461538461539 0.08173076923076923 0.11778846153846154
0 0.014423076923076924 0.890625 0.028846153846153848 0.15144230769230768
0 0.3329326923076923 0.9266826923076923 0.11778846153846154 0.13221153846153846
0 0.7451923076923077 0.9567307692307693 0.11057692307692307 0.08653846153846154
0 0.18028846153846154 0.9375 0.11057692307692307 0.0889423076923077
0 0.11538461538461539 0.09735576923076923 0.019230769230769232 0.021634615384615384
0 0.0889423076923077 0.09975961538461539 0.014423076923076924 0.021634615384615384
0 0.0733173076923077 0.09975961538461539 0.014423076923076924 0.01201923076923077
0 0.09975961538461539 0.10576923076923077 0.014423076923076924 0.021634615384615384
0 0.13221153846153846 0.11177884615384616 0.01201923076923077 0.01201923076923077
0 0.15745192307692307 0.11658653846153846 0.014423076923076924 0.019230769230769232
0 0.1141826923076923 0.12139423076923077 0.016826923076923076 0.019230769230769232
0 0.09495192307692307 0.12620192307692307 0.016826923076923076 0.021634615384615384
0 0.15264423076923078 0.1310096153846154 0.019230769230769232 0.02403846153846154
0 0.20192307692307693 0.13822115384615385 0.026442307692307692 0.021634615384615384
0 0.16826923076923078 0.13701923076923078 0.026442307692307692 0.019230769230769232
0 0.06850961538461539 0.1346153846153846 0.019230769230769232 0.028846153846153848
0 0.12860576923076922 0.14182692307692307 0.02403846153846154 0.028846153846153848
0 0.08173076923076923 0.14302884615384615 0.016826923076923076 0.026442307692307692
0 0.11177884615384616 0.15144230769230768 0.02403846153846154 0.03365384615384615
0 0.16706730769230768 0.15985576923076922 0.028846153846153848 0.038461538461538464
0 0.14423076923076922 0.1622596153846154 0.02403846153846154 0.03125
0 0.3161057692307692 0.17548076923076922 0.03125 0.04326923076923077
0 0.2824519230769231 0.17307692307692307 0.016826923076923076 0.019230769230769232
0 0.2920673076923077 0.17427884615384615 0.02403846153846154 0.03125
0 0.0625 0.15865384615384615 0.02403846153846154 0.036057692307692304
0 0.20673076923076922 0.17067307692307693 0.019230769230769232 0.03125
0 0.1875 0.16947115384615385 0.02403846153846154 0.026442307692307692
0 0.2403846153846154 0.18028846153846154 0.028846153846153848 0.03125
0 0.25841346153846156 0.1935096153846154 0.02403846153846154 0.04326923076923077
0 0.27403846153846156 0.1971153846153846 0.019230769230769232 0.028846153846153848
0 0.10096153846153846 0.18629807692307693 0.026442307692307692 0.03125
0 0.18629807692307693 0.1935096153846154 0.02403846153846154 0.03365384615384615
0 0.14423076923076922 0.1935096153846154 0.03365384615384615 0.04326923076923077
0 0.046875 0.18629807692307693 0.019230769230769232 0.038461538461538464
0 0.2091346153846154 0.20432692307692307 0.019230769230769232 0.028846153846153848
0 0.16706730769230768 0.20192307692307693 0.021634615384615384 0.028846153846153848
0 0.29927884615384615 0.22115384615384615 0.02403846153846154 0.03125
0 0.3425480769230769 0.2283653846153846 0.03125 0.036057692307692304
0 0.23197115384615385 0.22235576923076922 0.02403846153846154 0.02403846153846154
0 0.08173076923076923 0.21634615384615385 0.038461538461538464 0.05048076923076923