0 0.24639423076923078 0.23798076923076922 0.009615384615384616 0.007211538461538462
0 0.21514423076923078 0.24158653846153846 0.008413461538461538 0.010817307692307692
0 0.41947115384615385 0.24278846153846154 0.009615384615384616 0.013221153846153846
0 0.5120192307692307 0.24278846153846154 0.007211538461538462 0.01201923076923077
0 0.6201923076923077 0.2439903846153846 0.007211538461538462 0.01201923076923077
0 0.4879807692307692 0.2439903846153846 0.009615384615384616 0.013221153846153846
0 0.5853365384615384 0.2439903846153846 0.010817307692307692 0.018028846153846152
0 0.3161057692307692 0.24519230769230768 0.008413461538461538 0.013221153846153846
0 0.5372596153846154 0.24519230769230768 0.009615384615384616 0.015625
0 0.6069711538461539 0.24639423076923078 0.009615384615384616 0.016826923076923076
0 0.46274038461538464 0.24639423076923078 0.006009615384615385 0.010817307692307692
0 0.5745192307692307 0.24639423076923078 0.009615384615384616 0.015625
0 0.65625 0.24639423076923078 0.007211538461538462 0.009615384615384616
0 0.8076923076923077 0.24639423076923078 0.008413461538461538 0.010817307692307692
0 0.25841346153846156 0.24639423076923078 0.008413461538461538 0.010817307692307692
0 0.44471153846153844 0.24759615384615385 0.008413461538461538 0.010817307692307692
0 0.3713942307692308 0.24759615384615385 0.008413461538461538 0.016826923076923076
0 0.4326923076923077 0.24759615384615385 0.009615384615384616 0.01201923076923077
0 0.4543269230769231 0.24759615384615385 0.004807692307692308 0.010817307692307692
0 0.3858173076923077 0.24879807692307693 0.007211538461538462 0.013221153846153846
0 0.26802884615384615 0.24879807692307693 0.006009615384615385 0.008413461538461538
0 0.3329326923076923 0.24879807692307693 0.009615384615384616 0.014423076923076924
0 0.04927884615384615 0.24879807692307693 0.010817307692307692 0.01201923076923077
0 0.21995192307692307 0.25 0.010817307692307692 0.013221153846153846
0 0.4014423076923077 0.25 0.010817307692307692 0.015625
0 0.7259615384615384 0.25 0.007211538461538462 0.010817307692307692
0 0.7680288461538461 0.25 0.006009615384615385 0.009615384615384616
0 0.078125 0.25 0.009615384615384616 0.01201923076923077
0 0.8269230769230769 0.25 0.009615384615384616 0.01201923076923077
0 0.27403846153846156 0.25 0.007211538461538462 0.016826923076923076
0 0.671875 0.25 0.007211538461538462 0.01201923076923077
0 0.24759615384615385 0.25 0.010817307692307692 0.013221153846153846
0 0.28125 0.25 0.013221153846153846 0.013221153846153846
0 0.30528846153846156 0.25 0.01201923076923077 0.013221153846153846
0 0.35336538461538464 0.2512019230769231 0.007211538461538462 0.01201923076923077
0 0.7536057692307693 0.2512019230769231 0.009615384615384616 0.014423076923076924
0 0.7355769230769231 0.25240384615384615 0.006009615384615385 0.016826923076923076
0 0.09975961538461539 0.25240384615384615 0.013221153846153846 0.015625
0 0.6346153846153846 0.25240384615384615 0.004807692307692308 0.009615384615384616
0 0.6394230769230769 0.2536057692307692 0.006009615384615385 0.013221153846153846
0 0.6526442307692307 0.2536057692307692 0.007211538461538462 0.013221153846153846
0 0.7463942307692307 0.2536057692307692 0.006009615384615385 0.01201923076923077
0 0.6887019230769231 0.2548076923076923 0.009615384615384616 0.009615384615384616
0 0.8473557692307693 0.2548076923076923 0.009615384615384616 0.016826923076923076
0 0.9086538461538461 0.2548076923076923 0.009615384615384616 0.016826923076923076
0 0.5564903846153846 0.2548076923076923 0.007211538461538462 0.016826923076923076
0 0.7127403846153846 0.2548076923076923 0.01201923076923077 0.016826923076923076
0 0.7944711538461539 0.25721153846153844 0.006009615384615385 0.007211538461538462
0 0.9915865384615384 0.25721153846153844 0.007211538461538462 0.009615384615384616
0 0.6682692307692307 0.25721153846153844 0.004807692307692308 0.009615384615384616
0 0.8762019230769231 0.25721153846153844 0.004807692307692308 0.010817307692307692
0 0.8822115384615384 0.25721153846153844 0.007211538461538462 0.009615384615384616
0 0.8689903846153846 0.25841346153846156 0.006009615384615385 0.009615384615384616
0 0.8317307692307693 0.25961538461538464 0.007211538461538462 0.008413461538461538
0 0.9663461538461539 0.25961538461538464 0.008413461538461538 0.014423076923076924
0 0.7824519230769231 0.25961538461538464 0.009615384615384616 0.010817307692307692
0 0.9555288461538461 0.25961538461538464 0.006009615384615385 0.010817307692307692
0 0.6177884615384616 0.25961538461538464 0.009615384615384616 0.015625
0 0.9278846153846154 0.2608173076923077 0.010817307692307692 0.01201923076923077
0 0.9795673076923077 0.2608173076923077 0.009615384615384616 0.010817307692307692
0 0.5997596153846154 0.2608173076923077 0.009615384615384616 0.021634615384615384
0 0.9459134615384616 0.2608173076923077 0.009615384615384616 0.014423076923076924
0 0.8413461538461539 0.2644230769230769 0.007211538461538462 0.010817307692307692
0 0.7632211538461539 0.26802884615384615 0.003605769230769231 0.01201923076923077
0 0.4182692307692308 0.27163461538461536 0.009615384615384616 0.009615384615384616
0 0.9855769230769231 0.27163461538461536 0.008413461538461538 0.006009615384615385
0 0.5204326923076923 0.27163461538461536 0.009615384615384616 0.010817307692307692
0 0.5372596153846154 0.27163461538461536 0.007211538461538462 0.013221153846153846
0 0.12740384615384615 0.27283653846153844 0.01201923076923077 0.01201923076923077
0 0.38822115384615385 0.27283653846153844 0.004807692307692308 0.003605769230769231
0 0.7127403846153846 0.27283653846153844 0.009615384615384616 0.014423076923076924
0 0.7956730769230769 0.27283653846153844 0.002403846153846154 0.004807692307692308
0 0.036057692307692304 0.27283653846153844 0.018028846153846152 0.018028846153846152
0 0.1778846153846154 0.27403846153846156 0.015625 0.01201923076923077
0 0.34975961538461536 0.27403846153846156 0.009615384615384616 0.01201923076923077
0 0.9242788461538461 0.27403846153846156 0.006009615384615385 0.007211538461538462
0 0.19110576923076922 0.27403846153846156 0.009615384615384616 0.013221153846153846
0 0.5637019230769231 0.27403846153846156 0.014423076923076924 0.013221153846153846
0 0.09375 0.27524038461538464 0.01201923076923077 0.010817307692307692
0 0.019230769230769232 0.27524038461538464 0.008413461538461538 0.010817307692307692
0 0.3329326923076923 0.27524038461538464 0.008413461538461538 0.008413461538461538
0 0.36538461538461536 0.27524038461538464 0.007211538461538462 0.006009615384615385
0 0.4639423076923077 0.27524038461538464 0.007211538461538462 0.010817307692307692
0 0.28846153846153844 0.27524038461538464 0.01201923076923077 0.010817307692307692
0 0.8125 0.27524038461538464 0.003605769230769231 0.008413461538461538
0 0.1622596153846154 0.27524038461538464 0.010817307692307692 0.016826923076923076
0 0.9471153846153846 0.2764423076923077 0.004807692307692308 0.007211538461538462
0 0.2091346153846154 0.2764423076923077 0.01201923076923077 0.009615384615384616
0 0.6490384615384616 0.2764423076923077 0.01201923076923077 0.010817307692307692
0 0.07692307692307693 0.2764423076923077 0.01201923076923077 0.009615384615384616
0 0.96875 0.2764423076923077 0.009615384615384616 0.008413461538461538
0 0.734375 0.2764423076923077 0.01201923076923077 0.010817307692307692
0 0.051682692307692304 0.2776442307692308 0.008413461538461538 0.010817307692307692
0 0.625 0.2776442307692308 0.007211538461538462 0.015625
0 0.9963942307692307 0.2776442307692308 0.007211538461538462 0.014423076923076924
0 0.31971153846153844 0.2776442307692308 0.010817307692307692 0.014423076923076924
0 0.43990384615384615 0.2776442307692308 0.01201923076923077 0.014423076923076924
0 0.9519230769230769 0.27884615384615385 0.006009615384615385 0.010817307692307692
0 0.22716346153846154 0.27884615384615385 0.014423076923076924 0.014423076923076924
0 0.2620192307692308 0.27884615384615385 0.013221153846153846 0.010817307692307692
0 0.4182692307692308 0.27884615384615385 0.006009615384615385 0.010817307692307692
0 0.6069711538461539 0.27884615384615385 0.013221153846153846 0.014423076923076924
0 0.7836538461538461 0.27884615384615385 0.007211538461538462 0.010817307692307692
0 0.06971153846153846 0.27884615384615385 0.013221153846153846 0.015625
0 0.42788461538461536 0.2800480769230769 0.004807692307692308 0.01201923076923077
0 0.5528846153846154 0.28125 0.007211538461538462 0.014423076923076924
0 0.8401442307692307 0.2824519230769231 0.007211538461538462 0.01201923076923077
0 0.006009615384615385 0.2824519230769231 0.01201923076923077 0.01201923076923077
0 0.8930288461538461 0.2824519230769231 0.009615384615384616 0.010817307692307692
0 0.4567307692307692 0.2824519230769231 0.010817307692307692 0.013221153846153846
0 0.5108173076923077 0.28365384615384615 0.009615384615384616 0.014423076923076924
0 0.7572115384615384 0.28365384615384615 0.009615384615384616 0.01201923076923077
0 0.9423076923076923 0.28365384615384615 0.008413461538461538 0.010817307692307692
0 0.8774038461538461 0.28365384615384615 0.01201923076923077 0.014423076923076924
0 0.3401442307692308 0.28365384615384615 0.015625 0.016826923076923076
0 0.27403846153846156 0.2848557692307692 0.014423076923076924 0.013221153846153846
0 0.31009615384615385 0.2848557692307692 0.009615384615384616 0.013221153846153846
0 0.47596153846153844 0.2848557692307692 0.01201923076923077 0.013221153846153846
0 0.5697115384615384 0.2848557692307692 0.01201923076923077 0.013221153846153846
0 0.39903846153846156 0.2848557692307692 0.009615384615384616 0.020432692307692308
0 0.7355769230769231 0.2860576923076923 0.009615384615384616 0.009615384615384616
0 0.7932692307692307 0.2860576923076923 0.01201923076923077 0.008413461538461538
0 0.9302884615384616 0.2860576923076923 0.009615384615384616 0.014423076923076924
0 0.39302884615384615 0.2860576923076923 0.004807692307692308 0.014423076923076924
0 0.53125 0.28725961538461536 0.010817307692307692 0.015625
0 0.20432692307692307 0.28725961538461536 0.013221153846153846 0.010817307692307692
0 0.22235576923076922 0.28725961538461536 0.014423076923076924 0.013221153846153846
0 0.46634615384615385 0.28725961538461536 0.003605769230769231 0.007211538461538462
0 0.24519230769230768 0.28846153846153844 0.018028846153846152 0.018028846153846152
0 0.5432692307692307 0.28846153846153844 0.009615384615384616 0.021634615384615384
0 0.1778846153846154 0.28966346153846156 0.018028846153846152 0.016826923076923076
0 0.48677884615384615 0.28966346153846156 0.007211538461538462 0.015625
0 0.7752403846153846 0.29086538461538464 0.009615384615384616 0.016826923076923076
0 0.8125 0.29086538461538464 0.009615384615384616 0.016826923076923076
0 0.036057692307692304 0.29086538461538464 0.018028846153846152 0.020432692307692308
0 0.9158653846153846 0.29086538461538464 0.01201923076923077 0.018028846153846152
0 0.12980769230769232 0.29086538461538464 0.016826923076923076 0.020432692307692308
0 0.8317307692307693 0.2920673076923077 0.01201923076923077 0.016826923076923076
0 0.3701923076923077 0.2932692307692308 0.02283653846153846 0.03365384615384615
0 0.5901442307692307 0.2932692307692308 0.010817307692307692 0.020432692307692308
0 0.5264423076923077 0.29447115384615385 0.015625 0.018028846153846152
0 0.8485576923076923 0.2956730769230769 0.009615384615384616 0.014423076923076924
0 0.9915865384615384 0.2956730769230769 0.010817307692307692 0.014423076923076924
0 0.33052884615384615 0.2956730769230769 0.014423076923076924 0.010817307692307692
0 0.8605769230769231 0.2956730769230769 0.013221153846153846 0.015625
0 0.8257211538461539 0.296875 0.009615384615384616 0.014423076923076924
0 0.8846153846153846 0.296875 0.007211538461538462 0.01201923076923077
0 0.11177884615384616 0.296875 0.02403846153846154 0.020432692307692308
0 0.2920673076923077 0.296875 0.01201923076923077 0.02283653846153846
0 0.9807692307692307 0.296875 0.008413461538461538 0.013221153846153846
0 0.40865384615384615 0.296875 0.01201923076923077 0.02403846153846154
0 0.1658653846153846 0.2980769230769231 0.02283653846153846 0.026442307692307692
0 0.7151442307692307 0.2980769230769231 0.020432692307692308 0.02403846153846154
0 0.640625 0.3004807692307692 0.009615384615384616 0.020432692307692308
0 0.9651442307692307 0.3016826923076923 0.010817307692307692 0.015625
0 0.6622596153846154 0.3016826923076923 0.014423076923076924 0.021634615384615384
0 0.8737980769230769 0.3016826923076923 0.007211538461538462 0.013221153846153846
0 0.41947115384615385 0.3016826923076923 0.010817307692307692 0.02403846153846154
0 0.9086538461538461 0.30288461538461536 0.007211538461538462 0.01201923076923077
0 0.22235576923076922 0.30288461538461536 0.020432692307692308 0.020432692307692308
0 0.6526442307692307 0.30288461538461536 0.015625 0.02283653846153846
0 0.4567307692307692 0.30288461538461536 0.009615384615384616 0.021634615384615384
0 0.6201923076923077 0.30288461538461536 0.015625 0.030048076923076924
0 0.8978365384615384 0.30408653846153844 0.010817307692307692 0.020432692307692308
0 0.20552884615384615 0.30408653846153844 0.013221153846153846 0.018028846153846152
0 0.054086538461538464 0.30408653846153844 0.020432692307692308 0.020432692307692308
0 0.5769230769230769 0.30408653846153844 0.014423076923076924 0.028846153846153848
0 0.25 0.30528846153846156 0.019230769230769232 0.025240384615384616
0 0.4723557692307692 0.30528846153846156 0.020432692307692308 0.02403846153846154
0 0.4951923076923077 0.30528846153846156 0.021634615384615384 0.03245192307692308
0 0.765625 0.30528846153846156 0.018028846153846152 0.025240384615384616
0 0.4326923076923077 0.30528846153846156 0.018028846153846152 0.03125
0 0.18629807692307693 0.3076923076923077 0.018028846153846152 0.026442307692307692
0 0.3954326923076923 0.3088942307692308 0.014423076923076924 0.02403846153846154
0 0.6814903846153846 0.3088942307692308 0.02283653846153846 0.04326923076923077
0 0.27403846153846156 0.31009615384615385 0.020432692307692308 0.03125
0 0.010817307692307692 0.31009615384615385 0.021634615384615384 0.03125
0 0.5228365384615384 0.3125 0.013221153846153846 0.020432692307692308
0 0.6045673076923077 0.3125 0.018028846153846152 0.03125
0 0.33774038461538464 0.3125 0.018028846153846152 0.02283653846153846
0 0.7319711538461539 0.3137019230769231 0.01201923076923077 0.014423076923076924
0 0.8004807692307693 0.31490384615384615 0.015625 0.030048076923076924
0 0.7487980769230769 0.31490384615384615 0.014423076923076924 0.026442307692307692
0 0.3112980769230769 0.3161057692307692 0.020432692307692308 0.025240384615384616
0 0.9963942307692307 0.3173076923076923 0.007211538461538462 0.02403846153846154
0 0.5528846153846154 0.3173076923076923 0.019230769230769232 0.030048076923076924
0 0.8329326923076923 0.32211538461538464 0.01201923076923077 0.021634615384615384
0 0.9759615384615384 0.32211538461538464 0.016826923076923076 0.03245192307692308
0 0.6622596153846154 0.32572115384615385 0.01201923076923077 0.016826923076923076
0 0.15865384615384615 0.32572115384615385 0.030048076923076924 0.03245192307692308
0 0.03125 0.32572115384615385 0.026442307692307692 0.03365384615384615
0 0.21153846153846154 0.3293269230769231 0.026442307692307692 0.027644230769230768
0 0.3713942307692308 0.3425480769230769 0.027644230769230768 0.036057692307692304
0 0.08052884615384616 0.34375 0.05889423076923077 0.06971153846153846
0 0.9411057692307693 0.3545673076923077 0.04447115384615385 0.07451923076923077
0 0.5961538461538461 0.36538461538461536 0.046875 0.06850961538461539
0 0.2848557692307692 0.38100961538461536 0.04567307692307692 0.05889423076923077
0 0.43990384615384615 0.38221153846153844 0.078125 0.055288461538461536
0 0.78125 0.38341346153846156 0.054086538461538464 0.07572115384615384
0 0.9879807692307693 0.4170673076923077 0.02283653846153846 0.109375
0 0.0889423076923077 0.44591346153846156 0.08413461538461539 0.109375
0 0.6887019230769231 0.46153846153846156 0.04567307692307692 0.08173076923076923
0 0.3870192307692308 0.46274038461538464 0.07451923076923077 0.10576923076923077
0 0.9314903846153846 0.4831730769230769 0.04927884615384615 0.08413461538461539
0 0.7584134615384616 0.5084134615384616 0.0829326923076923 0.12139423076923077
0 0.5072115384615384 0.5793269230769231 0.11899038461538461 0.203125