0 0.026442307692307692 0.7067307692307693 0.052884615384615384 0.038461538461538464
0 0.27524038461538464 0.7175480769230769 0.0625 0.038461538461538464
0 0.09615384615384616 0.7199519230769231 0.055288461538461536 0.03365384615384615
0 0.9435096153846154 0.7608173076923077 0.055288461538461536 0.03365384615384615
0 0.5721153846153846 0.75 0.05048076923076923 0.03365384615384615
0 0.40625 0.7512019230769231 0.0673076923076923 0.04326923076923077
0 0.8149038461538461 0.7680288461538461 0.05048076923076923 0.03365384615384615
0 0.6081730769230769 0.7632211538461539 0.05048076923076923 0.03365384615384615
0 0.46033653846153844 0.7608173076923077 0.0625 0.038461538461538464
0 0.04567307692307692 0.7596153846153846 0.0625 0.04326923076923077
0 0.7680288461538461 0.7896634615384616 0.0673076923076923 0.038461538461538464
0 0.3004807692307692 0.7728365384615384 0.0625 0.04326923076923077
0 0.5697115384615384 0.7944711538461539 0.0673076923076923 0.04326923076923077
0 0.021634615384615384 0.8173076923076923 0.04326923076923077 0.038461538461538464
0 0.9098557692307693 0.8617788461538461 0.052884615384615384 0.038461538461538464
0 0.8161057692307693 0.8629807692307693 0.0625 0.04807692307692308
0 0.2776442307692308 0.8954326923076923 0.0673076923076923 0.04326923076923077
0 0.8557692307692307 0.9278846153846154 0.0673076923076923 0.038461538461538464
0 0.02403846153846154 0.22596153846153846 0.019230769230769232 0.014423076923076924
0 0.36538461538461536 0.24759615384615385 0.014423076923076924 0.009615384615384616
0 0.31850961538461536 0.24879807692307693 0.014423076923076924 0.004807692307692308
0 0.12139423076923077 0.24639423076923078 0.019230769230769232 0.009615384615384616
0 0.40384615384615385 0.25600961538461536 0.019230769230769232 0.009615384615384616
0 0.203125 0.2512019230769231 0.02403846153846154 0.014423076923076924
0 0.05048076923076923 0.24639423076923078 0.009615384615384616 0.009615384615384616
0 0.036057692307692304 0.24519230769230768 0.014423076923076924 0.009615384615384616
0 0.4483173076923077 0.2620192307692308 0.014423076923076924 0.009615384615384616
0 0.09134615384615384 0.25 0.019230769230769232 0.009615384615384616
0 0.078125 0.25 0.014423076923076924 0.004807692307692308
0 0.056490384615384616 0.24879807692307693 0.014423076923076924 0.004807692307692308
0 0.018028846153846152 0.24879807692307693 0.009615384615384616 0.014423076923076924
0 0.04326923076923077 0.2548076923076923 0.019230769230769232 0.009615384615384616
0 0.03125 0.2536057692307692 0.014423076923076924 0.009615384615384616
0 0.19831730769230768 0.2620192307692308 0.019230769230769232 0.014423076923076924
0 0.056490384615384616 0.25721153846153844 0.014423076923076924 0.004807692307692308
0 0.16346153846153846 0.2608173076923077 0.019230769230769232 0.009615384615384616
0 0.26322115384615385 0.2668269230769231 0.019230769230769232 0.009615384615384616
0 0.47836538461538464 0.27403846153846156 0.019230769230769232 0.019230769230769232
0 0.3004807692307692 0.26802884615384615 0.019230769230769232 0.014423076923076924
0 0.17548076923076922 0.26322115384615385 0.014423076923076924 0.009615384615384616
0 0.32572115384615385 0.27163461538461536 0.019230769230769232 0.014423076923076924
0 0.07091346153846154 0.2620192307692308 0.014423076923076924 0.009615384615384616
0 0.21634615384615385 0.26802884615384615 0.019230769230769232 0.014423076923076924
0 0.39783653846153844 0.27403846153846156 0.014423076923076924 0.009615384615384616
0 0.015625 0.26322115384615385 0.004807692307692308 0.014423076923076924
0 0.13341346153846154 0.2644230769230769 0.019230769230769232 0.009615384615384616
0 0.11298076923076923 0.2668269230769231 0.014423076923076924 0.004807692307692308
0 0.09375 0.265625 0.019230769230769232 0.014423076923076924
0 0.24639423076923078 0.27163461538461536 0.019230769230769232 0.014423076923076924
0 0.35216346153846156 0.27524038461538464 0.02403846153846154 0.014423076923076924
0 0.1875 0.27163461538461536 0.02403846153846154 0.014423076923076924
0 0.15264423076923078 0.2704326923076923 0.014423076923076924 0.009615384615384616
0 0.11538461538461539 0.2692307692307692 0.014423076923076924 0.004807692307692308
0 0.06129807692307692 0.2668269230769231 0.019230769230769232 0.014423076923076924
0 0.03365384615384615 0.265625 0.019230769230769232 0.014423076923076924
0 0.07932692307692307 0.2704326923076923 0.014423076923076924 0.014423076923076924
0 0.021634615384615384 0.26802884615384615 0.014423076923076924 0.014423076923076924
0 0.16466346153846154 0.27524038461538464 0.014423076923076924 0.009615384615384616
0 0.3245192307692308 0.28125 0.019230769230769232 0.014423076923076924
0 0.47716346153846156 0.2860576923076923 0.014423076923076924 0.009615384615384616
0 0.3942307692307692 0.28365384615384615 0.028846153846153848 0.014423076923076924
0 0.22956730769230768 0.2776442307692308 0.02403846153846154 0.014423076923076924
0 0.6850961538461539 0.2980769230769231 0.02403846153846154 0.014423076923076924
0 0.6442307692307693 0.296875 0.02403846153846154 0.009615384615384616
0 0.4423076923076923 0.28966346153846156 0.019230769230769232 0.014423076923076924
0 0.11177884615384616 0.27884615384615385 0.019230769230769232 0.009615384615384616
0 0.13701923076923078 0.27884615384615385 0.019230769230769232 0.009615384615384616
0 0.016826923076923076 0.27524038461538464 0.019230769230769232 0.009615384615384616
0 0.2692307692307692 0.2860576923076923 0.02403846153846154 0.014423076923076924
0 0.3701923076923077 0.2920673076923077 0.019230769230769232 0.014423076923076924
0 0.32211538461538464 0.29086538461538464 0.019230769230769232 0.014423076923076924
0 0.19951923076923078 0.2860576923076923 0.028846153846153848 0.014423076923076924
0 0.16947115384615385 0.2848557692307692 0.019230769230769232 0.014423076923076924
0 0.5625 0.3004807692307692 0.019230769230769232 0.014423076923076924
0 0.34975961538461536 0.2932692307692308 0.02403846153846154 0.009615384615384616
0 0.10216346153846154 0.28365384615384615 0.019230769230769232 0.014423076923076924
0 0.6165865384615384 0.3016826923076923 0.019230769230769232 0.009615384615384616
0 0.5444711538461539 0.29927884615384615 0.02403846153846154 0.019230769230769232
0 0.234375 0.28846153846153844 0.02403846153846154 0.014423076923076924
0 0.051682692307692304 0.2824519230769231 0.02403846153846154 0.014423076923076924
0 0.4050480769230769 0.29447115384615385 0.028846153846153848 0.014423076923076924
0 0.7475961538461539 0.30649038461538464 0.02403846153846154 0.014423076923076924
0 0.15264423076923078 0.29086538461538464 0.019230769230769232 0.014423076923076924
0 0.29447115384615385 0.2956730769230769 0.019230769230769232 0.014423076923076924
0 0.5300480769230769 0.30649038461538464 0.02403846153846154 0.009615384615384616
0 0.27283653846153844 0.296875 0.02403846153846154 0.014423076923076924
0 0.6069711538461539 0.3112980769230769 0.019230769230769232 0.009615384615384616
0 0.36658653846153844 0.30288461538461536 0.02403846153846154 0.019230769230769232
0 0.19230769230769232 0.296875 0.019230769230769232 0.014423076923076924
0 0.78125 0.3173076923076923 0.02403846153846154 0.014423076923076924
0 0.4675480769230769 0.30649038461538464 0.02403846153846154 0.019230769230769232
0 0.014423076923076924 0.2932692307692308 0.009615384615384616 0.014423076923076924
0 0.48197115384615385 0.3088942307692308 0.02403846153846154 0.014423076923076924
0 0.0673076923076923 0.29447115384615385 0.019230769230769232 0.014423076923076924
0 0.13942307692307693 0.29927884615384615 0.019230769230769232 0.009615384615384616
0 0.6514423076923077 0.3173076923076923 0.02403846153846154 0.019230769230769232
0 0.5829326923076923 0.3173076923076923 0.02403846153846154 0.014423076923076924
0 0.5180288461538461 0.31490384615384615 0.019230769230769232 0.019230769230769232
0 0.4411057692307692 0.3125 0.02403846153846154 0.014423076923076924
0 0.32091346153846156 0.3088942307692308 0.019230769230769232 0.014423076923076924
0 0.25240384615384615 0.30649038461538464 0.02403846153846154 0.014423076923076924
0 0.8185096153846154 0.32572115384615385 0.028846153846153848 0.014423076923076924
0 0.7139423076923077 0.3245192307692308 0.019230769230769232 0.014423076923076924
0 0.40384615384615385 0.3137019230769231 0.019230769230769232 0.014423076923076924
0 0.10216346153846154 0.30288461538461536 0.028846153846153848 0.019230769230769232
0 0.14903846153846154 0.3076923076923077 0.019230769230769232 0.009615384615384616
0 0.6057692307692307 0.3233173076923077 0.028846153846153848 0.019230769230769232
0 0.5612980769230769 0.32211538461538464 0.019230769230769232 0.014423076923076924
0 0.5480769230769231 0.3233173076923077 0.02403846153846154 0.014423076923076924
0 0.2403846153846154 0.3125 0.03365384615384615 0.014423076923076924
0 0.46875 0.32091346153846156 0.02403846153846154 0.014423076923076924
0 0.20552884615384615 0.3112980769230769 0.02403846153846154 0.014423076923076924
0 0.6862980769230769 0.33052884615384615 0.02403846153846154 0.014423076923076924
0 0.16346153846153846 0.3125 0.019230769230769232 0.014423076923076924
0 0.19110576923076922 0.3161057692307692 0.019230769230769232 0.014423076923076924
0 0.45552884615384615 0.32572115384615385 0.02403846153846154 0.014423076923076924
0 0.3112980769230769 0.31971153846153844 0.014423076923076924 0.014423076923076924
0 0.40384615384615385 0.3245192307692308 0.019230769230769232 0.019230769230769232
0 0.38100961538461536 0.3233173076923077 0.019230769230769232 0.014423076923076924
0 0.3329326923076923 0.32211538461538464 0.019230769230769232 0.014423076923076924
0 0.13341346153846154 0.31490384615384615 0.019230769230769232 0.014423076923076924
0 0.08413461538461539 0.3137019230769231 0.019230769230769232 0.009615384615384616
0 0.14903846153846154 0.3161057692307692 0.019230769230769232 0.014423076923076924
0 0.8004807692307693 0.34134615384615385 0.02403846153846154 0.019230769230769232
0 0.4879807692307692 0.33052884615384615 0.02403846153846154 0.014423076923076924
0 0.038461538461538464 0.31490384615384615 0.019230769230769232 0.009615384615384616
0 0.013221153846153846 0.3137019230769231 0.014423076923076924 0.014423076923076924
0 0.5757211538461539 0.33533653846153844 0.019230769230769232 0.014423076923076924
0 0.11658653846153846 0.31971153846153844 0.019230769230769232 0.014423076923076924
0 0.6778846153846154 0.3389423076923077 0.02403846153846154 0.019230769230769232
0 0.6610576923076923 0.3389423076923077 0.019230769230769232 0.014423076923076924
0 0.6514423076923077 0.33774038461538464 0.014423076923076924 0.014423076923076924
0 0.4987980769230769 0.33533653846153844 0.014423076923076924 0.009615384615384616
0 0.34615384615384615 0.3293269230769231 0.02403846153846154 0.014423076923076924
0 0.7415865384615384 0.34375 0.02403846153846154 0.019230769230769232
0 0.09375 0.3233173076923077 0.019230769230769232 0.009615384615384616
0 0.054086538461538464 0.32211538461538464 0.019230769230769232 0.014423076923076924
0 0.6033653846153846 0.34134615384615385 0.019230769230769232 0.019230769230769232
0 0.7716346153846154 0.3473557692307692 0.02403846153846154 0.019230769230769232
0 0.31850961538461536 0.3317307692307692 0.028846153846153848 0.019230769230769232
0 0.7512019230769231 0.3485576923076923 0.02403846153846154 0.014423076923076924
0 0.8269230769230769 0.35096153846153844 0.028846153846153848 0.019230769230769232
0 0.5408653846153846 0.34134615384615385 0.02403846153846154 0.019230769230769232
0 0.39302884615384615 0.33653846153846156 0.02403846153846154 0.014423076923076924
0 0.20552884615384615 0.3293269230769231 0.02403846153846154 0.014423076923076924
0 0.25600961538461536 0.3317307692307692 0.028846153846153848 0.019230769230769232
0 0.5817307692307693 0.3473557692307692 0.02403846153846154 0.014423076923076924
0 0.43509615384615385 0.3449519230769231 0.019230769230769232 0.014423076923076924
0 0.9903846153846154 0.3629807692307692 0.019230769230769232 0.019230769230769232
0 0.6995192307692307 0.3545673076923077 0.02403846153846154 0.019230769230769232
0 0.6778846153846154 0.35336538461538464 0.028846153846153848 0.019230769230769232
0 0.6598557692307693 0.35336538461538464 0.019230769230769232 0.014423076923076924
0 0.6153846153846154 0.35096153846153844 0.028846153846153848 0.014423076923076924
0 0.22115384615384615 0.33774038461538464 0.028846153846153848 0.019230769230769232
0 0.20552884615384615 0.33653846153846156 0.02403846153846154 0.019230769230769232
0 0.08413461538461539 0.3329326923076923 0.02403846153846154 0.014423076923076924
0 0.9026442307692307 0.3641826923076923 0.02403846153846154 0.019230769230769232
0 0.8449519230769231 0.36177884615384615 0.02403846153846154 0.014423076923076924
0 0.18389423076923078 0.3389423076923077 0.019230769230769232 0.019230769230769232
0 0.27524038461538464 0.34134615384615385 0.028846153846153848 0.019230769230769232
0 0.7920673076923077 0.36177884615384615 0.02403846153846154 0.019230769230769232
0 0.8774038461538461 0.36538461538461536 0.03365384615384615 0.019230769230769232
0 0.3245192307692308 0.34615384615384615 0.02403846153846154 0.014423076923076924
0 0.3449519230769231 0.3485576923076923 0.028846153846153848 0.019230769230769232
0 0.109375 0.34134615384615385 0.028846153846153848 0.019230769230769232
0 0.7223557692307693 0.3641826923076923 0.02403846153846154 0.019230769230769232
0 0.5673076923076923 0.359375 0.02403846153846154 0.014423076923076924
0 0.9399038461538461 0.37259615384615385 0.03365384615384615 0.019230769230769232
0 0.30528846153846156 0.35216346153846156 0.028846153846153848 0.019230769230769232
0 0.4326923076923077 0.35697115384615385 0.019230769230769232 0.014423076923076924
0 0.030048076923076924 0.34375 0.03365384615384615 0.019230769230769232
0 0.0625 0.3449519230769231 0.02403846153846154 0.019230769230769232
0 0.9723557692307693 0.37740384615384615 0.02403846153846154 0.014423076923076924
0 0.5528846153846154 0.36177884615384615 0.028846153846153848 0.019230769230769232
0 0.625 0.36538461538461536 0.02403846153846154 0.019230769230769232
0 0.6418269230769231 0.36538461538461536 0.019230769230769232 0.014423076923076924
0 0.5324519230769231 0.3641826923076923 0.02403846153846154 0.019230769230769232
0 0.5168269230769231 0.3629807692307692 0.019230769230769232 0.019230769230769232
0 0.3894230769230769 0.36177884615384615 0.028846153846153848 0.019230769230769232
0 0.09975961538461539 0.35096153846153844 0.028846153846153848 0.019230769230769232
0 0.44711538461538464 0.3629807692307692 0.028846153846153848 0.019230769230769232
0 0.7920673076923077 0.37740384615384615 0.028846153846153848 0.014423076923076924
0 0.7391826923076923 0.3762019230769231 0.02403846153846154 0.004807692307692308
0 0.49759615384615385 0.36778846153846156 0.028846153846153848 0.019230769230769232
0 0.5901442307692307 0.3713942307692308 0.02403846153846154 0.019230769230769232
0 0.9567307692307693 0.38341346153846156 0.03365384615384615 0.019230769230769232
0 0.3701923076923077 0.3629807692307692 0.02403846153846154 0.019230769230769232
0 0.6502403846153846 0.37259615384615385 0.02403846153846154 0.019230769230769232
0 0.8545673076923077 0.3798076923076923 0.03365384615384615 0.02403846153846154
0 0.18269230769230768 0.35697115384615385 0.028846153846153848 0.019230769230769232
0 0.4699519230769231 0.36899038461538464 0.02403846153846154 0.014423076923076924
0 0.3473557692307692 0.36658653846153844 0.028846153846153848 0.019230769230769232
0 0.6766826923076923 0.3786057692307692 0.019230769230769232 0.009615384615384616
0 0.5228365384615384 0.3762019230769231 0.02403846153846154 0.014423076923076924
0 0.8689903846153846 0.38822115384615385 0.028846153846153848 0.019230769230769232
0 0.7596153846153846 0.38341346153846156 0.028846153846153848 0.019230769230769232
0 0.7403846153846154 0.38341346153846156 0.02403846153846154 0.014423076923076924
0 0.04927884615384615 0.359375 0.02403846153846154 0.019230769230769232
0 0.1346153846153846 0.3641826923076923 0.028846153846153848 0.019230769230769232
0 0.71875 0.38461538461538464 0.02403846153846154 0.019230769230769232
0 0.7980769230769231 0.38822115384615385 0.02403846153846154 0.014423076923076924
0 0.6959134615384616 0.38461538461538464 0.028846153846153848 0.02403846153846154
0 0.4098557692307692 0.3737980769230769 0.028846153846153848 0.019230769230769232
0 0.07451923076923077 0.3629807692307692 0.028846153846153848 0.019230769230769232
0 0.828125 0.38822115384615385 0.028846153846153848 0.019230769230769232
0 0.20673076923076922 0.36899038461538464 0.028846153846153848 0.014423076923076924
0 0.9230769230769231 0.3942307692307692 0.03365384615384615 0.019230769230769232
0 0.6237980769230769 0.38461538461538464 0.02403846153846154 0.009615384615384616
0 0.6634615384615384 0.38822115384615385 0.02403846153846154 0.019230769230769232
0 0.45913461538461536 0.38100961538461536 0.028846153846153848 0.019230769230769232
0 0.027644230769230768 0.36538461538461536 0.028846153846153848 0.019230769230769232
0 0.6033653846153846 0.38822115384615385 0.02403846153846154 0.019230769230769232
0 0.4387019230769231 0.38221153846153844 0.019230769230769232 0.019230769230769232
0 0.2692307692307692 0.3762019230769231 0.028846153846153848 0.019230769230769232
0 0.8533653846153846 0.39663461538461536 0.02403846153846154 0.019230769230769232
0 0.6466346153846154 0.3894230769230769 0.02403846153846154 0.019230769230769232
0 0.23798076923076922 0.3798076923076923 0.03365384615384615 0.019230769230769232
0 0.515625 0.390625 0.03365384615384615 0.019230769230769232
0 0.9891826923076923 0.40625 0.021634615384615384 0.019230769230769232
0 0.5709134615384616 0.39302884615384615 0.02403846153846154 0.014423076923076924
0 0.21153846153846154 0.38100961538461536 0.02403846153846154 0.019230769230769232
0 0.140625 0.3786057692307692 0.02403846153846154 0.019230769230769232
0 0.7055288461538461 0.39783653846153844 0.02403846153846154 0.014423076923076924
0 0.46153846153846156 0.3918269230769231 0.028846153846153848 0.019230769230769232
0 0.6213942307692307 0.39663461538461536 0.02403846153846154 0.019230769230769232
0 0.7860576923076923 0.4026442307692308 0.038461538461538464 0.02403846153846154
0 0.9086538461538461 0.4074519230769231 0.028846153846153848 0.014423076923076924
0 0.40865384615384615 0.3894230769230769 0.02403846153846154 0.019230769230769232
0 0.3137019230769231 0.3894230769230769 0.03365384615384615 0.019230769230769232
0 0.07572115384615384 0.38100961538461536 0.028846153846153848 0.019230769230769232
0 0.3942307692307692 0.3918269230769231 0.02403846153846154 0.019230769230769232
0 0.18870192307692307 0.38461538461538464 0.028846153846153848 0.014423076923076924
0 0.15625 0.38341346153846156 0.028846153846153848 0.02403846153846154
0 0.3605769230769231 0.39302884615384615 0.02403846153846154 0.014423076923076924
0 0.5841346153846154 0.40024038461538464 0.02403846153846154 0.019230769230769232
0 0.9290865384615384 0.41225961538461536 0.028846153846153848 0.014423076923076924
0 0.8305288461538461 0.41225961538461536 0.02403846153846154 0.019230769230769232
0 0.3737980769230769 0.3954326923076923 0.02403846153846154 0.014423076923076924
0 0.7307692307692307 0.40865384615384615 0.028846153846153848 0.019230769230769232
0 0.640625 0.4050480769230769 0.028846153846153848 0.019230769230769232
0 0.10336538461538461 0.3858173076923077 0.028846153846153848 0.019230769230769232
0 0.6165865384615384 0.40384615384615385 0.02403846153846154 0.014423076923076924
0 0.26802884615384615 0.3942307692307692 0.019230769230769232 0.014423076923076924
0 0.9086538461538461 0.4170673076923077 0.03365384615384615 0.014423076923076924
0 0.23918269230769232 0.3954326923076923 0.03365384615384615 0.019230769230769232
0 0.4879807692307692 0.4074519230769231 0.03365384615384615 0.019230769230769232
0 0.7560096153846154 0.41586538461538464 0.028846153846153848 0.019230769230769232
0 0.7007211538461539 0.4170673076923077 0.02403846153846154 0.019230769230769232
0 0.3389423076923077 0.40384615384615385 0.028846153846153848 0.02403846153846154
0 0.9771634615384616 0.4266826923076923 0.038461538461538464 0.019230769230769232
0 0.671875 0.4182692307692308 0.028846153846153848 0.019230769230769232
0 0.4483173076923077 0.4098557692307692 0.03365384615384615 0.019230769230769232
0 0.9603365384615384 0.42788461538461536 0.019230769230769232 0.014423076923076924
0 0.5997596153846154 0.4182692307692308 0.03365384615384615 0.019230769230769232
0 0.5048076923076923 0.41466346153846156 0.02403846153846154 0.019230769230769232
0 0.8569711538461539 0.4266826923076923 0.03365384615384615 0.019230769230769232
0 0.8052884615384616 0.42788461538461536 0.03365384615384615 0.02403846153846154
0 0.38221153846153844 0.41586538461538464 0.02403846153846154 0.019230769230769232
0 0.9423076923076923 0.43509615384615385 0.03365384615384615 0.019230769230769232
0 0.9170673076923077 0.4338942307692308 0.02403846153846154 0.019230769230769232
0 0.8930288461538461 0.4326923076923077 0.028846153846153848 0.019230769230769232
0 0.7920673076923077 0.43149038461538464 0.02403846153846154 0.019230769230769232
0 0.12740384615384615 0.4098557692307692 0.03365384615384615 0.019230769230769232
0 0.2920673076923077 0.4182692307692308 0.03365384615384615 0.02403846153846154
0 0.1622596153846154 0.41346153846153844 0.03365384615384615 0.019230769230769232
0 0.5673076923076923 0.42788461538461536 0.038461538461538464 0.019230769230769232
0 0.5180288461538461 0.42788461538461536 0.028846153846153848 0.019230769230769232
0 0.4675480769230769 0.4266826923076923 0.028846153846153848 0.019230769230769232
0 0.234375 0.4182692307692308 0.028846153846153848 0.019230769230769232
0 0.75 0.4362980769230769 0.038461538461538464 0.019230769230769232
0 0.31009615384615385 0.4206730769230769 0.02403846153846154 0.02403846153846154
0 0.2644230769230769 0.421875 0.03365384615384615 0.019230769230769232
0 0.9891826923076923 0.44711538461538464 0.021634615384615384 0.014423076923076924
0 0.6418269230769231 0.4375 0.03365384615384615 0.019230769230769232
0 0.3954326923076923 0.42908653846153844 0.028846153846153848 0.019230769230769232
0 0.8653846153846154 0.4483173076923077 0.03365384615384615 0.019230769230769232
0 0.7019230769230769 0.4423076923076923 0.038461538461538464 0.019230769230769232
0 0.8028846153846154 0.4483173076923077 0.038461538461538464 0.02403846153846154
0 0.43509615384615385 0.43509615384615385 0.03365384615384615 0.02403846153846154
0 0.33052884615384615 0.4338942307692308 0.028846153846153848 0.019230769230769232
0 0.7199519230769231 0.44711538461538464 0.02403846153846154 0.019230769230769232
0 0.21514423076923078 0.43028846153846156 0.028846153846153848 0.019230769230769232
0 0.7704326923076923 0.4519230769230769 0.03365384615384615 0.014423076923076924
0 0.9086538461538461 0.4567307692307692 0.028846153846153848 0.014423076923076924
0 0.34975961538461536 0.43990384615384615 0.019230769230769232 0.02403846153846154
0 0.030048076923076924 0.43028846153846156 0.03365384615384615 0.019230769230769232
0 0.3701923076923077 0.4423076923076923 0.028846153846153848 0.02403846153846154
0 0.14182692307692307 0.43509615384615385 0.028846153846153848 0.019230769230769232
0 0.9387019230769231 0.46274038461538464 0.028846153846153848 0.019230769230769232
0 0.32211538461538464 0.4411057692307692 0.028846153846153848 0.019230769230769232
0 0.1622596153846154 0.43509615384615385 0.028846153846153848 0.019230769230769232
0 0.6334134615384616 0.4543269230769231 0.03365384615384615 0.019230769230769232
0 0.984375 0.4651442307692308 0.03125 0.016826923076923076
0 0.7692307692307693 0.45913461538461536 0.038461538461538464 0.019230769230769232
0 0.49158653846153844 0.4519230769230769 0.028846153846153848 0.02403846153846154
0 0.44350961538461536 0.453125 0.038461538461538464 0.019230769230769232
0 0.7307692307692307 0.46634615384615385 0.028846153846153848 0.019230769230769232
0 0.23677884615384615 0.4483173076923077 0.028846153846153848 0.014423076923076924
0 0.4735576923076923 0.4567307692307692 0.028846153846153848 0.019230769230769232
0 0.6790865384615384 0.46634615384615385 0.028846153846153848 0.019230769230769232
0 0.28365384615384615 0.453125 0.028846153846153848 0.014423076923076924
0 0.6033653846153846 0.46634615384615385 0.038461538461538464 0.019230769230769232
0 0.036057692307692304 0.44711538461538464 0.038461538461538464 0.02403846153846154
0 0.6538461538461539 0.4675480769230769 0.038461538461538464 0.019230769230769232
0 0.3786057692307692 0.46274038461538464 0.03365384615384615 0.019230769230769232
0 0.3161057692307692 0.46153846153846156 0.03365384615384615 0.02403846153846154
0 0.2439903846153846 0.45913461538461536 0.03365384615384615 0.019230769230769232
0 0.5612980769230769 0.4723557692307692 0.03365384615384615 0.019230769230769232
0 0.9206730769230769 0.484375 0.028846153846153848 0.019230769230769232
0 0.010817307692307692 0.45552884615384615 0.019230769230769232 0.019230769230769232
0 0.35336538461538464 0.4675480769230769 0.038461538461538464 0.02403846153846154
0 0.5288461538461539 0.47596153846153844 0.02403846153846154 0.014423076923076924
0 0.9591346153846154 0.49038461538461536 0.028846153846153848 0.019230769230769232
0 0.12139423076923077 0.46153846153846156 0.028846153846153848 0.019230769230769232
0 0.8689903846153846 0.4879807692307692 0.028846153846153848 0.02403846153846154
0 0.5865384615384616 0.4795673076923077 0.038461538461538464 0.02403846153846154
0 0.4411057692307692 0.47475961538461536 0.038461538461538464 0.02403846153846154
0 0.890625 0.49038461538461536 0.03365384615384615 0.02403846153846154
0 0.8221153846153846 0.4879807692307692 0.03365384615384615 0.019230769230769232
0 0.7355769230769231 0.4879807692307692 0.038461538461538464 0.02403846153846154
0 0.28125 0.47475961538461536 0.019230769230769232 0.019230769230769232
0 0.15384615384615385 0.4723557692307692 0.028846153846153848 0.014423076923076924
0 0.9050480769230769 0.4987980769230769 0.02403846153846154 0.019230769230769232
0 0.04567307692307692 0.4699519230769231 0.038461538461538464 0.02403846153846154
0 0.9819711538461539 0.5036057692307693 0.036057692307692304 0.019230769230769232
0 0.2247596153846154 0.47836538461538464 0.03365384615384615 0.02403846153846154
0 0.08413461538461539 0.4735576923076923 0.03365384615384615 0.019230769230769232
0 0.5372596153846154 0.4891826923076923 0.038461538461538464 0.02403846153846154
0 0.125 0.47716346153846156 0.028846153846153848 0.014423076923076924
0 0.6370192307692307 0.4951923076923077 0.04326923076923077 0.02403846153846154
0 0.16466346153846154 0.47836538461538464 0.03365384615384615 0.019230769230769232
0 0.359375 0.4879807692307692 0.038461538461538464 0.019230769230769232
0 0.7800480769230769 0.5024038461538461 0.028846153846153848 0.019230769230769232
0 0.009615384615384616 0.4807692307692308 0.019230769230769232 0.02403846153846154
0 0.8100961538461539 0.5084134615384616 0.03365384615384615 0.02403846153846154
0 0.4723557692307692 0.4963942307692308 0.038461538461538464 0.02403846153846154
0 0.7079326923076923 0.5120192307692307 0.038461538461538464 0.02403846153846154
0 0.9170673076923077 0.5192307692307693 0.038461538461538464 0.019230769230769232
0 0.7596153846153846 0.5168269230769231 0.03365384615384615 0.028846153846153848
0 0.6778846153846154 0.515625 0.038461538461538464 0.019230769230769232
0 0.19951923076923078 0.4987980769230769 0.038461538461538464 0.02403846153846154
0 0.8401442307692307 0.5216346153846154 0.03365384615384615 0.019230769230769232
0 0.125 0.4987980769230769 0.03365384615384615 0.02403846153846154
0 0.7908653846153846 0.5240384615384616 0.03365384615384615 0.02403846153846154
0 0.37740384615384615 0.5108173076923077 0.04326923076923077 0.02403846153846154
0 0.9591346153846154 0.53125 0.03365384615384615 0.02403846153846154
0 0.9831730769230769 0.5348557692307693 0.02403846153846154 0.019230769230769232
0 0.057692307692307696 0.5024038461538461 0.038461538461538464 0.02403846153846154
0 0.4807692307692308 0.5168269230769231 0.038461538461538464 0.019230769230769232
0 0.5132211538461539 0.5228365384615384 0.038461538461538464 0.019230769230769232
0 0.22115384615384615 0.515625 0.03365384615384615 0.019230769230769232
0 0.3137019230769231 0.5216346153846154 0.038461538461538464 0.019230769230769232
0 0.08413461538461539 0.5180288461538461 0.038461538461538464 0.02403846153846154
0 0.12139423076923077 0.5240384615384616 0.038461538461538464 0.019230769230769232
0 0.5733173076923077 0.5396634615384616 0.038461538461538464 0.019230769230769232
0 0.3317307692307692 0.5384615384615384 0.04326923076923077 0.02403846153846154
0 0.7007211538461539 0.5516826923076923 0.038461538461538464 0.02403846153846154
0 0.9795673076923077 0.5625 0.036057692307692304 0.03125
0 0.25841346153846156 0.5384615384615384 0.04326923076923077 0.019230769230769232
0 0.40865384615384615 0.5444711538461539 0.04326923076923077 0.019230769230769232
0 0.49158653846153844 0.5504807692307693 0.03365384615384615 0.02403846153846154
0 0.9002403846153846 0.5649038461538461 0.04326923076923077 0.02403846153846154
0 0.8701923076923077 0.5709134615384616 0.04326923076923077 0.019230769230769232
0 0.5132211538461539 0.5576923076923077 0.04326923076923077 0.02403846153846154
0 0.6298076923076923 0.5673076923076923 0.04326923076923077 0.028846153846153848
0 0.4230769230769231 0.5625 0.04326923076923077 0.019230769230769232
0 0.09975961538461539 0.5504807692307693 0.04326923076923077 0.028846153846153848
0 0.75 0.5733173076923077 0.038461538461538464 0.028846153846153848
0 0.3329326923076923 0.5709134615384616 0.05048076923076923 0.02403846153846154
0 0.015625 0.5588942307692307 0.03125 0.026442307692307692
0 0.4326923076923077 0.578125 0.03365384615384615 0.019230769230769232
0 0.6730769230769231 0.5865384615384616 0.038461538461538464 0.02403846153846154
0 0.8016826923076923 0.5961538461538461 0.05048076923076923 0.03365384615384615
0 0.5336538461538461 0.5889423076923077 0.05048076923076923 0.028846153846153848
0 0.2860576923076923 0.5901442307692307 0.04326923076923077 0.02403846153846154
0 0.09134615384615384 0.5829326923076923 0.04326923076923077 0.028846153846153848
0 0.7283653846153846 0.6105769230769231 0.038461538461538464 0.028846153846153848
0 0.038461538461538464 0.5889423076923077 0.05048076923076923 0.03365384615384615
0 0.9483173076923077 0.6225961538461539 0.055288461538461536 0.028846153846153848
0 0.3317307692307692 0.6033653846153846 0.04807692307692308 0.02403846153846154
0 0.49399038461538464 0.6129807692307693 0.04807692307692308 0.028846153846153848
0 0.875 0.6286057692307693 0.04807692307692308 0.028846153846153848
0 0.7524038461538461 0.6286057692307693 0.04807692307692308 0.03365384615384615
0 0.8305288461538461 0.6346153846153846 0.04807692307692308 0.028846153846153848
0 0.21754807692307693 0.6177884615384616 0.03365384615384615 0.028846153846153848
0 0.18269230769230768 0.6189903846153846 0.03365384615384615 0.02403846153846154
0 0.5721153846153846 0.6370192307692307 0.055288461538461536 0.03365384615384615
0 0.3329326923076923 0.6334134615384616 0.04326923076923077 0.03365384615384615
0 0.6995192307692307 0.6646634615384616 0.05048076923076923 0.03365384615384615
0 0.8762019230769231 0.6730769230769231 0.04807692307692308 0.028846153846153848
0 0.09134615384615384 0.6502403846153846 0.052884615384615384 0.038461538461538464
0 0.8413461538461539 0.6766826923076923 0.04807692307692308 0.02403846153846154
0 0.8016826923076923 0.6778846153846154 0.038461538461538464 0.02403846153846154
0 0.17668269230769232 0.6586538461538461 0.05048076923076923 0.03365384615384615
0 0.15144230769230768 0.6598557692307693 0.05048076923076923 0.03365384615384615
0 0.3293269230769231 0.6694711538461539 0.055288461538461536 0.03365384615384615
0 0.021634615384615384 0.65625 0.04326923076923077 0.038461538461538464
0 0.7680288461538461 0.6971153846153846 0.04326923076923077 0.03365384615384615
0 0.36899038461538464 0.6850961538461539 0.04807692307692308 0.028846153846153848
0 0.5504807692307693 0.6947115384615384 0.04326923076923077 0.028846153846153848
0 0.45072115384615385 0.6959134615384616 0.04807692307692308 0.03365384615384615
0 0.6550480769230769 0.703125 0.05048076923076923 0.03365384615384615
0 0.8497596153846154 0.7199519230769231 0.04807692307692308 0.03365384615384615