0 0.05048076923076923 0.203125 0.08774038461538461 0.1201923076923077
0 0.5 0.2403846153846154 0.08774038461538461 0.12980769230769232
0 0.9399038461538461 0.25 0.055288461538461536 0.08774038461538461
0 0.6225961538461539 0.2776442307692308 0.042067307692307696 0.06971153846153846
0 0.8173076923076923 0.2776442307692308 0.03245192307692308 0.046875
0 0.9675480769230769 0.2848557692307692 0.06490384615384616 0.11057692307692307
0 0.8870192307692307 0.28725961538461536 0.03245192307692308 0.042067307692307696
0 0.15264423076923078 0.2920673076923077 0.06009615384615385 0.07451923076923077
0 0.7271634615384616 0.2920673076923077 0.042067307692307696 0.06971153846153846
0 0.5769230769230769 0.2980769230769231 0.05048076923076923 0.10216346153846154
0 0.296875 0.31009615384615385 0.06490384615384616 0.06971153846153846
0 0.8449519230769231 0.31009615384615385 0.027644230769230768 0.042067307692307696
0 0.7800480769230769 0.31971153846153844 0.037259615384615384 0.046875
0 0.37740384615384615 0.3269230769230769 0.037259615384615384 0.05048076923076923
0 0.6754807692307693 0.375 0.0829326923076923 0.125
0 0.24278846153846154 0.4855769230769231 0.10697115384615384 0.1622596153846154
0 0.7151442307692307 0.5625 0.08774038461538461 0.14302884615384615