0 0.8389423076923077 0.33774038461538464 0.014423076923076924 0.028846153846153848
0 0.6430288461538461 0.34975961538461536 0.019230769230769232 0.02403846153846154
0 0.6778846153846154 0.35336538461538464 0.009615384615384616 0.019230769230769232
0 0.43028846153846156 0.36538461538461536 0.014423076923076924 0.028846153846153848
0 0.6430288461538461 0.3581730769230769 0.014423076923076924 0.028846153846153848
0 0.37740384615384615 0.3762019230769231 0.028846153846153848 0.04326923076923077
0 0.4050480769230769 0.3786057692307692 0.019230769230769232 0.038461538461538464
0 0.5625 0.37740384615384615 0.014423076923076924 0.019230769230769232
0 0.4495192307692308 0.38341346153846156 0.019230769230769232 0.02403846153846154
0 0.7764423076923077 0.375 0.02403846153846154 0.028846153846153848
0 0.3485576923076923 0.3894230769230769 0.019230769230769232 0.03365384615384615
0 0.5817307692307693 0.38461538461538464 0.014423076923076924 0.019230769230769232
0 0.7139423076923077 0.3858173076923077 0.028846153846153848 0.038461538461538464
0 0.040865384615384616 0.40865384615384615 0.014423076923076924 0.028846153846153848
0 0.016826923076923076 0.4170673076923077 0.019230769230769232 0.038461538461538464
0 0.2439903846153846 0.4110576923076923 0.02403846153846154 0.038461538461538464
0 0.19831730769230768 0.4182692307692308 0.028846153846153848 0.038461538461538464
0 0.4963942307692308 0.4098557692307692 0.038461538461538464 0.057692307692307696
0 0.3269230769230769 0.41586538461538464 0.028846153846153848 0.04326923076923077
0 0.5456730769230769 0.41586538461538464 0.03365384615384615 0.04326923076923077
0 0.4495192307692308 0.4230769230769231 0.028846153846153848 0.038461538461538464
0 0.06009615384615385 0.4387019230769231 0.02403846153846154 0.04807692307692308
0 0.27524038461538464 0.4326923076923077 0.038461538461538464 0.052884615384615384
0 0.5949519230769231 0.421875 0.02403846153846154 0.038461538461538464
0 0.8846153846153846 0.41466346153846156 0.02403846153846154 0.038461538461538464
0 0.9170673076923077 0.41346153846153844 0.03365384615384615 0.04326923076923077
0 0.6598557692307693 0.42427884615384615 0.028846153846153848 0.04326923076923077
0 0.8569711538461539 0.4206730769230769 0.03365384615384615 0.05048076923076923
0 0.9603365384615384 0.41947115384615385 0.05048076923076923 0.07692307692307693
0 0.36778846153846156 0.44471153846153844 0.02403846153846154 0.04326923076923077
0 0.7848557692307693 0.43509615384615385 0.028846153846153848 0.05048076923076923
0 0.4050480769230769 0.4483173076923077 0.03365384615384615 0.05048076923076923
0 0.5973557692307693 0.44350961538461536 0.02403846153846154 0.03365384615384615
0 0.8076923076923077 0.4362980769230769 0.03365384615384615 0.04326923076923077
0 0.18629807692307693 0.46634615384615385 0.028846153846153848 0.038461538461538464
0 0.1466346153846154 0.47475961538461536 0.02403846153846154 0.04326923076923077
0 0.546875 0.4639423076923077 0.02403846153846154 0.04326923076923077
0 0.9206730769230769 0.45552884615384615 0.028846153846153848 0.05048076923076923
0 0.07572115384615384 0.484375 0.03365384615384615 0.055288461538461536
0 0.8942307692307693 0.46153846153846156 0.04326923076923077 0.057692307692307696
0 0.020432692307692308 0.49399038461538464 0.028846153846153848 0.04807692307692308
0 0.4483173076923077 0.4807692307692308 0.057692307692307696 0.07692307692307693
0 0.6009615384615384 0.47836538461538464 0.038461538461538464 0.0625
0 0.32211538461538464 0.49038461538461536 0.03365384615384615 0.05048076923076923
0 0.4026442307692308 0.49158653846153844 0.028846153846153848 0.04326923076923077
0 0.859375 0.47836538461538464 0.04326923076923077 0.0625
0 0.7704326923076923 0.4855769230769231 0.03365384615384615 0.04807692307692308
0 0.296875 0.5024038461538461 0.038461538461538464 0.04807692307692308
0 0.9579326923076923 0.48197115384615385 0.04326923076923077 0.052884615384615384
0 0.34975961538461536 0.5048076923076923 0.028846153846153848 0.04326923076923077
0 0.5252403846153846 0.4987980769230769 0.038461538461538464 0.052884615384615384
0 0.6730769230769231 0.4963942307692308 0.05048076923076923 0.07692307692307693
0 0.7403846153846154 0.4963942307692308 0.038461538461538464 0.0625
0 0.8100961538461539 0.49399038461538464 0.04326923076923077 0.04807692307692308
0 0.140625 0.5216346153846154 0.038461538461538464 0.0673076923076923
0 0.23677884615384615 0.5252403846153846 0.04326923076923077 0.0673076923076923
0 0.8713942307692307 0.5144230769230769 0.04567307692307692 0.07211538461538461
0 0.7139423076923077 0.5252403846153846 0.05048076923076923 0.07692307692307693
0 0.2932692307692308 0.5444711538461539 0.04326923076923077 0.0673076923076923
0 0.9615384615384616 0.5240384615384616 0.04326923076923077 0.0625
0 0.3713942307692308 0.546875 0.04326923076923077 0.0673076923076923
0 0.8257211538461539 0.5336538461538461 0.05048076923076923 0.07211538461538461
0 0.3389423076923077 0.5504807692307693 0.038461538461538464 0.052884615384615384
0 0.90625 0.5360576923076923 0.04326923076923077 0.052884615384615384
0 0.5528846153846154 0.5516826923076923 0.057692307692307696 0.07692307692307693
0 0.6574519230769231 0.5588942307692307 0.038461538461538464 0.0673076923076923
0 0.18269230769230768 0.5805288461538461 0.05048076923076923 0.07932692307692307
0 0.08533653846153846 0.5865384615384616 0.04326923076923077 0.0673076923076923
0 0.4543269230769231 0.5757211538461539 0.04326923076923077 0.0673076923076923
0 0.9254807692307693 0.5637019230769231 0.04326923076923077 0.052884615384615384
0 0.6274038461538461 0.5757211538461539 0.0625 0.09375
0 0.03125 0.5997596153846154 0.052884615384615384 0.07932692307692307
0 0.7427884615384616 0.5769230769230769 0.057692307692307696 0.0985576923076923
0 0.20552884615384615 0.5961538461538461 0.04567307692307692 0.07211538461538461
0 0.5216346153846154 0.5889423076923077 0.052884615384615384 0.07692307692307693
0 0.7836538461538461 0.5853365384615384 0.05048076923076923 0.07692307692307693
0 0.8689903846153846 0.5817307692307693 0.04567307692307692 0.07692307692307693
0 0.4338942307692308 0.609375 0.052884615384615384 0.0889423076923077
0 0.8317307692307693 0.6105769230769231 0.0625 0.07692307692307693
0 0.5649038461538461 0.6225961538461539 0.05048076923076923 0.07692307692307693
0 0.3173076923076923 0.6334134615384616 0.06971153846153846 0.10817307692307693
0 0.14543269230769232 0.6466346153846154 0.0889423076923077 0.1466346153846154
0 0.48677884615384615 0.6370192307692307 0.0673076923076923 0.10336538461538461
0 0.9447115384615384 0.6274038461538461 0.057692307692307696 0.0673076923076923
0 0.9855769230769231 0.6274038461538461 0.028846153846153848 0.07692307692307693
0 0.6826923076923077 0.6442307692307693 0.0673076923076923 0.0889423076923077
0 0.07211538461538461 0.703125 0.0625 0.10336538461538461
0 0.38221153846153844 0.6947115384615384 0.08173076923076923 0.13701923076923078
0 0.890625 0.6814903846153846 0.07211538461538461 0.0985576923076923
0 0.5516826923076923 0.7211538461538461 0.06490384615384616 0.10817307692307693
0 0.7848557692307693 0.765625 0.06490384615384616 0.14903846153846154
0 0.7451923076923077 0.7692307692307693 0.08173076923076923 0.12259615384615384
0 0.6394230769230769 0.7728365384615384 0.11538461538461539 0.1466346153846154
0 0.9663461538461539 0.7680288461538461 0.0673076923076923 0.12259615384615384
0 0.140625 0.8137019230769231 0.10096153846153846 0.10096153846153846
0 0.03365384615384615 0.8605769230769231 0.04807692307692308 0.1466346153846154
0 0.16346153846153846 0.8774038461538461 0.08653846153846154 0.13701923076923078
0 0.31009615384615385 0.8870192307692307 0.10336538461538461 0.17067307692307693
0 0.42788461538461536 0.8846153846153846 0.10336538461538461 0.1466346153846154
0 0.9507211538461539 0.8858173076923077 0.0985576923076923 0.16105769230769232
0 0.11057692307692307 0.9435096153846154 0.10096153846153846 0.11298076923076923