0 0.91171875 0.33828125 0.0375 0.0328125
0 0.6140625 0.3375 0.025 0.025
0 0.99296875 0.35234375 0.0140625 0.0609375
0 0.95703125 0.35859375 0.053125 0.0671875
0 0.521875 0.3453125 0.04375 0.0515625
0 0.55390625 0.353125 0.025 0.0328125
0 0.59609375 0.3546875 0.025 0.025
0 0.82890625 0.365625 0.0375 0.0421875
0 0.24609375 0.3453125 0.034375 0.046875
0 0.428125 0.365625 0.0296875 0.046875
0 0.7453125 0.3765625 0.0375 0.0328125
0 0.36796875 0.365625 0.034375 0.046875
0 0.41171875 0.36953125 0.0203125 0.0375
0 0.32421875 0.36640625 0.0328125 0.0421875
0 0.47890625 0.371875 0.0484375 0.0625
0 0.8953125 0.3890625 0.0484375 0.0671875
0 0.4515625 0.3734375 0.025 0.0375
0 0.8625 0.3921875 0.0328125 0.0421875
0 0.559375 0.38203125 0.0390625 0.0515625
0 0.925 0.39453125 0.0296875 0.046875
0 0.6171875 0.38828125 0.0484375 0.0671875
0 0.69609375 0.39140625 0.0296875 0.0328125
0 0.40234375 0.38359375 0.025 0.0328125
0 0.58515625 0.38984375 0.0296875 0.0421875
0 0.2796875 0.3859375 0.0390625 0.046875
0 0.04296875 0.38671875 0.0671875 0.08125
0 0.81328125 0.41640625 0.0625 0.0765625
0 0.71640625 0.42421875 0.0296875 0.0515625
0 0.759375 0.43984375 0.04375 0.0609375
0 0.31171875 0.44296875 0.0625 0.0859375
0 0.3953125 0.44765625 0.0484375 0.0765625
0 0.35546875 0.45390625 0.0484375 0.053125
0 0.2421875 0.45625 0.0625 0.0859375
0 0.17109375 0.48828125 0.071875 0.090625