0 0.46274038461538464 0.10576923076923077 0.04326923076923077 0.06009615384615385
0 0.18269230769230768 0.1045673076923077 0.05048076923076923 0.06490384615384616
0 0.6850961538461539 0.12139423076923077 0.038461538461538464 0.06490384615384616
0 0.27163461538461536 0.11658653846153846 0.04807692307692308 0.05048076923076923
0 0.4182692307692308 0.12379807692307693 0.04326923076923077 0.055288461538461536
0 0.9338942307692307 0.1346153846153846 0.02403846153846154 0.055288461538461536
0 0.3581730769230769 0.12980769230769232 0.05048076923076923 0.055288461538461536
0 0.515625 0.13221153846153846 0.038461538461538464 0.06490384615384616
0 0.46153846153846156 0.013221153846153846 0.02403846153846154 0.026442307692307692
0 0.8858173076923077 0.14182692307692307 0.04326923076923077 0.055288461538461536
0 0.6165865384615384 0.14783653846153846 0.04326923076923077 0.06009615384615385
0 0.7115384615384616 0.14903846153846154 0.038461538461538464 0.055288461538461536
0 0.9795673076923077 0.15985576923076922 0.040865384615384616 0.055288461538461536
0 0.7956730769230769 0.15985576923076922 0.04326923076923077 0.04326923076923077
0 0.7487980769230769 0.171875 0.038461538461538464 0.055288461538461536
0 0.8389423076923077 0.17548076923076922 0.03365384615384615 0.055288461538461536
0 0.04567307692307692 0.16105769230769232 0.038461538461538464 0.06490384615384616
0 0.39302884615384615 0.16947115384615385 0.052884615384615384 0.06971153846153846
0 0.21634615384615385 0.16826923076923078 0.055288461538461536 0.06490384615384616
0 0.4411057692307692 0.17668269230769232 0.05048076923076923 0.055288461538461536
0 0.32091346153846156 0.17908653846153846 0.04807692307692308 0.055288461538461536
0 0.9459134615384616 0.19230769230769232 0.03365384615384615 0.055288461538461536
0 0.5444711538461539 0.19110576923076922 0.052884615384615384 0.06971153846153846
0 0.2536057692307692 0.18509615384615385 0.055288461538461536 0.05048076923076923
0 0.8894230769230769 0.2091346153846154 0.038461538461538464 0.04807692307692308
0 0.32091346153846156 0.018028846153846152 0.036057692307692304 0.036057692307692304
0 0.15985576923076922 0.20192307692307693 0.057692307692307696 0.07451923076923077
0 0.7668269230769231 0.21514423076923078 0.04326923076923077 0.05048076923076923
0 0.07932692307692307 0.20552884615384615 0.052884615384615384 0.07451923076923077
0 0.9795673076923077 0.2247596153846154 0.040865384615384616 0.055288461538461536
0 0.49759615384615385 0.21754807692307693 0.04807692307692308 0.04326923076923077
0 0.8545673076923077 0.23557692307692307 0.038461538461538464 0.055288461538461536
0 0.7019230769230769 0.23317307692307693 0.04807692307692308 0.07932692307692307
0 0.43990384615384615 0.23317307692307693 0.04807692307692308 0.06009615384615385
0 0.21754807692307693 0.23798076923076922 0.07692307692307693 0.07692307692307693
0 0.38461538461538464 0.24519230769230768 0.07211538461538461 0.0985576923076923
0 0.5925480769230769 0.25600961538461536 0.052884615384615384 0.07451923076923077
0 0.7908653846153846 0.2620192307692308 0.038461538461538464 0.06490384615384616
0 0.028846153846153848 0.25961538461538464 0.052884615384615384 0.09375
0 0.29086538461538464 0.2644230769230769 0.057692307692307696 0.08413461538461539
0 0.4567307692307692 0.2668269230769231 0.057692307692307696 0.06971153846153846
0 0.6658653846153846 0.27283653846153844 0.052884615384615384 0.06971153846153846
0 0.8834134615384616 0.28725961538461536 0.052884615384615384 0.06971153846153846
0 0.7487980769230769 0.2920673076923077 0.04807692307692308 0.07451923076923077
0 0.9435096153846154 0.296875 0.04326923076923077 0.055288461538461536
0 0.5132211538461539 0.29447115384615385 0.04807692307692308 0.07451923076923077
0 0.0985576923076923 0.29086538461538464 0.0625 0.06971153846153846
0 0.6935096153846154 0.30649038461538464 0.057692307692307696 0.07451923076923077
0 0.25841346153846156 0.027644230769230768 0.06009615384615385 0.055288461538461536
0 0.9819711538461539 0.31850961538461536 0.036057692307692304 0.07451923076923077
0 0.828125 0.32572115384615385 0.04807692307692308 0.07932692307692307
0 0.47115384615384615 0.31971153846153844 0.06009615384615385 0.06490384615384616
0 0.2536057692307692 0.31971153846153844 0.052884615384615384 0.09375
0 0.4170673076923077 0.3317307692307692 0.05048076923076923 0.06490384615384616
0 0.19230769230769232 0.328125 0.08413461538461539 0.09375
0 0.039663461538461536 0.33653846153846156 0.057692307692307696 0.08413461538461539
0 0.921875 0.36177884615384615 0.057692307692307696 0.06971153846153846
0 0.6117788461538461 0.35697115384615385 0.0625 0.09375
0 0.3329326923076923 0.35216346153846156 0.057692307692307696 0.11538461538461539
0 0.7668269230769231 0.36177884615384615 0.06490384615384616 0.06490384615384616
0 0.5600961538461539 0.3605769230769231 0.0673076923076923 0.09375
0 0.7127403846153846 0.3629807692307692 0.052884615384615384 0.07451923076923077
0 0.36538461538461536 0.3605769230769231 0.07211538461538461 0.10817307692307693
0 0.11298076923076923 0.36778846153846156 0.07932692307692307 0.0673076923076923
0 0.9795673076923077 0.3954326923076923 0.040865384615384616 0.06490384615384616
0 0.02403846153846154 0.40024038461538464 0.04807692307692308 0.11057692307692307
0 0.8605769230769231 0.4230769230769231 0.08413461538461539 0.13221153846153846
0 0.4543269230769231 0.4182692307692308 0.07692307692307693 0.12740384615384615
0 0.9411057692307693 0.4567307692307692 0.0673076923076923 0.10817307692307693
0 0.08653846153846154 0.4483173076923077 0.0625 0.10336538461538461
0 0.18389423076923078 0.4543269230769231 0.09375 0.0625
0 0.32211538461538464 0.46634615384615385 0.07211538461538461 0.11538461538461539
0 0.7980769230769231 0.48197115384615385 0.09375 0.12740384615384615
0 0.04807692307692308 0.039663461538461536 0.04326923076923077 0.04807692307692308
0 0.5673076923076923 0.49158653846153844 0.07211538461538461 0.125
0 0.671875 0.5324519230769231 0.0985576923076923 0.0985576923076923
0 0.359375 0.5372596153846154 0.0625 0.0889423076923077
0 0.203125 0.04807692307692308 0.04807692307692308 0.04807692307692308
0 0.5841346153846154 0.056490384615384616 0.038461538461538464 0.05048076923076923
0 0.08533653846153846 0.04807692307692308 0.038461538461538464 0.055288461538461536
0 0.14423076923076922 0.5540865384615384 0.08413461538461539 0.12740384615384615
0 0.4567307692307692 0.054086538461538464 0.03365384615384615 0.038461538461538464
0 0.4519230769230769 0.5661057692307693 0.10817307692307693 0.0889423076923077
0 0.6298076923076923 0.06009615384615385 0.038461538461538464 0.05048076923076923
0 0.037259615384615384 0.5757211538461539 0.07451923076923077 0.12259615384615384
0 0.9266826923076923 0.6045673076923077 0.08413461538461539 0.11778846153846154
0 0.8473557692307693 0.6213942307692307 0.07211538461538461 0.12980769230769232
0 0.23557692307692307 0.6129807692307693 0.10096153846153846 0.15384615384615385
0 0.7872596153846154 0.6418269230769231 0.0889423076923077 0.0889423076923077
0 0.125 0.05889423076923077 0.055288461538461536 0.04807692307692308
0 0.41466346153846156 0.06370192307692307 0.04326923076923077 0.04807692307692308
0 0.15745192307692307 0.05889423076923077 0.028846153846153848 0.04807692307692308
0 0.41466346153846156 0.6586538461538461 0.0985576923076923 0.13701923076923078
0 0.3269230769230769 0.6730769230769231 0.10576923076923077 0.14182692307692307
0 0.6033653846153846 0.7019230769230769 0.10576923076923077 0.16346153846153846
0 0.7451923076923077 0.07692307692307693 0.03365384615384615 0.03365384615384615
0 0.10216346153846154 0.75 0.08653846153846154 0.14903846153846154
0 0.33413461538461536 0.07451923076923077 0.038461538461538464 0.04326923076923077
0 0.03485576923076923 0.75 0.06971153846153846 0.1875
0 0.7427884615384616 0.7704326923076923 0.11057692307692307 0.17307692307692307
0 0.9423076923076923 0.7872596153846154 0.10096153846153846 0.17307692307692307
0 0.8173076923076923 0.7836538461538461 0.11778846153846154 0.17307692307692307
0 0.38341346153846156 0.8221153846153846 0.12259615384615384 0.14423076923076922
0 0.8894230769230769 0.09495192307692307 0.04326923076923077 0.05048076923076923
0 0.7992788461538461 0.1045673076923077 0.038461538461538464 0.04326923076923077
0 0.03485576923076923 0.09375 0.038461538461538464 0.05048076923076923