0 0.57890625 0.7921875 0.10625 0.1484375
0 0.1359375 0.7921875 0.096875 0.1421875
0 0.30234375 0.8953125 0.0921875 0.178125
0 0.37265625 0.93125 0.1359375 0.1234375
0 0.55859375 0.94609375 0.1171875 0.1078125
0 0.1921875 0.94453125 0.0984375 0.0609375
0 0.22890625 0.2921875 0.03125 0.034375
0 0.27421875 0.30390625 0.028125 0.0484375
0 0.7109375 0.35234375 0.0296875 0.0265625
0 0.5453125 0.33515625 0.021875 0.0296875
0 0.33125 0.3125 0.0265625 0.0296875
0 0.63203125 0.346875 0.0359375 0.040625
0 0.93359375 0.38046875 0.03125 0.0390625
0 0.8328125 0.3703125 0.03125 0.0390625
0 0.1671875 0.3 0.0359375 0.040625
0 0.45703125 0.3328125 0.028125 0.0484375
0 0.50234375 0.33984375 0.0265625 0.0390625
0 0.29375 0.31796875 0.03125 0.034375
0 0.52578125 0.3421875 0.028125 0.0484375
0 0.396875 0.33125 0.025 0.025
0 0.3796875 0.33359375 0.0265625 0.034375
0 0.8546875 0.38359375 0.0265625 0.034375
0 0.4375 0.33984375 0.021875 0.025
0 0.875 0.38515625 0.021875 0.0390625
0 0.66328125 0.365625 0.021875 0.034375
0 0.8953125 0.38984375 0.0328125 0.04375
0 0.95703125 0.4015625 0.0359375 0.0484375
0 0.35 0.3375 0.025 0.021875
0 0.73203125 0.3796875 0.0328125 0.0484375
0 0.8046875 0.3875 0.0265625 0.0296875
0 0.5796875 0.3640625 0.0234375 0.053125
0 0.68984375 0.378125 0.0234375 0.04375
0 0.91953125 0.40390625 0.0328125 0.0484375
0 0.125 0.3234375 0.0328125 0.0484375
0 0.62265625 0.375 0.0296875 0.0265625
0 0.40390625 0.35234375 0.0296875 0.0265625
0 0.32109375 0.34375 0.028125 0.04375
0 0.55078125 0.3703125 0.0328125 0.0484375
0 0.77890625 0.39453125 0.0328125 0.0484375
0 0.59921875 0.37734375 0.0234375 0.04375
0 0.7 0.390625 0.0328125 0.04375
0 0.29921875 0.35078125 0.0265625 0.034375
0 0.2484375 0.3453125 0.0375 0.053125
0 0.4828125 0.37265625 0.0328125 0.04375
0 0.19765625 0.34453125 0.0203125 0.0203125
0 0.2203125 0.34765625 0.03125 0.034375
0 0.97578125 0.4265625 0.0328125 0.053125
0 0.44609375 0.3734375 0.0265625 0.0296875
0 0.334375 0.36875 0.0171875 0.0375
0 0.175 0.3546875 0.0328125 0.053125
0 0.41875 0.38203125 0.0359375 0.04375
0 0.15 0.35625 0.0421875 0.059375
0 0.821875 0.4296875 0.0375 0.053125
0 0.846875 0.43671875 0.0234375 0.04375
0 0.3515625 0.384375 0.0375 0.0578125
0 0.2890625 0.3828125 0.03125 0.03125
0 0.74453125 0.43046875 0.0234375 0.04375
0 0.71953125 0.43203125 0.0234375 0.04375
0 0.6015625 0.41953125 0.0296875 0.0578125
0 0.10625 0.3671875 0.034375 0.03125
0 0.20078125 0.3796875 0.0234375 0.04375
0 0.9421875 0.4578125 0.0421875 0.059375
0 0.65625 0.43203125 0.040625 0.05
0 0.628125 0.43203125 0.0375 0.0625
0 0.390625 0.409375 0.0296875 0.0578125
0 0.53359375 0.4265625 0.0484375 0.06875
0 0.765625 0.453125 0.0390625 0.0671875
0 0.21796875 0.3984375 0.0375 0.0578125
0 0.0265625 0.38046875 0.0390625 0.071875
0 0.44453125 0.42890625 0.0390625 0.0671875
0 0.0203125 0.3890625 0.03125 0.0765625
0 0.48515625 0.43828125 0.04375 0.06875
0 0.0890625 0.403125 0.0328125 0.053125
0 0.4125 0.43984375 0.046875 0.059375
0 0.61015625 0.465625 0.0265625 0.0390625
0 0.29140625 0.44609375 0.04375 0.0734375
0 0.83203125 0.5109375 0.0375 0.053125
0 0.72421875 0.51171875 0.0546875 0.046875
0 0.115625 0.4546875 0.0625 0.0796875
0 0.59453125 0.5078125 0.046875 0.0640625
0 0.4046875 0.50390625 0.0484375 0.06875
0 0.44296875 0.5125 0.0453125 0.0828125
0 0.2859375 0.49609375 0.0328125 0.0171875
0 0.05546875 0.47421875 0.046875 0.0640625
0 0.75234375 0.5546875 0.0296875 0.0625
0 0.8109375 0.57421875 0.05 0.0828125
0 0.28828125 0.521875 0.0625 0.034375
0 0.77421875 0.575 0.05 0.0875
0 0.70703125 0.56796875 0.071875 0.071875
0 0.16875 0.528125 0.0609375 0.065625
0 0.1375 0.54140625 0.0453125 0.0453125
0 0.371875 0.565625 0.0484375 0.06875
0 0.01875 0.5421875 0.0375 0.11875
0 0.53046875 0.6078125 0.0546875 0.0875
0 0.33046875 0.59140625 0.04375 0.078125
0 0.753125 0.63828125 0.053125 0.0734375
0 0.83984375 0.65234375 0.0734375 0.1
0 0.59296875 0.63515625 0.0640625 0.084375
0 0.2765625 0.60703125 0.075 0.1078125
0 0.0671875 0.5921875 0.046875 0.0546875
0 0.95859375 0.69765625 0.0515625 0.1515625
0 0.13125 0.61953125 0.05 0.0921875
0 0.69453125 0.68984375 0.0765625 0.1171875
0 0.35390625 0.69453125 0.1 0.125