0 0.6322115384615384 0.1201923076923077 0.055288461538461536 0.06971153846153846
0 0.14302884615384615 0.13221153846153846 0.06009615384615385 0.1201923076923077
0 0.08774038461538461 0.14783653846153846 0.06009615384615385 0.11057692307692307
0 0.6225961538461539 0.14783653846153846 0.037259615384615384 0.078125
0 0.5649038461538461 0.1502403846153846 0.046875 0.09735576923076923
0 0.3870192307692308 0.15504807692307693 0.07451923076923077 0.078125
0 0.28725961538461536 0.16706730769230768 0.05048076923076923 0.09735576923076923
0 0.7548076923076923 0.16706730769230768 0.06009615384615385 0.11538461538461539
0 0.4795673076923077 0.16706730769230768 0.06971153846153846 0.1201923076923077
0 0.018028846153846152 0.16826923076923078 0.036057692307692304 0.07692307692307693
0 0.33052884615384615 0.18269230769230768 0.042067307692307696 0.09254807692307693
0 0.20552884615384615 0.19230769230769232 0.078125 0.10216346153846154
0 0.8052884615384616 0.20552884615384615 0.05048076923076923 0.11057692307692307
0 0.8569711538461539 0.20552884615384615 0.055288461538461536 0.11057692307692307
0 0.890625 0.2127403846153846 0.046875 0.0829326923076923
0 0.734375 0.22235576923076922 0.055288461538461536 0.1201923076923077
0 0.6802884615384616 0.23197115384615385 0.06490384615384616 0.13942307692307693
0 0.07692307692307693 0.24519230769230768 0.06009615384615385 0.1201923076923077
0 0.9807692307692307 0.25 0.038461538461538464 0.11538461538461539
0 0.6274038461538461 0.2548076923076923 0.055288461538461536 0.125
0 0.020432692307692308 0.25961538461538464 0.040865384615384616 0.1201923076923077
0 0.3894230769230769 0.265625 0.07451923076923077 0.17548076923076922
0 0.5649038461538461 0.2800480769230769 0.06490384615384616 0.12980769230769232
0 0.4579326923076923 0.2920673076923077 0.06009615384615385 0.12980769230769232
0 0.29447115384615385 0.2920673076923077 0.07451923076923077 0.1346153846153846
0 0.9555288461538461 0.296875 0.06009615384615385 0.125
0 0.921875 0.30528846153846156 0.06490384615384616 0.11057692307692307
0 0.7103365384615384 0.32211538461538464 0.07451923076923077 0.0829326923076923
0 0.2247596153846154 0.3245192307692308 0.06490384615384616 0.125
0 0.7980769230769231 0.33052884615384615 0.055288461538461536 0.09735576923076923
0 0.36778846153846156 0.33533653846153844 0.055288461538461536 0.13942307692307693
0 0.13942307692307693 0.34975961538461536 0.06971153846153846 0.06971153846153846
0 0.3401442307692308 0.35216346153846156 0.06490384615384616 0.15264423076923078
0 0.7872596153846154 0.3870192307692308 0.0829326923076923 0.15745192307692307
0 0.2824519230769231 0.3894230769230769 0.07451923076923077 0.14302884615384615
0 0.7596153846153846 0.4423076923076923 0.078125 0.12980769230769232
0 0.8846153846153846 0.4519230769230769 0.09254807692307693 0.13942307692307693
0 0.1201923076923077 0.046875 0.05048076923076923 0.078125
0 0.22716346153846154 0.45552884615384615 0.078125 0.14783653846153846
0 0.21754807692307693 0.5600961538461539 0.10216346153846154 0.18509615384615385
0 0.171875 0.609375 0.1346153846153846 0.22716346153846154
0 0.7704326923076923 0.609375 0.14783653846153846 0.18028846153846154
0 0.6550480769230769 0.6129807692307693 0.0829326923076923 0.18028846153846154
0 0.04807692307692308 0.07451923076923077 0.05048076923076923 0.078125
0 0.203125 0.07692307692307693 0.055288461538461536 0.09735576923076923
0 0.3798076923076923 0.07692307692307693 0.037259615384615384 0.06971153846153846
0 0.8449519230769231 0.7704326923076923 0.1201923076923077 0.24519230769230768
0 0.25721153846153844 0.08774038461538461 0.046875 0.07451923076923077
0 0.11538461538461539 0.8846153846153846 0.15745192307692307 0.22235576923076922
0 0.33533653846153844 0.09014423076923077 0.06009615384615385 0.0829326923076923