0 0.4543269230769231 0.265625 0.019230769230769232 0.028846153846153848
0 0.7884615384615384 0.32211538461538464 0.021634615384615384 0.026442307692307692
0 0.8870192307692307 0.34375 0.021634615384615384 0.028846153846153848
0 0.9302884615384616 0.3581730769230769 0.021634615384615384 0.03365384615384615
0 0.7896634615384616 0.35336538461538464 0.016826923076923076 0.026442307692307692
0 0.46274038461538464 0.30528846153846156 0.019230769230769232 0.026442307692307692
0 0.7079326923076923 0.3473557692307692 0.021634615384615384 0.03125
0 0.7475961538461539 0.3545673076923077 0.019230769230769232 0.026442307692307692
0 0.5 0.3233173076923077 0.016826923076923076 0.026442307692307692
0 0.890625 0.4266826923076923 0.026442307692307692 0.03365384615384615
0 0.8425480769230769 0.421875 0.021634615384615384 0.028846153846153848
0 0.7896634615384616 0.42427884615384615 0.021634615384615384 0.03365384615384615
0 0.9891826923076923 0.46033653846153844 0.021634615384615384 0.036057692307692304
0 0.4951923076923077 0.38221153846153844 0.026442307692307692 0.038461538461538464
0 0.31971153846153844 0.35697115384615385 0.009615384615384616 0.014423076923076924
0 0.5865384615384616 0.40625 0.026442307692307692 0.036057692307692304
0 0.7331730769230769 0.43149038461538464 0.019230769230769232 0.03125
0 0.12139423076923077 0.3425480769230769 0.026442307692307692 0.036057692307692304
0 0.40865384615384615 0.3894230769230769 0.021634615384615384 0.03125
0 0.1658653846153846 0.3557692307692308 0.028846153846153848 0.040865384615384616
0 0.30649038461538464 0.38100961538461536 0.02403846153846154 0.03125
0 0.5576923076923077 0.42427884615384615 0.026442307692307692 0.03365384615384615
0 0.8605769230769231 0.4723557692307692 0.02403846153846154 0.03125
0 0.026442307692307692 0.3401442307692308 0.019230769230769232 0.036057692307692304
0 0.19831730769230768 0.3786057692307692 0.026442307692307692 0.040865384615384616
0 0.38822115384615385 0.4098557692307692 0.026442307692307692 0.038461538461538464
0 0.8365384615384616 0.4879807692307692 0.02403846153846154 0.036057692307692304
0 0.3737980769230769 0.4170673076923077 0.02403846153846154 0.038461538461538464
0 0.7403846153846154 0.47475961538461536 0.026442307692307692 0.036057692307692304
0 0.6141826923076923 0.45552884615384615 0.03125 0.04567307692307692
0 0.46033653846153844 0.43149038461538464 0.021634615384615384 0.03125
0 0.8581730769230769 0.5048076923076923 0.028846153846153848 0.038461538461538464
0 0.31490384615384615 0.421875 0.028846153846153848 0.038461538461538464
0 0.5637019230769231 0.4639423076923077 0.02403846153846154 0.03365384615384615
0 0.057692307692307696 0.38461538461538464 0.03365384615384615 0.04326923076923077
0 0.5096153846153846 0.46033653846153844 0.02403846153846154 0.03365384615384615
0 0.1658653846153846 0.4098557692307692 0.028846153846153848 0.04326923076923077
0 0.39663461538461536 0.4699519230769231 0.03365384615384615 0.04807692307692308
0 0.7560096153846154 0.53125 0.021634615384615384 0.03365384615384615
0 0.08653846153846154 0.42908653846153844 0.03125 0.04567307692307692
0 0.44711538461538464 0.48677884615384615 0.03125 0.04567307692307692
0 0.13942307692307693 0.4375 0.03365384615384615 0.04807692307692308
0 0.5276442307692307 0.5012019230769231 0.026442307692307692 0.036057692307692304
0 0.26322115384615385 0.46033653846153844 0.026442307692307692 0.04326923076923077
0 0.34615384615384615 0.4831730769230769 0.028846153846153848 0.040865384615384616
0 0.6778846153846154 0.5396634615384616 0.03365384615384615 0.04567307692307692
0 0.18389423076923078 0.4651442307692308 0.03365384615384615 0.04567307692307692
0 0.038461538461538464 0.44711538461538464 0.03125 0.04567307692307692
0 0.4206730769230769 0.5108173076923077 0.026442307692307692 0.038461538461538464
0 0.5144230769230769 0.5264423076923077 0.028846153846153848 0.040865384615384616
0 0.3125 0.5024038461538461 0.028846153846153848 0.04326923076923077
0 0.7331730769230769 0.5709134615384616 0.026442307692307692 0.036057692307692304
0 0.08774038461538461 0.4735576923076923 0.026442307692307692 0.04326923076923077
0 0.12139423076923077 0.5 0.03125 0.04567307692307692
0 0.40384615384615385 0.5516826923076923 0.03125 0.04807692307692308
0 0.7788461538461539 0.6153846153846154 0.028846153846153848 0.040865384615384616
0 0.05889423076923077 0.5144230769230769 0.04567307692307692 0.05048076923076923
0 0.6634615384615384 0.609375 0.036057692307692304 0.052884615384615384
0 0.5084134615384616 0.59375 0.026442307692307692 0.036057692307692304
0 0.32572115384615385 0.5685096153846154 0.028846153846153848 0.04326923076923077
0 0.14543269230769232 0.5396634615384616 0.036057692307692304 0.052884615384615384
0 0.8473557692307693 0.6586538461538461 0.03125 0.038461538461538464
0 0.29086538461538464 0.5733173076923077 0.03365384615384615 0.05048076923076923
0 0.5961538461538461 0.6286057692307693 0.036057692307692304 0.04807692307692308
0 0.7956730769230769 0.6598557692307693 0.036057692307692304 0.052884615384615384
0 0.021634615384615384 0.5396634615384616 0.03365384615384615 0.04567307692307692
0 0.4387019230769231 0.6081730769230769 0.038461538461538464 0.052884615384615384
0 0.22956730769230768 0.5865384615384616 0.028846153846153848 0.04807692307692308
0 0.9326923076923077 0.7019230769230769 0.040865384615384616 0.055288461538461536
0 0.8930288461538461 0.7007211538461539 0.03125 0.04567307692307692
0 0.8028846153846154 0.7163461538461539 0.03125 0.05048076923076923
0 0.3545673076923077 0.6466346153846154 0.038461538461538464 0.055288461538461536
0 0.20192307692307693 0.6225961538461539 0.036057692307692304 0.05048076923076923
0 0.5228365384615384 0.6754807692307693 0.036057692307692304 0.04567307692307692
0 0.921875 0.7620192307692307 0.04567307692307692 0.052884615384615384
0 0.2800480769230769 0.6598557692307693 0.040865384615384616 0.052884615384615384
0 0.10576923076923077 0.6502403846153846 0.04567307692307692 0.0625
0 0.38100961538461536 0.7091346153846154 0.036057692307692304 0.06009615384615385
0 0.796875 0.7800480769230769 0.04567307692307692 0.055288461538461536
0 0.6622596153846154 0.7596153846153846 0.03365384615384615 0.04807692307692308
0 0.5649038461538461 0.7439903846153846 0.04326923076923077 0.06009615384615385