0 0.6682692307692307 0.23557692307692307 0.019230769230769232 0.01201923076923077
0 0.5889423076923077 0.24639423076923078 0.03125 0.036057692307692304
0 0.7283653846153846 0.23677884615384615 0.03125 0.04567307692307692
0 0.828125 0.22596153846153846 0.026442307692307692 0.03365384615384615
0 0.6177884615384616 0.2512019230769231 0.03125 0.03125
0 0.7848557692307693 0.23918269230769232 0.03365384615384615 0.052884615384615384
0 0.8689903846153846 0.23076923076923078 0.036057692307692304 0.04567307692307692
0 0.7043269230769231 0.25240384615384615 0.036057692307692304 0.04567307692307692
0 0.8028846153846154 0.2439903846153846 0.03125 0.040865384615384616
0 0.8329326923076923 0.24879807692307693 0.021634615384615384 0.03365384615384615
0 0.765625 0.2536057692307692 0.026442307692307692 0.038461538461538464
0 0.5673076923076923 0.27403846153846156 0.038461538461538464 0.057692307692307696
0 0.9002403846153846 0.24158653846153846 0.04326923076923077 0.055288461538461536
0 0.6610576923076923 0.2668269230769231 0.021634615384615384 0.03365384615384615
0 0.6021634615384616 0.27524038461538464 0.03125 0.040865384615384616
0 0.6370192307692307 0.2764423076923077 0.036057692307692304 0.040865384615384616
0 0.6850961538461539 0.2692307692307692 0.03125 0.036057692307692304
0 0.5276442307692307 0.29927884615384615 0.04807692307692308 0.06490384615384616
0 0.6382211538461539 0.28966346153846156 0.026442307692307692 0.038461538461538464
0 0.8389423076923077 0.27524038461538464 0.040865384615384616 0.04567307692307692
0 0.7067307692307693 0.29927884615384615 0.03125 0.036057692307692304
0 0.7295673076923077 0.29447115384615385 0.021634615384615384 0.038461538461538464
0 0.6598557692307693 0.31490384615384615 0.036057692307692304 0.05048076923076923
0 0.7560096153846154 0.30528846153846156 0.04807692307692308 0.06971153846153846
0 0.5997596153846154 0.3245192307692308 0.038461538461538464 0.052884615384615384
0 0.9362980769230769 0.28846153846153844 0.057692307692307696 0.07451923076923077
0 0.6862980769230769 0.3293269230769231 0.052884615384615384 0.07451923076923077
0 0.7259615384615384 0.328125 0.036057692307692304 0.03125
0 0.90625 0.3269230769230769 0.0625 0.06971153846153846
0 0.6646634615384616 0.36658653846153844 0.038461538461538464 0.057692307692307696
0 0.44591346153846156 0.3918269230769231 0.052884615384615384 0.06490384615384616
0 0.7391826923076923 0.36177884615384615 0.038461538461538464 0.0625
0 0.7788461538461539 0.3629807692307692 0.04326923076923077 0.0673076923076923
0 0.36778846153846156 0.4110576923076923 0.038461538461538464 0.057692307692307696
0 0.6346153846153846 0.38822115384615385 0.04807692307692308 0.06971153846153846
0 0.5528846153846154 0.40625 0.04567307692307692 0.040865384615384616
0 0.16826923076923078 0.4519230769230769 0.0625 0.07932692307692307
0 0.49399038461538464 0.41947115384615385 0.038461538461538464 0.0625
0 0.875 0.38341346153846156 0.055288461538461536 0.08173076923076923
0 0.8509615384615384 0.4026442307692308 0.05048076923076923 0.07932692307692307
0 0.7127403846153846 0.421875 0.04807692307692308 0.06971153846153846
0 0.12379807692307693 0.48677884615384615 0.04807692307692308 0.07451923076923077
0 0.3329326923076923 0.46634615384615385 0.04326923076923077 0.057692307692307696
0 0.8233173076923077 0.4170673076923077 0.038461538461538464 0.07211538461538461
0 0.35336538461538464 0.4735576923076923 0.052884615384615384 0.06971153846153846
0 0.5853365384615384 0.45072115384615385 0.04567307692307692 0.04567307692307692
0 0.7836538461538461 0.43028846153846156 0.04567307692307692 0.036057692307692304
0 0.5492788461538461 0.4579326923076923 0.038461538461538464 0.0673076923076923
0 0.39903846153846156 0.47596153846153844 0.052884615384615384 0.06490384615384616
0 0.47115384615384615 0.4699519230769231 0.05048076923076923 0.07932692307692307
0 0.24158653846153846 0.5012019230769231 0.036057692307692304 0.04567307692307692
0 0.4375 0.47836538461538464 0.04326923076923077 0.0673076923076923
0 0.16466346153846154 0.5120192307692307 0.057692307692307696 0.06971153846153846
0 0.29927884615384615 0.5024038461538461 0.04326923076923077 0.0673076923076923
0 0.21995192307692307 0.5168269230769231 0.055288461538461536 0.06490384615384616
0 0.7872596153846154 0.46274038461538464 0.04807692307692308 0.055288461538461536
0 0.26322115384615385 0.5276442307692307 0.038461538461538464 0.052884615384615384
0 0.5024038461538461 0.5 0.057692307692307696 0.07932692307692307
0 0.2800480769230769 0.5300480769230769 0.03365384615384615 0.0625
0 0.025240384615384616 0.5673076923076923 0.05048076923076923 0.09615384615384616
0 0.6009615384615384 0.5048076923076923 0.057692307692307696 0.07451923076923077
0 0.18389423076923078 0.5540865384615384 0.052884615384615384 0.055288461538461536
0 0.3629807692307692 0.5444711538461539 0.057692307692307696 0.07451923076923077
0 0.7800480769230769 0.5132211538461539 0.052884615384615384 0.06971153846153846
0 0.49158653846153844 0.5612980769230769 0.055288461538461536 0.09615384615384616
0 0.42427884615384615 0.5913461538461539 0.057692307692307696 0.06971153846153846
0 0.5480769230769231 0.578125 0.06009615384615385 0.09615384615384616
0 0.3293269230769231 0.6033653846153846 0.0625 0.07451923076923077
0 0.20432692307692307 0.6358173076923077 0.06971153846153846 0.10336538461538461
0 0.6201923076923077 0.5949519230769231 0.07932692307692307 0.10817307692307693
0 0.8209134615384616 0.5913461538461539 0.07451923076923077 0.10817307692307693
0 0.3798076923076923 0.6430288461538461 0.0625 0.07932692307692307
0 0.9375 0.6117788461538461 0.0673076923076923 0.0889423076923077
0 0.3076923076923077 0.6887019230769231 0.0673076923076923 0.07932692307692307
0 0.9831730769230769 0.6201923076923077 0.03365384615384615 0.09615384615384616
0 0.4411057692307692 0.6923076923076923 0.08413461538461539 0.11057692307692307
0 0.7079326923076923 0.6622596153846154 0.07451923076923077 0.10336538461538461
0 0.16826923076923078 0.7331730769230769 0.0889423076923077 0.11538461538461539
0 0.5973557692307693 0.7151442307692307 0.07692307692307693 0.11298076923076923
0 0.10817307692307693 0.7824519230769231 0.07932692307692307 0.10817307692307693
0 0.9435096153846154 0.7019230769230769 0.07211538461538461 0.11298076923076923
0 0.3545673076923077 0.7896634615384616 0.052884615384615384 0.06971153846153846
0 0.4170673076923077 0.7908653846153846 0.06009615384615385 0.09134615384615384
0 0.3293269230769231 0.8040865384615384 0.07211538461538461 0.1201923076923077
0 0.0625 0.8377403846153846 0.07451923076923077 0.13942307692307693
0 0.4987980769230769 0.7932692307692307 0.07451923076923077 0.10817307692307693
0 0.22596153846153846 0.8377403846153846 0.10096153846153846 0.1346153846153846
0 0.4735576923076923 0.8269230769230769 0.0673076923076923 0.1201923076923077
0 0.8954326923076923 0.8076923076923077 0.08653846153846154 0.12740384615384615
0 0.18269230769230768 0.9338942307692307 0.07692307692307693 0.12740384615384615
0 0.37259615384615385 0.9134615384615384 0.10336538461538461 0.1658653846153846
0 0.7728365384615384 0.8737980769230769 0.07451923076923077 0.10336538461538461
0 0.12379807692307693 0.9326923076923077 0.11298076923076923 0.1346153846153846
0 0.5697115384615384 0.9026442307692307 0.08653846153846154 0.11778846153846154
0 0.9915865384615384 0.8737980769230769 0.016826923076923076 0.15144230769230768
0 0.6838942307692307 0.9182692307692307 0.12259615384615384 0.13221153846153846
0 0.2692307692307692 0.9615384615384616 0.11057692307692307 0.07692307692307693
0 0.8377403846153846 0.9254807692307693 0.11778846153846154 0.08653846153846154
0 0.8713942307692307 0.08413461538461539 0.019230769230769232 0.019230769230769232
0 0.8966346153846154 0.08653846153846154 0.016826923076923076 0.019230769230769232
0 0.9146634615384616 0.08653846153846154 0.016826923076923076 0.016826923076923076
0 0.8870192307692307 0.09134615384615384 0.016826923076923076 0.019230769230769232
0 0.8533653846153846 0.09975961538461539 0.009615384615384616 0.009615384615384616
0 0.828125 0.10697115384615384 0.016826923076923076 0.019230769230769232
0 0.8713942307692307 0.10697115384615384 0.016826923076923076 0.019230769230769232
0 0.8942307692307693 0.11177884615384616 0.016826923076923076 0.02403846153846154
0 0.8377403846153846 0.12259615384615384 0.019230769230769232 0.02403846153846154
0 0.7848557692307693 0.12860576923076922 0.02403846153846154 0.02403846153846154
0 0.8197115384615384 0.12620192307692307 0.028846153846153848 0.021634615384615384
0 0.9206730769230769 0.12139423076923077 0.021634615384615384 0.028846153846153848
0 0.859375 0.13221153846153846 0.026442307692307692 0.028846153846153848
0 0.90625 0.12860576923076922 0.016826923076923076 0.02403846153846154
0 0.8737980769230769 0.13701923076923078 0.026442307692307692 0.03365384615384615
0 0.8221153846153846 0.14903846153846154 0.03125 0.040865384615384616
0 0.8449519230769231 0.14903846153846154 0.021634615384615384 0.03365384615384615
0 0.6742788461538461 0.171875 0.03125 0.04567307692307692
0 0.7091346153846154 0.1658653846153846 0.016826923076923076 0.019230769230769232
0 0.6959134615384616 0.16706730769230768 0.026442307692307692 0.028846153846153848
0 0.9254807692307693 0.14302884615384615 0.026442307692307692 0.038461538461538464
0 0.78125 0.16105769230769232 0.021634615384615384 0.03365384615384615
0 0.8016826923076923 0.15865384615384615 0.02403846153846154 0.02403846153846154
0 0.75 0.171875 0.03125 0.03125
0 0.7307692307692307 0.18509615384615385 0.026442307692307692 0.04326923076923077
0 0.7139423076923077 0.18870192307692307 0.021634615384615384 0.028846153846153848
0 0.8870192307692307 0.17307692307692307 0.026442307692307692 0.03365384615384615
0 0.8016826923076923 0.1814903846153846 0.021634615384615384 0.03365384615384615
0 0.8461538461538461 0.1814903846153846 0.036057692307692304 0.04567307692307692
0 0.9399038461538461 0.16947115384615385 0.021634615384615384 0.038461538461538464
0 0.7824519230769231 0.19591346153846154 0.016826923076923076 0.028846153846153848
0 0.8245192307692307 0.19110576923076922 0.026442307692307692 0.028846153846153848
0 0.6911057692307693 0.21394230769230768 0.026442307692307692 0.028846153846153848
0 0.6478365384615384 0.22355769230769232 0.03125 0.040865384615384616
0 0.7584134615384616 0.21394230769230768 0.019230769230769232 0.02403846153846154
0 0.9086538461538461 0.20072115384615385 0.036057692307692304 0.05048076923076923