0 0.7548076923076923 0.4170673076923077 0.026442307692307692 0.026442307692307692
0 0.6995192307692307 0.43028846153846156 0.03125 0.036057692307692304
0 0.71875 0.4326923076923077 0.028846153846153848 0.04567307692307692
0 0.6574519230769231 0.4423076923076923 0.038461538461538464 0.04567307692307692
0 0.7728365384615384 0.43149038461538464 0.03125 0.026442307692307692
0 0.9134615384615384 0.41346153846153844 0.03365384615384615 0.05048076923076923
0 0.8329326923076923 0.42908653846153844 0.03365384615384615 0.040865384615384616
0 0.5516826923076923 0.4735576923076923 0.028846153846153848 0.040865384615384616
0 0.96875 0.4098557692307692 0.021634615384615384 0.026442307692307692
0 0.05889423076923077 0.5552884615384616 0.016826923076923076 0.019230769230769232
0 0.6947115384615384 0.4567307692307692 0.026442307692307692 0.036057692307692304
0 0.21995192307692307 0.5348557692307693 0.016826923076923076 0.016826923076923076
0 0.19471153846153846 0.5384615384615384 0.016826923076923076 0.02403846153846154
0 0.17427884615384615 0.5444711538461539 0.01201923076923077 0.016826923076923076
0 0.8052884615384616 0.44471153846153844 0.038461538461538464 0.05048076923076923
0 0.18028846153846154 0.5432692307692307 0.01201923076923077 0.019230769230769232
0 0.21033653846153846 0.5384615384615384 0.01201923076923077 0.016826923076923076
0 0.6622596153846154 0.47475961538461536 0.052884615384615384 0.06971153846153846
0 0.7572115384615384 0.46153846153846156 0.028846153846153848 0.040865384615384616
0 0.5372596153846154 0.4963942307692308 0.040865384615384616 0.055288461538461536
0 0.40384615384615385 0.5180288461538461 0.040865384615384616 0.055288461538461536
0 0.9278846153846154 0.4375 0.028846153846153848 0.05048076923076923
0 0.5901442307692307 0.49278846153846156 0.04567307692307692 0.055288461538461536
0 0.7860576923076923 0.46634615384615385 0.038461538461538464 0.04567307692307692
0 0.6189903846153846 0.4963942307692308 0.055288461538461536 0.0673076923076923
0 0.9591346153846154 0.4423076923076923 0.038461538461538464 0.04567307692307692
0 0.3293269230769231 0.5420673076923077 0.05048076923076923 0.055288461538461536
0 0.8581730769230769 0.46153846153846156 0.04326923076923077 0.06971153846153846
0 0.9086538461538461 0.46274038461538464 0.04326923076923077 0.04807692307692308
0 0.9783653846153846 0.4519230769230769 0.038461538461538464 0.04567307692307692