0 0.1045673076923077 0.32091346153846156 0.03125 0.03125
0 0.15384615384615385 0.32572115384615385 0.026442307692307692 0.03365384615384615
0 0.265625 0.33774038461538464 0.026442307692307692 0.03365384615384615
0 0.07692307692307693 0.31971153846153844 0.03125 0.036057692307692304
0 0.042067307692307696 0.3161057692307692 0.016826923076923076 0.02403846153846154
0 0.1141826923076923 0.34375 0.03125 0.040865384615384616
0 0.34375 0.36778846153846156 0.036057692307692304 0.036057692307692304
0 0.2536057692307692 0.3605769230769231 0.02403846153846154 0.02403846153846154
0 0.20552884615384615 0.359375 0.03125 0.04567307692307692
0 0.375 0.37740384615384615 0.026442307692307692 0.04326923076923077
0 0.06490384615384616 0.34375 0.03125 0.04567307692307692
0 0.025240384615384616 0.3449519230769231 0.026442307692307692 0.038461538461538464
0 0.46634615384615385 0.39663461538461536 0.04326923076923077 0.055288461538461536
0 0.037259615384615384 0.3557692307692308 0.038461538461538464 0.052884615384615384
0 0.22355769230769232 0.3798076923076923 0.036057692307692304 0.036057692307692304
0 0.1778846153846154 0.37740384615384615 0.036057692307692304 0.04567307692307692
0 0.14302884615384615 0.3737980769230769 0.036057692307692304 0.05048076923076923
0 0.7572115384615384 0.4387019230769231 0.04807692307692308 0.06009615384615385
0 0.2824519230769231 0.3918269230769231 0.04807692307692308 0.06009615384615385
0 0.3798076923076923 0.40625 0.021634615384615384 0.028846153846153848
0 0.6165865384615384 0.43509615384615385 0.036057692307692304 0.05048076923076923
0 0.1045673076923077 0.38341346153846156 0.04807692307692308 0.06009615384615385
0 0.25841346153846156 0.4050480769230769 0.04326923076923077 0.055288461538461536
0 0.3389423076923077 0.41586538461538464 0.04326923076923077 0.055288461538461536
0 0.5721153846153846 0.4543269230769231 0.04807692307692308 0.06971153846153846
0 0.020432692307692308 0.39903846153846156 0.028846153846153848 0.0625
0 0.6322115384615384 0.4651442307692308 0.038461538461538464 0.052884615384615384
0 0.48197115384615385 0.45072115384615385 0.04326923076923077 0.0673076923076923
0 0.8137019230769231 0.4855769230769231 0.04807692307692308 0.06490384615384616
0 0.21634615384615385 0.4254807692307692 0.052884615384615384 0.07451923076923077
0 0.6033653846153846 0.46634615384615385 0.03125 0.04567307692307692
0 0.16826923076923078 0.4230769230769231 0.04567307692307692 0.040865384615384616
0 0.7247596153846154 0.49038461538461536 0.052884615384615384 0.06971153846153846
0 0.35096153846153844 0.4543269230769231 0.052884615384615384 0.06490384615384616
0 0.65625 0.4987980769230769 0.04807692307692308 0.07451923076923077
0 0.7644230769230769 0.5120192307692307 0.04807692307692308 0.06490384615384616
0 0.43990384615384615 0.47836538461538464 0.057692307692307696 0.0889423076923077
0 0.06490384615384616 0.4495192307692308 0.055288461538461536 0.07932692307692307
0 0.03125 0.44591346153846156 0.055288461538461536 0.07932692307692307
0 0.16706730769230768 0.46274038461538464 0.038461538461538464 0.052884615384615384
0 0.890625 0.5408653846153846 0.055288461538461536 0.07932692307692307
0 0.6165865384615384 0.5144230769230769 0.04326923076923077 0.055288461538461536
0 0.8605769230769231 0.5480769230769231 0.04326923076923077 0.0673076923076923
0 0.5949519230769231 0.5276442307692307 0.036057692307692304 0.04567307692307692
0 0.30408653846153844 0.5 0.052884615384615384 0.055288461538461536
0 0.8137019230769231 0.5709134615384616 0.055288461538461536 0.07932692307692307
0 0.78125 0.5697115384615384 0.04326923076923077 0.057692307692307696
0 0.12860576923076922 0.5144230769230769 0.04807692307692308 0.06971153846153846
0 0.36778846153846156 0.5420673076923077 0.06490384615384616 0.0985576923076923
0 0.1778846153846154 0.53125 0.04567307692307692 0.04567307692307692
0 0.6069711538461539 0.5817307692307693 0.05048076923076923 0.08173076923076923
0 0.4254807692307692 0.5649038461538461 0.04807692307692308 0.06971153846153846
0 0.3016826923076923 0.5516826923076923 0.057692307692307696 0.0889423076923077
0 0.10096153846153846 0.5348557692307693 0.04326923076923077 0.0673076923076923
0 0.5612980769230769 0.609375 0.06971153846153846 0.10336538461538461
0 0.6526442307692307 0.6237980769230769 0.06490384615384616 0.09375
0 0.9639423076923077 0.6586538461538461 0.05048076923076923 0.07932692307692307
0 0.18509615384615385 0.5997596153846154 0.06009615384615385 0.09134615384615384
0 0.84375 0.6778846153846154 0.04567307692307692 0.08173076923076923
0 0.8137019230769231 0.6742788461538461 0.06009615384615385 0.09134615384615384
0 0.546875 0.6490384615384616 0.06009615384615385 0.09615384615384616
0 0.25 0.6322115384615384 0.0625 0.08413461538461539
0 0.7139423076923077 0.6850961538461539 0.0673076923076923 0.06971153846153846
0 0.5 0.6682692307692307 0.08173076923076923 0.11778846153846154
0 0.4338942307692308 0.6790865384615384 0.07692307692307693 0.12740384615384615
0 0.04927884615384615 0.6478365384615384 0.06971153846153846 0.09375
0 0.2956730769230769 0.6742788461538461 0.06009615384615385 0.06490384615384616
0 0.9338942307692307 0.7487980769230769 0.08653846153846154 0.10096153846153846
0 0.7872596153846154 0.7331730769230769 0.07451923076923077 0.10336538461538461
0 0.36177884615384615 0.7139423076923077 0.07932692307692307 0.11298076923076923
0 0.5829326923076923 0.7644230769230769 0.07211538461538461 0.11298076923076923
0 0.7103365384615384 0.796875 0.08653846153846154 0.12740384615384615
0 0.8064903846153846 0.8413461538461539 0.08413461538461539 0.10096153846153846
0 0.90625 0.8689903846153846 0.08653846153846154 0.12740384615384615