0 0.7848557692307693 0.29927884615384615 0.07932692307692307 0.11778846153846154
0 0.2800480769230769 0.2848557692307692 0.057692307692307696 0.09375
0 0.6634615384615384 0.3233173076923077 0.07932692307692307 0.11778846153846154
0 0.5528846153846154 0.3317307692307692 0.06971153846153846 0.11778846153846154
0 0.30649038461538464 0.37740384615384615 0.07451923076923077 0.14182692307692307
0 0.4387019230769231 0.38221153846153844 0.07932692307692307 0.14182692307692307
0 0.14903846153846154 0.4026442307692308 0.07451923076923077 0.12740384615384615
0 0.8473557692307693 0.4375 0.09134615384615384 0.13221153846153846
0 0.7524038461538461 0.4387019230769231 0.07932692307692307 0.15144230769230768
0 0.2091346153846154 0.5228365384615384 0.09134615384615384 0.12259615384615384
0 0.5276442307692307 0.5540865384615384 0.08173076923076923 0.12740384615384615
0 0.6742788461538461 0.6213942307692307 0.08413461538461539 0.14182692307692307