0 0.2860576923076923 0.171875 0.04567307692307692 0.06971153846153846
0 0.5348557692307693 0.19951923076923078 0.040865384615384616 0.0673076923076923
0 0.2512019230769231 0.18028846153846154 0.040865384615384616 0.0673076923076923
0 0.6069711538461539 0.2127403846153846 0.05048076923076923 0.0673076923076923
0 0.7992788461538461 0.23076923076923078 0.040865384615384616 0.057692307692307696
0 0.5649038461538461 0.21153846153846154 0.04326923076923077 0.07692307692307693
0 0.8137019230769231 0.24759615384615385 0.026442307692307692 0.04326923076923077
0 0.12860576923076922 0.18870192307692307 0.055288461538461536 0.07451923076923077
0 0.20673076923076922 0.20552884615384615 0.036057692307692304 0.057692307692307696
0 0.9771634615384616 0.2776442307692308 0.03365384615384615 0.055288461538461536
0 0.49399038461538464 0.2439903846153846 0.04326923076923077 0.052884615384615384
0 0.7355769230769231 0.2668269230769231 0.036057692307692304 0.06009615384615385
0 0.7007211538461539 0.27163461538461536 0.040865384615384616 0.06009615384615385
0 0.9350961538461539 0.2920673076923077 0.038461538461538464 0.0625
0 0.056490384615384616 0.21754807692307693 0.055288461538461536 0.07211538461538461
0 0.453125 0.2536057692307692 0.04326923076923077 0.0673076923076923
0 0.6610576923076923 0.27403846153846156 0.040865384615384616 0.0673076923076923
0 0.2704326923076923 0.016826923076923076 0.036057692307692304 0.03365384615384615
0 0.8930288461538461 0.06009615384615385 0.03125 0.052884615384615384
0 0.9639423076923077 0.30288461538461536 0.03125 0.055288461538461536
0 0.3641826923076923 0.2512019230769231 0.052884615384615384 0.06490384615384616
0 0.8918269230769231 0.30288461538461536 0.03365384615384615 0.052884615384615384
0 0.3954326923076923 0.26802884615384615 0.04326923076923077 0.0625
0 0.8533653846153846 0.3173076923076923 0.03125 0.04567307692307692
0 0.6310096153846154 0.29927884615384615 0.04326923076923077 0.06009615384615385
0 0.25 0.27403846153846156 0.04567307692307692 0.0673076923076923
0 0.8617788461538461 0.06129807692307692 0.026442307692307692 0.055288461538461536
0 0.32091346153846156 0.2848557692307692 0.04326923076923077 0.06971153846153846
0 0.19951923076923078 0.2848557692307692 0.04807692307692308 0.07692307692307693
0 0.5276442307692307 0.31490384615384615 0.040865384615384616 0.0673076923076923
0 0.5697115384615384 0.31971153846153844 0.038461538461538464 0.06971153846153846
0 0.8317307692307693 0.06009615384615385 0.026442307692307692 0.055288461538461536
0 0.84375 0.35096153846153844 0.04807692307692308 0.06971153846153846
0 0.4795673076923077 0.3269230769230769 0.040865384615384616 0.06490384615384616
0 0.6117788461538461 0.34134615384615385 0.04326923076923077 0.0625
0 0.9939903846153846 0.375 0.01201923076923077 0.07211538461538461
0 0.7764423076923077 0.359375 0.03125 0.06009615384615385
0 0.5769230769230769 0.038461538461538464 0.03365384615384615 0.052884615384615384
0 0.7980769230769231 0.057692307692307696 0.038461538461538464 0.052884615384615384
0 0.4170673076923077 0.3293269230769231 0.03365384615384615 0.03365384615384615
0 0.9807692307692307 0.38100961538461536 0.038461538461538464 0.07451923076923077
0 0.7403846153846154 0.3737980769230769 0.036057692307692304 0.052884615384615384
0 0.5444711538461539 0.038461538461538464 0.03365384615384615 0.055288461538461536
0 0.22115384615384615 0.021634615384615384 0.04807692307692308 0.04326923076923077
0 0.38221153846153844 0.34615384615384615 0.055288461538461536 0.07692307692307693
0 0.9050480769230769 0.3942307692307692 0.038461538461538464 0.038461538461538464
0 0.6538461538461539 0.38341346153846156 0.040865384615384616 0.0673076923076923
0 0.41466346153846156 0.36778846153846156 0.038461538461538464 0.057692307692307696
0 0.12620192307692307 0.3449519230769231 0.05048076923076923 0.07211538461538461
0 0.08653846153846154 0.3485576923076923 0.04807692307692308 0.07692307692307693
0 0.6778846153846154 0.4014423076923077 0.002403846153846154 0.002403846153846154
0 0.328125 0.375 0.04567307692307692 0.06971153846153846
0 0.8858173076923077 0.4254807692307692 0.055288461538461536 0.0625
0 0.18269230769230768 0.021634615384615384 0.04326923076923077 0.04326923076923077
0 0.6153846153846154 0.4050480769230769 0.040865384615384616 0.06971153846153846
0 0.04567307692307692 0.3581730769230769 0.052884615384615384 0.07692307692307693
0 0.8317307692307693 0.4326923076923077 0.036057692307692304 0.03365384615384615
0 0.28725961538461536 0.3870192307692308 0.04807692307692308 0.08413461538461539
0 0.7944711538461539 0.43509615384615385 0.03365384615384615 0.06009615384615385
0 0.5709134615384616 0.4182692307692308 0.04326923076923077 0.06971153846153846
0 0.6935096153846154 0.43149038461538464 0.040865384615384616 0.0625
0 0.7644230769230769 0.4411057692307692 0.036057692307692304 0.06971153846153846
0 0.53125 0.4230769230769231 0.04567307692307692 0.06971153846153846
0 0.5096153846153846 0.042067307692307696 0.038461538461538464 0.052884615384615384
0 0.5072115384615384 0.43149038461538464 0.04567307692307692 0.08173076923076923
0 0.9158653846153846 0.4699519230769231 0.026442307692307692 0.04326923076923077
0 0.8293269230769231 0.47716346153846156 0.04567307692307692 0.0673076923076923
0 0.21995192307692307 0.43509615384615385 0.040865384615384616 0.07211538461538461
0 0.9615384615384616 0.5024038461538461 0.04567307692307692 0.0673076923076923
0 0.12259615384615384 0.43028846153846156 0.052884615384615384 0.07211538461538461
0 0.17427884615384615 0.4387019230769231 0.04807692307692308 0.07451923076923077
0 0.7512019230769231 0.0673076923076923 0.040865384615384616 0.0625
0 0.47716346153846156 0.4723557692307692 0.04326923076923077 0.0625
0 0.7283653846153846 0.5 0.04807692307692308 0.07932692307692307
0 0.6947115384615384 0.49759615384615385 0.04807692307692308 0.07451923076923077
0 0.42427884615384615 0.47475961538461536 0.04807692307692308 0.0889423076923077
0 0.8798076923076923 0.53125 0.04567307692307692 0.057692307692307696
0 0.3762019230769231 0.49158653846153844 0.040865384615384616 0.0673076923076923
0 0.6490384615384616 0.5168269230769231 0.040865384615384616 0.06490384615384616
0 0.9026442307692307 0.5480769230769231 0.038461538461538464 0.06490384615384616
0 0.06009615384615385 0.47596153846153844 0.040865384615384616 0.0625
0 0.015625 0.47475961538461536 0.03125 0.06971153846153846
0 0.9326923076923077 0.5576923076923077 0.036057692307692304 0.05048076923076923
0 0.6177884615384616 0.5300480769230769 0.038461538461538464 0.06971153846153846
0 0.3137019230769231 0.5084134615384616 0.055288461538461536 0.08653846153846154
0 0.3798076923076923 0.040865384615384616 0.04807692307692308 0.06971153846153846
0 0.1201923076923077 0.027644230769230768 0.04807692307692308 0.055288461538461536
0 0.9447115384615384 0.09014423076923077 0.038461538461538464 0.038461538461538464
0 0.859375 0.5588942307692307 0.04807692307692308 0.06971153846153846
0 0.5805288461538461 0.5444711538461539 0.04807692307692308 0.07692307692307693
0 0.7692307692307693 0.5649038461538461 0.05048076923076923 0.07451923076923077
0 0.6670673076923077 0.06850961538461539 0.04807692307692308 0.07211538461538461
0 0.4230769230769231 0.04807692307692308 0.038461538461538464 0.0673076923076923
0 0.2668269230769231 0.5540865384615384 0.057692307692307696 0.08653846153846154
0 0.5637019230769231 0.5829326923076923 0.04567307692307692 0.08413461538461539
0 0.43509615384615385 0.5757211538461539 0.057692307692307696 0.08413461538461539
0 0.5180288461538461 0.5853365384615384 0.057692307692307696 0.09134615384615384
0 0.19831730769230768 0.5649038461538461 0.04807692307692308 0.07692307692307693
0 0.14182692307692307 0.5721153846153846 0.057692307692307696 0.08173076923076923
0 0.8209134615384616 0.6334134615384616 0.052884615384615384 0.07211538461538461
0 0.9699519230769231 0.6466346153846154 0.04326923076923077 0.07451923076923077
0 0.6983173076923077 0.6334134615384616 0.04326923076923077 0.0673076923076923
0 0.0889423076923077 0.028846153846153848 0.04326923076923077 0.057692307692307696
0 0.9891826923076923 0.10336538461538461 0.021634615384615384 0.052884615384615384
0 0.41466346153846156 0.6237980769230769 0.055288461538461536 0.0889423076923077
0 0.36658653846153844 0.6213942307692307 0.06009615384615385 0.08413461538461539
0 0.9483173076923077 0.6766826923076923 0.04326923076923077 0.06971153846153846
0 0.7283653846153846 0.6634615384615384 0.04326923076923077 0.06009615384615385
0 0.07932692307692307 0.609375 0.055288461538461536 0.09134615384615384
0 0.609375 0.6610576923076923 0.038461538461538464 0.06971153846153846
0 0.030048076923076924 0.6117788461538461 0.06009615384615385 0.09134615384615384
0 0.8798076923076923 0.6862980769230769 0.04567307692307692 0.06971153846153846
0 0.9110576923076923 0.6935096153846154 0.038461538461538464 0.057692307692307696
0 0.6430288461538461 0.6766826923076923 0.04326923076923077 0.057692307692307696
0 0.3125 0.6634615384615384 0.040865384615384616 0.0673076923076923
0 0.009615384615384616 0.6370192307692307 0.019230769230769232 0.09134615384615384
0 0.2692307692307692 0.6658653846153846 0.057692307692307696 0.08413461538461539
0 0.5588942307692307 0.6995192307692307 0.04567307692307692 0.07692307692307693
0 0.046875 0.028846153846153848 0.021634615384615384 0.057692307692307696
0 0.21394230769230768 0.6706730769230769 0.057692307692307696 0.09134615384615384
0 0.8533653846153846 0.734375 0.05048076923076923 0.07692307692307693
0 0.5132211538461539 0.71875 0.052884615384615384 0.07451923076923077
0 0.18389423076923078 0.6899038461538461 0.06009615384615385 0.08653846153846154
0 0.7824519230769231 0.7620192307692307 0.05048076923076923 0.09375
0 0.9627403846153846 0.7980769230769231 0.03365384615384615 0.0889423076923077
0 0.703125 0.7800480769230769 0.06009615384615385 0.08173076923076923
0 0.3918269230769231 0.7536057692307693 0.052884615384615384 0.08653846153846154
0 0.10096153846153846 0.7331730769230769 0.04807692307692308 0.07451923076923077
0 0.4423076923076923 0.7680288461538461 0.0625 0.08413461538461539
0 0.9387019230769231 0.8185096153846154 0.04567307692307692 0.07451923076923077
0 0.5396634615384616 0.8064903846153846 0.06009615384615385 0.06009615384615385
0 0.6538461538461539 0.09375 0.03125 0.055288461538461536
0 0.6694711538461539 0.8245192307692307 0.052884615384615384 0.08413461538461539
0 0.34134615384615385 0.8028846153846154 0.055288461538461536 0.07932692307692307
0 0.020432692307692308 0.7764423076923077 0.040865384615384616 0.08173076923076923
0 0.84375 0.8533653846153846 0.052884615384615384 0.0889423076923077
0 0.2620192307692308 0.8137019230769231 0.057692307692307696 0.07451923076923077
0 0.7235576923076923 0.8533653846153846 0.03125 0.04567307692307692
0 0.9110576923076923 0.8725961538461539 0.055288461538461536 0.08173076923076923
0 0.296875 0.8197115384615384 0.04807692307692308 0.08173076923076923
0 0.5769230769230769 0.8689903846153846 0.055288461538461536 0.07451923076923077
0 0.7704326923076923 0.9050480769230769 0.05048076923076923 0.08653846153846154
0 0.9302884615384616 0.125 0.036057692307692304 0.052884615384615384
0 0.5192307692307693 0.8882211538461539 0.055288461538461536 0.0889423076923077
0 0.11057692307692307 0.8557692307692307 0.06490384615384616 0.08173076923076923
0 0.2512019230769231 0.8725961538461539 0.04807692307692308 0.08173076923076923
0 0.6262019230769231 0.09975961538461539 0.04326923076923077 0.06971153846153846
0 0.44591346153846156 0.8990384615384616 0.0673076923076923 0.0889423076923077
0 0.7512019230769231 0.9350961538461539 0.040865384615384616 0.07692307692307693
0 0.7211538461538461 0.9411057692307693 0.04807692307692308 0.08653846153846154
0 0.9290865384615384 0.9651442307692307 0.06971153846153846 0.06971153846153846
0 0.359375 0.9435096153846154 0.0625 0.09615384615384616
0 0.5949519230769231 0.9651442307692307 0.06971153846153846 0.06971153846153846
0 0.6538461538461539 0.96875 0.0625 0.0625
0 0.41346153846153844 0.9603365384615384 0.06009615384615385 0.0673076923076923
0 0.16466346153846154 0.9387019230769231 0.04807692307692308 0.06971153846153846
0 0.3088942307692308 0.9555288461538461 0.057692307692307696 0.06490384615384616
0 0.3269230769230769 0.08052884615384616 0.036057692307692304 0.0625
0 0.26322115384615385 0.9675480769230769 0.04567307692307692 0.03125
0 0.4987980769230769 0.9879807692307693 0.055288461538461536 0.02403846153846154
0 0.28966346153846156 0.08052884615384616 0.05048076923076923 0.07451923076923077
0 0.9026442307692307 0.1346153846153846 0.040865384615384616 0.057692307692307696
0 0.3545673076923077 0.0889423076923077 0.03365384615384615 0.04326923076923077
0 0.5889423076923077 0.11057692307692307 0.038461538461538464 0.06009615384615385
0 0.8725961538461539 0.13701923076923078 0.038461538461538464 0.057692307692307696
0 0.5132211538461539 0.1201923076923077 0.04326923076923077 0.0625
0 0.19230769230769232 0.09495192307692307 0.04807692307692308 0.07451923076923077
0 0.08533653846153846 0.09254807692307693 0.052884615384615384 0.0673076923076923
0 0.23197115384615385 0.1045673076923077 0.05048076923076923 0.0625
0 0.49399038461538464 0.13341346153846154 0.040865384615384616 0.07211538461538461
0 0.9855769230769231 0.17668269230769232 0.028846153846153848 0.06490384615384616
0 0.4483173076923077 0.13581730769230768 0.04326923076923077 0.06490384615384616
0 0.78125 0.16826923076923078 0.04567307692307692 0.057692307692307696
0 0.04326923076923077 0.10817307692307693 0.026442307692307692 0.07451923076923077
0 0.9555288461538461 0.18870192307692307 0.038461538461538464 0.0673076923076923
0 0.12980769230769232 0.12259615384615384 0.040865384615384616 0.052884615384615384
0 0.5661057692307693 0.16826923076923078 0.040865384615384616 0.04807692307692308
0 0.3641826923076923 0.15144230769230768 0.04807692307692308 0.06971153846153846
0 0.40865384615384615 0.15625 0.04567307692307692 0.06009615384615385
0 0.9266826923076923 0.052884615384615384 0.03365384615384615 0.036057692307692304
0 0.33052884615384615 0.009615384615384616 0.040865384615384616 0.019230769230769232
0 0.8317307692307693 0.20072115384615385 0.04567307692307692 0.06009615384615385
0 0.3245192307692308 0.16466346153846154 0.038461538461538464 0.06009615384615385
0 0.6850961538461539 0.19591346153846154 0.04326923076923077 0.06490384615384616
0 0.7439903846153846 0.203125 0.04567307692307692 0.036057692307692304