0 0.6682692307692307 0.1310096153846154 0.01201923076923077 0.014423076923076924
0 0.6201923076923077 0.12620192307692307 0.01201923076923077 0.014423076923076924
0 0.71875 0.1466346153846154 0.019230769230769232 0.016826923076923076
0 0.6586538461538461 0.13822115384615385 0.007211538461538462 0.014423076923076924
0 0.6346153846153846 0.140625 0.01201923076923077 0.014423076923076924
0 0.6057692307692307 0.14302884615384615 0.01201923076923077 0.014423076923076924
0 0.6274038461538461 0.15384615384615385 0.01201923076923077 0.014423076923076924
0 0.6983173076923077 0.16466346153846154 0.016826923076923076 0.016826923076923076
0 0.6141826923076923 0.15504807692307693 0.01201923076923077 0.014423076923076924
0 0.6790865384615384 0.17427884615384615 0.01201923076923077 0.01201923076923077
0 0.5805288461538461 0.16346153846153846 0.016826923076923076 0.02403846153846154
0 0.6935096153846154 0.1814903846153846 0.016826923076923076 0.016826923076923076
0 0.703125 0.18509615384615385 0.01201923076923077 0.014423076923076924
0 0.6069711538461539 0.17427884615384615 0.016826923076923076 0.019230769230769232
0 0.6322115384615384 0.18870192307692307 0.016826923076923076 0.02403846153846154
0 0.5288461538461539 0.17908653846153846 0.019230769230769232 0.019230769230769232
0 0.65625 0.1971153846153846 0.016826923076923076 0.019230769230769232
0 0.49759615384615385 0.17908653846153846 0.021634615384615384 0.02403846153846154
0 0.6694711538461539 0.21033653846153846 0.016826923076923076 0.019230769230769232
0 0.5492788461538461 0.203125 0.016826923076923076 0.02403846153846154
0 0.5168269230769231 0.19951923076923078 0.021634615384615384 0.028846153846153848
0 0.7740384615384616 0.24158653846153846 0.016826923076923076 0.019230769230769232
0 0.765625 0.24519230769230768 0.016826923076923076 0.019230769230769232
0 0.7379807692307693 0.24278846153846154 0.016826923076923076 0.02403846153846154
0 0.6538461538461539 0.234375 0.021634615384615384 0.02403846153846154
0 0.7055288461538461 0.24158653846153846 0.019230769230769232 0.019230769230769232
0 0.5192307692307693 0.21754807692307693 0.026442307692307692 0.026442307692307692
0 0.6033653846153846 0.22956730769230768 0.016826923076923076 0.02403846153846154
0 0.7560096153846154 0.25600961538461536 0.026442307692307692 0.026442307692307692
0 0.6875 0.24879807692307693 0.016826923076923076 0.02403846153846154
0 0.6418269230769231 0.25600961538461536 0.021634615384615384 0.02403846153846154
0 0.5132211538461539 0.2439903846153846 0.021634615384615384 0.02403846153846154
0 0.7163461538461539 0.27283653846153844 0.021634615384615384 0.02403846153846154
0 0.45913461538461536 0.24158653846153846 0.021634615384615384 0.02403846153846154
0 0.5276442307692307 0.2668269230769231 0.03125 0.036057692307692304
0 0.5817307692307693 0.2848557692307692 0.026442307692307692 0.03125
0 0.4639423076923077 0.2704326923076923 0.03125 0.036057692307692304
0 0.65625 0.30288461538461536 0.026442307692307692 0.03125
0 0.6911057692307693 0.31009615384615385 0.026442307692307692 0.036057692307692304
0 0.49278846153846156 0.28365384615384615 0.036057692307692304 0.036057692307692304
0 0.7584134615384616 0.3245192307692308 0.03365384615384615 0.040865384615384616
0 0.21394230769230768 0.25841346153846156 0.038461538461538464 0.05048076923076923
0 0.8713942307692307 0.35336538461538464 0.03365384615384615 0.040865384615384616
0 0.24519230769230768 0.265625 0.04807692307692308 0.052884615384615384
0 0.6069711538461539 0.3161057692307692 0.026442307692307692 0.036057692307692304
0 0.453125 0.296875 0.02403846153846154 0.038461538461538464
0 0.296875 0.27524038461538464 0.03125 0.036057692307692304
0 0.38221153846153844 0.296875 0.03365384615384615 0.05048076923076923
0 0.6790865384615384 0.3401442307692308 0.028846153846153848 0.04567307692307692
0 0.7451923076923077 0.36778846153846156 0.03365384615384615 0.040865384615384616
0 0.4014423076923077 0.31971153846153844 0.036057692307692304 0.036057692307692304
0 0.7115384615384616 0.3629807692307692 0.03365384615384615 0.04567307692307692
0 0.3317307692307692 0.31490384615384615 0.08653846153846154 0.09615384615384616
0 0.7740384615384616 0.38221153846153844 0.04326923076923077 0.04326923076923077
0 0.9639423076923077 0.4206730769230769 0.07211538461538461 0.09615384615384616
0 0.4326923076923077 0.3485576923076923 0.03365384615384615 0.052884615384615384
0 0.4110576923076923 0.3485576923076923 0.03365384615384615 0.05048076923076923
0 0.0673076923076923 0.3076923076923077 0.0889423076923077 0.11538461538461539
0 0.5360576923076923 0.3858173076923077 0.04807692307692308 0.052884615384615384
0 0.5853365384615384 0.39783653846153844 0.05048076923076923 0.06490384615384616
0 0.6862980769230769 0.41466346153846156 0.05048076923076923 0.06490384615384616
0 0.8317307692307693 0.4362980769230769 0.0673076923076923 0.0673076923076923
0 0.21394230769230768 0.35697115384615385 0.10817307692307693 0.12259615384615384
0 0.484375 0.4098557692307692 0.09134615384615384 0.1346153846153846
0 0.9254807692307693 0.4735576923076923 0.08173076923076923 0.09615384615384616
0 0.7512019230769231 0.4543269230769231 0.0673076923076923 0.0985576923076923
0 0.33413461538461536 0.40625 0.10096153846153846 0.10336538461538461
0 0.6105769230769231 0.44711538461538464 0.04807692307692308 0.055288461538461536
0 0.5504807692307693 0.5372596153846154 0.09375 0.1201923076923077
0 0.6766826923076923 0.5697115384615384 0.12259615384615384 0.13942307692307693
0 0.8317307692307693 0.6574519230769231 0.17067307692307693 0.22115384615384615
0 0.6838942307692307 0.12139423076923077 0.01201923076923077 0.014423076923076924