0 0.4795673076923077 0.1045673076923077 0.04326923076923077 0.0625
0 0.4855769230769231 0.008413461538461538 0.03365384615384615 0.016826923076923076
0 0.9723557692307693 0.20192307692307693 0.04807692307692308 0.057692307692307696
0 0.24879807692307693 0.09375 0.036057692307692304 0.040865384615384616
0 0.8882211538461539 0.234375 0.052884615384615384 0.07932692307692307
0 0.8088942307692307 0.23076923076923078 0.06490384615384616 0.10336538461538461
0 0.5889423076923077 0.027644230769230768 0.038461538461538464 0.040865384615384616
0 0.7475961538461539 0.25600961538461536 0.08413461538461539 0.08653846153846154
0 0.9771634615384616 0.09254807692307693 0.03365384615384615 0.04807692307692308
0 0.7427884615384616 0.28846153846153844 0.06971153846153846 0.08173076923076923
0 0.08052884615384616 0.19230769230769232 0.04326923076923077 0.06490384615384616
0 0.28125 0.006009615384615385 0.04807692307692308 0.01201923076923077
0 0.6899038461538461 0.30528846153846156 0.04326923076923077 0.06490384615384616
0 0.32211538461538464 0.25961538461538464 0.06009615384615385 0.08653846153846154
0 0.3894230769230769 0.27163461538461536 0.04326923076923077 0.04567307692307692
0 0.7307692307692307 0.3329326923076923 0.057692307692307696 0.07211538461538461
0 0.125 0.2536057692307692 0.09615384615384616 0.12259615384615384
0 0.5721153846153846 0.3293269230769231 0.04807692307692308 0.06971153846153846
0 0.6081730769230769 0.3389423076923077 0.04326923076923077 0.057692307692307696
0 0.6033653846153846 0.04567307692307692 0.03365384615384615 0.052884615384615384
0 0.6418269230769231 0.051682692307692304 0.038461538461538464 0.038461538461538464
0 0.5036057692307693 0.35336538461538464 0.09615384615384616 0.12259615384615384
0 0.7367788461538461 0.0829326923076923 0.040865384615384616 0.04807692307692308
0 0.8149038461538461 0.09495192307692307 0.03365384615384615 0.057692307692307696
0 0.36658653846153844 0.5072115384615384 0.07211538461538461 0.11298076923076923
0 0.23076923076923078 0.016826923076923076 0.038461538461538464 0.03365384615384615
0 0.765625 0.09495192307692307 0.036057692307692304 0.04807692307692308
0 0.53125 0.06129807692307692 0.036057692307692304 0.040865384615384616
0 0.9939903846153846 0.13822115384615385 0.01201923076923077 0.05048076923076923
0 0.8461538461538461 0.11538461538461539 0.040865384615384616 0.057692307692307696
0 0.6346153846153846 0.0829326923076923 0.04807692307692308 0.055288461538461536
0 0.3425480769230769 0.039663461538461536 0.038461538461538464 0.057692307692307696
0 0.6790865384615384 0.09735576923076923 0.036057692307692304 0.06009615384615385
0 0.11899038461538461 0.020432692307692308 0.040865384615384616 0.040865384615384616
0 0.7307692307692307 0.11658653846153846 0.057692307692307696 0.07451923076923077
0 0.43990384615384615 0.002403846153846154 0.03365384615384615 0.004807692307692308
0 0.15264423076923078 0.03485576923076923 0.05048076923076923 0.06009615384615385
0 0.07932692307692307 0.030048076923076924 0.028846153846153848 0.06009615384615385
0 0.4182692307692308 0.0829326923076923 0.036057692307692304 0.055288461538461536
0 0.5745192307692307 0.10817307692307693 0.038461538461538464 0.055288461538461536