0 0.5300480769230769 0.10096153846153846 0.016826923076923076 0.019230769230769232
0 0.5576923076923077 0.10216346153846154 0.019230769230769232 0.02403846153846154
0 0.5829326923076923 0.09975961538461539 0.016826923076923076 0.019230769230769232
0 0.5420673076923077 0.10336538461538461 0.016826923076923076 0.028846153846153848
0 0.6995192307692307 0.09254807692307693 0.016826923076923076 0.02403846153846154
0 0.47475961538461536 0.11177884615384616 0.019230769230769232 0.02403846153846154
0 0.5096153846153846 0.109375 0.016826923076923076 0.02403846153846154
0 0.8870192307692307 0.08533653846153846 0.02403846153846154 0.028846153846153848
0 0.7367788461538461 0.09495192307692307 0.019230769230769232 0.02403846153846154
0 0.8221153846153846 0.09134615384615384 0.02403846153846154 0.02403846153846154
0 0.8449519230769231 0.09254807692307693 0.016826923076923076 0.019230769230769232
0 0.6502403846153846 0.10576923076923077 0.019230769230769232 0.02403846153846154
0 0.5540865384615384 0.11538461538461539 0.019230769230769232 0.019230769230769232
0 0.5913461538461539 0.11538461538461539 0.016826923076923076 0.019230769230769232
0 0.6706730769230769 0.109375 0.019230769230769232 0.02403846153846154
0 0.5216346153846154 0.1201923076923077 0.019230769230769232 0.02403846153846154
0 0.6286057692307693 0.11538461538461539 0.019230769230769232 0.019230769230769232
0 0.8533653846153846 0.10697115384615384 0.019230769230769232 0.02403846153846154
0 0.47475961538461536 0.13581730769230768 0.016826923076923076 0.02403846153846154
0 0.7584134615384616 0.11778846153846154 0.02403846153846154 0.028846153846153848
0 0.6322115384615384 0.1310096153846154 0.02403846153846154 0.02403846153846154
0 0.8209134615384616 0.11778846153846154 0.02403846153846154 0.019230769230769232
0 0.49038461538461536 0.140625 0.019230769230769232 0.028846153846153848
0 0.5901442307692307 0.13581730769230768 0.019230769230769232 0.02403846153846154
0 0.7199519230769231 0.12860576923076922 0.019230769230769232 0.028846153846153848
0 0.9242788461538461 0.11538461538461539 0.019230769230769232 0.019230769230769232
0 0.4483173076923077 0.1502403846153846 0.019230769230769232 0.019230769230769232
0 0.6766826923076923 0.1346153846153846 0.019230769230769232 0.02403846153846154
0 0.5336538461538461 0.1466346153846154 0.019230769230769232 0.028846153846153848
0 0.7512019230769231 0.14423076923076922 0.019230769230769232 0.02403846153846154
0 0.8713942307692307 0.140625 0.019230769230769232 0.02403846153846154
0 0.890625 0.13942307692307693 0.019230769230769232 0.02403846153846154
0 0.9411057692307693 0.13822115384615385 0.019230769230769232 0.028846153846153848
0 0.48197115384615385 0.17307692307692307 0.019230769230769232 0.03365384615384615
0 0.8016826923076923 0.15384615384615385 0.02403846153846154 0.02403846153846154
0 0.8293269230769231 0.15384615384615385 0.019230769230769232 0.028846153846153848
0 0.4519230769230769 0.18028846153846154 0.016826923076923076 0.019230769230769232
0 0.9242788461538461 0.1502403846153846 0.019230769230769232 0.028846153846153848
0 0.7824519230769231 0.16466346153846154 0.019230769230769232 0.019230769230769232
0 0.5685096153846154 0.17908653846153846 0.019230769230769232 0.02403846153846154
0 0.9591346153846154 0.15504807692307693 0.019230769230769232 0.028846153846153848
0 0.6286057692307693 0.18028846153846154 0.02403846153846154 0.03365384615384615
0 0.4483173076923077 0.1971153846153846 0.019230769230769232 0.028846153846153848
0 0.8533653846153846 0.17427884615384615 0.019230769230769232 0.02403846153846154
0 0.5865384615384616 0.19591346153846154 0.02403846153846154 0.028846153846153848
0 0.43509615384615385 0.21394230769230768 0.02403846153846154 0.03365384615384615
0 0.7199519230769231 0.1971153846153846 0.019230769230769232 0.03365384615384615
0 0.7872596153846154 0.20192307692307693 0.02403846153846154 0.02403846153846154
0 0.6899038461538461 0.20793269230769232 0.019230769230769232 0.028846153846153848
0 0.5288461538461539 0.22235576923076922 0.02403846153846154 0.03365384615384615
0 0.4651442307692308 0.22596153846153846 0.019230769230769232 0.03365384615384615
0 0.9495192307692307 0.1971153846153846 0.02403846153846154 0.03365384615384615
0 0.8834134615384616 0.20432692307692307 0.02403846153846154 0.03365384615384615
0 0.5745192307692307 0.234375 0.028846153846153848 0.03365384615384615
0 0.7800480769230769 0.23918269230769232 0.019230769230769232 0.02403846153846154
0 0.8389423076923077 0.23798076923076922 0.016826923076923076 0.02403846153846154
0 0.4266826923076923 0.27524038461538464 0.026442307692307692 0.038461538461538464
0 0.8329326923076923 0.2512019230769231 0.019230769230769232 0.02403846153846154
0 0.7043269230769231 0.2608173076923077 0.036057692307692304 0.04326923076923077
0 0.9302884615384616 0.24879807692307693 0.028846153846153848 0.03365384615384615
0 0.8197115384615384 0.25721153846153844 0.02403846153846154 0.03365384615384615
0 0.8605769230769231 0.2548076923076923 0.028846153846153848 0.028846153846153848
0 0.28365384615384615 0.29927884615384615 0.004807692307692308 0.004807692307692308
0 0.2980769230769231 0.3004807692307692 0.004807692307692308 0.004807692307692308
0 0.24519230769230768 0.30408653846153844 0.036057692307692304 0.04807692307692308
0 0.28846153846153844 0.30408653846153844 0.004807692307692308 0.004807692307692308
0 0.006009615384615385 0.3293269230769231 0.01201923076923077 0.04326923076923077
0 0.15144230769230768 0.31850961538461536 0.03125 0.04807692307692308
0 0.38100961538461536 0.3016826923076923 0.04567307692307692 0.057692307692307696
0 0.18990384615384615 0.31850961538461536 0.007211538461538462 0.019230769230769232
0 0.0673076923076923 0.3269230769230769 0.014423076923076924 0.014423076923076924
0 0.11899038461538461 0.3245192307692308 0.055288461538461536 0.08173076923076923
0 0.28365384615384615 0.3125 0.004807692307692308 0.004807692307692308
0 0.33413461538461536 0.3112980769230769 0.03125 0.038461538461538464
0 0.08413461538461539 0.3293269230769231 0.019230769230769232 0.019230769230769232
0 0.35697115384615385 0.31009615384615385 0.009615384615384616 0.009615384615384616
0 0.34375 0.3112980769230769 0.004807692307692308 0.009615384615384616
0 0.5480769230769231 0.296875 0.036057692307692304 0.038461538461538464
0 0.02283653846153846 0.33533653846153844 0.03125 0.04807692307692308
0 0.28966346153846156 0.3173076923076923 0.004807692307692308 0.004807692307692308
0 0.296875 0.3161057692307692 0.004807692307692308 0.004807692307692308
0 0.3112980769230769 0.3161057692307692 0.004807692307692308 0.009615384615384616
0 0.0733173076923077 0.33413461538461536 0.016826923076923076 0.02403846153846154
0 0.234375 0.32572115384615385 0.004807692307692308 0.009615384615384616
0 0.29927884615384615 0.32091346153846156 0.004807692307692308 0.009615384615384616
0 0.6298076923076923 0.2980769230769231 0.06009615384615385 0.06490384615384616
0 0.4170673076923077 0.31490384615384615 0.026442307692307692 0.038461538461538464
0 0.7980769230769231 0.28846153846153844 0.05048076923076923 0.0673076923076923
0 0.17548076923076922 0.3329326923076923 0.03125 0.04326923076923077
0 0.20793269230769232 0.33533653846153844 0.03125 0.04807692307692308
0 0.9435096153846154 0.2860576923076923 0.03125 0.038461538461538464
0 0.06129807692307692 0.35216346153846156 0.036057692307692304 0.038461538461538464
0 0.453125 0.3293269230769231 0.036057692307692304 0.04326923076923077
0 0.8990384615384616 0.30408653846153844 0.028846153846153848 0.03365384615384615
0 0.6201923076923077 0.0673076923076923 0.019230769230769232 0.02403846153846154
0 0.43149038461538464 0.08413461538461539 0.019230769230769232 0.028846153846153848
0 0.7704326923076923 0.06009615384615385 0.014423076923076924 0.009615384615384616
0 0.45913461538461536 0.08533653846153846 0.019230769230769232 0.028846153846153848
0 0.5216346153846154 0.0829326923076923 0.014423076923076924 0.014423076923076924
0 0.4483173076923077 0.09014423076923077 0.019230769230769232 0.028846153846153848
0 0.7307692307692307 0.07091346153846154 0.016826923076923076 0.019230769230769232
0 0.5612980769230769 0.0829326923076923 0.016826923076923076 0.019230769230769232
0 0.8004807692307693 0.06610576923076923 0.016826923076923076 0.02403846153846154
0 0.5408653846153846 0.08413461538461539 0.014423076923076924 0.014423076923076924
0 0.5757211538461539 0.08413461538461539 0.014423076923076924 0.009615384615384616
0 0.7163461538461539 0.07451923076923077 0.016826923076923076 0.02403846153846154
0 0.7439903846153846 0.07211538461538461 0.009615384615384616 0.014423076923076924
0 0.8725961538461539 0.0625 0.016826923076923076 0.019230769230769232
0 0.47836538461538464 0.09254807692307693 0.016826923076923076 0.02403846153846154
0 0.6141826923076923 0.08413461538461539 0.019230769230769232 0.028846153846153848
0 0.6286057692307693 0.0829326923076923 0.016826923076923076 0.02403846153846154
0 0.5132211538461539 0.09014423076923077 0.016826923076923076 0.02403846153846154
0 0.8305288461538461 0.0733173076923077 0.016826923076923076 0.019230769230769232
0 0.7908653846153846 0.07572115384615384 0.01201923076923077 0.019230769230769232
0 0.6057692307692307 0.0889423076923077 0.014423076923076924 0.014423076923076924
0 0.6838942307692307 0.0829326923076923 0.019230769230769232 0.019230769230769232
0 0.5949519230769231 0.09254807692307693 0.016826923076923076 0.02403846153846154
0 0.78125 0.07932692307692307 0.016826923076923076 0.019230769230769232
0 0.7740384615384616 0.08173076923076923 0.016826923076923076 0.019230769230769232
0 0.6646634615384616 0.09014423076923077 0.016826923076923076 0.019230769230769232
0 0.7487980769230769 0.08413461538461539 0.014423076923076924 0.014423076923076924
0 0.49278846153846156 0.10216346153846154 0.019230769230769232 0.02403846153846154
0 0.5721153846153846 0.09615384615384616 0.01201923076923077 0.02403846153846154
0 0.7391826923076923 0.08413461538461539 0.019230769230769232 0.02403846153846154
0 0.8461538461538461 0.07932692307692307 0.016826923076923076 0.02403846153846154