0 0.7199519230769231 0.14903846153846154 0.05048076923076923 0.057692307692307696
0 0.36778846153846156 0.2247596153846154 0.057692307692307696 0.07211538461538461
0 0.8942307692307693 0.1310096153846154 0.04567307692307692 0.06009615384615385
0 0.6213942307692307 0.20192307692307693 0.04807692307692308 0.06971153846153846
0 0.5673076923076923 0.21634615384615385 0.05048076923076923 0.07932692307692307
0 0.038461538461538464 0.3173076923076923 0.04807692307692308 0.06971153846153846
0 0.11298076923076923 0.31971153846153844 0.04807692307692308 0.06971153846153846
0 0.8185096153846154 0.20192307692307693 0.04807692307692308 0.07451923076923077
0 0.7007211538461539 0.22956730769230768 0.057692307692307696 0.0673076923076923
0 0.9050480769230769 0.1935096153846154 0.052884615384615384 0.0673076923076923
0 0.19110576923076922 0.32091346153846156 0.04326923076923077 0.06490384615384616
0 0.2536057692307692 0.3269230769230769 0.055288461538461536 0.08173076923076923
0 0.48197115384615385 0.2920673076923077 0.04807692307692308 0.07451923076923077
0 0.41466346153846156 0.30649038461538464 0.04807692307692308 0.04326923076923077
0 0.3401442307692308 0.3425480769230769 0.05048076923076923 0.0625
0 0.8605769230769231 0.2536057692307692 0.040865384615384616 0.055288461538461536
0 0.010817307692307692 0.40625 0.021634615384615384 0.07211538461538461
0 0.08052884615384616 0.3954326923076923 0.052884615384615384 0.07211538461538461
0 0.14783653846153846 0.39302884615384615 0.052884615384615384 0.07692307692307693
0 0.609375 0.3137019230769231 0.055288461538461536 0.08173076923076923
0 0.5492788461538461 0.021634615384615384 0.036057692307692304 0.04326923076923077
0 0.5516826923076923 0.32572115384615385 0.05048076923076923 0.0625
0 0.4254807692307692 0.35096153846153844 0.040865384615384616 0.06009615384615385
0 0.9555288461538461 0.25961538461538464 0.02403846153846154 0.052884615384615384
0 0.453125 0.35096153846153844 0.055288461538461536 0.08173076923076923
0 0.8581730769230769 0.3004807692307692 0.055288461538461536 0.08413461538461539
0 0.8076923076923077 0.3112980769230769 0.04326923076923077 0.06490384615384616
0 0.9375 0.29086538461538464 0.055288461538461536 0.08413461538461539
0 0.32572115384615385 0.4014423076923077 0.052884615384615384 0.07692307692307693
0 0.7716346153846154 0.3233173076923077 0.04567307692307692 0.055288461538461536
0 0.23557692307692307 0.42427884615384615 0.052884615384615384 0.07692307692307693
0 0.06850961538461539 0.4699519230769231 0.04326923076923077 0.06971153846153846
0 0.5649038461538461 0.3894230769230769 0.055288461538461536 0.08173076923076923
0 0.19110576923076922 0.4651442307692308 0.052884615384615384 0.07692307692307693
0 0.6622596153846154 0.018028846153846152 0.036057692307692304 0.036057692307692304
0 0.3762019230769231 0.4326923076923077 0.04326923076923077 0.06971153846153846
0 0.5 0.4182692307692308 0.055288461538461536 0.08173076923076923
0 0.2776442307692308 0.07692307692307693 0.038461538461538464 0.04807692307692308
0 0.2860576923076923 0.4723557692307692 0.04807692307692308 0.06490384615384616
0 0.0829326923076923 0.5637019230769231 0.055288461538461536 0.08173076923076923
0 0.7608173076923077 0.4519230769230769 0.04326923076923077 0.07451923076923077
0 0.4483173076923077 0.5096153846153846 0.04807692307692308 0.06971153846153846
0 0.6754807692307693 0.46875 0.052884615384615384 0.07211538461538461
0 0.9711538461538461 0.43990384615384615 0.055288461538461536 0.0889423076923077
0 0.9242788461538461 0.4579326923076923 0.0673076923076923 0.07932692307692307
0 0.6442307692307693 0.5072115384615384 0.052884615384615384 0.07692307692307693
0 0.34615384615384615 0.5625 0.040865384615384616 0.06009615384615385
0 0.28125 0.5841346153846154 0.04807692307692308 0.06490384615384616
0 0.6081730769230769 0.5264423076923077 0.04807692307692308 0.06490384615384616
0 0.18028846153846154 0.6153846153846154 0.04326923076923077 0.07451923076923077
0 0.5180288461538461 0.5576923076923077 0.052884615384615384 0.07692307692307693
0 0.5096153846153846 0.046875 0.04807692307692308 0.07451923076923077
0 0.21153846153846154 0.10216346153846154 0.040865384615384616 0.055288461538461536
0 0.7427884615384616 0.021634615384615384 0.052884615384615384 0.04326923076923077
0 0.42908653846153844 0.5757211538461539 0.04567307692307692 0.07932692307692307
0 0.038461538461538464 0.6454326923076923 0.052884615384615384 0.07692307692307693
0 0.36658653846153844 0.59375 0.04807692307692308 0.06971153846153846
0 0.7379807692307693 0.5288461538461539 0.052884615384615384 0.07692307692307693
0 0.8088942307692307 0.5240384615384616 0.036057692307692304 0.05048076923076923
0 0.11658653846153846 0.6466346153846154 0.04807692307692308 0.07451923076923077
0 0.8605769230769231 0.5300480769230769 0.04326923076923077 0.06971153846153846
0 0.7776442307692307 0.5444711538461539 0.057692307692307696 0.07211538461538461
0 0.24759615384615385 0.640625 0.05048076923076923 0.057692307692307696
0 0.6466346153846154 0.5853365384615384 0.04567307692307692 0.052884615384615384
0 0.5612980769230769 0.6033653846153846 0.052884615384615384 0.07211538461538461
0 0.4411057692307692 0.6298076923076923 0.057692307692307696 0.07211538461538461
0 0.7103365384615384 0.5853365384615384 0.052884615384615384 0.07692307692307693
0 0.9771634615384616 0.5540865384615384 0.04567307692307692 0.09375
0 0.16826923076923078 0.7067307692307693 0.052884615384615384 0.07211538461538461
0 0.05048076923076923 0.7295673076923077 0.04807692307692308 0.07932692307692307
0 0.390625 0.6694711538461539 0.04567307692307692 0.055288461538461536
0 0.8293269230769231 0.5973557692307693 0.055288461538461536 0.08173076923076923
0 0.3016826923076923 0.6971153846153846 0.05048076923076923 0.057692307692307696
0 0.12740384615384615 0.7487980769230769 0.040865384615384616 0.06009615384615385
0 0.7403846153846154 0.6622596153846154 0.052884615384615384 0.07211538461538461
0 0.6694711538461539 0.6754807692307693 0.05048076923076923 0.07932692307692307
0 0.25240384615384615 0.75 0.036057692307692304 0.05048076923076923
0 0.4495192307692308 0.7199519230769231 0.04807692307692308 0.06971153846153846
0 0.3401442307692308 0.7415865384615384 0.055288461538461536 0.08413461538461539
0 0.04447115384615385 0.14543269230769232 0.036057692307692304 0.05048076923076923
0 0.3954326923076923 0.7463942307692307 0.06009615384615385 0.08173076923076923
0 0.38461538461538464 0.08774038461538461 0.036057692307692304 0.06009615384615385
0 0.84375 0.019230769230769232 0.04807692307692308 0.038461538461538464
0 0.8028846153846154 0.6887019230769231 0.06009615384615385 0.07211538461538461
0 0.9375 0.6646634615384616 0.06490384615384616 0.09615384615384616
0 0.5913461538461539 0.7283653846153846 0.055288461538461536 0.08413461538461539
0 0.9783653846153846 0.6610576923076923 0.04326923076923077 0.08173076923076923
0 0.4795673076923077 0.7596153846153846 0.06009615384615385 0.0889423076923077
0 0.2548076923076923 0.8016826923076923 0.055288461538461536 0.08173076923076923
0 0.1658653846153846 0.8173076923076923 0.05048076923076923 0.0889423076923077
0 0.59375 0.054086538461538464 0.04807692307692308 0.06971153846153846
0 0.015625 0.15504807692307693 0.03125 0.04567307692307692
0 0.5625 0.7680288461538461 0.055288461538461536 0.08173076923076923
0 0.3629807692307692 0.8137019230769231 0.055288461538461536 0.08173076923076923
0 0.7560096153846154 0.7800480769230769 0.052884615384615384 0.07692307692307693
0 0.20072115384615385 0.8774038461538461 0.06009615384615385 0.08413461538461539
0 0.6646634615384616 0.8028846153846154 0.052884615384615384 0.07692307692307693
0 0.27163461538461536 0.8882211538461539 0.06009615384615385 0.0889423076923077
0 0.8629807692307693 0.8004807692307693 0.0673076923076923 0.08653846153846154
0 0.10096153846153846 0.9411057692307693 0.05048076923076923 0.07932692307692307
0 0.30408653846153844 0.125 0.052884615384615384 0.07211538461538461
0 0.09735576923076923 0.1778846153846154 0.040865384615384616 0.06009615384615385
0 0.19230769230769232 0.16826923076923078 0.040865384615384616 0.055288461538461536
0 0.47475961538461536 0.013221153846153846 0.03125 0.026442307692307692
0 0.6682692307692307 0.09735576923076923 0.0625 0.08653846153846154
0 0.26322115384615385 0.16826923076923078 0.04567307692307692 0.055288461538461536
0 0.06490384615384616 0.203125 0.040865384615384616 0.055288461538461536
0 0.36778846153846156 0.15264423076923078 0.04807692307692308 0.06971153846153846
0 0.020432692307692308 0.22956730769230768 0.040865384615384616 0.06490384615384616
0 0.45552884615384615 0.1622596153846154 0.036057692307692304 0.06009615384615385
0 0.16947115384615385 0.22596153846153846 0.04326923076923077 0.06490384615384616
0 0.29086538461538464 0.20793269230769232 0.040865384615384616 0.06009615384615385