0 0.7019230769230769 0.16826923076923078 0.04567307692307692 0.06971153846153846
0 0.4543269230769231 0.203125 0.04567307692307692 0.06971153846153846
0 0.734375 0.171875 0.04567307692307692 0.06971153846153846
0 0.38341346153846156 0.21514423076923078 0.05048076923076923 0.06971153846153846
0 0.18870192307692307 0.2439903846153846 0.04326923076923077 0.06009615384615385
0 0.4230769230769231 0.21514423076923078 0.04567307692307692 0.07932692307692307
0 0.17427884615384615 0.26322115384615385 0.028846153846153848 0.04567307692307692
0 0.859375 0.17908653846153846 0.057692307692307696 0.07451923076923077
0 0.7824519230769231 0.19471153846153846 0.038461538461538464 0.057692307692307696
0 0.016826923076923076 0.2932692307692308 0.03365384615384615 0.057692307692307696
0 0.4963942307692308 0.24639423076923078 0.04326923076923077 0.055288461538461536
0 0.25600961538461536 0.2776442307692308 0.038461538461538464 0.057692307692307696
0 0.29086538461538464 0.27884615384615385 0.04326923076923077 0.06009615384615385
0 0.054086538461538464 0.31009615384615385 0.038461538461538464 0.0625
0 0.9314903846153846 0.20192307692307693 0.057692307692307696 0.07451923076923077
0 0.5372596153846154 0.2536057692307692 0.05048076923076923 0.06971153846153846
0 0.3293269230769231 0.28365384615384615 0.04567307692307692 0.06971153846153846
0 0.7091346153846154 0.013221153846153846 0.038461538461538464 0.026442307692307692
0 0.09134615384615384 0.07692307692307693 0.028846153846153848 0.052884615384615384
0 0.030048076923076924 0.31850961538461536 0.03365384615384615 0.052884615384615384
0 0.6274038461538461 0.24759615384615385 0.052884615384615384 0.06490384615384616
0 0.09975961538461539 0.3173076923076923 0.03365384615384615 0.052884615384615384
0 0.5973557692307693 0.2668269230769231 0.04326923076923077 0.06490384615384616
0 0.13942307692307693 0.33052884615384615 0.03365384615384615 0.05048076923076923
0 0.3629807692307692 0.3076923076923077 0.04807692307692308 0.06009615384615385
0 0.7391826923076923 0.265625 0.05048076923076923 0.06971153846153846
0 0.12379807692307693 0.07572115384615384 0.028846153846153848 0.057692307692307696
0 0.671875 0.2776442307692308 0.05048076923076923 0.06971153846153846
0 0.7920673076923077 0.2776442307692308 0.05048076923076923 0.07932692307692307
0 0.46274038461538464 0.31850961538461536 0.04567307692307692 0.06971153846153846
0 0.4254807692307692 0.3233173076923077 0.040865384615384616 0.0673076923076923
0 0.1502403846153846 0.07211538461538461 0.028846153846153848 0.057692307692307696
0 0.1502403846153846 0.36658653846153844 0.05048076923076923 0.06971153846153846
0 0.5132211538461539 0.32572115384615385 0.040865384615384616 0.0673076923076923
0 0.38221153846153844 0.34375 0.04326923076923077 0.06490384615384616
0 0.003605769230769231 0.39903846153846156 0.007211538461538462 0.07692307692307693
0 0.21754807692307693 0.36899038461538464 0.03365384615384615 0.0625
0 0.40625 0.04326923076923077 0.03365384615384615 0.052884615384615384
0 0.18509615384615385 0.06971153846153846 0.04326923076923077 0.055288461538461536
0 0.5769230769230769 0.3269230769230769 0.03125 0.03125
0 0.016826923076923076 0.39903846153846156 0.03365384615384615 0.07211538461538461
0 0.2548076923076923 0.38341346153846156 0.038461538461538464 0.052884615384615384
0 0.4387019230769231 0.038461538461538464 0.03365384615384615 0.052884615384615384
0 0.7608173076923077 0.018028846153846152 0.055288461538461536 0.036057692307692304
0 0.6141826923076923 0.34134615384615385 0.06009615384615385 0.07932692307692307
0 0.09254807692307693 0.40865384615384615 0.040865384615384616 0.036057692307692304
0 0.3425480769230769 0.38822115384615385 0.04567307692307692 0.06971153846153846
0 0.5793269230769231 0.36899038461538464 0.038461538461538464 0.057692307692307696
0 0.8665865384615384 0.33413461538461536 0.055288461538461536 0.06971153846153846
0 0.90625 0.33413461538461536 0.05048076923076923 0.07932692307692307
0 0.31850961538461536 0.40865384615384615 0.004807692307692308 0.004807692307692308
0 0.6682692307692307 0.3713942307692308 0.05048076923076923 0.06971153846153846
0 0.11177884615384616 0.4375 0.057692307692307696 0.06490384615384616
0 0.796875 0.018028846153846152 0.04567307692307692 0.036057692307692304
0 0.38100961538461536 0.40865384615384615 0.04567307692307692 0.07451923076923077
0 0.9471153846153846 0.3425480769230769 0.055288461538461536 0.07932692307692307
0 0.1658653846153846 0.44350961538461536 0.040865384615384616 0.03125
0 0.7067307692307693 0.3786057692307692 0.05048076923076923 0.08173076923076923
0 0.20432692307692307 0.44591346153846156 0.03365384615384615 0.0625
0 0.4266826923076923 0.4206730769230769 0.05048076923076923 0.06971153846153846
0 0.30528846153846156 0.4375 0.04326923076923077 0.06490384615384616
0 0.23197115384615385 0.4519230769230769 0.036057692307692304 0.07211538461538461
0 0.4651442307692308 0.4254807692307692 0.05048076923076923 0.06971153846153846
0 0.47475961538461536 0.04447115384615385 0.038461538461538464 0.052884615384615384
0 0.49158653846153844 0.4326923076923077 0.04567307692307692 0.08173076923076923
0 0.08052884615384616 0.4831730769230769 0.028846153846153848 0.04567307692307692
0 0.16947115384615385 0.4891826923076923 0.05048076923076923 0.06971153846153846
0 0.7752403846153846 0.4266826923076923 0.04567307692307692 0.07451923076923077
0 0.038461538461538464 0.5192307692307693 0.05048076923076923 0.06971153846153846
0 0.875 0.41586538461538464 0.057692307692307696 0.06971153846153846
0 0.8209134615384616 0.42788461538461536 0.05048076923076923 0.07932692307692307
0 0.23317307692307693 0.07692307692307693 0.04326923076923077 0.06490384615384616
0 0.5216346153846154 0.4723557692307692 0.04807692307692308 0.06490384615384616
0 0.2692307692307692 0.5072115384615384 0.05048076923076923 0.08173076923076923
0 0.3016826923076923 0.5036057692307693 0.05048076923076923 0.07451923076923077
0 0.5745192307692307 0.4723557692307692 0.052884615384615384 0.08653846153846154
0 0.1201923076923077 0.546875 0.04807692307692308 0.06009615384615385
0 0.625 0.4891826923076923 0.04567307692307692 0.06971153846153846
0 0.35096153846153844 0.5228365384615384 0.040865384615384616 0.0673076923076923
0 0.09975961538461539 0.5637019230769231 0.040865384615384616 0.0673076923076923
0 0.9387019230769231 0.46153846153846156 0.04326923076923077 0.06490384615384616
0 0.9831730769230769 0.45913461538461536 0.03365384615384615 0.0673076923076923
0 0.06850961538461539 0.5709134615384616 0.038461538461538464 0.05048076923076923
0 0.38100961538461536 0.5348557692307693 0.040865384615384616 0.07211538461538461
0 0.6862980769230769 0.5 0.057692307692307696 0.0889423076923077
0 0.6045673076923077 0.039663461538461536 0.05048076923076923 0.06971153846153846
0 0.8617788461538461 0.02283653846153846 0.05048076923076923 0.04567307692307692
0 0.040865384615384616 0.10576923076923077 0.040865384615384616 0.036057692307692304
0 0.14302884615384615 0.5721153846153846 0.05048076923076923 0.06971153846153846
0 0.41947115384615385 0.546875 0.05048076923076923 0.07932692307692307
0 0.234375 0.5769230769230769 0.055288461538461536 0.07451923076923077
0 0.31490384615384615 0.07692307692307693 0.05048076923076923 0.07451923076923077
0 0.5600961538461539 0.04447115384615385 0.04567307692307692 0.06971153846153846
0 0.7319711538461539 0.546875 0.06009615384615385 0.0889423076923077
0 0.4375 0.5853365384615384 0.05048076923076923 0.08173076923076923
0 0.5673076923076923 0.5733173076923077 0.06009615384615385 0.08413461538461539
0 0.4855769230769231 0.5877403846153846 0.06009615384615385 0.09375
0 0.8040865384615384 0.5564903846153846 0.05048076923076923 0.07932692307692307
0 0.859375 0.5612980769230769 0.06009615384615385 0.08413461538461539
0 0.18509615384615385 0.6442307692307693 0.057692307692307696 0.07451923076923077
0 0.037259615384615384 0.6622596153846154 0.040865384615384616 0.08173076923076923
0 0.3076923076923077 0.6394230769230769 0.04567307692307692 0.06971153846153846
0 0.8918269230769231 0.021634615384615384 0.04326923076923077 0.04326923076923077
0 0.5901442307692307 0.625 0.057692307692307696 0.0889423076923077
0 0.6382211538461539 0.6165865384615384 0.06009615384615385 0.08413461538461539
0 0.057692307692307696 0.6947115384615384 0.04567307692307692 0.06971153846153846
0 0.27884615384615385 0.6706730769230769 0.04326923076923077 0.06009615384615385
0 0.9242788461538461 0.5949519230769231 0.06009615384615385 0.09375
0 0.39663461538461536 0.6634615384615384 0.040865384615384616 0.07211538461538461
0 0.9699519230769231 0.5949519230769231 0.06009615384615385 0.0889423076923077
0 0.12860576923076922 0.6995192307692307 0.04567307692307692 0.06971153846153846
0 0.09735576923076923 0.7079326923076923 0.04326923076923077 0.06009615384615385
0 0.3641826923076923 0.6850961538461539 0.04326923076923077 0.06009615384615385
0 0.6923076923076923 0.6574519230769231 0.04567307692307692 0.06971153846153846
0 0.9903846153846154 0.6177884615384616 0.019230769230769232 0.09615384615384616
0 0.7367788461538461 0.6598557692307693 0.06009615384615385 0.08413461538461539
0 0.44711538461538464 0.703125 0.05048076923076923 0.07932692307692307
0 0.9326923076923077 0.020432692307692308 0.02403846153846154 0.040865384615384616
0 0.7920673076923077 0.6598557692307693 0.06009615384615385 0.0889423076923077
0 0.15504807692307693 0.7475961538461539 0.05048076923076923 0.07932692307692307
0 0.49399038461538464 0.7175480769230769 0.055288461538461536 0.07451923076923077
0 0.8221153846153846 0.6790865384615384 0.06009615384615385 0.0889423076923077
0 0.2283653846153846 0.7728365384615384 0.052884615384615384 0.09134615384615384
0 0.04927884615384615 0.8149038461538461 0.038461538461538464 0.09134615384615384
0 0.30649038461538464 0.7872596153846154 0.06490384615384616 0.08413461538461539
0 0.6141826923076923 0.7524038461538461 0.057692307692307696 0.0889423076923077
0 0.9074519230769231 0.7175480769230769 0.05048076923076923 0.07451923076923077
0 0.5649038461538461 0.7668269230769231 0.06490384615384616 0.0889423076923077
0 0.07211538461538461 0.8317307692307693 0.05048076923076923 0.07932692307692307
0 0.4675480769230769 0.8064903846153846 0.0625 0.0625
0 0.3293269230769231 0.10096153846153846 0.03365384615384615 0.057692307692307696
0 0.3389423076923077 0.8293269230769231 0.055288461538461536 0.08413461538461539
0 0.6682692307692307 0.8016826923076923 0.055288461538461536 0.07932692307692307
0 0.9819711538461539 0.7596153846153846 0.036057692307692304 0.08173076923076923
0 0.16947115384615385 0.8653846153846154 0.052884615384615384 0.09134615384615384
0 0.7487980769230769 0.8052884615384616 0.06009615384615385 0.07932692307692307
0 0.28725961538461536 0.8617788461538461 0.03365384615384615 0.05048076923076923
0 0.10216346153846154 0.8870192307692307 0.06009615384615385 0.08413461538461539
0 0.7127403846153846 0.8112980769230769 0.05048076923076923 0.08173076923076923
0 0.43509615384615385 0.8737980769230769 0.057692307692307696 0.07451923076923077
0 0.24278846153846154 0.9146634615384616 0.057692307692307696 0.0889423076923077
0 0.057692307692307696 0.14182692307692307 0.038461538461538464 0.052884615384615384
0 0.49399038461538464 0.8882211538461539 0.06009615384615385 0.0889423076923077
0 0.9014423076923077 0.8425480769230769 0.06490384615384616 0.08173076923076923
0 0.7620192307692307 0.8665865384615384 0.05048076923076923 0.08173076923076923
0 0.3581730769230769 0.1045673076923077 0.04567307692307692 0.07451923076923077
0 0.5649038461538461 0.8978365384615384 0.06971153846153846 0.0889423076923077
0 0.265625 0.9447115384615384 0.04567307692307692 0.07932692307692307
0 0.29086538461538464 0.9507211538461539 0.052884615384615384 0.08653846153846154
0 0.08653846153846154 0.9723557692307693 0.07211538461538461 0.055288461538461536
0 0.6514423076923077 0.9375 0.0673076923076923 0.0985576923076923
0 0.4170673076923077 0.9675480769230769 0.07451923076923077 0.06490384615384616
0 0.35697115384615385 0.9711538461538461 0.06490384615384616 0.057692307692307696
0 0.6033653846153846 0.9579326923076923 0.0625 0.07211538461538461
0 0.8473557692307693 0.9278846153846154 0.055288461538461536 0.06971153846153846
0 0.7067307692307693 0.9483173076923077 0.057692307692307696 0.06490384615384616
0 0.6550480769230769 0.078125 0.038461538461538464 0.0625
0 0.7524038461538461 0.9579326923076923 0.05048076923076923 0.03365384615384615
0 0.5144230769230769 0.9867788461538461 0.052884615384615384 0.026442307692307692
0 0.6947115384615384 0.0733173076923077 0.055288461538461536 0.07451923076923077
0 0.08413461538461539 0.1502403846153846 0.04326923076923077 0.06009615384615385
0 0.6286057692307693 0.08533653846153846 0.038461538461538464 0.04567307692307692
0 0.39903846153846156 0.1141826923076923 0.038461538461538464 0.0625
0 0.11658653846153846 0.15144230769230768 0.04326923076923077 0.06009615384615385
0 0.4723557692307692 0.12379807692307693 0.04326923076923077 0.06490384615384616
0 0.7920673076923077 0.08413461538461539 0.05048076923076923 0.07451923076923077
0 0.9014423076923077 0.078125 0.055288461538461536 0.06971153846153846
0 0.7536057692307693 0.09615384615384616 0.052884615384615384 0.06009615384615385
0 0.4951923076923077 0.1346153846153846 0.040865384615384616 0.07211538461538461
0 0.008413461538461538 0.19591346153846154 0.016826923076923076 0.06490384615384616
0 0.5384615384615384 0.13341346153846154 0.04326923076923077 0.06490384615384616
0 0.20673076923076922 0.1814903846153846 0.04807692307692308 0.06009615384615385
0 0.9411057692307693 0.09134615384615384 0.03125 0.07692307692307693
0 0.03245192307692308 0.20793269230769232 0.040865384615384616 0.0673076923076923
0 0.8581730769230769 0.11298076923076923 0.04326923076923077 0.055288461538461536
0 0.421875 0.171875 0.04326923076923077 0.04567307692307692
0 0.6225961538461539 0.14903846153846154 0.05048076923076923 0.06971153846153846
0 0.5805288461538461 0.15504807692307693 0.04807692307692308 0.06009615384615385
0 0.05889423076923077 0.06850961538461539 0.036057692307692304 0.038461538461538464
0 0.6538461538461539 0.007211538461538462 0.04326923076923077 0.014423076923076924
0 0.15985576923076922 0.2127403846153846 0.04807692307692308 0.06490384615384616
0 0.6610576923076923 0.15865384615384615 0.038461538461538464 0.057692307692307696
0 0.30528846153846156 0.20192307692307693 0.04567307692307692 0.06971153846153846
0 0.24278846153846154 0.21153846153846154 0.04567307692307692 0.038461538461538464