0 0.08052884615384616 0.16105769230769232 0.03125 0.03125
0 0.265625 0.15384615384615385 0.026442307692307692 0.036057692307692304
0 0.41466346153846156 0.1346153846153846 0.021634615384615384 0.028846153846153848
0 0.14783653846153846 0.17548076923076922 0.040865384615384616 0.040865384615384616
0 0.20793269230769232 0.17427884615384615 0.02403846153846154 0.021634615384615384
0 0.02403846153846154 0.19591346153846154 0.038461538461538464 0.052884615384615384
0 0.3125 0.17067307692307693 0.04326923076923077 0.05048076923076923
0 0.5012019230769231 0.14783653846153846 0.04326923076923077 0.06490384615384616
0 0.6045673076923077 0.13701923076923078 0.03125 0.036057692307692304
0 0.359375 0.16947115384615385 0.04326923076923077 0.06009615384615385
0 0.5661057692307693 0.14423076923076922 0.036057692307692304 0.040865384615384616
0 0.4675480769230769 0.15625 0.038461538461538464 0.057692307692307696
0 0.1201923076923077 0.20192307692307693 0.03365384615384615 0.057692307692307696
0 0.09375 0.20673076923076922 0.038461538461538464 0.052884615384615384
0 0.7596153846153846 0.12740384615384615 0.03365384615384615 0.04567307692307692
0 0.05889423076923077 0.21634615384615385 0.026442307692307692 0.036057692307692304
0 0.40625 0.17307692307692307 0.028846153846153848 0.05048076923076923
0 0.7235576923076923 0.13701923076923078 0.026442307692307692 0.03125
0 0.7872596153846154 0.13221153846153846 0.026442307692307692 0.040865384615384616
0 0.22956730769230768 0.20072115384615385 0.04326923076923077 0.05048076923076923
0 0.27403846153846156 0.1971153846153846 0.040865384615384616 0.040865384615384616
0 0.8173076923076923 0.1310096153846154 0.026442307692307692 0.036057692307692304
0 0.6923076923076923 0.14543269230769232 0.04807692307692308 0.05048076923076923
0 0.17668269230769232 0.2091346153846154 0.04326923076923077 0.055288461538461536
0 0.6153846153846154 0.17067307692307693 0.04807692307692308 0.04807692307692308
0 0.6550480769230769 0.16826923076923078 0.04807692307692308 0.06009615384615385
0 0.9338942307692307 0.13701923076923078 0.05048076923076923 0.06971153846153846
0 0.5480769230769231 0.18629807692307693 0.04326923076923077 0.06490384615384616
0 0.3858173076923077 0.21153846153846154 0.05048076923076923 0.06971153846153846
0 0.8605769230769231 0.15504807692307693 0.04326923076923077 0.06009615384615385
0 0.765625 0.17548076923076922 0.040865384615384616 0.07692307692307693
0 0.7403846153846154 0.1814903846153846 0.04807692307692308 0.06009615384615385
0 0.04807692307692308 0.265625 0.06971153846153846 0.0889423076923077
0 0.31009615384615385 0.2439903846153846 0.057692307692307696 0.06009615384615385
0 0.13942307692307693 0.27403846153846156 0.052884615384615384 0.06490384615384616
0 0.18990384615384615 0.27163461538461536 0.04807692307692308 0.05048076923076923
0 0.7127403846153846 0.21995192307692307 0.057692307692307696 0.07451923076923077
0 0.8269230769230769 0.20793269230769232 0.055288461538461536 0.055288461538461536
0 0.90625 0.20072115384615385 0.06490384615384616 0.08173076923076923
0 0.6189903846153846 0.23557692307692307 0.06971153846153846 0.08413461538461539
0 0.4230769230769231 0.2920673076923077 0.07451923076923077 0.09134615384615384
0 0.36658653846153844 0.31490384615384615 0.055288461538461536 0.07932692307692307
0 0.21394230769230768 0.33653846153846156 0.0673076923076923 0.07692307692307693
0 0.31490384615384615 0.3269230769230769 0.06971153846153846 0.08413461538461539
0 0.6550480769230769 0.3473557692307692 0.07932692307692307 0.09615384615384616
0 0.5673076923076923 0.36778846153846156 0.07932692307692307 0.08653846153846154
0 0.8822115384615384 0.3317307692307692 0.07451923076923077 0.10096153846153846
0 0.7536057692307693 0.36538461538461536 0.07932692307692307 0.10096153846153846
0 0.46274038461538464 0.40625 0.08413461538461539 0.09615384615384616
0 0.2536057692307692 0.4675480769230769 0.06971153846153846 0.1201923076923077
0 0.30649038461538464 0.46274038461538464 0.0985576923076923 0.13942307692307693
0 0.7800480769230769 0.44471153846153844 0.09615384615384616 0.125
0 0.49278846153846156 0.5384615384615384 0.12259615384615384 0.15144230769230768
0 0.8473557692307693 0.5384615384615384 0.11057692307692307 0.11778846153846154
0 0.19110576923076922 0.6430288461538461 0.11778846153846154 0.15144230769230768
0 0.8930288461538461 0.6634615384615384 0.125 0.16346153846153846
0 0.27884615384615385 0.7487980769230769 0.15384615384615385 0.18269230769230768
0 0.9747596153846154 0.6634615384615384 0.05048076923076923 0.16346153846153846
0 0.09615384615384616 0.8617788461538461 0.13221153846153846 0.20192307692307693