0 0.9483173076923077 0.31850961538461536 0.004807692307692308 0.004807692307692308
0 0.9170673076923077 0.3173076923076923 0.004807692307692308 0.004807692307692308
0 0.9807692307692307 0.31971153846153844 0.004807692307692308 0.004807692307692308
0 0.9975961538461539 0.31971153846153844 0.004807692307692308 0.004807692307692308
0 0.9903846153846154 0.31971153846153844 0.004807692307692308 0.004807692307692308
0 0.9855769230769231 0.3245192307692308 0.004807692307692308 0.004807692307692308
0 0.27524038461538464 0.296875 0.009615384615384616 0.009615384615384616
0 0.9338942307692307 0.3233173076923077 0.004807692307692308 0.004807692307692308
0 0.953125 0.3233173076923077 0.004807692307692308 0.004807692307692308
0 0.9615384615384616 0.3233173076923077 0.004807692307692308 0.004807692307692308
0 0.9254807692307693 0.32211538461538464 0.004807692307692308 0.004807692307692308
0 0.8653846153846154 0.32572115384615385 0.004807692307692308 0.004807692307692308
0 0.8834134615384616 0.32572115384615385 0.004807692307692308 0.004807692307692308
0 0.9158653846153846 0.3269230769230769 0.004807692307692308 0.004807692307692308
0 0.9254807692307693 0.3269230769230769 0.004807692307692308 0.004807692307692308
0 0.7307692307692307 0.32091346153846156 0.004807692307692308 0.004807692307692308
0 0.9387019230769231 0.328125 0.004807692307692308 0.004807692307692308
0 0.8605769230769231 0.3245192307692308 0.004807692307692308 0.004807692307692308
0 0.7115384615384616 0.31971153846153844 0.004807692307692308 0.004807692307692308
0 0.8930288461538461 0.32572115384615385 0.004807692307692308 0.004807692307692308
0 0.7536057692307693 0.3233173076923077 0.004807692307692308 0.009615384615384616
0 0.7680288461538461 0.3269230769230769 0.004807692307692308 0.004807692307692308
0 0.828125 0.328125 0.004807692307692308 0.004807692307692308
0 0.8557692307692307 0.3293269230769231 0.004807692307692308 0.004807692307692308
0 0.8882211538461539 0.33052884615384615 0.004807692307692308 0.004807692307692308
0 0.7956730769230769 0.328125 0.004807692307692308 0.004807692307692308
0 0.8737980769230769 0.33052884615384615 0.004807692307692308 0.004807692307692308
0 0.7908653846153846 0.3269230769230769 0.004807692307692308 0.004807692307692308
0 0.8161057692307693 0.3329326923076923 0.009615384615384616 0.004807692307692308
0 0.9411057692307693 0.33774038461538464 0.009615384615384616 0.004807692307692308
0 0.9254807692307693 0.33653846153846156 0.004807692307692308 0.004807692307692308
0 0.8040865384615384 0.3329326923076923 0.004807692307692308 0.004807692307692308
0 0.7860576923076923 0.33413461538461536 0.004807692307692308 0.009615384615384616
0 0.828125 0.33533653846153844 0.004807692307692308 0.009615384615384616
0 0.8737980769230769 0.3401442307692308 0.004807692307692308 0.004807692307692308
0 0.7115384615384616 0.33413461538461536 0.004807692307692308 0.004807692307692308
0 0.7283653846153846 0.33533653846153844 0.009615384615384616 0.004807692307692308
0 0.7788461538461539 0.33653846153846156 0.009615384615384616 0.004807692307692308
0 0.7536057692307693 0.33653846153846156 0.004807692307692308 0.009615384615384616
0 0.7716346153846154 0.33774038461538464 0.004807692307692308 0.009615384615384616
0 0.65625 0.3329326923076923 0.004807692307692308 0.009615384615384616
0 0.9290865384615384 0.3425480769230769 0.004807692307692308 0.009615384615384616
0 0.8028846153846154 0.3389423076923077 0.009615384615384616 0.009615384615384616
0 0.8137019230769231 0.3389423076923077 0.004807692307692308 0.009615384615384616
0 0.7632211538461539 0.3401442307692308 0.004807692307692308 0.004807692307692308
0 0.71875 0.3401442307692308 0.009615384615384616 0.009615384615384616
0 0.6814903846153846 0.3389423076923077 0.009615384615384616 0.009615384615384616
0 0.7439903846153846 0.3389423076923077 0.004807692307692308 0.004807692307692308
0 0.7139423076923077 0.3401442307692308 0.009615384615384616 0.009615384615384616
0 0.6610576923076923 0.3389423076923077 0.004807692307692308 0.009615384615384616
0 0.7055288461538461 0.3401442307692308 0.009615384615384616 0.009615384615384616
0 0.8858173076923077 0.3485576923076923 0.009615384615384616 0.004807692307692308
0 0.6105769230769231 0.34134615384615385 0.004807692307692308 0.009615384615384616
0 0.7608173076923077 0.34615384615384615 0.009615384615384616 0.009615384615384616
0 0.7331730769230769 0.34375 0.009615384615384616 0.004807692307692308
0 0.7704326923076923 0.3449519230769231 0.009615384615384616 0.004807692307692308
0 0.8209134615384616 0.34615384615384615 0.009615384615384616 0.004807692307692308
0 0.6490384615384616 0.3425480769230769 0.009615384615384616 0.009615384615384616
0 0.78125 0.3473557692307692 0.004807692307692308 0.009615384615384616
0 0.640625 0.3425480769230769 0.009615384615384616 0.009615384615384616
0 0.7536057692307693 0.3485576923076923 0.004807692307692308 0.004807692307692308
0 0.6538461538461539 0.3449519230769231 0.009615384615384616 0.004807692307692308
0 0.7115384615384616 0.3473557692307692 0.004807692307692308 0.004807692307692308
0 0.7403846153846154 0.35096153846153844 0.009615384615384616 0.009615384615384616
0 0.8725961538461539 0.35336538461538464 0.004807692307692308 0.004807692307692308
0 0.6923076923076923 0.34975961538461536 0.004807692307692308 0.009615384615384616
0 0.7920673076923077 0.35216346153846156 0.009615384615384616 0.009615384615384616
0 0.6622596153846154 0.3485576923076923 0.009615384615384616 0.009615384615384616
0 0.921875 0.36177884615384615 0.009615384615384616 0.009615384615384616
0 0.9350961538461539 0.3605769230769231 0.009615384615384616 0.004807692307692308
0 0.5925480769230769 0.35096153846153844 0.009615384615384616 0.009615384615384616
0 0.8293269230769231 0.359375 0.009615384615384616 0.009615384615384616
0 0.7367788461538461 0.3557692307692308 0.009615384615384616 0.009615384615384616
0 0.6153846153846154 0.35096153846153844 0.009615384615384616 0.009615384615384616
0 0.6550480769230769 0.35216346153846156 0.004807692307692308 0.009615384615384616
0 0.6346153846153846 0.35216346153846156 0.009615384615384616 0.009615384615384616
0 0.6442307692307693 0.3545673076923077 0.009615384615384616 0.004807692307692308
0 0.7127403846153846 0.35697115384615385 0.009615384615384616 0.014423076923076924
0 0.8617788461538461 0.36177884615384615 0.009615384615384616 0.004807692307692308
0 0.7043269230769231 0.35697115384615385 0.009615384615384616 0.004807692307692308
0 0.2800480769230769 0.3449519230769231 0.014423076923076924 0.009615384615384616
0 0.6947115384615384 0.35697115384615385 0.009615384615384616 0.014423076923076924
0 0.7992788461538461 0.3629807692307692 0.004807692307692308 0.009615384615384616
0 0.9951923076923077 0.36899038461538464 0.009615384615384616 0.009615384615384616
0 0.8870192307692307 0.36538461538461536 0.004807692307692308 0.009615384615384616
0 0.9543269230769231 0.36778846153846156 0.009615384615384616 0.009615384615384616
0 0.7475961538461539 0.3605769230769231 0.014423076923076924 0.009615384615384616
0 0.25240384615384615 0.34375 0.014423076923076924 0.009615384615384616
0 0.5444711538461539 0.3557692307692308 0.014423076923076924 0.014423076923076924
0 0.7644230769230769 0.3641826923076923 0.009615384615384616 0.004807692307692308
0 0.5793269230769231 0.35697115384615385 0.009615384615384616 0.004807692307692308
0 0.8197115384615384 0.36538461538461536 0.009615384615384616 0.004807692307692308
0 0.9074519230769231 0.36899038461538464 0.009615384615384616 0.004807692307692308
0 0.6574519230769231 0.3605769230769231 0.009615384615384616 0.004807692307692308
0 0.921875 0.36899038461538464 0.009615384615384616 0.004807692307692308
0 0.5697115384615384 0.359375 0.009615384615384616 0.009615384615384616
0 0.6802884615384616 0.3629807692307692 0.009615384615384616 0.009615384615384616
0 0.5973557692307693 0.3629807692307692 0.009615384615384616 0.014423076923076924
0 0.7800480769230769 0.36658653846153844 0.004807692307692308 0.009615384615384616
0 0.8569711538461539 0.36899038461538464 0.009615384615384616 0.009615384615384616
0 0.8100961538461539 0.3701923076923077 0.009615384615384616 0.004807692307692308
0 0.8473557692307693 0.3713942307692308 0.009615384615384616 0.004807692307692308
0 0.5324519230769231 0.3605769230769231 0.009615384615384616 0.014423076923076924
0 0.8016826923076923 0.3701923076923077 0.009615384615384616 0.004807692307692308
0 0.6225961538461539 0.3641826923076923 0.014423076923076924 0.009615384615384616
0 0.9375 0.375 0.004807692307692308 0.004807692307692308
0 0.6899038461538461 0.36658653846153844 0.009615384615384616 0.009615384615384616
0 0.7596153846153846 0.36899038461538464 0.009615384615384616 0.009615384615384616
0 0.4795673076923077 0.36177884615384615 0.014423076923076924 0.014423076923076924
0 0.8569711538461539 0.37740384615384615 0.009615384615384616 0.009615384615384616
0 0.8918269230769231 0.3762019230769231 0.014423076923076924 0.004807692307692308
0 0.9495192307692307 0.38341346153846156 0.009615384615384616 0.004807692307692308
0 0.7391826923076923 0.3737980769230769 0.014423076923076924 0.009615384615384616
0 0.8798076923076923 0.3786057692307692 0.009615384615384616 0.009615384615384616
0 0.6550480769230769 0.3701923076923077 0.014423076923076924 0.009615384615384616
0 0.5673076923076923 0.36778846153846156 0.004807692307692308 0.009615384615384616
0 0.6694711538461539 0.3713942307692308 0.014423076923076924 0.009615384615384616
0 0.5420673076923077 0.36899038461538464 0.009615384615384616 0.014423076923076924
0 0.9543269230769231 0.38341346153846156 0.009615384615384616 0.014423076923076924
0 0.7475961538461539 0.3762019230769231 0.004807692307692308 0.004807692307692308
0 0.8052884615384616 0.38100961538461536 0.009615384615384616 0.009615384615384616
0 0.5516826923076923 0.3737980769230769 0.009615384615384616 0.014423076923076924
0 0.5817307692307693 0.37259615384615385 0.014423076923076924 0.009615384615384616
0 0.8569711538461539 0.38221153846153844 0.009615384615384616 0.009615384615384616
0 0.8425480769230769 0.38221153846153844 0.009615384615384616 0.009615384615384616
0 0.8894230769230769 0.3858173076923077 0.009615384615384616 0.004807692307692308
0 0.8293269230769231 0.38341346153846156 0.009615384615384616 0.004807692307692308
0 0.7524038461538461 0.38100961538461536 0.004807692307692308 0.004807692307692308
0 0.6322115384615384 0.3798076923076923 0.014423076923076924 0.009615384615384616
0 0.7944711538461539 0.38221153846153844 0.004807692307692308 0.004807692307692308
0 0.7716346153846154 0.38461538461538464 0.009615384615384616 0.009615384615384616
0 0.7079326923076923 0.38221153846153844 0.009615384615384616 0.009615384615384616
0 0.7175480769230769 0.38221153846153844 0.009615384615384616 0.009615384615384616
0 0.2824519230769231 0.3701923076923077 0.019230769230769232 0.014423076923076924
0 0.23197115384615385 0.3701923076923077 0.009615384615384616 0.009615384615384616
0 0.6887019230769231 0.3858173076923077 0.009615384615384616 0.009615384615384616
0 0.9891826923076923 0.39903846153846156 0.009615384615384616 0.004807692307692308
0 0.4699519230769231 0.3786057692307692 0.014423076923076924 0.009615384615384616
0 0.6382211538461539 0.38461538461538464 0.009615384615384616 0.009615384615384616
0 0.8305288461538461 0.3942307692307692 0.014423076923076924 0.014423076923076924
0 0.4963942307692308 0.38221153846153844 0.014423076923076924 0.014423076923076924
0 0.890625 0.3954326923076923 0.014423076923076924 0.014423076923076924
0 0.24759615384615385 0.3737980769230769 0.014423076923076924 0.014423076923076924
0 0.6586538461538461 0.390625 0.014423076923076924 0.009615384615384616
0 0.9939903846153846 0.39903846153846156 0.009615384615384616 0.004807692307692308
0 0.5132211538461539 0.38221153846153844 0.009615384615384616 0.014423076923076924
0 0.8737980769230769 0.39783653846153844 0.009615384615384616 0.009615384615384616
0 0.39663461538461536 0.38341346153846156 0.019230769230769232 0.014423076923076924
0 0.6057692307692307 0.38822115384615385 0.009615384615384616 0.009615384615384616
0 0.5757211538461539 0.3894230769230769 0.014423076923076924 0.014423076923076924
0 0.9290865384615384 0.40384615384615385 0.009615384615384616 0.009615384615384616
0 0.9158653846153846 0.40384615384615385 0.009615384615384616 0.009615384615384616
0 0.7956730769230769 0.40024038461538464 0.009615384615384616 0.009615384615384616
0 0.27403846153846156 0.38221153846153844 0.014423076923076924 0.014423076923076924
0 0.3737980769230769 0.38461538461538464 0.009615384615384616 0.009615384615384616
0 0.5216346153846154 0.3918269230769231 0.009615384615384616 0.014423076923076924
0 0.22355769230769232 0.38100961538461536 0.014423076923076924 0.014423076923076924
0 0.9411057692307693 0.40865384615384615 0.014423076923076924 0.009615384615384616
0 0.2439903846153846 0.38461538461538464 0.019230769230769232 0.009615384615384616
0 0.45913461538461536 0.3942307692307692 0.014423076923076924 0.014423076923076924
0 0.7115384615384616 0.4098557692307692 0.009615384615384616 0.009615384615384616
0 0.47115384615384615 0.39903846153846156 0.019230769230769232 0.014423076923076924
0 0.6634615384615384 0.40865384615384615 0.014423076923076924 0.009615384615384616
0 0.24879807692307693 0.3942307692307692 0.019230769230769232 0.019230769230769232
0 0.703125 0.4098557692307692 0.009615384615384616 0.009615384615384616
0 0.8581730769230769 0.4170673076923077 0.014423076923076924 0.014423076923076924
0 0.4879807692307692 0.4050480769230769 0.014423076923076924 0.014423076923076924
0 0.6141826923076923 0.40865384615384615 0.009615384615384616 0.014423076923076924
0 0.7632211538461539 0.41466346153846156 0.009615384615384616 0.014423076923076924
0 0.5060096153846154 0.4074519230769231 0.014423076923076924 0.019230769230769232
0 0.6442307692307693 0.41466346153846156 0.014423076923076924 0.014423076923076924
0 0.5588942307692307 0.41225961538461536 0.009615384615384616 0.014423076923076924
0 0.8377403846153846 0.421875 0.004807692307692308 0.014423076923076924
0 0.9170673076923077 0.42908653846153844 0.014423076923076924 0.014423076923076924
0 0.6646634615384616 0.4206730769230769 0.019230769230769232 0.014423076923076924
0 0.28125 0.4074519230769231 0.019230769230769232 0.014423076923076924
0 0.5997596153846154 0.4206730769230769 0.009615384615384616 0.009615384615384616
0 0.7043269230769231 0.421875 0.014423076923076924 0.014423076923076924
0 0.8125 0.42788461538461536 0.019230769230769232 0.009615384615384616
0 0.8774038461538461 0.42788461538461536 0.019230769230769232 0.014423076923076924
0 0.22115384615384615 0.4074519230769231 0.019230769230769232 0.019230769230769232
0 0.3798076923076923 0.41466346153846156 0.014423076923076924 0.014423076923076924
0 0.5444711538461539 0.4206730769230769 0.019230769230769232 0.014423076923076924
0 0.5877403846153846 0.4230769230769231 0.014423076923076924 0.014423076923076924
0 0.7403846153846154 0.42788461538461536 0.014423076923076924 0.014423076923076924
0 0.6069711538461539 0.4266826923076923 0.014423076923076924 0.014423076923076924
0 0.7680288461538461 0.4326923076923077 0.014423076923076924 0.014423076923076924
0 0.7920673076923077 0.43509615384615385 0.014423076923076924 0.009615384615384616
0 0.9194711538461539 0.4423076923076923 0.019230769230769232 0.014423076923076924
0 0.8677884615384616 0.4411057692307692 0.019230769230769232 0.014423076923076924
0 0.39783653846153844 0.4266826923076923 0.014423076923076924 0.019230769230769232
0 0.5168269230769231 0.42788461538461536 0.009615384615384616 0.014423076923076924
0 0.8245192307692307 0.44350961538461536 0.014423076923076924 0.014423076923076924
0 0.5697115384615384 0.4326923076923077 0.014423076923076924 0.019230769230769232
0 0.6526442307692307 0.4375 0.014423076923076924 0.014423076923076924
0 0.4254807692307692 0.43028846153846156 0.014423076923076924 0.014423076923076924
0 0.7223557692307693 0.4423076923076923 0.014423076923076924 0.019230769230769232
0 0.27524038461538464 0.43149038461538464 0.019230769230769232 0.019230769230769232
0 0.24759615384615385 0.43149038461538464 0.019230769230769232 0.019230769230769232
0 0.6947115384615384 0.44711538461538464 0.014423076923076924 0.019230769230769232
0 0.21995192307692307 0.43028846153846156 0.019230769230769232 0.019230769230769232
0 0.9182692307692307 0.4567307692307692 0.019230769230769232 0.014423076923076924
0 0.6670673076923077 0.45072115384615385 0.014423076923076924 0.019230769230769232
0 0.6237980769230769 0.4543269230769231 0.014423076923076924 0.019230769230769232
0 0.3425480769230769 0.44350961538461536 0.014423076923076924 0.019230769230769232
0 0.3016826923076923 0.44471153846153844 0.019230769230769232 0.014423076923076924
0 0.8233173076923077 0.46274038461538464 0.014423076923076924 0.014423076923076924
0 0.025240384615384616 0.4362980769230769 0.028846153846153848 0.028846153846153848
0 0.4987980769230769 0.4579326923076923 0.02403846153846154 0.019230769230769232
0 0.6418269230769231 0.46274038461538464 0.02403846153846154 0.019230769230769232
0 0.7716346153846154 0.4651442307692308 0.014423076923076924 0.014423076923076924
0 0.5192307692307693 0.4567307692307692 0.019230769230769232 0.02403846153846154
0 0.7415865384615384 0.4639423076923077 0.019230769230769232 0.014423076923076924
0 0.23677884615384615 0.45072115384615385 0.019230769230769232 0.02403846153846154
0 0.39903846153846156 0.4567307692307692 0.019230769230769232 0.02403846153846154
0 0.7067307692307693 0.47475961538461536 0.014423076923076924 0.019230769230769232
0 0.21153846153846154 0.4579326923076923 0.02403846153846154 0.028846153846153848
0 0.2764423076923077 0.4639423076923077 0.014423076923076924 0.019230769230769232
0 0.42908653846153844 0.4723557692307692 0.02403846153846154 0.02403846153846154
0 0.2956730769230769 0.4651442307692308 0.02403846153846154 0.028846153846153848
0 0.40865384615384615 0.4807692307692308 0.019230769230769232 0.02403846153846154
0 0.5144230769230769 0.4879807692307692 0.019230769230769232 0.02403846153846154
0 0.32091346153846156 0.4795673076923077 0.019230769230769232 0.019230769230769232
0 0.04927884615384615 0.4723557692307692 0.02403846153846154 0.02403846153846154
0 0.3401442307692308 0.484375 0.02403846153846154 0.028846153846153848
0 0.13942307692307693 0.4831730769230769 0.019230769230769232 0.028846153846153848
0 0.5901442307692307 0.5036057692307693 0.014423076923076924 0.019230769230769232
0 0.5480769230769231 0.5084134615384616 0.02403846153846154 0.02403846153846154
0 0.4855769230769231 0.5048076923076923 0.019230769230769232 0.028846153846153848
0 0.359375 0.5 0.02403846153846154 0.019230769230769232
0 0.7728365384615384 0.5168269230769231 0.019230769230769232 0.014423076923076924
0 0.7331730769230769 0.5228365384615384 0.02403846153846154 0.019230769230769232
0 0.4987980769230769 0.5204326923076923 0.019230769230769232 0.02403846153846154
0 0.6634615384615384 0.5288461538461539 0.02403846153846154 0.019230769230769232
0 0.3737980769230769 0.5276442307692307 0.028846153846153848 0.028846153846153848
0 0.7632211538461539 0.5444711538461539 0.028846153846153848 0.02403846153846154
0 0.39663461538461536 0.53125 0.019230769230769232 0.02403846153846154
0 0.546875 0.5408653846153846 0.02403846153846154 0.02403846153846154
0 0.6334134615384616 0.546875 0.028846153846153848 0.028846153846153848
0 0.4411057692307692 0.5420673076923077 0.02403846153846154 0.02403846153846154
0 0.11298076923076923 0.5564903846153846 0.028846153846153848 0.028846153846153848
0 0.12379807692307693 0.5973557692307693 0.03365384615384615 0.028846153846153848
0 0.28966346153846156 0.6225961538461539 0.02403846153846154 0.028846153846153848