0 0.375 0.010817307692307692 0.014423076923076924 0.021634615384615384
0 0.6129807692307693 0.014423076923076924 0.019230769230769232 0.02403846153846154
0 0.6213942307692307 0.014423076923076924 0.02403846153846154 0.02403846153846154
0 0.6358173076923077 0.014423076923076924 0.019230769230769232 0.02403846153846154
0 0.9086538461538461 0.019230769230769232 0.014423076923076924 0.02403846153846154
0 0.6009615384615384 0.013221153846153846 0.028846153846153848 0.02403846153846154
0 0.15745192307692307 0.10096153846153846 0.019230769230769232 0.028846153846153848
0 0.6646634615384616 0.109375 0.019230769230769232 0.03365384615384615
0 0.5673076923076923 0.10817307692307693 0.019230769230769232 0.028846153846153848
0 0.8197115384615384 0.11298076923076923 0.019230769230769232 0.02403846153846154
0 0.6466346153846154 0.109375 0.019230769230769232 0.028846153846153848
0 0.7451923076923077 0.11177884615384616 0.019230769230769232 0.028846153846153848
0 0.49759615384615385 0.10697115384615384 0.019230769230769232 0.02403846153846154
0 0.11658653846153846 0.10216346153846154 0.02403846153846154 0.028846153846153848
0 0.42908653846153844 0.10817307692307693 0.019230769230769232 0.03365384615384615
0 0.9074519230769231 0.11658653846153846 0.019230769230769232 0.03365384615384615
0 0.8701923076923077 0.11658653846153846 0.019230769230769232 0.02403846153846154
0 0.9891826923076923 0.11778846153846154 0.021634615384615384 0.03365384615384615
0 0.5168269230769231 0.11298076923076923 0.019230769230769232 0.028846153846153848
0 0.8377403846153846 0.11899038461538461 0.019230769230769232 0.03365384615384615
0 0.22235576923076922 0.10817307692307693 0.019230769230769232 0.02403846153846154
0 0.4098557692307692 0.11177884615384616 0.02403846153846154 0.03365384615384615
0 0.6826923076923077 0.11658653846153846 0.02403846153846154 0.028846153846153848
0 0.9771634615384616 0.12139423076923077 0.019230769230769232 0.03365384615384615
0 0.19951923076923078 0.10817307692307693 0.019230769230769232 0.014423076923076924
0 0.5492788461538461 0.1141826923076923 0.014423076923076924 0.02403846153846154
0 0.31009615384615385 0.11177884615384616 0.019230769230769232 0.02403846153846154
0 0.055288461538461536 0.007211538461538462 0.019230769230769232 0.014423076923076924
0 0.5901442307692307 0.11658653846153846 0.014423076923076924 0.02403846153846154
0 0.9302884615384616 0.12259615384615384 0.019230769230769232 0.019230769230769232
0 0.8016826923076923 0.1201923076923077 0.019230769230769232 0.02403846153846154
0 0.13942307692307693 0.11177884615384616 0.019230769230769232 0.02403846153846154
0 0.44471153846153844 0.11658653846153846 0.02403846153846154 0.03365384615384615
0 0.7860576923076923 0.125 0.019230769230769232 0.03365384615384615
0 0.3641826923076923 0.11778846153846154 0.02403846153846154 0.02403846153846154
0 0.3858173076923077 0.1201923076923077 0.019230769230769232 0.02403846153846154
0 0.3245192307692308 0.11899038461538461 0.019230769230769232 0.02403846153846154
0 0.6009615384615384 0.12379807692307693 0.009615384615384616 0.02403846153846154
0 0.19110576923076922 0.11899038461538461 0.019230769230769232 0.03365384615384615
0 0.16346153846153846 0.11899038461538461 0.019230769230769232 0.03365384615384615
0 0.5408653846153846 0.12620192307692307 0.019230769230769232 0.02403846153846154
0 0.10096153846153846 0.11778846153846154 0.019230769230769232 0.02403846153846154
0 0.7584134615384616 0.12980769230769232 0.019230769230769232 0.02403846153846154
0 0.7115384615384616 0.018028846153846152 0.019230769230769232 0.028846153846153848
0 0.7536057692307693 0.019230769230769232 0.02403846153846154 0.028846153846153848
0 0.8233173076923077 0.1310096153846154 0.02403846153846154 0.02403846153846154
0 0.07091346153846154 0.1201923076923077 0.019230769230769232 0.028846153846153848
0 0.018028846153846152 0.11899038461538461 0.02403846153846154 0.02403846153846154
0 0.6514423076923077 0.12980769230769232 0.02403846153846154 0.028846153846153848
0 0.7055288461538461 0.1310096153846154 0.02403846153846154 0.028846153846153848
0 0.9206730769230769 0.1346153846153846 0.019230769230769232 0.019230769230769232
0 0.27884615384615385 0.12379807692307693 0.02403846153846154 0.03365384615384615
0 0.1778846153846154 0.12379807692307693 0.014423076923076924 0.02403846153846154
0 0.21634615384615385 0.125 0.019230769230769232 0.02403846153846154
0 0.8581730769230769 0.13581730769230768 0.019230769230769232 0.02403846153846154
0 0.9639423076923077 0.13822115384615385 0.019230769230769232 0.02403846153846154
0 0.9975961538461539 0.14182692307692307 0.004807692307692308 0.028846153846153848
0 0.8161057692307693 0.13822115384615385 0.019230769230769232 0.02403846153846154
0 0.8930288461538461 0.13942307692307693 0.019230769230769232 0.02403846153846154
0 0.2608173076923077 0.12740384615384615 0.019230769230769232 0.03365384615384615
0 0.9483173076923077 0.13942307692307693 0.019230769230769232 0.028846153846153848
0 0.2403846153846154 0.12740384615384615 0.019230769230769232 0.02403846153846154
0 0.6358173076923077 0.1346153846153846 0.02403846153846154 0.02403846153846154
0 0.5841346153846154 0.13581730769230768 0.019230769230769232 0.02403846153846154
0 0.5709134615384616 0.13581730769230768 0.019230769230769232 0.02403846153846154
0 0.6838942307692307 0.018028846153846152 0.019230769230769232 0.02403846153846154
0 0.8882211538461539 0.021634615384615384 0.019230769230769232 0.019230769230769232
0 0.21153846153846154 0.009615384615384616 0.014423076923076924 0.019230769230769232
0 0.2608173076923077 0.009615384615384616 0.014423076923076924 0.019230769230769232
0 0.07932692307692307 0.009615384615384616 0.014423076923076924 0.019230769230769232
0 0.8786057692307693 0.14302884615384615 0.019230769230769232 0.02403846153846154
0 0.4411057692307692 0.13581730769230768 0.019230769230769232 0.019230769230769232
0 0.33653846153846156 0.1346153846153846 0.02403846153846154 0.028846153846153848
0 0.5216346153846154 0.13942307692307693 0.02403846153846154 0.03365384615384615
0 0.6129807692307693 0.14182692307692307 0.019230769230769232 0.03365384615384615
0 0.9759615384615384 0.14783653846153846 0.019230769230769232 0.019230769230769232
0 0.13822115384615385 0.1346153846153846 0.019230769230769232 0.028846153846153848
0 0.47836538461538464 0.140625 0.02403846153846154 0.03365384615384615
0 0.5480769230769231 0.14182692307692307 0.019230769230769232 0.02403846153846154
0 0.3762019230769231 0.140625 0.028846153846153848 0.02403846153846154
0 0.7704326923076923 0.14783653846153846 0.019230769230769232 0.02403846153846154
0 0.08413461538461539 0.13822115384615385 0.02403846153846154 0.019230769230769232
0 0.06370192307692307 0.13822115384615385 0.019230769230769232 0.019230769230769232
0 0.11057692307692307 0.010817307692307692 0.014423076923076924 0.021634615384615384
0 0.5769230769230769 0.016826923076923076 0.016826923076923076 0.03125
0 0.31850961538461536 0.14182692307692307 0.02403846153846154 0.02403846153846154
0 0.9314903846153846 0.15504807692307693 0.019230769230769232 0.028846153846153848
0 0.11899038461538461 0.140625 0.02403846153846154 0.028846153846153848
0 0.7355769230769231 0.15144230769230768 0.02403846153846154 0.03365384615384615
0 0.020432692307692308 0.14182692307692307 0.019230769230769232 0.028846153846153848
0 0.35336538461538464 0.14783653846153846 0.02403846153846154 0.03365384615384615
0 0.4362980769230769 0.14903846153846154 0.019230769230769232 0.02403846153846154
0 0.1814903846153846 0.14423076923076922 0.014423076923076924 0.02403846153846154
0 0.65625 0.15264423076923078 0.019230769230769232 0.03365384615384615
0 0.9927884615384616 0.16105769230769232 0.014423076923076924 0.019230769230769232
0 0.15625 0.1466346153846154 0.019230769230769232 0.02403846153846154
0 0.20552884615384615 0.14783653846153846 0.019230769230769232 0.02403846153846154
0 0.8040865384615384 0.15985576923076922 0.028846153846153848 0.03365384615384615
0 0.7091346153846154 0.15865384615384615 0.028846153846153848 0.038461538461538464
0 0.9459134615384616 0.1622596153846154 0.019230769230769232 0.03365384615384615
0 0.038461538461538464 0.1466346153846154 0.014423076923076924 0.014423076923076924
0 0.8161057692307693 0.16346153846153846 0.019230769230769232 0.03365384615384615
0 0.8533653846153846 0.16346153846153846 0.019230769230769232 0.019230769230769232
0 0.8341346153846154 0.16346153846153846 0.028846153846153848 0.03365384615384615
0 0.5685096153846154 0.15865384615384615 0.02403846153846154 0.028846153846153848
0 0.23076923076923078 0.15264423076923078 0.02403846153846154 0.02403846153846154
0 0.9014423076923077 0.16706730769230768 0.014423076923076924 0.02403846153846154
0 0.6358173076923077 0.1622596153846154 0.02403846153846154 0.02403846153846154
0 0.765625 0.16466346153846154 0.019230769230769232 0.019230769230769232
0 0.8966346153846154 0.16706730769230768 0.019230769230769232 0.028846153846153848
0 0.5540865384615384 0.16105769230769232 0.014423076923076924 0.03365384615384615
0 0.9182692307692307 0.16947115384615385 0.014423076923076924 0.02403846153846154
0 0.8737980769230769 0.16826923076923078 0.02403846153846154 0.03365384615384615
0 0.36538461538461536 0.1622596153846154 0.02403846153846154 0.03365384615384615
0 0.4579326923076923 0.16346153846153846 0.02403846153846154 0.028846153846153848
0 0.056490384615384616 0.15745192307692307 0.02403846153846154 0.028846153846153848
0 0.5865384615384616 0.1658653846153846 0.019230769230769232 0.04807692307692308
0 0.6430288461538461 0.16706730769230768 0.02403846153846154 0.02403846153846154
0 0.265625 0.16346153846153846 0.02403846153846154 0.019230769230769232
0 0.24879807692307693 0.1622596153846154 0.02403846153846154 0.019230769230769232
0 0.33413461538461536 0.16466346153846154 0.02403846153846154 0.03365384615384615
0 0.7956730769230769 0.020432692307692308 0.014423076923076924 0.02403846153846154
0 0.2536057692307692 0.010817307692307692 0.009615384615384616 0.014423076923076924
0 0.828125 0.021634615384615384 0.014423076923076924 0.02403846153846154
0 0.16346153846153846 0.009615384615384616 0.014423076923076924 0.019230769230769232
0 0.6610576923076923 0.018028846153846152 0.014423076923076924 0.02403846153846154
0 0.7788461538461539 0.17427884615384615 0.019230769230769232 0.028846153846153848
0 0.41586538461538464 0.16826923076923078 0.02403846153846154 0.03365384615384615
0 0.5240384615384616 0.171875 0.014423076923076924 0.019230769230769232
0 0.6129807692307693 0.17427884615384615 0.019230769230769232 0.03365384615384615
0 0.3112980769230769 0.16826923076923078 0.02403846153846154 0.03365384615384615
0 0.19591346153846154 0.16826923076923078 0.019230769230769232 0.028846153846153848
0 0.5661057692307693 0.17427884615384615 0.014423076923076924 0.019230769230769232
0 0.9711538461538461 0.1814903846153846 0.019230769230769232 0.02403846153846154
0 0.07091346153846154 0.1658653846153846 0.019230769230769232 0.03365384615384615
0 0.9579326923076923 0.18389423076923078 0.019230769230769232 0.02403846153846154
0 0.22115384615384615 0.17067307692307693 0.019230769230769232 0.028846153846153848
0 0.44350961538461536 0.17427884615384615 0.02403846153846154 0.03365384615384615
0 0.5012019230769231 0.17548076923076922 0.019230769230769232 0.028846153846153848
0 0.9615384615384616 0.026442307692307692 0.014423076923076924 0.014423076923076924
0 0.5060096153846154 0.018028846153846152 0.014423076923076924 0.028846153846153848
0 0.13822115384615385 0.01201923076923077 0.014423076923076924 0.02403846153846154
0 0.2932692307692308 0.014423076923076924 0.019230769230769232 0.019230769230769232
0 0.015625 0.009615384615384616 0.014423076923076924 0.019230769230769232
0 0.08413461538461539 0.17067307692307693 0.019230769230769232 0.02403846153846154
0 0.8040865384615384 0.18269230769230768 0.019230769230769232 0.019230769230769232
0 0.5360576923076923 0.18028846153846154 0.019230769230769232 0.02403846153846154
0 0.6862980769230769 0.18389423076923078 0.02403846153846154 0.028846153846153848
0 0.3713942307692308 0.1778846153846154 0.019230769230769232 0.03365384615384615
0 0.1814903846153846 0.17668269230769232 0.02403846153846154 0.03365384615384615
0 0.9891826923076923 0.18990384615384615 0.021634615384615384 0.038461538461538464
0 0.8605769230769231 0.18870192307692307 0.019230769230769232 0.028846153846153848
0 0.24158653846153846 0.18028846153846154 0.019230769230769232 0.028846153846153848
0 0.703125 0.18870192307692307 0.019230769230769232 0.03365384615384615
0 0.15625 0.1814903846153846 0.028846153846153848 0.03365384615384615
0 0.8377403846153846 0.1935096153846154 0.019230769230769232 0.028846153846153848
0 0.6057692307692307 0.18870192307692307 0.028846153846153848 0.028846153846153848
0 0.6382211538461539 0.18990384615384615 0.02403846153846154 0.028846153846153848
0 0.9146634615384616 0.19471153846153846 0.02403846153846154 0.03365384615384615
0 0.6430288461538461 0.020432692307692308 0.014423076923076924 0.028846153846153848
0 0.8978365384615384 0.1971153846153846 0.019230769230769232 0.028846153846153848
0 0.43149038461538464 0.18870192307692307 0.019230769230769232 0.019230769230769232
0 0.6646634615384616 0.19230769230769232 0.02403846153846154 0.038461538461538464
0 0.30288461538461536 0.18629807692307693 0.02403846153846154 0.019230769230769232
0 0.27163461538461536 0.18629807692307693 0.02403846153846154 0.02403846153846154
0 0.5096153846153846 0.19230769230769232 0.02403846153846154 0.028846153846153848
0 0.8725961538461539 0.19831730769230768 0.019230769230769232 0.02403846153846154
0 0.3545673076923077 0.18990384615384615 0.02403846153846154 0.02403846153846154
0 0.9326923076923077 0.19951923076923078 0.028846153846153848 0.02403846153846154
0 0.9675480769230769 0.20072115384615385 0.019230769230769232 0.028846153846153848
0 0.2800480769230769 0.18870192307692307 0.019230769230769232 0.028846153846153848
0 0.5697115384615384 0.1935096153846154 0.019230769230769232 0.03365384615384615
0 0.09735576923076923 0.1875 0.028846153846153848 0.038461538461538464
0 0.5492788461538461 0.19591346153846154 0.019230769230769232 0.038461538461538464
0 0.9543269230769231 0.20793269230769232 0.02403846153846154 0.03365384615384615
0 0.020432692307692308 0.18990384615384615 0.03125 0.040865384615384616
0 0.734375 0.203125 0.028846153846153848 0.02403846153846154
0 0.7283653846153846 0.02403846153846154 0.019230769230769232 0.03365384615384615
0 0.5612980769230769 0.021634615384615384 0.014423076923076924 0.02403846153846154
0 0.7992788461538461 0.20673076923076922 0.028846153846153848 0.028846153846153848
0 0.8918269230769231 0.2091346153846154 0.02403846153846154 0.028846153846153848
0 0.20793269230769232 0.1971153846153846 0.028846153846153848 0.03365384615384615
0 0.16706730769230768 0.19951923076923078 0.019230769230769232 0.03365384615384615
0 0.29927884615384615 0.20192307692307693 0.02403846153846154 0.02403846153846154
0 0.11177884615384616 0.19831730769230768 0.019230769230769232 0.03365384615384615
0 0.3173076923076923 0.20432692307692307 0.028846153846153848 0.04326923076923077
0 0.4375 0.20673076923076922 0.02403846153846154 0.03365384615384615
0 0.9915865384615384 0.028846153846153848 0.016826923076923076 0.02403846153846154
0 0.3713942307692308 0.018028846153846152 0.019230769230769232 0.02403846153846154
0 0.8149038461538461 0.21634615384615385 0.028846153846153848 0.028846153846153848
0 0.5324519230769231 0.21033653846153846 0.019230769230769232 0.03365384615384615
0 0.5829326923076923 0.21153846153846154 0.02403846153846154 0.03365384615384615
0 0.8894230769230769 0.21995192307692307 0.019230769230769232 0.02403846153846154
0 0.47475961538461536 0.2127403846153846 0.02403846153846154 0.03365384615384615
0 0.1201923076923077 0.20552884615384615 0.019230769230769232 0.028846153846153848
0 0.4567307692307692 0.21153846153846154 0.028846153846153848 0.03365384615384615
0 0.609375 0.21514423076923078 0.02403846153846154 0.03365384615384615
0 0.6923076923076923 0.21634615384615385 0.028846153846153848 0.028846153846153848
0 0.7704326923076923 0.21754807692307693 0.03365384615384615 0.04326923076923077
0 0.38461538461538464 0.2127403846153846 0.038461538461538464 0.03365384615384615
0 0.9603365384615384 0.22355769230769232 0.02403846153846154 0.02403846153846154
0 0.421875 0.21394230769230768 0.02403846153846154 0.038461538461538464
0 0.22716346153846154 0.2127403846153846 0.019230769230769232 0.038461538461538464
0 0.5168269230769231 0.21754807692307693 0.019230769230769232 0.038461538461538464
0 0.7295673076923077 0.22115384615384615 0.02403846153846154 0.028846153846153848
0 0.24519230769230768 0.21514423076923078 0.028846153846153848 0.03365384615384615
0 0.4050480769230769 0.21875 0.02403846153846154 0.02403846153846154
0 0.6454326923076923 0.22235576923076922 0.028846153846153848 0.038461538461538464
0 0.7427884615384616 0.22355769230769232 0.019230769230769232 0.028846153846153848
0 0.9903846153846154 0.2283653846153846 0.019230769230769232 0.03365384615384615
0 0.3329326923076923 0.020432692307692308 0.014423076923076924 0.014423076923076924
0 0.057692307692307696 0.2127403846153846 0.02403846153846154 0.028846153846153848
0 0.8641826923076923 0.22596153846153846 0.02403846153846154 0.038461538461538464
0 0.3545673076923077 0.21995192307692307 0.02403846153846154 0.03365384615384615
0 0.18509615384615385 0.21634615384615385 0.02403846153846154 0.028846153846153848
0 0.9495192307692307 0.22956730769230768 0.02403846153846154 0.03365384615384615
0 0.016826923076923076 0.21394230769230768 0.02403846153846154 0.038461538461538464
0 0.07211538461538461 0.21514423076923078 0.02403846153846154 0.028846153846153848
0 0.9302884615384616 0.23197115384615385 0.02403846153846154 0.03365384615384615
0 0.875 0.23076923076923078 0.019230769230769232 0.02403846153846154
0 0.5576923076923077 0.22596153846153846 0.019230769230769232 0.028846153846153848
0 0.2824519230769231 0.22115384615384615 0.019230769230769232 0.02403846153846154
0 0.16947115384615385 0.21875 0.014423076923076924 0.02403846153846154
0 0.2692307692307692 0.22115384615384615 0.02403846153846154 0.038461538461538464
0 0.03245192307692308 0.22115384615384615 0.03365384615384615 0.038461538461538464
0 0.1346153846153846 0.22355769230769232 0.028846153846153848 0.04326923076923077
0 0.10216346153846154 0.22235576923076922 0.02403846153846154 0.02403846153846154
0 0.23076923076923078 0.018028846153846152 0.019230769230769232 0.02403846153846154
0 0.5408653846153846 0.02403846153846154 0.019230769230769232 0.02403846153846154
0 0.8293269230769231 0.23798076923076922 0.028846153846153848 0.04326923076923077
0 0.9122596153846154 0.24158653846153846 0.019230769230769232 0.02403846153846154
0 0.9699519230769231 0.24278846153846154 0.019230769230769232 0.03365384615384615
0 0.21754807692307693 0.22956730769230768 0.02403846153846154 0.038461538461538464
0 0.7127403846153846 0.23918269230769232 0.028846153846153848 0.04807692307692308
0 0.9951923076923077 0.24639423076923078 0.009615384615384616 0.03365384615384615
0 0.4951923076923077 0.23798076923076922 0.019230769230769232 0.028846153846153848
0 0.9411057692307693 0.030048076923076924 0.019230769230769232 0.019230769230769232
0 0.12139423076923077 0.015625 0.014423076923076924 0.019230769230769232
0 0.9735576923076923 0.03365384615384615 0.019230769230769232 0.02403846153846154
0 0.25240384615384615 0.23557692307692307 0.02403846153846154 0.02403846153846154
0 0.1971153846153846 0.23798076923076922 0.019230769230769232 0.04326923076923077
0 0.8473557692307693 0.24879807692307693 0.03365384615384615 0.03365384615384615
0 0.48197115384615385 0.24759615384615385 0.02403846153846154 0.038461538461538464
0 0.2848557692307692 0.2439903846153846 0.019230769230769232 0.02403846153846154
0 0.3076923076923077 0.2439903846153846 0.02403846153846154 0.038461538461538464
0 0.4651442307692308 0.24639423076923078 0.02403846153846154 0.04326923076923077
0 0.3293269230769231 0.2439903846153846 0.02403846153846154 0.038461538461538464
0 0.09014423076923077 0.24278846153846154 0.02403846153846154 0.03365384615384615
0 0.921875 0.25721153846153844 0.02403846153846154 0.02403846153846154
0 0.5925480769230769 0.2512019230769231 0.019230769230769232 0.03365384615384615
0 0.7836538461538461 0.030048076923076924 0.014423076923076924 0.02403846153846154
0 0.1778846153846154 0.019230769230769232 0.014423076923076924 0.019230769230769232
0 0.6081730769230769 0.027644230769230768 0.02403846153846154 0.03365384615384615
0 0.06610576923076923 0.018028846153846152 0.014423076923076924 0.02403846153846154
0 0.7079326923076923 0.028846153846153848 0.009615384615384616 0.014423076923076924
0 0.9519230769230769 0.2608173076923077 0.028846153846153848 0.028846153846153848
0 0.40024038461538464 0.2512019230769231 0.028846153846153848 0.038461538461538464
0 0.4326923076923077 0.2512019230769231 0.019230769230769232 0.038461538461538464
0 0.8725961538461539 0.2608173076923077 0.02403846153846154 0.03365384615384615
0 0.7391826923076923 0.25841346153846156 0.019230769230769232 0.03365384615384615
0 0.8137019230769231 0.26322115384615385 0.03365384615384615 0.05048076923076923
0 0.8930288461538461 0.2644230769230769 0.028846153846153848 0.04326923076923077
0 0.06971153846153846 0.25240384615384615 0.028846153846153848 0.02403846153846154
0 0.36177884615384615 0.25721153846153844 0.02403846153846154 0.03365384615384615
0 0.18629807692307693 0.25600961538461536 0.028846153846153848 0.04807692307692308
0 0.056490384615384616 0.016826923076923076 0.014423076923076924 0.014423076923076924
0 0.7487980769230769 0.030048076923076924 0.019230769230769232 0.028846153846153848
0 0.22596153846153846 0.25721153846153844 0.02403846153846154 0.03365384615384615
0 0.6262019230769231 0.2668269230769231 0.02403846153846154 0.03365384615384615
0 0.16346153846153846 0.25841346153846156 0.03365384615384615 0.05048076923076923
0 0.7007211538461539 0.2692307692307692 0.03365384615384615 0.05048076923076923
0 0.013221153846153846 0.25721153846153844 0.019230769230769232 0.04807692307692308
0 0.19591346153846154 0.2608173076923077 0.02403846153846154 0.038461538461538464
0 0.5564903846153846 0.2668269230769231 0.02403846153846154 0.03365384615384615
0 0.2932692307692308 0.2644230769230769 0.028846153846153848 0.04807692307692308
0 0.9759615384615384 0.2764423076923077 0.028846153846153848 0.04326923076923077
0 0.1141826923076923 0.2608173076923077 0.028846153846153848 0.04326923076923077
0 0.7836538461538461 0.27283653846153844 0.02403846153846154 0.02403846153846154
0 0.90625 0.2776442307692308 0.02403846153846154 0.03365384615384615
0 0.26322115384615385 0.2668269230769231 0.02403846153846154 0.03365384615384615
0 0.7608173076923077 0.27524038461538464 0.02403846153846154 0.04326923076923077
0 0.27403846153846156 0.02403846153846154 0.009615384615384616 0.02403846153846154
0 0.8653846153846154 0.03365384615384615 0.014423076923076924 0.02403846153846154
0 0.03365384615384615 0.019230769230769232 0.02403846153846154 0.02403846153846154
0 0.38341346153846156 0.2704326923076923 0.02403846153846154 0.028846153846153848
0 0.640625 0.2800480769230769 0.019230769230769232 0.028846153846153848
0 0.45072115384615385 0.2764423076923077 0.02403846153846154 0.03365384615384615
0 0.9939903846153846 0.28846153846153844 0.009615384615384616 0.04326923076923077
0 0.6766826923076923 0.28125 0.028846153846153848 0.04807692307692308
0 0.84375 0.28846153846153844 0.028846153846153848 0.04326923076923077
0 0.6935096153846154 0.03125 0.014423076923076924 0.014423076923076924
0 0.14903846153846154 0.2764423076923077 0.028846153846153848 0.05048076923076923
0 0.515625 0.2824519230769231 0.028846153846153848 0.038461538461538464
0 0.42908653846153844 0.28125 0.02403846153846154 0.04326923076923077
0 0.9338942307692307 0.2920673076923077 0.02403846153846154 0.03365384615384615
0 0.2439903846153846 0.2800480769230769 0.028846153846153848 0.038461538461538464
0 0.026442307692307692 0.2764423076923077 0.028846153846153848 0.03365384615384615
0 0.07091346153846154 0.2824519230769231 0.02403846153846154 0.04326923076923077
0 0.21394230769230768 0.28725961538461536 0.03365384615384615 0.04807692307692308
0 0.47836538461538464 0.2920673076923077 0.028846153846153848 0.05048076923076923
0 0.8365384615384616 0.036057692307692304 0.019230769230769232 0.02403846153846154
0 0.26802884615384615 0.026442307692307692 0.019230769230769232 0.02403846153846154
0 0.8665865384615384 0.30288461538461536 0.03365384615384615 0.038461538461538464
0 0.39302884615384615 0.29447115384615385 0.019230769230769232 0.038461538461538464
0 0.44350961538461536 0.2956730769230769 0.02403846153846154 0.04326923076923077
0 0.890625 0.3076923076923077 0.019230769230769232 0.028846153846153848
0 0.5516826923076923 0.3016826923076923 0.028846153846153848 0.038461538461538464
0 0.6262019230769231 0.30288461538461536 0.03365384615384615 0.04807692307692308
0 0.09134615384615384 0.2956730769230769 0.028846153846153848 0.04807692307692308
0 0.4206730769230769 0.028846153846153848 0.019230769230769232 0.03365384615384615
0 0.4735576923076923 0.030048076923076924 0.019230769230769232 0.028846153846153848
0 0.8137019230769231 0.3161057692307692 0.03365384615384615 0.04807692307692308
0 0.7331730769230769 0.3137019230769231 0.03365384615384615 0.04807692307692308
0 0.34134615384615385 0.3076923076923077 0.028846153846153848 0.04807692307692308
0 0.6009615384615384 0.3161057692307692 0.03365384615384615 0.03365384615384615
0 0.5889423076923077 0.03365384615384615 0.014423076923076924 0.028846153846153848
0 0.1141826923076923 0.31009615384615385 0.028846153846153848 0.038461538461538464
0 0.9038461538461539 0.3245192307692308 0.028846153846153848 0.04807692307692308
0 0.5456730769230769 0.31850961538461536 0.028846153846153848 0.04807692307692308
0 0.038461538461538464 0.3088942307692308 0.03365384615384615 0.04326923076923077
0 0.7860576923076923 0.3245192307692308 0.03365384615384615 0.04807692307692308
0 0.17548076923076922 0.3161057692307692 0.03365384615384615 0.04807692307692308
0 0.30408653846153844 0.32091346153846156 0.028846153846153848 0.04807692307692308
0 0.1935096153846154 0.026442307692307692 0.019230769230769232 0.02403846153846154
0 0.20552884615384615 0.027644230769230768 0.014423076923076924 0.02403846153846154
0 0.4338942307692308 0.03125 0.02403846153846154 0.028846153846153848
0 0.5180288461538461 0.03245192307692308 0.019230769230769232 0.028846153846153848
0 0.3233173076923077 0.3245192307692308 0.028846153846153848 0.04326923076923077
0 0.9519230769230769 0.34134615384615385 0.03365384615384615 0.04326923076923077
0 0.8786057692307693 0.038461538461538464 0.019230769230769232 0.014423076923076924
0 0.34615384615384615 0.03245192307692308 0.014423076923076924 0.019230769230769232
0 0.013221153846153846 0.026442307692307692 0.009615384615384616 0.019230769230769232
0 0.3605769230769231 0.03245192307692308 0.014423076923076924 0.019230769230769232
0 0.5973557692307693 0.3485576923076923 0.03365384615384615 0.04326923076923077
0 0.27403846153846156 0.03125 0.009615384615384616 0.009615384615384616
0 0.6730769230769231 0.039663461538461536 0.019230769230769232 0.03365384615384615
0 0.9639423076923077 0.04567307692307692 0.019230769230769232 0.02403846153846154
0 0.7704326923076923 0.042067307692307696 0.019230769230769232 0.02403846153846154
0 0.5012019230769231 0.039663461538461536 0.014423076923076924 0.019230769230769232
0 0.578125 0.040865384615384616 0.02403846153846154 0.019230769230769232
0 0.21394230769230768 0.03485576923076923 0.014423076923076924 0.02403846153846154
0 0.6430288461538461 0.042067307692307696 0.014423076923076924 0.019230769230769232
0 0.16105769230769232 0.03365384615384615 0.014423076923076924 0.02403846153846154
0 0.3112980769230769 0.036057692307692304 0.02403846153846154 0.02403846153846154
0 0.39903846153846156 0.037259615384615384 0.019230769230769232 0.02403846153846154
0 0.53125 0.039663461538461536 0.019230769230769232 0.02403846153846154
0 0.3329326923076923 0.039663461538461536 0.014423076923076924 0.019230769230769232
0 0.8233173076923077 0.04807692307692308 0.019230769230769232 0.028846153846153848
0 0.9014423076923077 0.04927884615384615 0.019230769230769232 0.02403846153846154
0 0.03365384615384615 0.03365384615384615 0.019230769230769232 0.019230769230769232
0 0.28846153846153844 0.038461538461538464 0.019230769230769232 0.019230769230769232
0 0.06129807692307692 0.03485576923076923 0.019230769230769232 0.02403846153846154
0 0.6586538461538461 0.04447115384615385 0.019230769230769232 0.019230769230769232
0 0.6838942307692307 0.04567307692307692 0.02403846153846154 0.02403846153846154
0 0.11778846153846154 0.03485576923076923 0.014423076923076924 0.019230769230769232
0 0.8088942307692307 0.04927884615384615 0.019230769230769232 0.028846153846153848
0 0.4879807692307692 0.04447115384615385 0.019230769230769232 0.02403846153846154
0 0.8882211538461539 0.051682692307692304 0.019230769230769232 0.019230769230769232
0 0.1778846153846154 0.038461538461538464 0.014423076923076924 0.019230769230769232
0 0.4182692307692308 0.04326923076923077 0.014423076923076924 0.019230769230769232
0 0.020432692307692308 0.038461538461538464 0.014423076923076924 0.02403846153846154
0 0.14783653846153846 0.040865384615384616 0.014423076923076924 0.02403846153846154
0 0.23798076923076922 0.042067307692307696 0.019230769230769232 0.02403846153846154
0 0.4639423076923077 0.04567307692307692 0.019230769230769232 0.019230769230769232
0 0.7884615384615384 0.051682692307692304 0.019230769230769232 0.019230769230769232
0 0.8653846153846154 0.052884615384615384 0.02403846153846154 0.02403846153846154
0 0.2512019230769231 0.042067307692307696 0.014423076923076924 0.02403846153846154
0 0.028846153846153848 0.038461538461538464 0.014423076923076924 0.019230769230769232
0 0.7536057692307693 0.052884615384615384 0.019230769230769232 0.02403846153846154
0 0.13581730769230768 0.042067307692307696 0.019230769230769232 0.028846153846153848
0 0.203125 0.04567307692307692 0.02403846153846154 0.03365384615384615
0 0.28846153846153844 0.046875 0.014423076923076924 0.019230769230769232
0 0.9290865384615384 0.057692307692307696 0.019230769230769232 0.014423076923076924
0 0.265625 0.04927884615384615 0.019230769230769232 0.02403846153846154
0 0.04567307692307692 0.04447115384615385 0.019230769230769232 0.02403846153846154
0 0.5625 0.054086538461538464 0.019230769230769232 0.02403846153846154
0 0.6165865384615384 0.055288461538461536 0.02403846153846154 0.02403846153846154
0 0.7199519230769231 0.056490384615384616 0.019230769230769232 0.02403846153846154
0 0.6995192307692307 0.056490384615384616 0.02403846153846154 0.028846153846153848
0 0.45913461538461536 0.051682692307692304 0.02403846153846154 0.028846153846153848
0 0.9723557692307693 0.06370192307692307 0.019230769230769232 0.028846153846153848
0 0.6466346153846154 0.057692307692307696 0.019230769230769232 0.019230769230769232
0 0.22235576923076922 0.05048076923076923 0.019230769230769232 0.02403846153846154
0 0.5192307692307693 0.055288461538461536 0.019230769230769232 0.019230769230769232
0 0.734375 0.05889423076923077 0.028846153846153848 0.03365384615384615
0 0.3798076923076923 0.052884615384615384 0.014423076923076924 0.028846153846153848
0 0.10096153846153846 0.04807692307692308 0.014423076923076924 0.02403846153846154
0 0.9879807692307693 0.0625 0.02403846153846154 0.028846153846153848
0 0.3942307692307692 0.052884615384615384 0.014423076923076924 0.02403846153846154
0 0.5925480769230769 0.056490384615384616 0.014423076923076924 0.02403846153846154
0 0.36177884615384615 0.055288461538461536 0.019230769230769232 0.02403846153846154
0 0.2800480769230769 0.054086538461538464 0.014423076923076924 0.02403846153846154
0 0.5769230769230769 0.05889423076923077 0.019230769230769232 0.02403846153846154
0 0.9543269230769231 0.06850961538461539 0.019230769230769232 0.02403846153846154
0 0.02283653846153846 0.051682692307692304 0.014423076923076924 0.019230769230769232
0 0.43509615384615385 0.05889423076923077 0.014423076923076924 0.019230769230769232
0 0.8341346153846154 0.06850961538461539 0.019230769230769232 0.02403846153846154
0 0.6730769230769231 0.009615384615384616 0.02403846153846154 0.014423076923076924
0 0.7668269230769231 0.0673076923076923 0.019230769230769232 0.02403846153846154
0 0.5492788461538461 0.06610576923076923 0.014423076923076924 0.019230769230769232
0 0.24759615384615385 0.06009615384615385 0.014423076923076924 0.02403846153846154
0 0.3293269230769231 0.06129807692307692 0.02403846153846154 0.02403846153846154
0 0.6045673076923077 0.06610576923076923 0.02403846153846154 0.02403846153846154
0 0.08413461538461539 0.057692307692307696 0.009615384615384616 0.028846153846153848
0 0.16947115384615385 0.06129807692307692 0.02403846153846154 0.02403846153846154
0 0.1502403846153846 0.06129807692307692 0.02403846153846154 0.02403846153846154
0 0.6790865384615384 0.07091346153846154 0.019230769230769232 0.02403846153846154
0 0.6598557692307693 0.06971153846153846 0.014423076923076924 0.02403846153846154
0 0.8125 0.07211538461538461 0.02403846153846154 0.028846153846153848
0 0.19471153846153846 0.0625 0.019230769230769232 0.028846153846153848
0 0.042067307692307696 0.06129807692307692 0.019230769230769232 0.02403846153846154
0 0.5348557692307693 0.06971153846153846 0.019230769230769232 0.02403846153846154
0 0.12259615384615384 0.0625 0.019230769230769232 0.02403846153846154
0 0.44711538461538464 0.06850961538461539 0.014423076923076924 0.019230769230769232
0 0.2620192307692308 0.06490384615384616 0.019230769230769232 0.02403846153846154
0 0.4074519230769231 0.06850961538461539 0.014423076923076924 0.02403846153846154
0 0.7247596153846154 0.07572115384615384 0.019230769230769232 0.028846153846153848
0 0.7992788461538461 0.07692307692307693 0.019230769230769232 0.028846153846153848
0 0.8641826923076923 0.078125 0.014423076923076924 0.02403846153846154
0 0.4951923076923077 0.07211538461538461 0.019230769230769232 0.02403846153846154
0 0.6274038461538461 0.07451923076923077 0.019230769230769232 0.02403846153846154
0 0.8088942307692307 0.01201923076923077 0.014423076923076924 0.014423076923076924
0 0.24519230769230768 0.004807692307692308 0.014423076923076924 0.009615384615384616
0 0.8389423076923077 0.015625 0.02403846153846154 0.019230769230769232
0 0.8677884615384616 0.015625 0.02403846153846154 0.019230769230769232
0 0.19230769230769232 0.006009615384615385 0.019230769230769232 0.01201923076923077
0 0.27163461538461536 0.007211538461538462 0.019230769230769232 0.014423076923076924
0 0.3293269230769231 0.007211538461538462 0.014423076923076924 0.014423076923076924
0 0.33533653846153844 0.07211538461538461 0.019230769230769232 0.028846153846153848
0 0.3473557692307692 0.07211538461538461 0.009615384615384616 0.028846153846153848
0 0.014423076923076924 0.06610576923076923 0.014423076923076924 0.02403846153846154
0 0.6923076923076923 0.078125 0.019230769230769232 0.028846153846153848
0 0.375 0.07211538461538461 0.014423076923076924 0.014423076923076924
0 0.3173076923076923 0.07091346153846154 0.019230769230769232 0.03365384615384615
0 0.421875 0.0733173076923077 0.019230769230769232 0.028846153846153848
0 0.8569711538461539 0.0829326923076923 0.019230769230769232 0.02403846153846154
0 0.9074519230769231 0.08413461538461539 0.014423076923076924 0.02403846153846154
0 0.9963942307692307 0.08653846153846154 0.007211538461538462 0.038461538461538464
0 0.24519230769230768 0.07211538461538461 0.02403846153846154 0.02403846153846154
0 0.359375 0.07451923076923077 0.019230769230769232 0.02403846153846154
0 0.07692307692307693 0.06971153846153846 0.014423076923076924 0.02403846153846154
0 0.22716346153846154 0.0733173076923077 0.019230769230769232 0.02403846153846154
0 0.11778846153846154 0.07091346153846154 0.014423076923076924 0.02403846153846154
0 0.15504807692307693 0.07211538461538461 0.019230769230769232 0.02403846153846154
0 0.9290865384615384 0.08533653846153846 0.019230769230769232 0.028846153846153848
0 0.2824519230769231 0.07451923076923077 0.014423076923076924 0.019230769230769232
0 0.5673076923076923 0.07932692307692307 0.019230769230769232 0.02403846153846154
0 0.5853365384615384 0.08173076923076923 0.019230769230769232 0.03365384615384615
0 0.609375 0.0829326923076923 0.02403846153846154 0.02403846153846154
0 0.8269230769230769 0.08653846153846154 0.028846153846153848 0.028846153846153848
0 0.9891826923076923 0.0889423076923077 0.014423076923076924 0.019230769230769232
0 0.027644230769230768 0.07211538461538461 0.014423076923076924 0.028846153846153848
0 0.7415865384615384 0.08413461538461539 0.019230769230769232 0.02403846153846154
0 0.46274038461538464 0.08173076923076923 0.02403846153846154 0.02403846153846154
0 0.9591346153846154 0.09134615384615384 0.019230769230769232 0.028846153846153848
0 0.6394230769230769 0.08533653846153846 0.014423076923076924 0.02403846153846154
0 0.0985576923076923 0.006009615384615385 0.014423076923076924 0.01201923076923077
0 0.038461538461538464 0.004807692307692308 0.02403846153846154 0.009615384615384616
0 0.39663461538461536 0.008413461538461538 0.019230769230769232 0.016826923076923076
0 0.2283653846153846 0.007211538461538462 0.014423076923076924 0.014423076923076924
0 0.5204326923076923 0.009615384615384616 0.014423076923076924 0.019230769230769232
0 0.8425480769230769 0.0889423076923077 0.02403846153846154 0.02403846153846154
0 0.2644230769230769 0.08173076923076923 0.019230769230769232 0.014423076923076924
0 0.7668269230769231 0.09014423076923077 0.019230769230769232 0.02403846153846154
0 0.11177884615384616 0.078125 0.014423076923076924 0.014423076923076924
0 0.546875 0.08653846153846154 0.019230769230769232 0.02403846153846154
0 0.8677884615384616 0.09134615384615384 0.014423076923076924 0.014423076923076924
0 0.9747596153846154 0.09375 0.019230769230769232 0.028846153846153848
0 0.5228365384615384 0.08533653846153846 0.019230769230769232 0.02403846153846154
0 0.6742788461538461 0.09014423076923077 0.019230769230769232 0.028846153846153848
0 0.22235576923076922 0.08533653846153846 0.019230769230769232 0.02403846153846154
0 0.2920673076923077 0.0889423076923077 0.02403846153846154 0.028846153846153848
0 0.24278846153846154 0.08774038461538461 0.02403846153846154 0.028846153846153848
0 0.3798076923076923 0.09014423076923077 0.019230769230769232 0.028846153846153848
0 0.48677884615384615 0.09254807692307693 0.019230769230769232 0.028846153846153848
0 0.23197115384615385 0.09014423076923077 0.019230769230769232 0.014423076923076924
0 0.3125 0.09134615384615384 0.014423076923076924 0.02403846153846154
0 0.9134615384615384 0.016826923076923076 0.019230769230769232 0.019230769230769232
0 0.15625 0.006009615384615385 0.014423076923076924 0.01201923076923077
0 0.09134615384615384 0.008413461538461538 0.019230769230769232 0.016826923076923076
0 0.9338942307692307 0.016826923076923076 0.014423076923076924 0.019230769230769232
0 0.4423076923076923 0.010817307692307692 0.019230769230769232 0.021634615384615384
0 0.3641826923076923 0.09254807692307693 0.02403846153846154 0.03365384615384615
0 0.5997596153846154 0.09615384615384616 0.019230769230769232 0.019230769230769232
0 0.016826923076923076 0.0889423076923077 0.019230769230769232 0.028846153846153848
0 0.2091346153846154 0.09254807692307693 0.02403846153846154 0.014423076923076924
0 0.4026442307692308 0.09615384615384616 0.019230769230769232 0.019230769230769232
0 0.7271634615384616 0.10096153846153846 0.019230769230769232 0.028846153846153848
0 0.13942307692307693 0.09134615384615384 0.019230769230769232 0.02403846153846154
0 0.7824519230769231 0.10216346153846154 0.02403846153846154 0.02403846153846154
0 0.3269230769230769 0.09615384615384616 0.02403846153846154 0.02403846153846154
0 0.03485576923076923 0.09134615384615384 0.014423076923076924 0.019230769230769232
0 0.4543269230769231 0.0985576923076923 0.019230769230769232 0.028846153846153848
0 0.0673076923076923 0.09254807692307693 0.014423076923076924 0.019230769230769232
0 0.04927884615384615 0.09134615384615384 0.019230769230769232 0.028846153846153848
0 0.859375 0.10817307692307693 0.019230769230769232 0.028846153846153848
0 0.8798076923076923 0.10817307692307693 0.019230769230769232 0.03365384615384615
0 0.9963942307692307 0.11057692307692307 0.007211538461538462 0.028846153846153848
0 0.17668269230769232 0.09615384615384616 0.014423076923076924 0.02403846153846154
0 0.9567307692307693 0.11057692307692307 0.028846153846153848 0.028846153846153848
0 0.25961538461538464 0.09735576923076923 0.019230769230769232 0.028846153846153848
0 0.6346153846153846 0.1045673076923077 0.02403846153846154 0.03365384615384615
0 0.27524038461538464 0.10096153846153846 0.019230769230769232 0.028846153846153848
0 0.4675480769230769 0.10336538461538461 0.02403846153846154 0.02403846153846154