0 0.5060096153846154 0.17548076923076922 0.009615384615384616 0.014423076923076924
0 0.3641826923076923 0.18028846153846154 0.009615384615384616 0.019230769230769232
0 0.6971153846153846 0.17427884615384615 0.014423076923076924 0.019230769230769232
0 0.47836538461538464 0.18028846153846154 0.009615384615384616 0.019230769230769232
0 0.38461538461538464 0.18269230769230768 0.014423076923076924 0.019230769230769232
0 0.5709134615384616 0.1814903846153846 0.014423076923076924 0.019230769230769232
0 0.46153846153846156 0.18389423076923078 0.014423076923076924 0.019230769230769232
0 0.6838942307692307 0.17908653846153846 0.014423076923076924 0.014423076923076924
0 0.3942307692307692 0.18629807692307693 0.009615384615384616 0.014423076923076924
0 0.6237980769230769 0.18269230769230768 0.009615384615384616 0.014423076923076924
0 0.7163461538461539 0.1814903846153846 0.009615384615384616 0.014423076923076924
0 0.6141826923076923 0.18509615384615385 0.014423076923076924 0.014423076923076924
0 0.7295673076923077 0.18389423076923078 0.009615384615384616 0.014423076923076924
0 0.4050480769230769 0.19110576923076922 0.014423076923076924 0.019230769230769232
0 0.6790865384615384 0.18629807692307693 0.009615384615384616 0.014423076923076924
0 0.6971153846153846 0.18870192307692307 0.009615384615384616 0.014423076923076924
0 0.3581730769230769 0.1971153846153846 0.014423076923076924 0.014423076923076924
0 0.43990384615384615 0.19591346153846154 0.014423076923076924 0.019230769230769232
0 0.6129807692307693 0.19230769230769232 0.009615384615384616 0.014423076923076924
0 0.6346153846153846 0.19230769230769232 0.009615384615384616 0.014423076923076924
0 0.6045673076923077 0.19471153846153846 0.014423076923076924 0.014423076923076924
0 0.7055288461538461 0.1935096153846154 0.014423076923076924 0.019230769230769232
0 0.5024038461538461 0.1971153846153846 0.004807692307692308 0.014423076923076924
0 0.3701923076923077 0.20192307692307693 0.009615384615384616 0.019230769230769232
0 0.5132211538461539 0.19951923076923078 0.014423076923076924 0.019230769230769232
0 0.47475961538461536 0.19951923076923078 0.009615384615384616 0.014423076923076924
0 0.5420673076923077 0.19831730769230768 0.014423076923076924 0.014423076923076924
0 0.640625 0.1971153846153846 0.009615384615384616 0.014423076923076924
0 0.6706730769230769 0.19591346153846154 0.014423076923076924 0.014423076923076924
0 0.5901442307692307 0.20072115384615385 0.009615384615384616 0.009615384615384616
0 0.625 0.20072115384615385 0.009615384615384616 0.014423076923076924
0 0.7548076923076923 0.19831730769230768 0.014423076923076924 0.014423076923076924
0 0.3798076923076923 0.20552884615384615 0.014423076923076924 0.019230769230769232
0 0.5757211538461539 0.20192307692307693 0.014423076923076924 0.014423076923076924
0 0.7331730769230769 0.20432692307692307 0.014423076923076924 0.014423076923076924
0 0.43028846153846156 0.2091346153846154 0.009615384615384616 0.019230769230769232
0 0.7079326923076923 0.20673076923076922 0.009615384615384616 0.014423076923076924
0 0.7199519230769231 0.20673076923076922 0.009615384615384616 0.014423076923076924
0 0.6021634615384616 0.20793269230769232 0.009615384615384616 0.014423076923076924
0 0.3473557692307692 0.2127403846153846 0.014423076923076924 0.014423076923076924
0 0.36538461538461536 0.2127403846153846 0.009615384615384616 0.014423076923076924
0 0.4831730769230769 0.2127403846153846 0.009615384615384616 0.019230769230769232
0 0.5048076923076923 0.2127403846153846 0.014423076923076924 0.019230769230769232
0 0.6454326923076923 0.21033653846153846 0.014423076923076924 0.014423076923076924
0 0.6983173076923077 0.2091346153846154 0.014423076923076924 0.019230769230769232
0 0.46274038461538464 0.21634615384615385 0.004807692307692308 0.014423076923076924
0 0.5348557692307693 0.21394230769230768 0.014423076923076924 0.019230769230769232
0 0.5805288461538461 0.21394230769230768 0.014423076923076924 0.014423076923076924
0 0.5901442307692307 0.21394230769230768 0.004807692307692308 0.014423076923076924
0 0.6105769230769231 0.2127403846153846 0.009615384615384616 0.014423076923076924
0 0.4675480769230769 0.21514423076923078 0.014423076923076924 0.019230769230769232
0 0.3329326923076923 0.21995192307692307 0.014423076923076924 0.014423076923076924
0 0.4254807692307692 0.22115384615384615 0.009615384615384616 0.019230769230769232
0 0.5108173076923077 0.21995192307692307 0.014423076923076924 0.019230769230769232
0 0.44471153846153844 0.22115384615384615 0.014423076923076924 0.02403846153846154
0 0.3233173076923077 0.22596153846153846 0.014423076923076924 0.014423076923076924
0 0.5576923076923077 0.22115384615384615 0.014423076923076924 0.019230769230769232
0 0.7572115384615384 0.21754807692307693 0.014423076923076924 0.014423076923076924
0 0.7403846153846154 0.21754807692307693 0.009615384615384616 0.014423076923076924
0 0.7680288461538461 0.21754807692307693 0.009615384615384616 0.014423076923076924
0 0.7127403846153846 0.22115384615384615 0.014423076923076924 0.014423076923076924
0 0.6646634615384616 0.22235576923076922 0.009615384615384616 0.014423076923076924
0 0.453125 0.2283653846153846 0.009615384615384616 0.019230769230769232
0 0.640625 0.2247596153846154 0.009615384615384616 0.014423076923076924
0 0.6274038461538461 0.2247596153846154 0.014423076923076924 0.019230769230769232
0 0.5480769230769231 0.22596153846153846 0.014423076923076924 0.019230769230769232
0 0.6045673076923077 0.2247596153846154 0.014423076923076924 0.019230769230769232
0 0.6502403846153846 0.2247596153846154 0.014423076923076924 0.014423076923076924
0 0.6754807692307693 0.22355769230769232 0.014423076923076924 0.019230769230769232
0 0.3076923076923077 0.23317307692307693 0.014423076923076924 0.014423076923076924
0 0.4831730769230769 0.23197115384615385 0.014423076923076924 0.014423076923076924
0 0.4723557692307692 0.23197115384615385 0.009615384615384616 0.014423076923076924
0 0.5228365384615384 0.23197115384615385 0.014423076923076924 0.009615384615384616
0 0.5048076923076923 0.234375 0.014423076923076924 0.014423076923076924
0 0.5733173076923077 0.23317307692307693 0.009615384615384616 0.014423076923076924
0 0.6850961538461539 0.23076923076923078 0.014423076923076924 0.019230769230769232
0 0.3605769230769231 0.23677884615384615 0.014423076923076924 0.019230769230769232
0 0.703125 0.23076923076923078 0.014423076923076924 0.019230769230769232
0 0.7295673076923077 0.23076923076923078 0.014423076923076924 0.014423076923076924
0 0.7596153846153846 0.23076923076923078 0.014423076923076924 0.019230769230769232
0 0.41466346153846156 0.23677884615384615 0.014423076923076924 0.019230769230769232
0 0.37740384615384615 0.23798076923076922 0.019230769230769232 0.02403846153846154
0 0.2956730769230769 0.24158653846153846 0.014423076923076924 0.019230769230769232
0 0.7475961538461539 0.23317307692307693 0.009615384615384616 0.014423076923076924
0 0.35216346153846156 0.2403846153846154 0.014423076923076924 0.019230769230769232
0 0.33774038461538464 0.24278846153846154 0.014423076923076924 0.014423076923076924
0 0.31971153846153844 0.2439903846153846 0.014423076923076924 0.019230769230769232
0 0.42788461538461536 0.2439903846153846 0.014423076923076924 0.019230769230769232
0 0.6201923076923077 0.2403846153846154 0.014423076923076924 0.019230769230769232
0 0.6646634615384616 0.2403846153846154 0.014423076923076924 0.019230769230769232
0 0.4423076923076923 0.24639423076923078 0.014423076923076924 0.019230769230769232
0 0.6478365384615384 0.24278846153846154 0.014423076923076924 0.019230769230769232
0 0.7199519230769231 0.24158653846153846 0.014423076923076924 0.019230769230769232
0 0.7704326923076923 0.2403846153846154 0.014423076923076924 0.019230769230769232
0 0.5276442307692307 0.24519230769230768 0.014423076923076924 0.019230769230769232
0 0.390625 0.25 0.014423076923076924 0.019230769230769232
0 0.4795673076923077 0.24759615384615385 0.019230769230769232 0.02403846153846154
0 0.5072115384615384 0.24759615384615385 0.014423076923076924 0.014423076923076924
0 0.7379807692307693 0.24639423076923078 0.019230769230769232 0.019230769230769232
0 0.6298076923076923 0.25 0.014423076923076924 0.014423076923076924
0 0.5901442307692307 0.25600961538461536 0.014423076923076924 0.019230769230769232
0 0.4170673076923077 0.25841346153846156 0.009615384615384616 0.014423076923076924
0 0.2668269230769231 0.26322115384615385 0.019230769230769232 0.02403846153846154
0 0.5408653846153846 0.25841346153846156 0.014423076923076924 0.02403846153846154
0 0.4411057692307692 0.2608173076923077 0.014423076923076924 0.02403846153846154
0 0.6358173076923077 0.2620192307692308 0.014423076923076924 0.019230769230769232
0 0.7259615384615384 0.2608173076923077 0.014423076923076924 0.02403846153846154
0 0.8088942307692307 0.25841346153846156 0.014423076923076924 0.02403846153846154
0 0.3137019230769231 0.26802884615384615 0.014423076923076924 0.019230769230769232
0 0.5012019230769231 0.2644230769230769 0.019230769230769232 0.02403846153846154
0 0.296875 0.2692307692307692 0.014423076923076924 0.02403846153846154
0 0.40625 0.2668269230769231 0.014423076923076924 0.014423076923076924
0 0.7932692307692307 0.2608173076923077 0.014423076923076924 0.019230769230769232
0 0.5745192307692307 0.2644230769230769 0.014423076923076924 0.02403846153846154
0 0.24639423076923078 0.27283653846153844 0.014423076923076924 0.014423076923076924
0 0.42427884615384615 0.27403846153846156 0.019230769230769232 0.02403846153846154
0 0.6514423076923077 0.2704326923076923 0.019230769230769232 0.02403846153846154
0 0.6694711538461539 0.2704326923076923 0.019230769230769232 0.02403846153846154
0 0.6057692307692307 0.27283653846153844 0.019230769230769232 0.019230769230769232
0 0.7644230769230769 0.2704326923076923 0.019230769230769232 0.02403846153846154
0 0.3293269230769231 0.2800480769230769 0.014423076923076924 0.019230769230769232
0 0.359375 0.2824519230769231 0.02403846153846154 0.02403846153846154
0 0.4639423076923077 0.2800480769230769 0.014423076923076924 0.02403846153846154
0 0.48677884615384615 0.2824519230769231 0.014423076923076924 0.02403846153846154
0 0.6117788461538461 0.2800480769230769 0.014423076923076924 0.019230769230769232
0 0.3786057692307692 0.28966346153846156 0.019230769230769232 0.02403846153846154
0 0.49399038461538464 0.28725961538461536 0.019230769230769232 0.02403846153846154
0 0.6983173076923077 0.28365384615384615 0.019230769230769232 0.02403846153846154
0 0.7463942307692307 0.2824519230769231 0.019230769230769232 0.02403846153846154
0 0.5612980769230769 0.28846153846153844 0.019230769230769232 0.02403846153846154
0 0.24158653846153846 0.29447115384615385 0.014423076923076924 0.02403846153846154
0 0.3245192307692308 0.2932692307692308 0.019230769230769232 0.02403846153846154
0 0.5192307692307693 0.28966346153846156 0.014423076923076924 0.02403846153846154
0 0.22596153846153846 0.29447115384615385 0.019230769230769232 0.02403846153846154
0 0.2608173076923077 0.2932692307692308 0.019230769230769232 0.02403846153846154
0 0.3088942307692308 0.2956730769230769 0.019230769230769232 0.02403846153846154
0 0.5961538461538461 0.2932692307692308 0.014423076923076924 0.02403846153846154
0 0.6514423076923077 0.2920673076923077 0.014423076923076924 0.02403846153846154
0 0.5492788461538461 0.2956730769230769 0.014423076923076924 0.019230769230769232
0 0.44591346153846156 0.2980769230769231 0.014423076923076924 0.02403846153846154
0 0.5733173076923077 0.2956730769230769 0.019230769230769232 0.02403846153846154
0 0.6310096153846154 0.29447115384615385 0.014423076923076924 0.02403846153846154
0 0.6069711538461539 0.2956730769230769 0.014423076923076924 0.019230769230769232
0 0.6358173076923077 0.2980769230769231 0.019230769230769232 0.02403846153846154
0 0.21634615384615385 0.3076923076923077 0.02403846153846154 0.028846153846153848
0 0.2692307692307692 0.3137019230769231 0.019230769230769232 0.02403846153846154
0 0.3942307692307692 0.3125 0.019230769230769232 0.02403846153846154
0 0.29447115384615385 0.3161057692307692 0.014423076923076924 0.028846153846153848
0 0.33653846153846156 0.31490384615384615 0.014423076923076924 0.02403846153846154
0 0.8485576923076923 0.30649038461538464 0.019230769230769232 0.02403846153846154
0 0.4338942307692308 0.31850961538461536 0.019230769230769232 0.02403846153846154
0 0.6033653846153846 0.31490384615384615 0.014423076923076924 0.02403846153846154
0 0.24158653846153846 0.3245192307692308 0.019230769230769232 0.028846153846153848
0 0.7536057692307693 0.31490384615384615 0.019230769230769232 0.02403846153846154
0 0.7115384615384616 0.3161057692307692 0.014423076923076924 0.019230769230769232
0 0.5793269230769231 0.32091346153846156 0.014423076923076924 0.02403846153846154
0 0.6418269230769231 0.32211538461538464 0.014423076923076924 0.02403846153846154
0 0.7932692307692307 0.31971153846153844 0.014423076923076924 0.019230769230769232
0 0.8209134615384616 0.31850961538461536 0.019230769230769232 0.028846153846153848
0 0.4110576923076923 0.328125 0.019230769230769232 0.03365384615384615
0 0.59375 0.32572115384615385 0.019230769230769232 0.02403846153846154
0 0.6610576923076923 0.3245192307692308 0.019230769230769232 0.02403846153846154
0 0.703125 0.3269230769230769 0.019230769230769232 0.019230769230769232
0 0.5649038461538461 0.3293269230769231 0.019230769230769232 0.02403846153846154
0 0.8028846153846154 0.32572115384615385 0.02403846153846154 0.028846153846153848
0 0.5024038461538461 0.33052884615384615 0.02403846153846154 0.03365384615384615
0 0.6201923076923077 0.328125 0.019230769230769232 0.02403846153846154
0 0.7728365384615384 0.328125 0.019230769230769232 0.02403846153846154
0 0.15985576923076922 0.3389423076923077 0.019230769230769232 0.02403846153846154
0 0.8978365384615384 0.32572115384615385 0.019230769230769232 0.028846153846153848
0 0.5456730769230769 0.33653846153846156 0.019230769230769232 0.03365384615384615
0 0.43509615384615385 0.3389423076923077 0.014423076923076924 0.028846153846153848
0 0.8545673076923077 0.33413461538461536 0.02403846153846154 0.03365384615384615
0 0.4651442307692308 0.3401442307692308 0.019230769230769232 0.03365384615384615
0 0.45072115384615385 0.34375 0.019230769230769232 0.02403846153846154
0 0.14302884615384615 0.35096153846153844 0.019230769230769232 0.02403846153846154
0 0.34975961538461536 0.34975961538461536 0.019230769230769232 0.03365384615384615
0 0.39783653846153844 0.35096153846153844 0.028846153846153848 0.038461538461538464
0 0.22235576923076922 0.35697115384615385 0.02403846153846154 0.03365384615384615
0 0.6454326923076923 0.34975961538461536 0.014423076923076924 0.02403846153846154
0 0.1045673076923077 0.36177884615384615 0.028846153846153848 0.038461538461538464
0 0.6622596153846154 0.35697115384615385 0.019230769230769232 0.02403846153846154
0 0.8882211538461539 0.35216346153846156 0.02403846153846154 0.03365384615384615
0 0.15985576923076922 0.36658653846153844 0.028846153846153848 0.03365384615384615
0 0.24278846153846154 0.36538461538461536 0.02403846153846154 0.03365384615384615
0 0.49038461538461536 0.3605769230769231 0.02403846153846154 0.03365384615384615
0 0.5997596153846154 0.36177884615384615 0.019230769230769232 0.028846153846153848
0 0.2980769230769231 0.36899038461538464 0.02403846153846154 0.03365384615384615
0 0.7223557692307693 0.36177884615384615 0.019230769230769232 0.02403846153846154
0 0.33774038461538464 0.36778846153846156 0.02403846153846154 0.02403846153846154
0 0.6826923076923077 0.36177884615384615 0.014423076923076924 0.02403846153846154
0 0.38221153846153844 0.37259615384615385 0.019230769230769232 0.02403846153846154
0 0.5276442307692307 0.3701923076923077 0.019230769230769232 0.038461538461538464
0 0.765625 0.36538461538461536 0.02403846153846154 0.02403846153846154
0 0.8149038461538461 0.3641826923076923 0.02403846153846154 0.038461538461538464
0 0.6454326923076923 0.36778846153846156 0.019230769230769232 0.014423076923076924
0 0.31490384615384615 0.3762019230769231 0.019230769230769232 0.02403846153846154
0 0.8353365384615384 0.36899038461538464 0.019230769230769232 0.03365384615384615
0 0.625 0.375 0.019230769230769232 0.028846153846153848
0 0.08774038461538461 0.38461538461538464 0.02403846153846154 0.03365384615384615
0 0.5805288461538461 0.3786057692307692 0.02403846153846154 0.03365384615384615
0 0.45072115384615385 0.38100961538461536 0.019230769230769232 0.038461538461538464
0 0.6754807692307693 0.3786057692307692 0.019230769230769232 0.028846153846153848
0 0.7007211538461539 0.38100961538461536 0.02403846153846154 0.03365384615384615
0 0.8605769230769231 0.38100961538461536 0.02403846153846154 0.028846153846153848
0 0.6526442307692307 0.38461538461538464 0.02403846153846154 0.03365384615384615
0 0.6069711538461539 0.3870192307692308 0.02403846153846154 0.03365384615384615
0 0.9026442307692307 0.38341346153846156 0.019230769230769232 0.03365384615384615
0 0.7980769230769231 0.3858173076923077 0.02403846153846154 0.03365384615384615
0 0.4026442307692308 0.3942307692307692 0.02403846153846154 0.038461538461538464
0 0.3425480769230769 0.3954326923076923 0.028846153846153848 0.028846153846153848
0 0.7295673076923077 0.3918269230769231 0.02403846153846154 0.03365384615384615
0 0.8485576923076923 0.3942307692307692 0.019230769230769232 0.02403846153846154
0 0.234375 0.4098557692307692 0.02403846153846154 0.03365384615384615
0 0.48677884615384615 0.4050480769230769 0.028846153846153848 0.04326923076923077
0 0.8834134615384616 0.39783653846153844 0.014423076923076924 0.02403846153846154
0 0.06129807692307692 0.41466346153846156 0.03365384615384615 0.038461538461538464
0 0.3737980769230769 0.4098557692307692 0.02403846153846154 0.04326923076923077
0 0.6658653846153846 0.4074519230769231 0.014423076923076924 0.02403846153846154
0 0.4411057692307692 0.41346153846153844 0.02403846153846154 0.03365384615384615
0 0.27163461538461536 0.4182692307692308 0.02403846153846154 0.03365384615384615
0 0.8737980769230769 0.4110576923076923 0.02403846153846154 0.02403846153846154
0 0.9206730769230769 0.41225961538461536 0.028846153846153848 0.04326923076923077
0 0.21634615384615385 0.4266826923076923 0.02403846153846154 0.03365384615384615
0 0.6742788461538461 0.4182692307692308 0.02403846153846154 0.03365384615384615
0 0.7307692307692307 0.421875 0.02403846153846154 0.038461538461538464
0 0.33653846153846156 0.43028846153846156 0.02403846153846154 0.038461538461538464
0 0.6117788461538461 0.43028846153846156 0.028846153846153848 0.03365384615384615
0 0.8341346153846154 0.4266826923076923 0.028846153846153848 0.028846153846153848
0 0.5612980769230769 0.4362980769230769 0.028846153846153848 0.03365384615384615
0 0.9459134615384616 0.43028846153846156 0.02403846153846154 0.038461538461538464
0 0.5841346153846154 0.44350961538461536 0.02403846153846154 0.03365384615384615
0 0.8858173076923077 0.43990384615384615 0.02403846153846154 0.02403846153846154
0 0.30408653846153844 0.453125 0.028846153846153848 0.05048076923076923
0 0.5132211538461539 0.4495192307692308 0.03365384615384615 0.04326923076923077
0 0.6514423076923077 0.44711538461538464 0.02403846153846154 0.03365384615384615
0 0.45072115384615385 0.453125 0.03365384615384615 0.038461538461538464
0 0.6286057692307693 0.4495192307692308 0.02403846153846154 0.03365384615384615
0 0.8617788461538461 0.44591346153846156 0.02403846153846154 0.028846153846153848
0 0.6009615384615384 0.46153846153846156 0.028846153846153848 0.03365384615384615
0 0.125 0.47115384615384615 0.028846153846153848 0.05048076923076923
0 0.7163461538461539 0.46153846153846156 0.03365384615384615 0.038461538461538464
0 0.8810096153846154 0.4579326923076923 0.014423076923076924 0.019230769230769232
0 0.7487980769230769 0.46274038461538464 0.028846153846153848 0.02403846153846154
0 0.9831730769230769 0.45913461538461536 0.028846153846153848 0.04807692307692308
0 0.33052884615384615 0.4723557692307692 0.02403846153846154 0.019230769230769232
0 0.6875 0.47115384615384615 0.028846153846153848 0.03365384615384615
0 0.19230769230769232 0.48197115384615385 0.028846153846153848 0.04807692307692308
0 0.09495192307692307 0.484375 0.028846153846153848 0.02403846153846154
0 0.9302884615384616 0.47475961538461536 0.02403846153846154 0.03365384615384615
0 0.8774038461538461 0.47596153846153844 0.02403846153846154 0.028846153846153848
0 0.8497596153846154 0.4795673076923077 0.028846153846153848 0.04326923076923077
0 0.22235576923076922 0.49038461538461536 0.028846153846153848 0.038461538461538464
0 0.5444711538461539 0.484375 0.028846153846153848 0.03365384615384615
0 0.4026442307692308 0.48677884615384615 0.02403846153846154 0.038461538461538464
0 0.25721153846153844 0.49278846153846156 0.038461538461538464 0.038461538461538464
0 0.4699519230769231 0.49038461538461536 0.028846153846153848 0.038461538461538464
0 0.31490384615384615 0.4963942307692308 0.028846153846153848 0.028846153846153848
0 0.08052884615384616 0.5 0.028846153846153848 0.03365384615384615
0 0.9579326923076923 0.48677884615384615 0.03365384615384615 0.04807692307692308
0 0.33533653846153844 0.5 0.02403846153846154 0.04807692307692308
0 0.7524038461538461 0.49278846153846156 0.03365384615384615 0.038461538461538464
0 0.9098557692307693 0.5 0.028846153846153848 0.03365384615384615
0 0.6850961538461539 0.5036057692307693 0.03365384615384615 0.04807692307692308
0 0.9903846153846154 0.5036057692307693 0.014423076923076924 0.06490384615384616
0 0.49759615384615385 0.5144230769230769 0.03365384615384615 0.04807692307692308
0 0.6045673076923077 0.5120192307692307 0.02403846153846154 0.028846153846153848
0 0.1622596153846154 0.5204326923076923 0.03365384615384615 0.055288461538461536
0 0.5745192307692307 0.5144230769230769 0.02403846153846154 0.038461538461538464
0 0.06009615384615385 0.5252403846153846 0.03365384615384615 0.04326923076923077
0 0.7055288461538461 0.5144230769230769 0.02403846153846154 0.04326923076923077
0 0.26802884615384615 0.5240384615384616 0.028846153846153848 0.04807692307692308
0 0.8725961538461539 0.5168269230769231 0.028846153846153848 0.04326923076923077
0 0.8305288461538461 0.5216346153846154 0.028846153846153848 0.03365384615384615
0 0.41466346153846156 0.5336538461538461 0.03365384615384615 0.055288461538461536
0 0.13581730769230768 0.5432692307692307 0.03365384615384615 0.04326923076923077
0 0.015625 0.5504807692307693 0.028846153846153848 0.055288461538461536
0 0.7716346153846154 0.5372596153846154 0.03365384615384615 0.04326923076923077
0 0.24158653846153846 0.546875 0.04326923076923077 0.04807692307692308
0 0.36899038461538464 0.5444711538461539 0.028846153846153848 0.05048076923076923
0 0.5480769230769231 0.5432692307692307 0.03365384615384615 0.04807692307692308
0 0.4567307692307692 0.5456730769230769 0.02403846153846154 0.05048076923076923
0 0.4831730769230769 0.5444711538461539 0.02403846153846154 0.04326923076923077
0 0.3112980769230769 0.5504807692307693 0.04326923076923077 0.06009615384615385
0 0.5661057692307693 0.546875 0.019230769230769232 0.04326923076923077
0 0.6057692307692307 0.5456730769230769 0.03365384615384615 0.04326923076923077
0 0.9014423076923077 0.5408653846153846 0.03365384615384615 0.05048076923076923
0 0.07932692307692307 0.5576923076923077 0.04807692307692308 0.05048076923076923
0 0.6814903846153846 0.546875 0.03365384615384615 0.028846153846153848
0 0.6838942307692307 0.5564903846153846 0.02403846153846154 0.028846153846153848
0 0.9435096153846154 0.5528846153846154 0.028846153846153848 0.04326923076923077
0 0.2668269230769231 0.5733173076923077 0.03365384615384615 0.038461538461538464
0 0.7139423076923077 0.5685096153846154 0.03365384615384615 0.055288461538461536
0 0.49399038461538464 0.578125 0.028846153846153848 0.05048076923076923
0 0.13341346153846154 0.5865384615384616 0.038461538461538464 0.06009615384615385
0 0.21634615384615385 0.5853365384615384 0.03365384615384615 0.04326923076923077
0 0.23677884615384615 0.5925480769230769 0.038461538461538464 0.055288461538461536
0 0.6706730769230769 0.5877403846153846 0.03365384615384615 0.04326923076923077
0 0.7860576923076923 0.5877403846153846 0.038461538461538464 0.04326923076923077
0 0.18269230769230768 0.6189903846153846 0.038461538461538464 0.06490384615384616
0 0.9867788461538461 0.6069711538461539 0.026442307692307692 0.06490384615384616
0 0.796875 0.6201923076923077 0.038461538461538464 0.04326923076923077
0 0.26802884615384615 0.6310096153846154 0.04326923076923077 0.04326923076923077
0 0.8377403846153846 0.6237980769230769 0.038461538461538464 0.04326923076923077
0 0.5228365384615384 0.6370192307692307 0.028846153846153848 0.05048076923076923
0 0.016826923076923076 0.6454326923076923 0.028846153846153848 0.06009615384615385
0 0.4951923076923077 0.6430288461538461 0.038461538461538464 0.04326923076923077
0 0.33533653846153844 0.6502403846153846 0.04326923076923077 0.06490384615384616
0 0.6646634615384616 0.6526442307692307 0.028846153846153848 0.038461538461538464
0 0.5721153846153846 0.6538461538461539 0.04326923076923077 0.06009615384615385
0 0.6995192307692307 0.6538461538461539 0.052884615384615384 0.06971153846153846
0 0.09014423076923077 0.6646634615384616 0.04807692307692308 0.055288461538461536
0 0.2620192307692308 0.6634615384615384 0.03365384615384615 0.04326923076923077
0 0.9146634615384616 0.6658653846153846 0.04326923076923077 0.06490384615384616
0 0.6430288461538461 0.6730769230769231 0.04326923076923077 0.04807692307692308
0 0.2283653846153846 0.6826923076923077 0.03365384615384615 0.05048076923076923
0 0.5192307692307693 0.6850961538461539 0.055288461538461536 0.05048076923076923
0 0.14302884615384615 0.6959134615384616 0.038461538461538464 0.038461538461538464
0 0.30408653846153844 0.6935096153846154 0.04326923076923077 0.07451923076923077
0 0.84375 0.6838942307692307 0.04807692307692308 0.055288461538461536
0 0.9747596153846154 0.6838942307692307 0.05048076923076923 0.06971153846153846
0 0.6009615384615384 0.6959134615384616 0.04807692307692308 0.05048076923076923
0 0.453125 0.7043269230769231 0.057692307692307696 0.07932692307692307
0 0.19591346153846154 0.7079326923076923 0.038461538461538464 0.04326923076923077
0 0.6262019230769231 0.7127403846153846 0.03365384615384615 0.038461538461538464
0 0.26322115384615385 0.7235576923076923 0.057692307692307696 0.07451923076923077
0 0.06850961538461539 0.7415865384615384 0.04807692307692308 0.05048076923076923
0 0.6706730769230769 0.7319711538461539 0.05048076923076923 0.06490384615384616
0 0.11899038461538461 0.7415865384615384 0.05048076923076923 0.05048076923076923
0 0.5060096153846154 0.7379807692307693 0.052884615384615384 0.06971153846153846
0 0.8653846153846154 0.7391826923076923 0.052884615384615384 0.06971153846153846
0 0.13942307692307693 0.7584134615384616 0.04807692307692308 0.04326923076923077
0 0.20673076923076922 0.7596153846153846 0.055288461538461536 0.05048076923076923
0 0.3954326923076923 0.7680288461538461 0.07692307692307693 0.11778846153846154
0 0.9146634615384616 0.7584134615384616 0.0625 0.10336538461538461
0 0.6141826923076923 0.7956730769230769 0.07932692307692307 0.12259615384615384
0 0.9783653846153846 0.7956730769230769 0.04326923076923077 0.11057692307692307
0 0.8365384615384616 0.8088942307692307 0.07692307692307693 0.08413461538461539
0 0.13581730769230768 0.8233173076923077 0.07211538461538461 0.08413461538461539
0 0.6730769230769231 0.8197115384615384 0.057692307692307696 0.08413461538461539
0 0.04326923076923077 0.8353365384615384 0.07211538461538461 0.0985576923076923
0 0.5600961538461539 0.08173076923076923 0.004807692307692308 0.009615384615384616
0 0.5204326923076923 0.8401442307692307 0.0625 0.10336538461538461
0 0.7115384615384616 0.8413461538461539 0.055288461538461536 0.06490384615384616
0 0.7860576923076923 0.8401442307692307 0.0673076923076923 0.1346153846153846
0 0.5396634615384616 0.08413461538461539 0.009615384615384616 0.009615384615384616
0 0.5504807692307693 0.08413461538461539 0.009615384615384616 0.014423076923076924
0 0.3161057692307692 0.8629807692307693 0.07211538461538461 0.11057692307692307
0 0.3954326923076923 0.8725961538461539 0.07211538461538461 0.09375
0 0.19471153846153846 0.9002403846153846 0.07932692307692307 0.13701923076923078
0 0.5997596153846154 0.09014423076923077 0.009615384615384616 0.009615384615384616
0 0.9519230769230769 0.921875 0.09615384615384616 0.13221153846153846
0 0.8521634615384616 0.9290865384615384 0.09375 0.12740384615384615
0 0.03365384615384615 0.9423076923076923 0.057692307692307696 0.11538461538461539
0 0.7319711538461539 0.9338942307692307 0.08413461538461539 0.12259615384615384
0 0.6165865384615384 0.9399038461538461 0.12259615384615384 0.11298076923076923
0 0.4579326923076923 0.9447115384615384 0.08413461538461539 0.11057692307692307
0 0.29447115384615385 0.9651442307692307 0.09375 0.06971153846153846
0 0.09735576923076923 0.9747596153846154 0.055288461538461536 0.05048076923076923
0 0.5528846153846154 0.0985576923076923 0.004807692307692308 0.014423076923076924
0 0.5396634615384616 0.10336538461538461 0.009615384615384616 0.014423076923076924
0 0.6598557692307693 0.11057692307692307 0.009615384615384616 0.009615384615384616
0 0.6418269230769231 0.12259615384615384 0.009615384615384616 0.019230769230769232
0 0.5889423076923077 0.12379807692307693 0.004807692307692308 0.009615384615384616
0 0.6033653846153846 0.125 0.009615384615384616 0.009615384615384616
0 0.6610576923076923 0.125 0.009615384615384616 0.009615384615384616
0 0.6538461538461539 0.12980769230769232 0.009615384615384616 0.014423076923076924
0 0.44350961538461536 0.13581730769230768 0.014423076923076924 0.014423076923076924
0 0.5745192307692307 0.13581730769230768 0.009615384615384616 0.014423076923076924
0 0.5192307692307693 0.13701923076923078 0.009615384615384616 0.014423076923076924
0 0.53125 0.13942307692307693 0.009615384615384616 0.014423076923076924
0 0.5420673076923077 0.13822115384615385 0.009615384615384616 0.014423076923076924
0 0.5817307692307693 0.13822115384615385 0.009615384615384616 0.009615384615384616
0 0.6346153846153846 0.13822115384615385 0.009615384615384616 0.009615384615384616
0 0.6634615384615384 0.13822115384615385 0.009615384615384616 0.009615384615384616
0 0.6213942307692307 0.13822115384615385 0.004807692307692308 0.014423076923076924
0 0.6045673076923077 0.140625 0.009615384615384616 0.014423076923076924
0 0.6862980769230769 0.14423076923076922 0.009615384615384616 0.009615384615384616
0 0.47596153846153844 0.14783653846153846 0.009615384615384616 0.014423076923076924
0 0.4987980769230769 0.1502403846153846 0.009615384615384616 0.004807692307692308
0 0.6213942307692307 0.14783653846153846 0.009615384615384616 0.014423076923076924
0 0.421875 0.15144230769230768 0.014423076923076924 0.019230769230769232
0 0.6310096153846154 0.15264423076923078 0.009615384615384616 0.014423076923076924
0 0.6634615384615384 0.15504807692307693 0.009615384615384616 0.004807692307692308
0 0.5360576923076923 0.15865384615384615 0.004807692307692308 0.014423076923076924
0 0.5444711538461539 0.15865384615384615 0.009615384615384616 0.014423076923076924
0 0.3942307692307692 0.16346153846153846 0.009615384615384616 0.014423076923076924
0 0.4639423076923077 0.1622596153846154 0.009615384615384616 0.014423076923076924
0 0.5084134615384616 0.1622596153846154 0.009615384615384616 0.014423076923076924
0 0.5168269230769231 0.1622596153846154 0.009615384615384616 0.009615384615384616
0 0.47596153846153844 0.1622596153846154 0.009615384615384616 0.014423076923076924
0 0.5012019230769231 0.16706730769230768 0.009615384615384616 0.014423076923076924
0 0.7115384615384616 0.16346153846153846 0.014423076923076924 0.014423076923076924
0 0.38341346153846156 0.171875 0.014423076923076924 0.009615384615384616
0 0.4014423076923077 0.17067307692307693 0.014423076923076924 0.019230769230769232
0 0.44591346153846156 0.17067307692307693 0.014423076923076924 0.014423076923076924
0 0.5841346153846154 0.16826923076923078 0.009615384615384616 0.014423076923076924
0 0.5961538461538461 0.16826923076923078 0.014423076923076924 0.019230769230769232
0 0.6189903846153846 0.16706730769230768 0.009615384615384616 0.014423076923076924
0 0.6634615384615384 0.16706730769230768 0.009615384615384616 0.014423076923076924
0 0.6766826923076923 0.1658653846153846 0.014423076923076924 0.014423076923076924
0 0.6862980769230769 0.1658653846153846 0.009615384615384616 0.014423076923076924
0 0.484375 0.171875 0.009615384615384616 0.014423076923076924
0 0.6310096153846154 0.16947115384615385 0.009615384615384616 0.014423076923076924
0 0.6538461538461539 0.16947115384615385 0.009615384615384616 0.009615384615384616
0 0.6117788461538461 0.16947115384615385 0.009615384615384616 0.019230769230769232
0 0.6394230769230769 0.16947115384615385 0.009615384615384616 0.019230769230769232
0 0.6045673076923077 0.17067307692307693 0.009615384615384616 0.014423076923076924
0 0.5168269230769231 0.17548076923076922 0.009615384615384616 0.019230769230769232
0 0.5264423076923077 0.17548076923076922 0.009615384615384616 0.019230769230769232
0 0.7019230769230769 0.171875 0.014423076923076924 0.019230769230769232