0 0.17427884615384615 0.03245192307692308 0.021634615384615384 0.02403846153846154
0 0.6069711538461539 0.09615384615384616 0.021634615384615384 0.021634615384615384
0 0.7115384615384616 0.0889423076923077 0.02403846153846154 0.036057692307692304
0 0.4567307692307692 0.10697115384615384 0.019230769230769232 0.03125
0 0.3894230769230769 0.11298076923076923 0.02403846153846154 0.036057692307692304
0 0.3173076923076923 0.12139423076923077 0.02403846153846154 0.03365384615384615
0 0.013221153846153846 0.14182692307692307 0.026442307692307692 0.028846153846153848
0 0.48197115384615385 0.109375 0.026442307692307692 0.014423076923076924
0 0.7415865384615384 0.09254807692307693 0.03365384615384615 0.05048076923076923
0 0.9519230769230769 0.08052884615384616 0.026442307692307692 0.04567307692307692
0 0.41225961538461536 0.11899038461538461 0.014423076923076924 0.021634615384615384
0 0.171875 0.13701923076923078 0.02403846153846154 0.014423076923076924
0 0.24278846153846154 0.13341346153846154 0.019230769230769232 0.03125
0 0.3629807692307692 0.125 0.019230769230769232 0.016826923076923076
0 0.33533653846153844 0.12980769230769232 0.026442307692307692 0.04567307692307692
0 0.7740384615384616 0.0985576923076923 0.026442307692307692 0.016826923076923076
0 0.8930288461538461 0.09014423076923077 0.026442307692307692 0.04326923076923077
0 0.5432692307692307 0.11658653846153846 0.026442307692307692 0.028846153846153848
0 0.9254807692307693 0.09014423076923077 0.028846153846153848 0.04567307692307692
0 0.13581730769230768 0.14903846153846154 0.036057692307692304 0.014423076923076924
0 0.140625 0.037259615384615384 0.016826923076923076 0.021634615384615384
0 0.2860576923076923 0.13942307692307693 0.026442307692307692 0.038461538461538464
0 0.21634615384615385 0.1466346153846154 0.03125 0.03125
0 0.6322115384615384 0.11899038461538461 0.026442307692307692 0.040865384615384616
0 0.09495192307692307 0.15745192307692307 0.019230769230769232 0.03125
0 0.43149038461538464 0.13341346153846154 0.02403846153846154 0.036057692307692304
0 0.5829326923076923 0.12259615384615384 0.03125 0.04807692307692308
0 0.8449519230769231 0.10817307692307693 0.036057692307692304 0.052884615384615384
0 0.0673076923076923 0.16466346153846154 0.021634615384615384 0.03365384615384615
0 0.359375 0.14543269230769232 0.016826923076923076 0.036057692307692304
0 0.4855769230769231 0.13701923076923078 0.019230769230769232 0.036057692307692304
0 0.6899038461538461 0.125 0.016826923076923076 0.03365384615384615
0 0.30649038461538464 0.15264423076923078 0.016826923076923076 0.03125
0 0.5192307692307693 0.13822115384615385 0.026442307692307692 0.04567307692307692
0 0.46634615384615385 0.14302884615384615 0.02403846153846154 0.040865384615384616
0 0.006009615384615385 0.17427884615384615 0.01201923076923077 0.040865384615384616
0 0.7932692307692307 0.12259615384615384 0.026442307692307692 0.04326923076923077
0 0.6153846153846154 0.13581730769230768 0.021634615384615384 0.038461538461538464
0 0.40625 0.15144230769230768 0.021634615384615384 0.036057692307692304
0 0.18269230769230768 0.16947115384615385 0.028846153846153848 0.040865384615384616
0 0.7103365384615384 0.13341346153846154 0.019230769230769232 0.03365384615384615
0 0.5600961538461539 0.14423076923076922 0.026442307692307692 0.028846153846153848
0 0.32091346153846156 0.16466346153846154 0.02403846153846154 0.040865384615384616
0 0.2692307692307692 0.16826923076923078 0.03125 0.040865384615384616
0 0.43990384615384615 0.15625 0.026442307692307692 0.036057692307692304
0 0.02283653846153846 0.18990384615384615 0.02403846153846154 0.036057692307692304
0 0.6802884615384616 0.14423076923076922 0.03125 0.055288461538461536
0 0.38461538461538464 0.1658653846153846 0.026442307692307692 0.04567307692307692
0 0.7548076923076923 0.14302884615384615 0.026442307692307692 0.04326923076923077
0 0.7752403846153846 0.140625 0.026442307692307692 0.05048076923076923
0 0.15384615384615385 0.18389423076923078 0.03125 0.04567307692307692
0 0.5396634615384616 0.15745192307692307 0.026442307692307692 0.04567307692307692
0 0.6526442307692307 0.1502403846153846 0.03125 0.04326923076923077
0 0.9254807692307693 0.13942307692307693 0.036057692307692304 0.04326923076923077
0 0.04567307692307692 0.20673076923076922 0.028846153846153848 0.038461538461538464
0 0.008413461538461538 0.22115384615384615 0.016826923076923076 0.03365384615384615
0 0.2127403846153846 0.21514423076923078 0.03365384615384615 0.04807692307692308
0 0.8894230769230769 0.16947115384615385 0.040865384615384616 0.052884615384615384
0 0.4519230769230769 0.19951923076923078 0.03125 0.04807692307692308
0 0.9387019230769231 0.1658653846153846 0.038461538461538464 0.04807692307692308
0 0.042067307692307696 0.22956730769230768 0.03365384615384615 0.021634615384615384
0 0.7247596153846154 0.18389423076923078 0.02403846153846154 0.04567307692307692
0 0.09134615384615384 0.22956730769230768 0.036057692307692304 0.052884615384615384
0 0.41225961538461536 0.2127403846153846 0.03365384615384615 0.04326923076923077
0 0.8353365384615384 0.18509615384615385 0.038461538461538464 0.04807692307692308
0 0.7704326923076923 0.19230769230769232 0.026442307692307692 0.028846153846153848
0 0.6382211538461539 0.20192307692307693 0.03125 0.04567307692307692
0 0.6814903846153846 0.20072115384615385 0.036057692307692304 0.04567307692307692
0 0.13942307692307693 0.23918269230769232 0.03125 0.038461538461538464
0 0.7980769230769231 0.19831730769230768 0.036057692307692304 0.057692307692307696
0 0.025240384615384616 0.2536057692307692 0.028846153846153848 0.03125
0 0.8653846153846154 0.19831730769230768 0.03365384615384615 0.04807692307692308
0 0.5853365384615384 0.21875 0.03125 0.021634615384615384
0 0.6141826923076923 0.21754807692307693 0.028846153846153848 0.038461538461538464
0 0.056490384615384616 0.25600961538461536 0.03125 0.05048076923076923
0 0.004807692307692308 0.2644230769230769 0.009615384615384616 0.04807692307692308
0 0.5336538461538461 0.22596153846153846 0.036057692307692304 0.055288461538461536
0 0.19230769230769232 0.2548076923076923 0.036057692307692304 0.052884615384615384
0 0.7632211538461539 0.21754807692307693 0.038461538461538464 0.04567307692307692
0 0.31490384615384615 0.25 0.038461538461538464 0.055288461538461536
0 0.9266826923076923 0.21033653846153846 0.036057692307692304 0.055288461538461536
0 0.7115384615384616 0.2247596153846154 0.036057692307692304 0.038461538461538464
0 0.26802884615384615 0.25961538461538464 0.036057692307692304 0.055288461538461536
0 0.22716346153846154 0.2644230769230769 0.03365384615384615 0.04807692307692308
0 0.4206730769230769 0.2536057692307692 0.036057692307692304 0.04567307692307692
0 0.16706730769230768 0.27283653846153844 0.04326923076923077 0.040865384615384616
0 0.021634615384615384 0.2824519230769231 0.03365384615384615 0.04567307692307692
0 0.96875 0.21875 0.028846153846153848 0.06009615384615385
0 0.13341346153846154 0.2800480769230769 0.026442307692307692 0.026442307692307692
0 0.6646634615384616 0.24759615384615385 0.028846153846153848 0.038461538461538464
0 0.08533653846153846 0.28966346153846156 0.028846153846153848 0.05048076923076923
0 0.28966346153846156 0.27524038461538464 0.016826923076923076 0.03365384615384615
0 0.6334134615384616 0.25240384615384615 0.03365384615384615 0.036057692307692304
0 0.8557692307692307 0.23798076923076922 0.038461538461538464 0.06009615384615385
0 0.5853365384615384 0.25961538461538464 0.036057692307692304 0.057692307692307696
0 0.3557692307692308 0.2764423076923077 0.03365384615384615 0.040865384615384616
0 0.8930288461538461 0.24879807692307693 0.04326923076923077 0.07932692307692307
0 0.5396634615384616 0.2776442307692308 0.040865384615384616 0.038461538461538464
0 0.46033653846153844 0.2848557692307692 0.038461538461538464 0.04807692307692308
0 0.75 0.265625 0.028846153846153848 0.055288461538461536
0 0.6622596153846154 0.27524038461538464 0.028846153846153848 0.03365384615384615
0 0.7824519230769231 0.26802884615384615 0.03125 0.06490384615384616
0 0.12379807692307693 0.3137019230769231 0.028846153846153848 0.05048076923076923
0 0.6033653846153846 0.28125 0.02403846153846154 0.06009615384615385
0 0.7175480769230769 0.2764423076923077 0.03365384615384615 0.055288461538461536
0 0.8028846153846154 0.27283653846153844 0.021634615384615384 0.04567307692307692
0 0.17427884615384615 0.31971153846153844 0.04326923076923077 0.06009615384615385
0 0.40384615384615385 0.30288461538461536 0.036057692307692304 0.04567307692307692
0 0.6790865384615384 0.2848557692307692 0.019230769230769232 0.04807692307692308
0 0.04326923076923077 0.33052884615384615 0.028846153846153848 0.028846153846153848
0 0.07091346153846154 0.3329326923076923 0.036057692307692304 0.06009615384615385
0 0.6262019230769231 0.296875 0.02403846153846154 0.04567307692307692
0 0.28365384615384615 0.32211538461538464 0.04326923076923077 0.055288461538461536
0 0.37259615384615385 0.3161057692307692 0.028846153846153848 0.057692307692307696
0 0.6550480769230769 0.29927884615384615 0.04326923076923077 0.057692307692307696
0 0.24158653846153846 0.33052884615384615 0.04326923076923077 0.06971153846153846
0 0.35096153846153844 0.3317307692307692 0.036057692307692304 0.06009615384615385
0 0.4699519230769231 0.328125 0.03125 0.057692307692307696
0 0.7596153846153846 0.3125 0.04567307692307692 0.038461538461538464
0 0.002403846153846154 0.36899038461538464 0.004807692307692308 0.036057692307692304
0 0.014423076923076924 0.36778846153846156 0.026442307692307692 0.026442307692307692
0 0.49399038461538464 0.33653846153846156 0.038461538461538464 0.057692307692307696
0 0.5625 0.33774038461538464 0.038461538461538464 0.055288461538461536
0 0.3088942307692308 0.046875 0.019230769230769232 0.021634615384615384
0 0.6081730769230769 0.3425480769230769 0.04567307692307692 0.06009615384615385
0 0.4098557692307692 0.3581730769230769 0.040865384615384616 0.04567307692307692
0 0.10697115384615384 0.06370192307692307 0.019230769230769232 0.021634615384615384
0 0.009615384615384616 0.40024038461538464 0.019230769230769232 0.026442307692307692
0 0.5817307692307693 0.3605769230769231 0.016826923076923076 0.03365384615384615
0 0.14903846153846154 0.39783653846153844 0.038461538461538464 0.06971153846153846
0 0.7716346153846154 0.018028846153846152 0.028846153846153848 0.036057692307692304
0 0.6694711538461539 0.36538461538461536 0.03365384615384615 0.026442307692307692
0 0.44711538461538464 0.38100961538461536 0.036057692307692304 0.03125
0 0.7067307692307693 0.36899038461538464 0.028846153846153848 0.014423076923076924
0 0.5612980769230769 0.3798076923076923 0.03125 0.038461538461538464
0 0.7668269230769231 0.36658653846153844 0.040865384615384616 0.06009615384615385
0 0.09615384615384616 0.41466346153846156 0.026442307692307692 0.04567307692307692
0 0.07572115384615384 0.42427884615384615 0.038461538461538464 0.052884615384615384
0 0.3581730769230769 0.40865384615384615 0.038461538461538464 0.04567307692307692
0 0.5084134615384616 0.39783653846153844 0.04326923076923077 0.038461538461538464
0 0.9771634615384616 0.36899038461538464 0.03365384615384615 0.07451923076923077
0 0.6790865384615384 0.39302884615384615 0.02403846153846154 0.028846153846153848
0 0.3076923076923077 0.4206730769230769 0.04567307692307692 0.06490384615384616
0 0.04567307692307692 0.4387019230769231 0.040865384615384616 0.06971153846153846
0 0.578125 0.40384615384615385 0.021634615384615384 0.06009615384615385
0 0.021634615384615384 0.44711538461538464 0.038461538461538464 0.055288461538461536
0 0.9122596153846154 0.3858173076923077 0.057692307692307696 0.040865384615384616
0 0.4651442307692308 0.4170673076923077 0.040865384615384616 0.04326923076923077
0 0.4206730769230769 0.421875 0.040865384615384616 0.07211538461538461
0 0.8629807692307693 0.39783653846153844 0.04326923076923077 0.07211538461538461
0 0.23918269230769232 0.44350961538461536 0.04807692307692308 0.0625
0 0.5540865384615384 0.4230769230769231 0.055288461538461536 0.07211538461538461
0 0.7247596153846154 0.41947115384615385 0.05048076923076923 0.07692307692307693
0 0.19230769230769232 0.45913461538461536 0.038461538461538464 0.057692307692307696
0 0.5180288461538461 0.43990384615384615 0.03365384615384615 0.038461538461538464
0 0.359375 0.4519230769230769 0.05048076923076923 0.057692307692307696
0 0.6610576923076923 0.4375 0.04807692307692308 0.07692307692307693
0 0.8834134615384616 0.018028846153846152 0.026442307692307692 0.03365384615384615
0 0.8485576923076923 0.42788461538461536 0.03125 0.0673076923076923
0 0.8293269230769231 0.43028846153846156 0.036057692307692304 0.07211538461538461
0 0.7728365384615384 0.44350961538461536 0.040865384615384616 0.055288461538461536
0 0.23317307692307693 0.48677884615384615 0.036057692307692304 0.02403846153846154
0 0.6550480769230769 0.03485576923076923 0.021634615384615384 0.028846153846153848
0 0.10817307692307693 0.4987980769230769 0.04807692307692308 0.0673076923076923
0 0.4879807692307692 0.4723557692307692 0.0625 0.08173076923076923
0 0.08413461538461539 0.07572115384615384 0.019230769230769232 0.026442307692307692
0 0.03245192307692308 0.5132211538461539 0.036057692307692304 0.06971153846153846
0 0.9170673076923077 0.453125 0.057692307692307696 0.08413461538461539
0 0.06610576923076923 0.5144230769230769 0.04567307692307692 0.07211538461538461
0 0.21153846153846154 0.5084134615384616 0.040865384615384616 0.028846153846153848
0 0.6081730769230769 0.48197115384615385 0.03365384615384615 0.055288461538461536
0 0.13221153846153846 0.07451923076923077 0.016826923076923076 0.021634615384615384
0 0.3449519230769231 0.5096153846153846 0.06009615384615385 0.07451923076923077
0 0.2512019230769231 0.5216346153846154 0.03365384615384615 0.03125
0 0.671875 0.038461538461538464 0.016826923076923076 0.02403846153846154
0 0.23557692307692307 0.06850961538461539 0.019230769230769232 0.021634615384615384
0 0.014423076923076924 0.546875 0.028846153846153848 0.06490384615384616
0 0.18990384615384615 0.5432692307692307 0.04326923076923077 0.055288461538461536
0 0.4567307692307692 0.055288461538461536 0.021634615384615384 0.021634615384615384
0 0.054086538461538464 0.0829326923076923 0.016826923076923076 0.026442307692307692
0 0.4519230769230769 0.5396634615384616 0.057692307692307696 0.07932692307692307
0 0.6959134615384616 0.039663461538461536 0.016826923076923076 0.028846153846153848
0 0.109375 0.08173076923076923 0.026442307692307692 0.01201923076923077
0 0.5528846153846154 0.5408653846153846 0.04567307692307692 0.038461538461538464
0 0.6117788461538461 0.5444711538461539 0.04807692307692308 0.04807692307692308
0 0.22355769230769232 0.5721153846153846 0.040865384615384616 0.09134615384615384
0 0.7307692307692307 0.5444711538461539 0.0625 0.07451923076923077
0 0.31009615384615385 0.578125 0.040865384615384616 0.09615384615384616
0 0.609375 0.04807692307692308 0.021634615384615384 0.03125
0 0.1814903846153846 0.5877403846153846 0.057692307692307696 0.07692307692307693
0 0.5685096153846154 0.051682692307692304 0.028846153846153848 0.026442307692307692
0 0.27403846153846156 0.5985576923076923 0.057692307692307696 0.08653846153846154
0 0.12139423076923077 0.6117788461538461 0.040865384615384616 0.08413461538461539
0 0.8605769230769231 0.03245192307692308 0.028846153846153848 0.03125
0 0.05889423076923077 0.6177884615384616 0.04807692307692308 0.07451923076923077
0 0.5348557692307693 0.056490384615384616 0.016826923076923076 0.016826923076923076
0 0.5745192307692307 0.5949519230769231 0.038461538461538464 0.06971153846153846
0 0.4098557692307692 0.6189903846153846 0.06971153846153846 0.0889423076923077
0 0.9254807692307693 0.030048076923076924 0.026442307692307692 0.036057692307692304
0 0.13341346153846154 0.08653846153846154 0.016826923076923076 0.019230769230769232
0 0.3762019230769231 0.6298076923076923 0.036057692307692304 0.06490384615384616
0 0.4423076923076923 0.06490384615384616 0.016826923076923076 0.021634615384615384
0 0.7307692307692307 0.046875 0.028846153846153848 0.028846153846153848
0 0.7259615384615384 0.6129807692307693 0.0625 0.08413461538461539
0 0.5132211538461539 0.6274038461538461 0.06009615384615385 0.0985576923076923
0 0.2776442307692308 0.078125 0.016826923076923076 0.026442307692307692
0 0.6237980769230769 0.6370192307692307 0.0625 0.07932692307692307
0 0.8509615384615384 0.6237980769230769 0.0625 0.10576923076923077
0 0.96875 0.6298076923076923 0.055288461538461536 0.06009615384615385
0 0.02283653846153846 0.7091346153846154 0.02403846153846154 0.07692307692307693
0 0.6502403846153846 0.056490384615384616 0.019230769230769232 0.03365384615384615
0 0.5576923076923077 0.06370192307692307 0.026442307692307692 0.02403846153846154
0 0.984375 0.65625 0.03125 0.03365384615384615
0 0.2247596153846154 0.7163461538461539 0.05048076923076923 0.07451923076923077
0 0.9603365384615384 0.036057692307692304 0.019230769230769232 0.04567307692307692
0 0.7620192307692307 0.052884615384615384 0.021634615384615384 0.02403846153846154
0 0.734375 0.6959134615384616 0.08413461538461539 0.12980769230769232
0 0.41466346153846156 0.7271634615384616 0.06009615384615385 0.0625
0 0.18389423076923078 0.09375 0.019230769230769232 0.02403846153846154
0 0.6418269230769231 0.06129807692307692 0.021634615384615384 0.03365384615384615
0 0.671875 0.71875 0.09134615384615384 0.12740384615384615
0 0.12620192307692307 0.03365384615384615 0.014423076923076924 0.01201923076923077
0 0.4579326923076923 0.009615384615384616 0.016826923076923076 0.016826923076923076
0 0.14903846153846154 0.09735576923076923 0.019230769230769232 0.026442307692307692
0 0.8161057692307693 0.7139423076923077 0.07451923076923077 0.10576923076923077
0 0.1466346153846154 0.7620192307692307 0.07932692307692307 0.08653846153846154
0 0.4675480769230769 0.7439903846153846 0.0625 0.10096153846153846
0 0.11538461538461539 0.10096153846153846 0.016826923076923076 0.02403846153846154
0 0.2800480769230769 0.7680288461538461 0.0673076923076923 0.0889423076923077
0 0.9759615384615384 0.7331730769230769 0.04807692307692308 0.10576923076923077
0 0.453125 0.08052884615384616 0.021634615384615384 0.019230769230769232
0 0.06009615384615385 0.8245192307692307 0.06971153846153846 0.09375
0 0.40024038461538464 0.8064903846153846 0.06490384615384616 0.1201923076923077
0 0.2247596153846154 0.8233173076923077 0.0673076923076923 0.08413461538461539
0 0.34375 0.8173076923076923 0.06971153846153846 0.08653846153846154
0 0.5240384615384616 0.078125 0.021634615384615384 0.021634615384615384
0 0.40865384615384615 0.08653846153846154 0.014423076923076924 0.02403846153846154
0 0.5216346153846154 0.8149038461538461 0.07451923076923077 0.11057692307692307
0 0.6742788461538461 0.06971153846153846 0.028846153846153848 0.03125
0 0.8293269230769231 0.06009615384615385 0.021634615384615384 0.014423076923076924
0 0.9014423076923077 0.055288461538461536 0.02403846153846154 0.02403846153846154
0 0.9002403846153846 0.8185096153846154 0.06971153846153846 0.10576923076923077
0 0.01201923076923077 0.1201923076923077 0.016826923076923076 0.026442307692307692
0 0.8293269230769231 0.8377403846153846 0.07932692307692307 0.09615384615384616
0 0.6862980769230769 0.8629807692307693 0.0889423076923077 0.0625
0 0.4098557692307692 0.890625 0.07932692307692307 0.052884615384615384
0 0.5817307692307693 0.890625 0.06490384615384616 0.028846153846153848
0 0.2776442307692308 0.9134615384615384 0.07211538461538461 0.026442307692307692
0 0.42427884615384615 0.09615384615384616 0.019230769230769232 0.028846153846153848
0 0.3389423076923077 0.019230769230769232 0.019230769230769232 0.021634615384615384
0 0.0625 0.12379807692307693 0.02403846153846154 0.028846153846153848
0 0.7752403846153846 0.07451923076923077 0.019230769230769232 0.026442307692307692
0 0.8677884615384616 0.06971153846153846 0.02403846153846154 0.03365384615384615
0 0.5504807692307693 0.09254807692307693 0.026442307692307692 0.028846153846153848
0 0.03365384615384615 0.12860576923076922 0.021634615384615384 0.036057692307692304
0 0.13701923076923078 0.12139423076923077 0.016826923076923076 0.03365384615384615
0 0.8365384615384616 0.07451923076923077 0.03125 0.019230769230769232
0 0.2548076923076923 0.1141826923076923 0.019230769230769232 0.021634615384615384
0 0.27524038461538464 0.1141826923076923 0.019230769230769232 0.016826923076923076
0 0.16706730769230768 0.12379807692307693 0.016826923076923076 0.014423076923076924
0 0.5132211538461539 0.0985576923076923 0.03125 0.026442307692307692
0 0.18629807692307693 0.12259615384615384 0.021634615384615384 0.026442307692307692
0 0.7620192307692307 0.0829326923076923 0.019230769230769232 0.04567307692307692
0 0.002403846153846154 0.13942307692307693 0.004807692307692308 0.028846153846153848