0 0.70234375 0.06171875 0.0390625 0.0421875
0 0.57109375 0.08984375 0.046875 0.0390625
0 0.478125 0.1078125 0.0453125 0.0515625
0 0.41015625 0.1234375 0.046875 0.04375
0 0.65390625 0.08125 0.0484375 0.0484375
0 0.09296875 0.1921875 0.0421875 0.034375
0 0.76484375 0.0640625 0.0359375 0.0296875
0 0.82734375 0.0515625 0.0390625 0.0421875
0 0.00625 0.21875 0.0125 0.053125
0 0.32890625 0.16328125 0.034375 0.0375
0 0.16015625 0.1984375 0.034375 0.0375
0 0.45859375 0.140625 0.059375 0.0546875
0 0.51640625 0.13359375 0.0484375 0.0703125
0 0.36640625 0.165625 0.040625 0.0515625
0 0.31875 0.04296875 0.034375 0.0375
0 0.74453125 0.09453125 0.04375 0.046875
0 0.6625 0.1125 0.034375 0.0421875
0 0.034375 0.2375 0.0375 0.0375
0 0.5703125 0.1328125 0.0671875 0.05625
0 0.634375 0.12265625 0.04375 0.046875
0 0.71640625 0.1109375 0.0421875 0.0390625
0 0.8109375 0.09765625 0.0546875 0.0546875
0 0.07265625 0.240625 0.03125 0.05
0 0.31484375 0.20078125 0.0453125 0.0515625
0 0.778125 0.11328125 0.0515625 0.0671875
0 0.90390625 0.09375 0.05625 0.0859375
0 0.8640625 0.10625 0.046875 0.0609375
0 0.01015625 0.275 0.0203125 0.078125
0 0.2890625 0.21796875 0.0625 0.078125
0 0.4828125 0.1828125 0.0515625 0.0625
0 0.14921875 0.24765625 0.0578125 0.0984375
0 0.50625 0.18046875 0.0546875 0.08125
0 0.39921875 0.0296875 0.034375 0.0421875
0 0.44375 0.19765625 0.0484375 0.0484375
0 0.5625 0.17890625 0.0484375 0.0484375
0 0.20625 0.25078125 0.0546875 0.059375
0 0.703125 0.1609375 0.053125 0.071875
0 0.0359375 0.29375 0.046875 0.0609375
0 0.11484375 0.28046875 0.065625 0.0875
0 0.36015625 0.2328125 0.053125 0.071875
0 0.74609375 0.16484375 0.05625 0.0671875
0 0.3703125 0.0375 0.0390625 0.046875
0 0.49765625 0.01875 0.0359375 0.0375
0 0.440625 0.23046875 0.0453125 0.0515625
0 0.675 0.1875 0.0734375 0.0890625
0 0.0703125 0.31484375 0.0546875 0.059375
0 0.57265625 0.009375 0.0328125 0.01875
0 0.61640625 0.21328125 0.075 0.09375
0 0.35234375 0.27421875 0.0609375 0.06875
0 0.46171875 0.02421875 0.034375 0.0375
0 0.828125 0.1859375 0.06875 0.1046875
0 0.03203125 0.1078125 0.0328125 0.0546875
0 0.12421875 0.0921875 0.05 0.0578125
0 0.5 0.25703125 0.071875 0.096875
0 0.1859375 0.31796875 0.0734375 0.0625
0 0.25 0.3078125 0.071875 0.075
0 0.01328125 0.35703125 0.0265625 0.0515625
0 0.32421875 0.2984375 0.065625 0.065625
0 0.790625 0.21015625 0.0734375 0.0890625
0 0.5390625 0.01484375 0.0375 0.0296875
0 0.86796875 0.2109375 0.06875 0.1046875
0 0.6078125 0.2640625 0.071875 0.1015625
0 0.3015625 0.06015625 0.0328125 0.0328125
0 0.42890625 0.315625 0.0796875 0.071875
0 0.7578125 0.2609375 0.0765625 0.08125
0 0.19921875 0.384375 0.0734375 0.084375
0 0.02890625 0.4203125 0.0578125 0.078125
0 0.9296875 0.2578125 0.0765625 0.1234375
0 0.27265625 0.38828125 0.078125 0.1109375
0 0.5125 0.35859375 0.078125 0.0859375
0 0.35703125 0.39296875 0.0890625 0.121875
0 0.88828125 0.2921875 0.0640625 0.0828125
0 0.5875 0.35546875 0.078125 0.10625
0 0.17109375 0.44609375 0.096875 0.1375
0 0.8140625 0.33046875 0.09375 0.11875
0 0.0296875 0.4875 0.059375 0.125
0 0.28046875 0.0734375 0.0328125 0.059375
0 0.48046875 0.034375 0.034375 0.0421875
0 0.453125 0.4078125 0.103125 0.125
0 0.66796875 0.37109375 0.0828125 0.1078125
0 0.14140625 0.475 0.0828125 0.1125
0 0.73828125 0.36875 0.09375 0.1234375
0 0.1109375 0.1109375 0.04375 0.046875
0 0.5390625 0.4359375 0.096875 0.1421875
0 0.01171875 0.134375 0.0234375 0.065625
0 0.253125 0.503125 0.0796875 0.09375
0 0.30625 0.5 0.0453125 0.05625
0 0.87578125 0.39609375 0.078125 0.0859375
0 0.4296875 0.0515625 0.046875 0.04375
0 0.69296875 0.0125 0.0390625 0.025
0 0.25546875 0.08984375 0.0515625 0.0671875
0 0.1625 0.56796875 0.0828125 0.1078125
0 0.659375 0.47109375 0.10625 0.1390625
0 0.9796875 0.4234375 0.040625 0.078125
0 0.7328125 0.4875 0.096875 0.1375
0 0.6296875 0.0203125 0.04375 0.040625
0 0.22890625 0.59453125 0.0640625 0.0609375
0 0.7375 0.01015625 0.046875 0.0203125
0 0.7828125 0.009375 0.05 0.01875
0 0.88671875 0.4859375 0.0890625 0.1390625
0 0.3546875 0.6109375 0.121875 0.159375
0 0.078125 0.13359375 0.0546875 0.0765625
0 0.94140625 0.5015625 0.0734375 0.1109375
0 0.22265625 0.10546875 0.0375 0.059375
0 0.1 0.6859375 0.1359375 0.140625
0 0.5484375 0.04453125 0.0375 0.0375
0 0.184375 0.68359375 0.0796875 0.115625
0 0.46484375 0.64609375 0.1359375 0.1625
0 0.66640625 0.02890625 0.0515625 0.0578125
0 0.2609375 0.70234375 0.140625 0.1359375
0 0.3328125 0.09140625 0.0515625 0.0671875
0 0.3671875 0.08515625 0.040625 0.0515625
0 0.821875 0.0171875 0.04375 0.034375
0 0.89296875 0.00703125 0.0328125 0.0140625
0 0.5046875 0.06328125 0.0421875 0.0390625
0 0.44609375 0.0765625 0.046875 0.0390625
0 0.10546875 0.88671875 0.10625 0.165625
0 0.2046875 0.88515625 0.1015625 0.1375
0 0.60234375 0.05625 0.05625 0.0859375
0 0.74140625 0.03125 0.04375 0.046875
0 0.553125 0.06796875 0.0359375 0.0296875
0 0.13203125 0.15859375 0.0484375 0.0484375
0 0.878125 0.02109375 0.046875 0.0421875
0 0.78828125 0.040625 0.05 0.075