0 0.4050480769230769 0.09735576923076923 0.03125 0.052884615384615384
0 0.9399038461538461 0.1466346153846154 0.04807692307692308 0.0625
0 0.4795673076923077 0.10576923076923077 0.026442307692307692 0.052884615384615384
0 0.6935096153846154 0.125 0.03125 0.052884615384615384
0 0.17427884615384615 0.08774038461538461 0.036057692307692304 0.052884615384615384
0 0.3389423076923077 0.10216346153846154 0.026442307692307692 0.04326923076923077
0 0.453125 0.11177884615384616 0.036057692307692304 0.052884615384615384
0 0.7896634615384616 0.14423076923076922 0.040865384615384616 0.05048076923076923
0 0.96875 0.15985576923076922 0.06009615384615385 0.07451923076923077
0 0.2692307692307692 0.10336538461538461 0.03125 0.04326923076923077
0 0.22355769230769232 0.09975961538461539 0.036057692307692304 0.04567307692307692
0 0.6610576923076923 0.14302884615384615 0.04807692307692308 0.07211538461538461
0 0.15625 0.10576923076923077 0.036057692307692304 0.057692307692307696
0 0.5865384615384616 0.14543269230769232 0.036057692307692304 0.057692307692307696
0 0.34134615384615385 0.12980769230769232 0.026442307692307692 0.04326923076923077
0 0.921875 0.05048076923076923 0.02403846153846154 0.03365384615384615
0 0.3161057692307692 0.12860576923076922 0.03125 0.04326923076923077
0 0.36899038461538464 0.14182692307692307 0.026442307692307692 0.04326923076923077
0 0.5456730769230769 0.15745192307692307 0.04807692307692308 0.07211538461538461
0 0.24158653846153846 0.13581730769230768 0.026442307692307692 0.03365384615384615
0 0.28725961538461536 0.14903846153846154 0.04567307692307692 0.052884615384615384
0 0.4362980769230769 0.16466346153846154 0.036057692307692304 0.057692307692307696
0 0.15144230769230768 0.15865384615384615 0.03125 0.052884615384615384
0 0.9182692307692307 0.2247596153846154 0.0625 0.08173076923076923
0 0.04447115384615385 0.15504807692307693 0.038461538461538464 0.07692307692307693
0 0.6213942307692307 0.20673076923076922 0.0625 0.09615384615384616
0 0.7872596153846154 0.22115384615384615 0.057692307692307696 0.08653846153846154
0 0.8930288461538461 0.052884615384615384 0.019230769230769232 0.02403846153846154
0 0.06610576923076923 0.17668269230769232 0.052884615384615384 0.08173076923076923
0 0.12980769230769232 0.006009615384615385 0.04807692307692308 0.01201923076923077
0 0.984375 0.06370192307692307 0.026442307692307692 0.038461538461538464
0 0.8665865384615384 0.055288461538461536 0.03125 0.03365384615384615
0 0.21033653846153846 0.22596153846153846 0.08173076923076923 0.0985576923076923
0 0.4879807692307692 0.2620192307692308 0.055288461538461536 0.09134615384615384
0 0.515625 0.26802884615384615 0.0673076923076923 0.0985576923076923
0 0.8786057692307693 0.3076923076923077 0.07692307692307693 0.10336538461538461
0 0.7944711538461539 0.051682692307692304 0.036057692307692304 0.040865384615384616
0 0.6862980769230769 0.04447115384615385 0.019230769230769232 0.02403846153846154
0 0.8569711538461539 0.05889423076923077 0.019230769230769232 0.028846153846153848
0 0.41466346153846156 0.3016826923076923 0.06971153846153846 0.11298076923076923
0 0.7139423076923077 0.3401442307692308 0.0625 0.09615384615384616
0 0.6346153846153846 0.04447115384615385 0.019230769230769232 0.019230769230769232
0 0.7223557692307693 0.057692307692307696 0.019230769230769232 0.019230769230769232
0 0.5769230769230769 0.046875 0.016826923076923076 0.028846153846153848
0 0.8257211538461539 0.0733173076923077 0.021634615384615384 0.03365384615384615
0 0.5552884615384616 0.05048076923076923 0.019230769230769232 0.028846153846153848
0 0.6814903846153846 0.06129807692307692 0.019230769230769232 0.02403846153846154
0 0.5144230769230769 0.5036057692307693 0.11057692307692307 0.17067307692307693
0 0.9591346153846154 0.0889423076923077 0.03125 0.04807692307692308
0 0.9050480769230769 0.08653846153846154 0.03125 0.04807692307692308
0 0.6033653846153846 0.0625 0.019230769230769232 0.028846153846153848
0 0.6237980769230769 0.06971153846153846 0.021634615384615384 0.03365384615384615
0 0.9338942307692307 0.0985576923076923 0.026442307692307692 0.04326923076923077
0 0.5853365384615384 0.06850961538461539 0.019230769230769232 0.019230769230769232
0 0.671875 0.07572115384615384 0.016826923076923076 0.019230769230769232
0 0.7596153846153846 0.08653846153846154 0.03125 0.038461538461538464
0 0.7944711538461539 0.0889423076923077 0.03125 0.03365384615384615
0 0.8641826923076923 0.09495192307692307 0.026442307692307692 0.03365384615384615
0 0.5625 0.06850961538461539 0.026442307692307692 0.038461538461538464
0 0.7127403846153846 0.08173076923076923 0.019230769230769232 0.028846153846153848
0 0.4963942307692308 0.0625 0.03125 0.04807692307692308
0 0.8076923076923077 0.09254807692307693 0.019230769230769232 0.028846153846153848
0 0.5348557692307693 0.0733173076923077 0.026442307692307692 0.03365384615384615
0 0.6370192307692307 0.0829326923076923 0.021634615384615384 0.03365384615384615
0 0.7283653846153846 0.09254807692307693 0.021634615384615384 0.03365384615384615
0 0.6682692307692307 0.09134615384615384 0.02403846153846154 0.028846153846153848
0 0.859375 0.11298076923076923 0.03125 0.038461538461538464
0 0.9939903846153846 0.12620192307692307 0.01201923076923077 0.05048076923076923
0 0.4579326923076923 0.078125 0.019230769230769232 0.028846153846153848
0 0.9783653846153846 0.04927884615384615 0.02403846153846154 0.019230769230769232
0 0.5504807692307693 0.09495192307692307 0.026442307692307692 0.04807692307692308
0 0.5721153846153846 0.09735576923076923 0.026442307692307692 0.04807692307692308
0 0.5973557692307693 0.09975961538461539 0.036057692307692304 0.05048076923076923
0 0.5252403846153846 0.0985576923076923 0.03125 0.052884615384615384