0 0.640625 0.09495192307692307 0.04807692307692308 0.04807692307692308
0 0.4699519230769231 0.9759615384615384 0.038461538461538464 0.04807692307692308
0 0.13341346153846154 0.9831730769230769 0.055288461538461536 0.03365384615384615
0 0.5432692307692307 0.9807692307692307 0.04326923076923077 0.028846153846153848
0 0.9735576923076923 0.10576923076923077 0.038461538461538464 0.055288461538461536
0 0.2283653846153846 0.12980769230769232 0.055288461538461536 0.055288461538461536
0 0.5012019230769231 0.12740384615384615 0.04807692307692308 0.04807692307692308
0 0.11899038461538461 0.15144230769230768 0.04807692307692308 0.038461538461538464
0 0.3161057692307692 0.17307692307692307 0.05048076923076923 0.04326923076923077
0 0.9014423076923077 0.16466346153846154 0.055288461538461536 0.05048076923076923
0 0.4170673076923077 0.17427884615384615 0.05048076923076923 0.055288461538461536
0 0.8497596153846154 0.014423076923076924 0.040865384615384616 0.028846153846153848
0 0.038461538461538464 0.18629807692307693 0.04326923076923077 0.04326923076923077
0 0.7367788461538461 0.17908653846153846 0.05048076923076923 0.055288461538461536
0 0.5829326923076923 0.19591346153846154 0.04326923076923077 0.04326923076923077
0 0.6802884615384616 0.20673076923076922 0.05048076923076923 0.04807692307692308
0 0.14783653846153846 0.21875 0.06490384615384616 0.04807692307692308
0 0.6177884615384616 0.21995192307692307 0.04807692307692308 0.04807692307692308
0 0.3076923076923077 0.23317307692307693 0.05048076923076923 0.055288461538461536
0 0.7584134615384616 0.020432692307692308 0.05048076923076923 0.040865384615384616
0 0.5048076923076923 0.23798076923076922 0.05048076923076923 0.04807692307692308
0 0.8353365384615384 0.23677884615384615 0.05048076923076923 0.04807692307692308
0 0.06490384615384616 0.25721153846153844 0.055288461538461536 0.04326923076923077
0 0.5036057692307693 0.025240384615384616 0.055288461538461536 0.05048076923076923
0 0.7319711538461539 0.2668269230769231 0.05048076923076923 0.04326923076923077
0 0.859375 0.2692307692307692 0.04326923076923077 0.038461538461538464
0 0.9387019230769231 0.2704326923076923 0.05048076923076923 0.05048076923076923
0 0.34134615384615385 0.28725961538461536 0.055288461538461536 0.05048076923076923
0 0.5060096153846154 0.28966346153846156 0.04807692307692308 0.04326923076923077
0 0.22596153846153846 0.296875 0.05048076923076923 0.05048076923076923
0 0.5985576923076923 0.296875 0.05048076923076923 0.055288461538461536
0 0.4182692307692308 0.3112980769230769 0.04326923076923077 0.04807692307692308
0 0.06129807692307692 0.039663461538461536 0.04807692307692308 0.05048076923076923
0 0.13341346153846154 0.33052884615384615 0.04807692307692308 0.04807692307692308
0 0.7644230769230769 0.3233173076923077 0.04807692307692308 0.05048076923076923
0 0.8629807692307693 0.3317307692307692 0.04807692307692308 0.04807692307692308
0 0.013221153846153846 0.3485576923076923 0.026442307692307692 0.03365384615384615
0 0.4014423076923077 0.036057692307692304 0.04326923076923077 0.04807692307692308
0 0.3389423076923077 0.037259615384615384 0.05048076923076923 0.05048076923076923
0 0.2848557692307692 0.36658653846153844 0.05048076923076923 0.055288461538461536
0 0.44471153846153844 0.36658653846153844 0.04807692307692308 0.04807692307692308
0 0.7127403846153846 0.36177884615384615 0.055288461538461536 0.055288461538461536
0 0.953125 0.36899038461538464 0.04807692307692308 0.04807692307692308
0 0.5396634615384616 0.3762019230769231 0.05048076923076923 0.05048076923076923
0 0.02403846153846154 0.3918269230769231 0.04807692307692308 0.04807692307692308
0 0.6298076923076923 0.390625 0.05048076923076923 0.05048076923076923
0 0.13942307692307693 0.4014423076923077 0.055288461538461536 0.04807692307692308
0 0.7992788461538461 0.4026442307692308 0.06009615384615385 0.05048076923076923
0 0.22355769230769232 0.046875 0.04807692307692308 0.04807692307692308
0 0.3641826923076923 0.4170673076923077 0.04326923076923077 0.04807692307692308
0 0.5637019230769231 0.4387019230769231 0.05048076923076923 0.055288461538461536
0 0.24158653846153846 0.4567307692307692 0.055288461538461536 0.04807692307692308
0 0.09375 0.45913461538461536 0.06009615384615385 0.04807692307692308
0 0.45072115384615385 0.45913461538461536 0.055288461538461536 0.05048076923076923
0 0.6382211538461539 0.4579326923076923 0.055288461538461536 0.055288461538461536
0 0.8918269230769231 0.4579326923076923 0.055288461538461536 0.04807692307692308
0 0.7872596153846154 0.4699519230769231 0.05048076923076923 0.05048076923076923
0 0.171875 0.4855769230769231 0.04807692307692308 0.04807692307692308
0 0.9699519230769231 0.47115384615384615 0.04326923076923077 0.04326923076923077
0 0.3605769230769231 0.48677884615384615 0.06009615384615385 0.05048076923076923
0 0.056490384615384616 0.5396634615384616 0.055288461538461536 0.038461538461538464
0 0.5360576923076923 0.5336538461538461 0.04326923076923077 0.038461538461538464
0 0.9399038461538461 0.5300480769230769 0.05048076923076923 0.04326923076923077
0 0.14182692307692307 0.5540865384615384 0.055288461538461536 0.04326923076923077
0 0.38100961538461536 0.5504807692307693 0.05048076923076923 0.04807692307692308
0 0.6935096153846154 0.546875 0.06009615384615385 0.038461538461538464
0 0.2764423076923077 0.5637019230769231 0.055288461538461536 0.04326923076923077
0 0.5817307692307693 0.5612980769230769 0.04326923076923077 0.038461538461538464
0 0.8641826923076923 0.04927884615384615 0.05048076923076923 0.04807692307692308
0 0.49158653846153844 0.5673076923076923 0.05048076923076923 0.04326923076923077
0 0.7932692307692307 0.5649038461538461 0.055288461538461536 0.04807692307692308
0 0.8581730769230769 0.5685096153846154 0.055288461538461536 0.04326923076923077
0 0.9723557692307693 0.59375 0.055288461538461536 0.038461538461538464
0 0.5721153846153846 0.6081730769230769 0.04807692307692308 0.038461538461538464
0 0.5180288461538461 0.6105769230769231 0.04326923076923077 0.038461538461538464
0 0.7151442307692307 0.6141826923076923 0.055288461538461536 0.04326923076923077
0 0.06971153846153846 0.6298076923076923 0.06009615384615385 0.038461538461538464
0 0.4423076923076923 0.6262019230769231 0.04807692307692308 0.04326923076923077
0 0.8329326923076923 0.6286057692307693 0.06490384615384616 0.05048076923076923
0 0.375 0.6418269230769231 0.05048076923076923 0.04326923076923077
0 0.9026442307692307 0.6358173076923077 0.05048076923076923 0.038461538461538464
0 0.5024038461538461 0.6454326923076923 0.038461538461538464 0.03365384615384615
0 0.14783653846153846 0.6610576923076923 0.055288461538461536 0.038461538461538464
0 0.6346153846153846 0.6526442307692307 0.05048076923076923 0.038461538461538464
0 0.27524038461538464 0.6610576923076923 0.04807692307692308 0.038461538461538464
0 0.5805288461538461 0.6706730769230769 0.06009615384615385 0.03365384615384615
0 0.1658653846153846 0.07572115384615384 0.05048076923076923 0.055288461538461536
0 0.44350961538461536 0.6887019230769231 0.04326923076923077 0.038461538461538464
0 0.04807692307692308 0.6983173076923077 0.06490384615384616 0.028846153846153848
0 0.7716346153846154 0.6850961538461539 0.055288461538461536 0.04326923076923077
0 0.9771634615384616 0.6862980769230769 0.04567307692307692 0.05048076923076923
0 0.20072115384615385 0.7079326923076923 0.055288461538461536 0.038461538461538464
0 0.3641826923076923 0.7247596153846154 0.06490384615384616 0.05048076923076923
0 0.8834134615384616 0.7175480769230769 0.06009615384615385 0.04326923076923077
0 0.6862980769230769 0.7259615384615384 0.06490384615384616 0.04326923076923077
0 0.4375 0.7487980769230769 0.055288461538461536 0.038461538461538464
0 0.5973557692307693 0.7644230769230769 0.05048076923076923 0.05048076923076923
0 0.9759615384615384 0.7596153846153846 0.04807692307692308 0.038461538461538464
0 0.28966346153846156 0.7716346153846154 0.05048076923076923 0.04326923076923077
0 0.5276442307692307 0.7776442307692307 0.05048076923076923 0.04326923076923077
0 0.07451923076923077 0.796875 0.06009615384615385 0.04807692307692308
0 0.7944711538461539 0.7872596153846154 0.06009615384615385 0.04807692307692308
0 0.17427884615384615 0.8112980769230769 0.055288461538461536 0.038461538461538464
0 0.8894230769230769 0.7980769230769231 0.06009615384615385 0.05048076923076923
0 0.6478365384615384 0.8076923076923077 0.055288461538461536 0.038461538461538464
0 0.4014423076923077 0.8161057692307693 0.06009615384615385 0.04326923076923077
0 0.4987980769230769 0.8353365384615384 0.05048076923076923 0.055288461538461536
0 0.5805288461538461 0.8485576923076923 0.04807692307692308 0.05048076923076923
0 0.9723557692307693 0.8461538461538461 0.055288461538461536 0.04807692307692308
0 0.03365384615384615 0.8629807692307693 0.055288461538461536 0.05048076923076923
0 0.19591346153846154 0.8677884615384616 0.055288461538461536 0.04326923076923077
0 0.28365384615384615 0.8665865384615384 0.04326923076923077 0.04326923076923077
0 0.3605769230769231 0.8677884615384616 0.055288461538461536 0.04326923076923077
0 0.7632211538461539 0.8629807692307693 0.055288461538461536 0.04326923076923077
0 0.8665865384615384 0.8966346153846154 0.06490384615384616 0.05048076923076923
0 0.14182692307692307 0.9134615384615384 0.055288461538461536 0.04326923076923077
0 0.6790865384615384 0.90625 0.04807692307692308 0.04807692307692308
0 0.45913461538461536 0.9134615384615384 0.055288461538461536 0.05048076923076923
0 0.35697115384615385 0.9350961538461539 0.05048076923076923 0.04326923076923077
0 0.2620192307692308 0.9399038461538461 0.05048076923076923 0.038461538461538464
0 0.2848557692307692 0.09615384615384616 0.04807692307692308 0.05048076923076923
0 0.054086538461538464 0.9483173076923077 0.06009615384615385 0.038461538461538464
0 0.5769230769230769 0.9411057692307693 0.04807692307692308 0.04807692307692308
0 0.7668269230769231 0.9399038461538461 0.04326923076923077 0.05048076923076923
0 0.7524038461538461 0.09254807692307693 0.055288461538461536 0.06009615384615385
0 0.9579326923076923 0.9639423076923077 0.06490384615384616 0.04807692307692308