0 0.15144230769230768 0.10697115384615384 0.025240384615384616 0.038461538461538464
0 0.5096153846153846 0.10817307692307693 0.028846153846153848 0.042067307692307696
0 0.45072115384615385 0.11177884615384616 0.025240384615384616 0.036057692307692304
0 0.07211538461538461 0.11177884615384616 0.03365384615384615 0.04447115384615385
0 0.36899038461538464 0.1141826923076923 0.03245192307692308 0.038461538461538464
0 0.7115384615384616 0.1201923076923077 0.02403846153846154 0.036057692307692304
0 0.4182692307692308 0.12139423076923077 0.02403846153846154 0.038461538461538464
0 0.6730769230769231 0.12620192307692307 0.026442307692307692 0.04447115384615385
0 0.8798076923076923 0.12980769230769232 0.026442307692307692 0.036057692307692304
0 0.5721153846153846 0.13341346153846154 0.026442307692307692 0.04447115384615385
0 0.8197115384615384 0.14302884615384615 0.03125 0.036057692307692304
0 0.009615384615384616 0.14423076923076922 0.019230769230769232 0.04447115384615385
0 0.6478365384615384 0.15865384615384615 0.026442307692307692 0.042067307692307696
0 0.7716346153846154 0.016826923076923076 0.019230769230769232 0.03365384615384615
0 0.4266826923076923 0.18870192307692307 0.028846153846153848 0.04326923076923077
0 0.8221153846153846 0.19110576923076922 0.025240384615384616 0.04326923076923077
0 0.3449519230769231 0.203125 0.03245192307692308 0.04807692307692308
0 0.6778846153846154 0.020432692307692308 0.028846153846153848 0.040865384615384616
0 0.953125 0.21634615384615385 0.02283653846153846 0.04567307692307692
0 0.6466346153846154 0.21875 0.028846153846153848 0.040865384615384616
0 0.7103365384615384 0.22355769230769232 0.028846153846153848 0.04927884615384615
0 0.5024038461538461 0.22716346153846154 0.026442307692307692 0.04447115384615385
0 0.5697115384615384 0.22716346153846154 0.02403846153846154 0.04326923076923077
0 0.8834134615384616 0.22956730769230768 0.025240384615384616 0.036057692307692304
0 0.12980769230769232 0.23317307692307693 0.026442307692307692 0.04447115384615385
0 0.037259615384615384 0.234375 0.03365384615384615 0.042067307692307696
0 0.6105769230769231 0.02403846153846154 0.028846153846153848 0.040865384615384616
0 0.2127403846153846 0.24158653846153846 0.03125 0.04567307692307692
0 0.8112980769230769 0.24639423076923078 0.026442307692307692 0.046875
0 0.47475961538461536 0.2512019230769231 0.030048076923076924 0.04807692307692308
0 0.8497596153846154 0.25600961538461536 0.026442307692307692 0.04447115384615385
0 0.09615384615384616 0.2620192307692308 0.03485576923076923 0.04567307692307692
0 0.9098557692307693 0.2644230769230769 0.02403846153846154 0.040865384615384616
0 0.96875 0.2692307692307692 0.020432692307692308 0.04927884615384615
0 0.39302884615384615 0.2692307692307692 0.020432692307692308 0.03485576923076923
0 0.14423076923076922 0.2776442307692308 0.026442307692307692 0.037259615384615384
0 0.3137019230769231 0.2920673076923077 0.020432692307692308 0.036057692307692304
0 0.7644230769230769 0.2932692307692308 0.03365384615384615 0.028846153846153848
0 0.23798076923076922 0.3016826923076923 0.026442307692307692 0.039663461538461536
0 0.16466346153846154 0.30649038461538464 0.02403846153846154 0.037259615384615384
0 0.3389423076923077 0.3076923076923077 0.027644230769230768 0.037259615384615384
0 0.6382211538461539 0.3076923076923077 0.03365384615384615 0.040865384615384616
0 0.4855769230769231 0.3125 0.026442307692307692 0.02403846153846154
0 0.20192307692307693 0.31490384615384615 0.026442307692307692 0.036057692307692304
0 0.03485576923076923 0.3161057692307692 0.02403846153846154 0.03485576923076923
0 0.9206730769230769 0.31971153846153844 0.028846153846153848 0.042067307692307696
0 0.59375 0.32211538461538464 0.042067307692307696 0.039663461538461536
0 0.6754807692307693 0.3233173076923077 0.03485576923076923 0.037259615384615384
0 0.7632211538461539 0.3293269230769231 0.025240384615384616 0.04447115384615385
0 0.7103365384615384 0.33052884615384615 0.027644230769230768 0.04326923076923077
0 0.9903846153846154 0.33533653846153844 0.018028846153846152 0.055288461538461536
0 0.8617788461538461 0.3425480769230769 0.026442307692307692 0.028846153846153848
0 0.28846153846153844 0.3449519230769231 0.028846153846153848 0.028846153846153848
0 0.8413461538461539 0.3473557692307692 0.03245192307692308 0.040865384615384616
0 0.4807692307692308 0.34975961538461536 0.027644230769230768 0.039663461538461536
0 0.020432692307692308 0.3545673076923077 0.026442307692307692 0.026442307692307692
0 0.6478365384615384 0.359375 0.03365384615384615 0.04807692307692308
0 0.5889423076923077 0.3629807692307692 0.028846153846153848 0.036057692307692304
0 0.7896634615384616 0.3629807692307692 0.027644230769230768 0.046875
0 0.6959134615384616 0.3629807692307692 0.03365384615384615 0.03245192307692308
0 0.19831730769230768 0.3641826923076923 0.03365384615384615 0.040865384615384616
0 0.3389423076923077 0.3701923076923077 0.03245192307692308 0.052884615384615384
0 0.5264423076923077 0.3786057692307692 0.02283653846153846 0.052884615384615384
0 0.3004807692307692 0.38822115384615385 0.028846153846153848 0.052884615384615384
0 0.6201923076923077 0.390625 0.030048076923076924 0.042067307692307696
0 0.014423076923076924 0.3942307692307692 0.028846153846153848 0.052884615384615384
0 0.6971153846153846 0.40024038461538464 0.03485576923076923 0.054086538461538464
0 0.5432692307692307 0.4074519230769231 0.03365384615384615 0.056490384615384616
0 0.1971153846153846 0.41586538461538464 0.027644230769230768 0.051682692307692304
0 0.8221153846153846 0.4206730769230769 0.027644230769230768 0.04447115384615385
0 0.8834134615384616 0.421875 0.026442307692307692 0.04807692307692308
0 0.4338942307692308 0.4230769230769231 0.03365384615384615 0.05048076923076923
0 0.34615384615384615 0.42908653846153844 0.037259615384615384 0.05048076923076923
0 0.39663461538461536 0.43509615384615385 0.03365384615384615 0.052884615384615384
0 0.7584134615384616 0.43509615384615385 0.03485576923076923 0.040865384615384616
0 0.26802884615384615 0.44350961538461536 0.028846153846153848 0.051682692307692304
0 0.23197115384615385 0.44471153846153844 0.037259615384615384 0.06009615384615385
0 0.037259615384615384 0.4483173076923077 0.028846153846153848 0.04447115384615385
0 0.125 0.4495192307692308 0.03125 0.037259615384615384
0 0.7175480769230769 0.45913461538461536 0.03245192307692308 0.04567307692307692
0 0.6201923076923077 0.46875 0.03365384615384615 0.055288461538461536
0 0.15144230769230768 0.4699519230769231 0.03125 0.056490384615384616
0 0.20432692307692307 0.47716346153846156 0.036057692307692304 0.037259615384615384
0 0.6923076923076923 0.4795673076923077 0.039663461538461536 0.046875
0 0.5685096153846154 0.4855769230769231 0.03485576923076923 0.057692307692307696
0 0.07932692307692307 0.48677884615384615 0.037259615384615384 0.054086538461538464
0 0.01201923076923077 0.49158653846153844 0.020432692307692308 0.057692307692307696
0 0.43990384615384615 0.49278846153846156 0.03365384615384615 0.042067307692307696
0 0.8293269230769231 0.4987980769230769 0.03485576923076923 0.056490384615384616
0 0.31971153846153844 0.5036057692307693 0.036057692307692304 0.0673076923076923
0 0.7932692307692307 0.5036057692307693 0.03125 0.038461538461538464
0 0.921875 0.5072115384615384 0.037259615384615384 0.055288461538461536
0 0.7211538461538461 0.5108173076923077 0.03245192307692308 0.055288461538461536
0 0.36177884615384615 0.5120192307692307 0.03485576923076923 0.0673076923076923
0 0.7584134615384616 0.5120192307692307 0.030048076923076924 0.052884615384615384
0 0.45552884615384615 0.5192307692307693 0.03485576923076923 0.028846153846153848
0 0.037259615384615384 0.5204326923076923 0.037259615384615384 0.027644230769230768
0 0.96875 0.5240384615384616 0.03485576923076923 0.055288461538461536
0 0.6923076923076923 0.5264423076923077 0.03485576923076923 0.04927884615384615
0 0.8725961538461539 0.5324519230769231 0.03365384615384615 0.03485576923076923
0 0.6394230769230769 0.5444711538461539 0.042067307692307696 0.0733173076923077
0 0.5625 0.5456730769230769 0.037259615384615384 0.052884615384615384
0 0.5024038461538461 0.5552884615384616 0.03245192307692308 0.06009615384615385
0 0.19110576923076922 0.5564903846153846 0.04567307692307692 0.042067307692307696
0 0.04567307692307692 0.5637019230769231 0.037259615384615384 0.05048076923076923
0 0.4699519230769231 0.5685096153846154 0.055288461538461536 0.07211538461538461
0 0.75 0.5697115384615384 0.04567307692307692 0.06129807692307692
0 0.6069711538461539 0.5709134615384616 0.036057692307692304 0.0625
0 0.8016826923076923 0.5721153846153846 0.036057692307692304 0.04567307692307692
0 0.5264423076923077 0.5769230769230769 0.037259615384615384 0.06850961538461539
0 0.8762019230769231 0.5865384615384616 0.039663461538461536 0.057692307692307696
0 0.28125 0.5913461538461539 0.04567307692307692 0.0673076923076923
0 0.4074519230769231 0.6069711538461539 0.03365384615384615 0.06009615384615385
0 0.8185096153846154 0.6081730769230769 0.039663461538461536 0.054086538461538464
0 0.5793269230769231 0.6081730769230769 0.04447115384615385 0.0673076923076923
0 0.20793269230769232 0.609375 0.052884615384615384 0.054086538461538464
0 0.32091346153846156 0.6213942307692307 0.04447115384615385 0.06971153846153846
0 0.9951923076923077 0.6237980769230769 0.009615384615384616 0.05048076923076923
0 0.06971153846153846 0.6286057692307693 0.03365384615384615 0.06009615384615385
0 0.7055288461538461 0.6298076923076923 0.04567307692307692 0.06850961538461539
0 0.7752403846153846 0.6358173076923077 0.042067307692307696 0.0733173076923077
0 0.4338942307692308 0.6394230769230769 0.040865384615384616 0.07091346153846154
0 0.8413461538461539 0.6574519230769231 0.04326923076923077 0.06009615384615385
0 0.03365384615384615 0.6586538461538461 0.04927884615384615 0.0733173076923077
0 0.7259615384615384 0.6598557692307693 0.037259615384615384 0.07451923076923077
0 0.1971153846153846 0.6838942307692307 0.04447115384615385 0.06009615384615385
0 0.47115384615384615 0.6935096153846154 0.042067307692307696 0.06610576923076923
0 0.8737980769230769 0.7115384615384616 0.042067307692307696 0.08413461538461539
0 0.32211538461538464 0.7163461538461539 0.04807692307692308 0.06129807692307692
0 0.5504807692307693 0.7223557692307693 0.05048076923076923 0.06850961538461539
0 0.8846153846153846 0.007211538461538462 0.016826923076923076 0.014423076923076924
0 0.8329326923076923 0.008413461538461538 0.016826923076923076 0.015625
0 0.6141826923076923 0.08173076923076923 0.025240384615384616 0.039663461538461536
0 0.25 0.08173076923076923 0.026442307692307692 0.046875
0 0.008413461538461538 0.0829326923076923 0.016826923076923076 0.039663461538461536
0 0.29086538461538464 0.09615384615384616 0.030048076923076924 0.052884615384615384
0 0.8798076923076923 0.09735576923076923 0.025240384615384616 0.026442307692307692