0 0.37259615384615385 0.8401442307692307 0.25 0.15745192307692307
0 0.9134615384615384 0.8858173076923077 0.17307692307692307 0.0985576923076923
0 0.8245192307692307 0.10216346153846154 0.05048076923076923 0.03245192307692308
0 0.8798076923076923 0.10697115384615384 0.06009615384615385 0.042067307692307696
0 0.46274038461538464 0.109375 0.05048076923076923 0.03245192307692308
0 0.046875 0.11057692307692307 0.027644230769230768 0.02283653846153846
0 0.22235576923076922 0.11298076923076923 0.06490384615384616 0.03245192307692308
0 0.3329326923076923 0.12259615384615384 0.05048076923076923 0.027644230769230768
0 0.4230769230769231 0.12259615384615384 0.03245192307692308 0.027644230769230768
0 0.7680288461538461 0.12259615384615384 0.042067307692307696 0.027644230769230768
0 0.7199519230769231 0.12740384615384615 0.055288461538461536 0.037259615384615384
0 0.13701923076923078 0.12980769230769232 0.05048076923076923 0.037259615384615384
0 0.6550480769230769 0.13942307692307693 0.0829326923076923 0.042067307692307696
0 0.7403846153846154 0.14302884615384615 0.06009615384615385 0.037259615384615384
0 0.9831730769230769 0.14423076923076922 0.03365384615384615 0.04807692307692308
0 0.890625 0.18269230769230768 0.07451923076923077 0.055288461538461536
0 0.6574519230769231 0.19230769230769232 0.09735576923076923 0.06490384615384616
0 0.5324519230769231 0.203125 0.078125 0.055288461538461536
0 0.1346153846153846 0.24519230769230768 0.042067307692307696 0.02283653846153846
0 0.8076923076923077 0.2800480769230769 0.06009615384615385 0.037259615384615384
0 0.3004807692307692 0.2824519230769231 0.046875 0.03245192307692308
0 0.18509615384615385 0.2920673076923077 0.05048076923076923 0.03245192307692308
0 0.2644230769230769 0.29447115384615385 0.055288461538461536 0.02283653846153846
0 0.3798076923076923 0.31490384615384615 0.05048076923076923 0.037259615384615384
0 0.24759615384615385 0.31971153846153844 0.055288461538461536 0.03245192307692308
0 0.14302884615384615 0.33774038461538464 0.06490384615384616 0.042067307692307696
0 0.24278846153846154 0.35216346153846156 0.05048076923076923 0.03245192307692308
0 0.37259615384615385 0.3605769230769231 0.06971153846153846 0.046875
0 0.31971153846153844 0.3605769230769231 0.055288461538461536 0.037259615384615384
0 0.018028846153846152 0.38341346153846156 0.036057692307692304 0.04567307692307692
0 0.41947115384615385 0.43028846153846156 0.08774038461538461 0.037259615384615384
0 0.6394230769230769 0.47716346153846156 0.1201923076923077 0.07451923076923077
0 0.23197115384615385 0.4951923076923077 0.11057692307692307 0.078125
0 0.8173076923076923 0.49759615384615385 0.09735576923076923 0.05048076923076923
0 0.43509615384615385 0.5024038461538461 0.11538461538461539 0.0829326923076923
0 0.09975961538461539 0.5324519230769231 0.11538461538461539 0.07451923076923077
0 0.8269230769230769 0.5829326923076923 0.12980769230769232 0.09735576923076923
0 0.328125 0.6322115384615384 0.15264423076923078 0.10216346153846154
0 0.0673076923076923 0.6899038461538461 0.1346153846153846 0.08774038461538461