0 0.41225961538461536 0.1141826923076923 0.03125 0.038461538461538464
0 0.9338942307692307 0.07932692307692307 0.019230769230769232 0.03365384615384615
0 0.8677884615384616 0.08653846153846154 0.036057692307692304 0.04326923076923077
0 0.5769230769230769 0.10697115384615384 0.03125 0.04326923076923077
0 0.453125 0.11778846153846154 0.028846153846153848 0.03365384615384615
0 0.4735576923076923 0.013221153846153846 0.019230769230769232 0.02403846153846154
0 0.3112980769230769 0.02403846153846154 0.019230769230769232 0.02403846153846154
0 0.16105769230769232 0.13822115384615385 0.03125 0.038461538461538464
0 0.007211538461538462 0.14903846153846154 0.014423076923076924 0.038461538461538464
0 0.8173076923076923 0.09495192307692307 0.02403846153846154 0.028846153846153848
0 0.1346153846153846 0.14783653846153846 0.019230769230769232 0.03365384615384615
0 0.4567307692307692 0.014423076923076924 0.02403846153846154 0.02403846153846154
0 0.6057692307692307 0.008413461538461538 0.019230769230769232 0.016826923076923076
0 0.7560096153846154 0.10576923076923077 0.028846153846153848 0.03365384615384615
0 0.3894230769230769 0.1346153846153846 0.028846153846153848 0.03365384615384615
0 0.9122596153846154 0.09735576923076923 0.028846153846153848 0.03365384615384615
0 0.2644230769230769 0.14302884615384615 0.03125 0.04326923076923077
0 0.6634615384615384 0.11538461538461539 0.03125 0.04326923076923077
0 0.36778846153846156 0.140625 0.03125 0.04326923076923077
0 0.25 0.15384615384615385 0.03125 0.038461538461538464
0 0.15144230769230768 0.16105769230769232 0.036057692307692304 0.04326923076923077
0 0.8233173076923077 0.11298076923076923 0.03365384615384615 0.03365384615384615
0 0.42788461538461536 0.140625 0.026442307692307692 0.038461538461538464
0 0.6983173076923077 0.12259615384615384 0.026442307692307692 0.038461538461538464
0 0.31490384615384615 0.15144230769230768 0.028846153846153848 0.028846153846153848
0 0.8858173076923077 0.11177884615384616 0.036057692307692304 0.04326923076923077
0 0.953125 0.10697115384615384 0.036057692307692304 0.04807692307692308
0 0.203125 0.16105769230769232 0.036057692307692304 0.04326923076923077
0 0.06850961538461539 0.16947115384615385 0.03125 0.04326923076923077
0 0.47716346153846156 0.14423076923076922 0.026442307692307692 0.038461538461538464
0 0.4423076923076923 0.14903846153846154 0.036057692307692304 0.04326923076923077
0 0.7487980769230769 0.003605769230769231 0.016826923076923076 0.007211538461538462
0 0.39302884615384615 0.021634615384615384 0.028846153846153848 0.03365384615384615
0 0.6370192307692307 0.13701923076923078 0.036057692307692304 0.04326923076923077
0 0.11778846153846154 0.17908653846153846 0.036057692307692304 0.04807692307692308
0 0.5012019230769231 0.15144230769230768 0.03125 0.04326923076923077
0 0.18629807692307693 0.17427884615384615 0.03125 0.04326923076923077
0 0.09254807692307693 0.18269230769230768 0.036057692307692304 0.04326923076923077
0 0.039663461538461536 0.18870192307692307 0.036057692307692304 0.04326923076923077
0 0.6009615384615384 0.14903846153846154 0.028846153846153848 0.03365384615384615
0 0.5480769230769231 0.15384615384615385 0.03125 0.038461538461538464
0 0.39783653846153844 0.1658653846153846 0.028846153846153848 0.03365384615384615
0 0.6983173076923077 0.14783653846153846 0.036057692307692304 0.038461538461538464
0 0.3173076923076923 0.17908653846153846 0.026442307692307692 0.038461538461538464
0 0.013221153846153846 0.19951923076923078 0.026442307692307692 0.052884615384615384
0 0.25721153846153844 0.03125 0.026442307692307692 0.03365384615384615
0 0.7704326923076923 0.1502403846153846 0.036057692307692304 0.04326923076923077
0 0.8209134615384616 0.1466346153846154 0.036057692307692304 0.04807692307692308
0 0.6141826923076923 0.16346153846153846 0.036057692307692304 0.038461538461538464
0 0.8413461538461539 0.1502403846153846 0.03125 0.04807692307692308
0 0.3317307692307692 0.18629807692307693 0.03125 0.04807692307692308
0 0.2980769230769231 0.18870192307692307 0.03365384615384615 0.03365384615384615
0 0.07091346153846154 0.20673076923076922 0.038461538461538464 0.036057692307692304
0 0.25600961538461536 0.19471153846153846 0.03125 0.038461538461538464
0 0.49158653846153844 0.018028846153846152 0.019230769230769232 0.02403846153846154
0 0.7295673076923077 0.16346153846153846 0.03125 0.04326923076923077
0 0.4675480769230769 0.1814903846153846 0.02403846153846154 0.03365384615384615
0 0.9098557692307693 0.15144230769230768 0.03125 0.038461538461538464
0 0.78125 0.006009615384615385 0.02403846153846154 0.01201923076923077
0 0.5841346153846154 0.013221153846153846 0.02403846153846154 0.026442307692307692
0 0.6430288461538461 0.18389423076923078 0.03125 0.038461538461538464
0 0.3737980769230769 0.203125 0.03125 0.04807692307692308
0 0.7487980769230769 0.17908653846153846 0.036057692307692304 0.04326923076923077
0 0.06009615384615385 0.05048076923076923 0.028846153846153848 0.02403846153846154
0 0.6394230769230769 0.013221153846153846 0.019230769230769232 0.026442307692307692
0 0.42908653846153844 0.02403846153846154 0.016826923076923076 0.019230769230769232
0 0.7079326923076923 0.18389423076923078 0.026442307692307692 0.04326923076923077
0 0.49759615384615385 0.19951923076923078 0.03125 0.04807692307692308
0 0.06850961538461539 0.23197115384615385 0.03125 0.038461538461538464
0 0.13942307692307693 0.22596153846153846 0.036057692307692304 0.04326923076923077
0 0.18509615384615385 0.2247596153846154 0.03125 0.04326923076923077
0 0.9038461538461539 0.17427884615384615 0.03365384615384615 0.03365384615384615
0 0.6814903846153846 0.19230769230769232 0.036057692307692304 0.038461538461538464
0 0.5769230769230769 0.20192307692307693 0.03125 0.04326923076923077
0 0.9314903846153846 0.17668269230769232 0.03125 0.038461538461538464
0 0.7788461538461539 0.1875 0.03365384615384615 0.03365384615384615
0 0.6850961538461539 0.010817307692307692 0.019230769230769232 0.021634615384615384
0 0.28966346153846156 0.03365384615384615 0.03125 0.038461538461538464
0 0.08052884615384616 0.04807692307692308 0.028846153846153848 0.028846153846153848
0 0.6658653846153846 0.010817307692307692 0.019230769230769232 0.021634615384615384
0 0.5408653846153846 0.21634615384615385 0.036057692307692304 0.04326923076923077
0 0.6129807692307693 0.21634615384615385 0.040865384615384616 0.05048076923076923
0 0.2956730769230769 0.23798076923076922 0.036057692307692304 0.052884615384615384
0 0.39783653846153844 0.23317307692307693 0.02403846153846154 0.03365384615384615
0 0.21634615384615385 0.24639423076923078 0.03125 0.04807692307692308
0 0.3473557692307692 0.23918269230769232 0.03125 0.038461538461538464
0 0.203125 0.042067307692307696 0.019230769230769232 0.028846153846153848
0 0.45552884615384615 0.234375 0.036057692307692304 0.038461538461538464
0 0.9026442307692307 0.20552884615384615 0.03125 0.04326923076923077
0 0.8629807692307693 0.20793269230769232 0.03125 0.04326923076923077
0 0.640625 0.22355769230769232 0.040865384615384616 0.04567307692307692
0 0.7680288461538461 0.21634615384615385 0.036057692307692304 0.038461538461538464
0 0.25240384615384615 0.25721153846153844 0.036057692307692304 0.04326923076923077
0 0.8894230769230769 0.004807692307692308 0.019230769230769232 0.009615384615384616
0 0.06370192307692307 0.27524038461538464 0.036057692307692304 0.04326923076923077
0 0.8377403846153846 0.22115384615384615 0.036057692307692304 0.038461538461538464
0 0.16105769230769232 0.26802884615384615 0.03125 0.04807692307692308
0 0.8221153846153846 0.008413461538461538 0.019230769230769232 0.016826923076923076
0 0.4026442307692308 0.265625 0.036057692307692304 0.04326923076923077
0 0.49759615384615385 0.2620192307692308 0.040865384615384616 0.052884615384615384
0 0.7403846153846154 0.01201923076923077 0.02403846153846154 0.02403846153846154
0 0.5588942307692307 0.02283653846153846 0.02403846153846154 0.03365384615384615
0 0.5132211538461539 0.025240384615384616 0.019230769230769232 0.028846153846153848
0 0.7055288461538461 0.2536057692307692 0.04567307692307692 0.05048076923076923
0 0.9230769230769231 0.23798076923076922 0.040865384615384616 0.05048076923076923
0 0.84375 0.24879807692307693 0.03125 0.04807692307692308
0 0.37740384615384615 0.28365384615384615 0.036057692307692304 0.04326923076923077
0 0.11057692307692307 0.30408653846153844 0.03125 0.052884615384615384
0 0.20793269230769232 0.2980769230769231 0.040865384615384616 0.052884615384615384
0 0.7692307692307693 0.25841346153846156 0.036057692307692304 0.04326923076923077
0 0.9711538461538461 0.2439903846153846 0.02403846153846154 0.03365384615384615
0 0.71875 0.2620192307692308 0.03125 0.057692307692307696
0 0.5420673076923077 0.2764423076923077 0.036057692307692304 0.04807692307692308
0 0.008413461538461538 0.06009615384615385 0.016826923076923076 0.03365384615384615
0 0.6670673076923077 0.27283653846153844 0.026442307692307692 0.052884615384615384
0 0.28365384615384615 0.29927884615384615 0.03125 0.04807692307692308
0 0.5757211538461539 0.28365384615384615 0.036057692307692304 0.04326923076923077
0 0.4411057692307692 0.2932692307692308 0.036057692307692304 0.052884615384615384
0 0.24278846153846154 0.3076923076923077 0.03365384615384615 0.03365384615384615
0 0.30288461538461536 0.3076923076923077 0.036057692307692304 0.04807692307692308
0 0.8413461538461539 0.010817307692307692 0.019230769230769232 0.021634615384615384
0 0.039663461538461536 0.32572115384615385 0.036057692307692304 0.04807692307692308
0 0.016826923076923076 0.3269230769230769 0.03365384615384615 0.04807692307692308
0 0.6310096153846154 0.29086538461538464 0.040865384615384616 0.05048076923076923
0 0.8858173076923077 0.2776442307692308 0.026442307692307692 0.04807692307692308
0 0.4170673076923077 0.31490384615384615 0.03125 0.038461538461538464
0 0.45913461538461536 0.31490384615384615 0.036057692307692304 0.04807692307692308
0 0.5997596153846154 0.02403846153846154 0.019230769230769232 0.02403846153846154
0 0.24278846153846154 0.04927884615384615 0.026442307692307692 0.038461538461538464
0 0.8665865384615384 0.3016826923076923 0.03125 0.04807692307692308
0 0.7668269230769231 0.3088942307692308 0.040865384615384616 0.052884615384615384
0 0.21995192307692307 0.05048076923076923 0.02403846153846154 0.03365384615384615
0 0.3605769230769231 0.04326923076923077 0.026442307692307692 0.038461538461538464
0 0.2512019230769231 0.35216346153846156 0.040865384615384616 0.052884615384615384
0 0.3245192307692308 0.3473557692307692 0.040865384615384616 0.052884615384615384
0 0.6478365384615384 0.3269230769230769 0.036057692307692304 0.052884615384615384
0 0.037259615384615384 0.37259615384615385 0.040865384615384616 0.057692307692307696
0 0.5588942307692307 0.33774038461538464 0.040865384615384616 0.05048076923076923
0 0.9399038461538461 0.3112980769230769 0.036057692307692304 0.052884615384615384
0 0.8581730769230769 0.010817307692307692 0.019230769230769232 0.021634615384615384
0 0.41466346153846156 0.35336538461538464 0.04567307692307692 0.052884615384615384
0 0.71875 0.33413461538461536 0.040865384615384616 0.0625
0 0.14302884615384615 0.3786057692307692 0.040865384615384616 0.057692307692307696
0 0.6129807692307693 0.026442307692307692 0.02403846153846154 0.028846153846153848
0 0.5228365384615384 0.3581730769230769 0.040865384615384616 0.052884615384615384
0 0.16346153846153846 0.38341346153846156 0.05048076923076923 0.057692307692307696
0 0.8137019230769231 0.33774038461538464 0.03125 0.04326923076923077
0 0.7079326923076923 0.021634615384615384 0.026442307692307692 0.04326923076923077
0 0.49759615384615385 0.036057692307692304 0.019230769230769232 0.028846153846153848
0 0.0985576923076923 0.39783653846153844 0.040865384615384616 0.052884615384615384
0 0.9783653846153846 0.3389423076923077 0.026442307692307692 0.052884615384615384
0 0.7403846153846154 0.3581730769230769 0.036057692307692304 0.052884615384615384
0 0.640625 0.026442307692307692 0.019230769230769232 0.03365384615384615
0 0.8329326923076923 0.35336538461538464 0.04567307692307692 0.057692307692307696
0 0.5793269230769231 0.3786057692307692 0.036057692307692304 0.052884615384615384
0 0.34375 0.04927884615384615 0.016826923076923076 0.019230769230769232
0 0.007211538461538462 0.42908653846153844 0.014423076923076924 0.06490384615384616
0 0.8762019230769231 0.015625 0.026442307692307692 0.03125
0 0.5420673076923077 0.036057692307692304 0.028846153846153848 0.03365384615384615
0 0.23197115384615385 0.41586538461538464 0.036057692307692304 0.038461538461538464
0 0.7956730769230769 0.38221153846153844 0.040865384615384616 0.057692307692307696
0 0.3485576923076923 0.4182692307692308 0.03125 0.04326923076923077
0 0.6502403846153846 0.39663461538461536 0.04567307692307692 0.05048076923076923
0 0.4411057692307692 0.4110576923076923 0.040865384615384616 0.04567307692307692
0 0.8725961538461539 0.38341346153846156 0.040865384615384616 0.0625
0 0.7199519230769231 0.39663461538461536 0.036057692307692304 0.0625
0 0.3317307692307692 0.42427884615384615 0.03125 0.057692307692307696
0 0.47836538461538464 0.4182692307692308 0.036057692307692304 0.052884615384615384
0 0.6574519230769231 0.03245192307692308 0.02403846153846154 0.028846153846153848
0 0.11899038461538461 0.4567307692307692 0.040865384615384616 0.057692307692307696
0 0.5048076923076923 0.4326923076923077 0.040865384615384616 0.052884615384615384
0 0.9867788461538461 0.4014423076923077 0.016826923076923076 0.04807692307692308
0 0.2283653846153846 0.4543269230769231 0.036057692307692304 0.052884615384615384
0 0.6394230769230769 0.43509615384615385 0.036057692307692304 0.052884615384615384
0 0.6862980769230769 0.4338942307692308 0.03125 0.052884615384615384
0 0.4338942307692308 0.05048076923076923 0.019230769230769232 0.028846153846153848
0 0.057692307692307696 0.4831730769230769 0.036057692307692304 0.04807692307692308
0 0.025240384615384616 0.48677884615384615 0.04567307692307692 0.052884615384615384
0 0.3629807692307692 0.4651442307692308 0.04567307692307692 0.07211538461538461
0 0.44471153846153844 0.4639423076923077 0.04567307692307692 0.0673076923076923
0 0.5949519230769231 0.453125 0.040865384615384616 0.052884615384615384
0 0.9098557692307693 0.016826923076923076 0.02403846153846154 0.03365384615384615
0 0.06009615384615385 0.07692307692307693 0.03125 0.04326923076923077
0 0.9338942307692307 0.4326923076923077 0.040865384615384616 0.057692307692307696
0 0.030048076923076924 0.07932692307692307 0.026442307692307692 0.038461538461538464
0 0.29927884615384615 0.06129807692307692 0.03125 0.038461538461538464
0 0.8329326923076923 0.45913461538461536 0.036057692307692304 0.0625
0 0.6634615384615384 0.4735576923076923 0.04567307692307692 0.0673076923076923
0 0.7860576923076923 0.4675480769230769 0.040865384615384616 0.05048076923076923
0 0.953125 0.020432692307692308 0.03125 0.040865384615384616
0 0.5276442307692307 0.49278846153846156 0.055288461538461536 0.0673076923076923
0 0.2403846153846154 0.5132211538461539 0.04567307692307692 0.0625
0 0.9771634615384616 0.4639423076923077 0.04567307692307692 0.07211538461538461
0 0.15264423076923078 0.0733173076923077 0.03125 0.04326923076923077
0 0.12980769230769232 0.07572115384615384 0.02403846153846154 0.03365384615384615
0 0.8786057692307693 0.47596153846153844 0.04567307692307692 0.0625
0 0.15504807692307693 0.5420673076923077 0.04567307692307692 0.057692307692307696
0 0.6141826923076923 0.04326923076923077 0.02403846153846154 0.028846153846153848
0 0.19471153846153846 0.0733173076923077 0.03125 0.038461538461538464
0 0.40384615384615385 0.05889423076923077 0.019230769230769232 0.03365384615384615
0 0.34975961538461536 0.5384615384615384 0.055288461538461536 0.0673076923076923
0 0.028846153846153848 0.5625 0.055288461538461536 0.07211538461538461
0 0.8137019230769231 0.5108173076923077 0.04567307692307692 0.0673076923076923
0 0.9375 0.021634615384615384 0.028846153846153848 0.03365384615384615
0 0.7307692307692307 0.036057692307692304 0.02403846153846154 0.028846153846153848
0 0.6370192307692307 0.5300480769230769 0.05048076923076923 0.0673076923076923
0 0.9254807692307693 0.5144230769230769 0.040865384615384616 0.0673076923076923
0 0.6838942307692307 0.040865384615384616 0.02403846153846154 0.03365384615384615
0 0.7487980769230769 0.037259615384615384 0.019230769230769232 0.02403846153846154
0 0.3317307692307692 0.06610576923076923 0.028846153846153848 0.03365384615384615
0 0.8088942307692307 0.03245192307692308 0.03125 0.04326923076923077
0 0.4519230769230769 0.5685096153846154 0.055288461538461536 0.0673076923076923
0 0.2668269230769231 0.07091346153846154 0.028846153846153848 0.03365384615384615
0 0.5264423076923077 0.055288461538461536 0.026442307692307692 0.038461538461538464
0 0.6514423076923077 0.04567307692307692 0.02403846153846154 0.02403846153846154
0 0.5913461538461539 0.05048076923076923 0.02403846153846154 0.03365384615384615
0 0.12860576923076922 0.6045673076923077 0.040865384615384616 0.0673076923076923
0 0.5396634615384616 0.5757211538461539 0.052884615384615384 0.052884615384615384
0 0.35336538461538464 0.5913461538461539 0.03125 0.0673076923076923
0 0.8389423076923077 0.5709134615384616 0.055288461538461536 0.0673076923076923
0 0.8461538461538461 0.03485576923076923 0.02403846153846154 0.03365384615384615
0 0.3173076923076923 0.6129807692307693 0.06490384615384616 0.06971153846153846
0 0.23076923076923078 0.6237980769230769 0.06009615384615385 0.08173076923076923
0 0.9014423076923077 0.5769230769230769 0.04567307692307692 0.0673076923076923
0 0.7451923076923077 0.5901442307692307 0.04567307692307692 0.0673076923076923
0 0.08052884615384616 0.08774038461538461 0.026442307692307692 0.04326923076923077
0 0.7836538461538461 0.042067307692307696 0.019230769230769232 0.03365384615384615
0 0.484375 0.0625 0.028846153846153848 0.03365384615384615
0 0.9675480769230769 0.5949519230769231 0.04567307692307692 0.0673076923076923
0 0.5396634615384616 0.6322115384615384 0.055288461538461536 0.07211538461538461
0 0.10336538461538461 0.6706730769230769 0.040865384615384616 0.057692307692307696
0 0.46153846153846156 0.6466346153846154 0.055288461538461536 0.0673076923076923
0 0.027644230769230768 0.6790865384615384 0.038461538461538464 0.0673076923076923
0 0.7235576923076923 0.6418269230769231 0.06009615384615385 0.06971153846153846
0 0.6706730769230769 0.6454326923076923 0.06009615384615385 0.08173076923076923
0 0.3293269230769231 0.6790865384615384 0.055288461538461536 0.08173076923076923
0 0.14302884615384615 0.6947115384615384 0.05048076923076923 0.0673076923076923
0 0.7584134615384616 0.04807692307692308 0.026442307692307692 0.038461538461538464
0 0.4230769230769231 0.07211538461538461 0.02403846153846154 0.03365384615384615
0 0.8485576923076923 0.6514423076923077 0.055288461538461536 0.08173076923076923
0 0.40865384615384615 0.6875 0.055288461538461536 0.0673076923076923
0 0.9927884615384616 0.6742788461538461 0.014423076923076924 0.07932692307692307
0 0.4987980769230769 0.7103365384615384 0.055288461538461536 0.0625
0 0.6454326923076923 0.06129807692307692 0.026442307692307692 0.04326923076923077
0 0.3425480769230769 0.08173076923076923 0.019230769230769232 0.028846153846153848
0 0.27283653846153844 0.7367788461538461 0.05048076923076923 0.057692307692307696
0 0.8617788461538461 0.04567307692307692 0.03365384615384615 0.03365384615384615
0 0.9567307692307693 0.039663461538461536 0.02403846153846154 0.02403846153846154
0 0.7331730769230769 0.7139423076923077 0.06009615384615385 0.08173076923076923
0 0.5528846153846154 0.7259615384615384 0.055288461538461536 0.07692307692307693
0 0.15745192307692307 0.7668269230769231 0.04567307692307692 0.0673076923076923
0 0.5444711538461539 0.0733173076923077 0.03125 0.04326923076923077
0 0.9170673076923077 0.7283653846153846 0.06009615384615385 0.08173076923076923
0 0.39302884615384615 0.7680288461538461 0.05048076923076923 0.0673076923076923
0 0.08173076923076923 0.7920673076923077 0.05048076923076923 0.0673076923076923
0 0.03125 0.10817307692307693 0.036057692307692304 0.04326923076923077
0 0.8245192307692307 0.052884615384615384 0.03125 0.04326923076923077
0 0.6286057692307693 0.7764423076923077 0.052884615384615384 0.07692307692307693
0 0.6105769230769231 0.06971153846153846 0.03125 0.04326923076923077
0 0.5 0.7884615384615384 0.06009615384615385 0.08173076923076923
0 0.25721153846153844 0.8149038461538461 0.06971153846153846 0.08653846153846154
0 0.036057692307692304 0.8317307692307693 0.03125 0.07211538461538461
0 0.2932692307692308 0.09375 0.028846153846153848 0.03365384615384615
0 0.4735576923076923 0.08173076923076923 0.02403846153846154 0.03365384615384615
0 0.8028846153846154 0.7896634615384616 0.04567307692307692 0.0625
0 0.9555288461538461 0.7788461538461539 0.06971153846153846 0.07932692307692307
0 0.7704326923076923 0.0625 0.028846153846153848 0.03365384615384615
0 0.7223557692307693 0.06610576923076923 0.026442307692307692 0.04326923076923077
0 0.3605769230769231 0.09134615384615384 0.03125 0.04326923076923077
0 0.7019230769230769 0.06971153846153846 0.02403846153846154 0.028846153846153848
0 0.9555288461538461 0.828125 0.0889423076923077 0.09375
0 0.43149038461538464 0.8737980769230769 0.055288461538461536 0.07692307692307693
0 0.39903846153846156 0.09375 0.028846153846153848 0.03365384615384615
0 0.10817307692307693 0.9038461538461539 0.06009615384615385 0.07451923076923077
0 0.5889423076923077 0.08052884615384616 0.02403846153846154 0.03365384615384615
0 0.8713942307692307 0.859375 0.0673076923076923 0.04567307692307692
0 0.22716346153846154 0.10817307692307693 0.03125 0.04326923076923077
0 0.1201923076923077 0.11538461538461539 0.026442307692307692 0.04326923076923077
0 0.890625 0.06370192307692307 0.036057692307692304 0.04807692307692308
0 0.5637019230769231 0.08653846153846154 0.02403846153846154 0.03365384615384615
0 0.21754807692307693 0.11177884615384616 0.019230769230769232 0.03365384615384615
0 0.15264423076923078 0.11538461538461539 0.02403846153846154 0.028846153846153848
0 0.18990384615384615 0.11538461538461539 0.036057692307692304 0.04326923076923077
0 0.23918269230769232 0.026442307692307692 0.019230769230769232 0.019230769230769232
0 0.6730769230769231 0.08413461538461539 0.02403846153846154 0.03365384615384615
0 0.5252403846153846 0.09735576923076923 0.026442307692307692 0.038461538461538464
0 0.7584134615384616 0.08052884615384616 0.028846153846153848 0.028846153846153848
0 0.3317307692307692 0.11057692307692307 0.03125 0.04807692307692308
0 0.8413461538461539 0.07692307692307693 0.03125 0.04807692307692308
0 0.12860576923076922 0.12740384615384615 0.019230769230769232 0.028846153846153848
0 0.27524038461538464 0.11899038461538461 0.028846153846153848 0.03365384615384615