0 0.28203125 0.2296875 0.025 0.0328125
0 0.4578125 0.24375 0.0265625 0.0375
0 0.03203125 0.22578125 0.03125 0.0484375
0 0.0875 0.23203125 0.03125 0.04375
0 0.5578125 0.2671875 0.04375 0.0484375
0 0.4140625 0.26953125 0.040625 0.0484375
0 0.66640625 0.28671875 0.0390625 0.0390625
0 0.496875 0.27734375 0.03125 0.0484375
0 0.15234375 0.259375 0.0359375 0.0484375
0 0.8078125 0.30546875 0.05625 0.0875
0 0.9734375 0.31875 0.053125 0.078125
0 0.30625 0.275 0.0453125 0.0625
0 0.190625 0.271875 0.0359375 0.053125
0 0.2328125 0.28125 0.0515625 0.071875
0 0.67734375 0.31953125 0.04375 0.0484375
0 0.53125 0.31640625 0.046875 0.090625
0 0.06640625 0.29609375 0.065625 0.078125
0 0.18125 0.30625 0.059375 0.0640625
0 0.40546875 0.33125 0.0453125 0.0625
0 0.3546875 0.3296875 0.05625 0.078125
0 0.246875 0.32890625 0.046875 0.0859375
0 0.29140625 0.33203125 0.025 0.0328125
0 0.81953125 0.38046875 0.0453125 0.0578125
0 0.978125 0.39921875 0.04375 0.0953125
0 0.32890625 0.36484375 0.05 0.0578125
0 0.70703125 0.39140625 0.0515625 0.0765625
0 0.0921875 0.3625 0.05 0.0625
0 0.8390625 0.42890625 0.065625 0.0828125
0 0.675 0.4171875 0.05625 0.0828125
0 0.284375 0.3984375 0.0625 0.1
0 0.13515625 0.409375 0.0609375 0.0828125
0 0.48046875 0.44296875 0.05625 0.0828125
0 0.55234375 0.4828125 0.0625 0.1
0 0.0375 0.4515625 0.075 0.134375
0 0.87734375 0.51484375 0.0625 0.1
0 0.453125 0.50859375 0.0671875 0.0453125
0 0.24375 0.51640625 0.065625 0.0875
0 0.125 0.525 0.0515625 0.090625
0 0.6734375 0.57265625 0.078125 0.1203125
0 0.37421875 0.5703125 0.078125 0.1203125
0 0.8640625 0.634375 0.0765625 0.10625
0 0.18046875 0.5890625 0.0734375 0.125
0 0.41015625 0.19453125 0.034375 0.0390625
0 0.97734375 0.23359375 0.0453125 0.0578125
0 0.2828125 0.1953125 0.015625 0.0296875
0 0.74296875 0.2359375 0.03125 0.0484375
0 0.3640625 0.2140625 0.0265625 0.0375
0 0.10625 0.1984375 0.03125 0.0578125
0 0.3109375 0.2171875 0.0296875 0.034375
0 0.53984375 0.23359375 0.0359375 0.053125
0 0.6734375 0.2453125 0.034375 0.04375
0 0.2625 0.21640625 0.021875 0.0375
0 0.075 0.21015625 0.0203125 0.0203125
0 0.38125 0.234375 0.021875 0.0375