0 0.42788461538461536 0.16947115384615385 0.0889423076923077 0.14182692307692307
0 0.4963942307692308 0.17908653846153846 0.06490384615384616 0.11298076923076923
0 0.7872596153846154 0.2668269230769231 0.08653846153846154 0.16105769230769232
0 0.8665865384615384 0.28125 0.0889423076923077 0.14182692307692307
0 0.6658653846153846 0.2548076923076923 0.07211538461538461 0.13701923076923078
0 0.27163461538461536 0.20072115384615385 0.07692307692307693 0.13701923076923078
0 0.38341346153846156 0.24879807692307693 0.06490384615384616 0.11538461538461539
0 0.5745192307692307 0.2764423076923077 0.0985576923076923 0.18028846153846154
0 0.33774038461538464 0.25240384615384615 0.08173076923076923 0.13701923076923078
0 0.09615384615384616 0.22596153846153846 0.08173076923076923 0.16826923076923078
0 0.4423076923076923 0.31850961538461536 0.08413461538461539 0.14182692307692307
0 0.21754807692307693 0.296875 0.07211538461538461 0.13221153846153846
0 0.24759615384615385 0.46875 0.07932692307692307 0.14182692307692307
0 0.8629807692307693 0.12740384615384615 0.07211538461538461 0.12740384615384615
0 0.671875 0.10336538461538461 0.06490384615384616 0.10817307692307693
0 0.7524038461538461 0.11658653846153846 0.07451923076923077 0.1466346153846154
0 0.9194711538461539 0.18990384615384615 0.0673076923076923 0.125
0 0.5600961538461539 0.14423076923076922 0.0673076923076923 0.125
0 0.9651442307692307 0.21995192307692307 0.06971153846153846 0.13942307692307693
0 0.11057692307692307 0.1141826923076923 0.07211538461538461 0.12740384615384615
0 0.20552884615384615 0.13341346153846154 0.08173076923076923 0.12740384615384615