0 0.12734375 0.54921875 0.021875 0.0296875
0 0.0015625 0.54140625 0.003125 0.0203125
0 0.00859375 0.5484375 0.015625 0.015625
0 0.290625 0.5828125 0.0234375 0.04375
0 0.084375 0.5609375 0.028125 0.04375
0 0.11640625 0.5640625 0.015625 0.0203125
0 0.10234375 0.56484375 0.0125 0.0296875
0 0.18984375 0.57421875 0.015625 0.0203125
0 0.3203125 0.59765625 0.015625 0.0203125
0 0.3453125 0.6 0.015625 0.0203125
0 0.5546875 0.621875 0.0109375 0.015625
0 0.41640625 0.61015625 0.0171875 0.025
0 0.040625 0.5703125 0.04375 0.078125
0 0.2109375 0.58828125 0.0171875 0.0296875
0 0.26875 0.596875 0.0171875 0.0375
0 0.57265625 0.62890625 0.0171875 0.025
0 0.3625 0.60859375 0.0171875 0.0328125
0 0.60625 0.6390625 0.015625 0.0203125
0 0.37578125 0.6171875 0.0328125 0.053125
0 0.01171875 0.58359375 0.0234375 0.0484375
0 0.81328125 0.66796875 0.0203125 0.0203125
0 0.865625 0.67578125 0.021875 0.0296875
0 0.175 0.60546875 0.0328125 0.0484375
0 0.34453125 0.6234375 0.021875 0.0390625
0 0.4875 0.63828125 0.015625 0.0203125
0 0.4546875 0.6375 0.0171875 0.025
0 0.6578125 0.65859375 0.021875 0.0296875
0 0.46875 0.6390625 0.021875 0.034375
0 0.2296875 0.6140625 0.0390625 0.0765625
0 0.13984375 0.60703125 0.04375 0.0734375
0 0.3125 0.625 0.028125 0.04375
0 0.434375 0.63984375 0.0171875 0.0296875
0 0.7015625 0.66796875 0.0234375 0.04375
0 0.68046875 0.66796875 0.0328125 0.0484375
0 0.7671875 0.67734375 0.0265625 0.0390625
0 0.634375 0.665625 0.0328125 0.04375
0 0.95546875 0.7015625 0.0359375 0.04375
0 0.58046875 0.6625 0.0171875 0.025
0 0.08984375 0.6109375 0.0234375 0.0484375
0 0.85 0.69296875 0.0171875 0.0296875
0 0.71640625 0.67890625 0.0234375 0.04375
0 0.7390625 0.6828125 0.0375 0.0625
0 0.79453125 0.6890625 0.0328125 0.04375
0 0.325 0.63984375 0.021875 0.034375
0 0.5640625 0.66484375 0.0171875 0.025
0 0.5890625 0.6671875 0.0265625 0.0390625
0 0.88984375 0.70625 0.0546875 0.0828125
0 0.51484375 0.66640625 0.034375 0.0625
0 0.29296875 0.65 0.028125 0.0484375
0 0.5390625 0.67890625 0.034375 0.0578125
0 0.86171875 0.71484375 0.028125 0.0484375
0 0.4125 0.66953125 0.0453125 0.0828125
0 0.4640625 0.7109375 0.0625 0.075
0 0.80390625 0.78125 0.075 0.103125
0 0.11875 0.71640625 0.065625 0.1109375