0 0.015625 0.4699519230769231 0.004807692307692308 0.004807692307692308
0 0.13581730769230768 0.46153846153846156 0.004807692307692308 0.004807692307692308
0 0.15264423076923078 0.46033653846153844 0.004807692307692308 0.004807692307692308
0 0.140625 0.46153846153846156 0.004807692307692308 0.004807692307692308
0 0.15985576923076922 0.46274038461538464 0.004807692307692308 0.009615384615384616
0 0.15504807692307693 0.46274038461538464 0.004807692307692308 0.009615384615384616
0 0.16706730769230768 0.46153846153846156 0.004807692307692308 0.004807692307692308
0 0.2848557692307692 0.45072115384615385 0.004807692307692308 0.009615384615384616
0 0.08052884615384616 0.46875 0.004807692307692308 0.009615384615384616
0 0.24519230769230768 0.4543269230769231 0.004807692307692308 0.009615384615384616
0 0.25 0.4543269230769231 0.004807692307692308 0.009615384615384616
0 0.3425480769230769 0.44591346153846156 0.009615384615384616 0.009615384615384616
0 0.35216346153846156 0.44591346153846156 0.009615384615384616 0.009615384615384616
0 0.32211538461538464 0.45072115384615385 0.009615384615384616 0.009615384615384616
0 0.4362980769230769 0.43990384615384615 0.009615384615384616 0.009615384615384616
0 0.07091346153846154 0.4723557692307692 0.004807692307692308 0.004807692307692308
0 0.13221153846153846 0.4675480769230769 0.004807692307692308 0.009615384615384616
0 0.27524038461538464 0.4543269230769231 0.004807692307692308 0.009615384615384616
0 0.046875 0.47475961538461536 0.009615384615384616 0.009615384615384616
0 0.016826923076923076 0.47716346153846156 0.004807692307692308 0.004807692307692308
0 0.21033653846153846 0.46033653846153844 0.004807692307692308 0.009615384615384616
0 0.05889423076923077 0.4735576923076923 0.004807692307692308 0.004807692307692308
0 0.8149038461538461 0.4074519230769231 0.009615384615384616 0.009615384615384616
0 0.23076923076923078 0.4579326923076923 0.004807692307692308 0.009615384615384616
0 0.53125 0.4326923076923077 0.004807692307692308 0.009615384615384616
0 0.3173076923076923 0.453125 0.009615384615384616 0.009615384615384616
0 0.5661057692307693 0.43149038461538464 0.004807692307692308 0.009615384615384616
0 0.056490384615384616 0.47596153846153844 0.004807692307692308 0.004807692307692308
0 0.003605769230769231 0.4807692307692308 0.007211538461538462 0.009615384615384616
0 0.028846153846153848 0.47836538461538464 0.009615384615384616 0.009615384615384616
0 0.5192307692307693 0.43509615384615385 0.004807692307692308 0.009615384615384616
0 0.36778846153846156 0.4483173076923077 0.009615384615384616 0.009615384615384616
0 0.328125 0.4543269230769231 0.009615384615384616 0.009615384615384616
0 0.390625 0.4495192307692308 0.009615384615384616 0.009615384615384616
0 0.4951923076923077 0.43990384615384615 0.004807692307692308 0.009615384615384616
0 0.5276442307692307 0.4375 0.004807692307692308 0.009615384615384616
0 0.4074519230769231 0.4483173076923077 0.009615384615384616 0.009615384615384616
0 0.47716346153846156 0.4411057692307692 0.004807692307692308 0.009615384615384616
0 0.4230769230769231 0.44591346153846156 0.009615384615384616 0.009615384615384616
0 0.0733173076923077 0.47716346153846156 0.004807692307692308 0.009615384615384616
0 0.44471153846153844 0.44711538461538464 0.009615384615384616 0.009615384615384616
0 0.15865384615384615 0.4723557692307692 0.004807692307692308 0.004807692307692308
0 0.7391826923076923 0.4206730769230769 0.009615384615384616 0.009615384615384616
0 0.13701923076923078 0.4735576923076923 0.004807692307692308 0.009615384615384616
0 0.6766826923076923 0.4266826923076923 0.009615384615384616 0.009615384615384616
0 0.6262019230769231 0.43149038461538464 0.004807692307692308 0.009615384615384616
0 0.07692307692307693 0.48197115384615385 0.009615384615384616 0.004807692307692308
0 0.7944711538461539 0.4182692307692308 0.009615384615384616 0.009615384615384616
0 0.16826923076923078 0.4735576923076923 0.004807692307692308 0.004807692307692308
0 0.25600961538461536 0.46634615384615385 0.004807692307692308 0.009615384615384616
0 0.5853365384615384 0.4375 0.004807692307692308 0.009615384615384616
0 0.6658653846153846 0.43028846153846156 0.009615384615384616 0.009615384615384616
0 0.30408653846153844 0.46153846153846156 0.009615384615384616 0.004807692307692308
0 0.8317307692307693 0.41586538461538464 0.01201923076923077 0.014423076923076924
0 0.2644230769230769 0.4651442307692308 0.009615384615384616 0.009615384615384616
0 0.8185096153846154 0.41947115384615385 0.01201923076923077 0.014423076923076924
0 0.9038461538461539 0.4110576923076923 0.009615384615384616 0.009615384615384616
0 0.5805288461538461 0.43990384615384615 0.01201923076923077 0.014423076923076924
0 0.12620192307692307 0.4795673076923077 0.004807692307692308 0.009615384615384616
0 0.1658653846153846 0.47596153846153844 0.009615384615384616 0.009615384615384616
0 0.46274038461538464 0.45072115384615385 0.007211538461538462 0.014423076923076924
0 0.8245192307692307 0.4182692307692308 0.009615384615384616 0.009615384615384616
0 0.12139423076923077 0.4795673076923077 0.004807692307692308 0.009615384615384616
0 0.13341346153846154 0.47836538461538464 0.004807692307692308 0.009615384615384616
0 0.08413461538461539 0.4831730769230769 0.009615384615384616 0.009615384615384616
0 0.22355769230769232 0.47115384615384615 0.007211538461538462 0.014423076923076924
0 0.5925480769230769 0.4387019230769231 0.01201923076923077 0.014423076923076924
0 0.27884615384615385 0.46875 0.007211538461538462 0.014423076923076924
0 0.11538461538461539 0.4831730769230769 0.004807692307692308 0.004807692307692308
0 0.6225961538461539 0.4387019230769231 0.009615384615384616 0.009615384615384616
0 0.09495192307692307 0.484375 0.004807692307692308 0.004807692307692308
0 0.14903846153846154 0.4795673076923077 0.01201923076923077 0.014423076923076924
0 0.7728365384615384 0.42788461538461536 0.009615384615384616 0.009615384615384616
0 0.6850961538461539 0.43509615384615385 0.009615384615384616 0.009615384615384616
0 0.16466346153846154 0.4807692307692308 0.004807692307692308 0.009615384615384616
0 0.8966346153846154 0.4170673076923077 0.01201923076923077 0.014423076923076924
0 0.9110576923076923 0.41586538461538464 0.01201923076923077 0.014423076923076924
0 0.1045673076923077 0.4879807692307692 0.009615384615384616 0.009615384615384616
0 0.39663461538461536 0.46153846153846156 0.01201923076923077 0.014423076923076924
0 0.057692307692307696 0.4963942307692308 0.01201923076923077 0.014423076923076924
0 0.3870192307692308 0.4675480769230769 0.004807692307692308 0.009615384615384616
0 0.18990384615384615 0.48677884615384615 0.007211538461538462 0.014423076923076924
0 0.6838942307692307 0.44471153846153844 0.009615384615384616 0.009615384615384616
0 0.11057692307692307 0.49399038461538464 0.016826923076923076 0.016826923076923076
0 0.051682692307692304 0.5 0.009615384615384616 0.009615384615384616
0 0.09134615384615384 0.4987980769230769 0.009615384615384616 0.009615384615384616
0 0.021634615384615384 0.5048076923076923 0.009615384615384616 0.009615384615384616
0 0.003605769230769231 0.5048076923076923 0.007211538461538462 0.009615384615384616
0 0.16706730769230768 0.49158653846153844 0.009615384615384616 0.009615384615384616
0 0.07692307692307693 0.5024038461538461 0.01201923076923077 0.014423076923076924
0 0.39302884615384615 0.47716346153846156 0.004807692307692308 0.009615384615384616
0 0.026442307692307692 0.5108173076923077 0.01201923076923077 0.014423076923076924
0 0.12379807692307693 0.5048076923076923 0.009615384615384616 0.009615384615384616
0 0.1814903846153846 0.5 0.01201923076923077 0.014423076923076924
0 0.11177884615384616 0.5084134615384616 0.009615384615384616 0.009615384615384616
0 0.15384615384615385 0.5048076923076923 0.016826923076923076 0.016826923076923076
0 0.07932692307692307 0.5108173076923077 0.009615384615384616 0.009615384615384616
0 0.04807692307692308 0.5144230769230769 0.004807692307692308 0.009615384615384616
0 0.0985576923076923 0.5096153846153846 0.009615384615384616 0.009615384615384616
0 0.13581730769230768 0.5084134615384616 0.01201923076923077 0.014423076923076924
0 0.33413461538461536 0.49158653846153844 0.01201923076923077 0.014423076923076924
0 0.4855769230769231 0.47836538461538464 0.009615384615384616 0.009615384615384616
0 0.18870192307692307 0.5048076923076923 0.007211538461538462 0.014423076923076924
0 0.3269230769230769 0.49278846153846156 0.01201923076923077 0.014423076923076924
0 0.39903846153846156 0.4855769230769231 0.01201923076923077 0.014423076923076924
0 0.41346153846153844 0.484375 0.01201923076923077 0.014423076923076924
0 0.46033653846153844 0.4807692307692308 0.009615384615384616 0.009615384615384616
0 0.5120192307692307 0.47596153846153844 0.01201923076923077 0.014423076923076924
0 0.5276442307692307 0.47475961538461536 0.01201923076923077 0.014423076923076924
0 0.3557692307692308 0.49158653846153844 0.01201923076923077 0.014423076923076924
0 0.21875 0.5036057692307693 0.01201923076923077 0.014423076923076924
0 0.27884615384615385 0.4987980769230769 0.007211538461538462 0.014423076923076924
0 0.5949519230769231 0.47115384615384615 0.014423076923076924 0.01201923076923077
0 0.38822115384615385 0.4891826923076923 0.01201923076923077 0.014423076923076924
0 0.5456730769230769 0.47596153846153844 0.007211538461538462 0.014423076923076924
0 0.5853365384615384 0.4723557692307692 0.007211538461538462 0.014423076923076924
0 0.6454326923076923 0.46634615384615385 0.009615384615384616 0.009615384615384616
0 0.23677884615384615 0.5024038461538461 0.01201923076923077 0.014423076923076924
0 0.2644230769230769 0.5 0.01201923076923077 0.014423076923076924
0 0.30649038461538464 0.4963942307692308 0.01201923076923077 0.014423076923076924
0 0.49399038461538464 0.4795673076923077 0.01201923076923077 0.014423076923076924
0 0.5180288461538461 0.47836538461538464 0.01201923076923077 0.014423076923076924
0 0.5697115384615384 0.47596153846153844 0.01201923076923077 0.014423076923076924
0 0.20793269230769232 0.5072115384615384 0.01201923076923077 0.014423076923076924
0 0.2932692307692308 0.5 0.014423076923076924 0.01201923076923077
0 0.5564903846153846 0.47716346153846156 0.01201923076923077 0.014423076923076924
0 0.6153846153846154 0.4723557692307692 0.01201923076923077 0.014423076923076924
0 0.7451923076923077 0.46033653846153844 0.01201923076923077 0.014423076923076924
0 0.7175480769230769 0.4651442307692308 0.016826923076923076 0.016826923076923076
0 0.7632211538461539 0.46153846153846156 0.01201923076923077 0.014423076923076924
0 0.16466346153846154 0.5132211538461539 0.01201923076923077 0.014423076923076924
0 0.6370192307692307 0.4723557692307692 0.01201923076923077 0.014423076923076924
0 0.7824519230769231 0.45913461538461536 0.009615384615384616 0.009615384615384616
0 0.8701923076923077 0.4519230769230769 0.01201923076923077 0.014423076923076924
0 0.34615384615384615 0.49759615384615385 0.01201923076923077 0.014423076923076924
0 0.6899038461538461 0.46875 0.01201923076923077 0.014423076923076924
0 0.8028846153846154 0.45913461538461536 0.016826923076923076 0.016826923076923076
0 0.18509615384615385 0.5132211538461539 0.004807692307692308 0.009615384615384616
0 0.8497596153846154 0.45552884615384615 0.016826923076923076 0.016826923076923076
0 0.6670673076923077 0.47115384615384615 0.01201923076923077 0.014423076923076924
0 0.7079326923076923 0.4675480769230769 0.016826923076923076 0.016826923076923076
0 0.8221153846153846 0.4579326923076923 0.009615384615384616 0.009615384615384616
0 0.953125 0.45072115384615385 0.016826923076923076 0.016826923076923076
0 0.28966346153846156 0.5084134615384616 0.01201923076923077 0.014423076923076924
0 0.24278846153846154 0.515625 0.009615384615384616 0.009615384615384616
0 0.9254807692307693 0.45552884615384615 0.016826923076923076 0.016826923076923076
0 0.265625 0.5132211538461539 0.01201923076923077 0.014423076923076924
0 0.32211538461538464 0.5084134615384616 0.009615384615384616 0.009615384615384616
0 0.17427884615384615 0.5240384615384616 0.016826923076923076 0.016826923076923076
0 0.19110576923076922 0.5228365384615384 0.009615384615384616 0.009615384615384616
0 0.8257211538461539 0.46634615384615385 0.009615384615384616 0.009615384615384616
0 0.4098557692307692 0.5036057692307693 0.01201923076923077 0.014423076923076924
0 0.4651442307692308 0.4987980769230769 0.01201923076923077 0.014423076923076924
0 0.4795673076923077 0.4987980769230769 0.009615384615384616 0.009615384615384616
0 0.5396634615384616 0.49399038461538464 0.016826923076923076 0.016826923076923076
0 0.44711538461538464 0.5024038461538461 0.01201923076923077 0.014423076923076924
0 0.3894230769230769 0.5096153846153846 0.01201923076923077 0.014423076923076924
0 0.29927884615384615 0.5180288461538461 0.009615384615384616 0.009615384615384616
0 0.4254807692307692 0.5060096153846154 0.01201923076923077 0.014423076923076924
0 0.5204326923076923 0.4987980769230769 0.01201923076923077 0.014423076923076924
0 0.43509615384615385 0.5060096153846154 0.009615384615384616 0.009615384615384616
0 0.3425480769230769 0.5132211538461539 0.007211538461538462 0.014423076923076924
0 0.6370192307692307 0.49038461538461536 0.01201923076923077 0.014423076923076924
0 0.5673076923076923 0.4963942307692308 0.01201923076923077 0.014423076923076924
0 0.640625 0.49278846153846156 0.01201923076923077 0.014423076923076924
0 0.3762019230769231 0.5180288461538461 0.009615384615384616 0.009615384615384616
0 0.33653846153846156 0.5240384615384616 0.009615384615384616 0.004807692307692308
0 0.2956730769230769 0.5276442307692307 0.004807692307692308 0.009615384615384616
0 0.8052884615384616 0.4831730769230769 0.019230769230769232 0.019230769230769232
0 0.625 0.5012019230769231 0.01201923076923077 0.014423076923076924
0 0.6802884615384616 0.4963942307692308 0.016826923076923076 0.016826923076923076
0 0.3581730769230769 0.5240384615384616 0.01201923076923077 0.014423076923076924
0 0.9507211538461539 0.4723557692307692 0.01201923076923077 0.019230769230769232
0 0.9867788461538461 0.4699519230769231 0.016826923076923076 0.019230769230769232
0 0.7824519230769231 0.48677884615384615 0.016826923076923076 0.016826923076923076
0 0.42427884615384615 0.5192307692307693 0.009615384615384616 0.004807692307692308
0 0.6057692307692307 0.5060096153846154 0.016826923076923076 0.016826923076923076
0 0.8725961538461539 0.4831730769230769 0.016826923076923076 0.019230769230769232
0 0.44591346153846156 0.5204326923076923 0.007211538461538462 0.014423076923076924
0 0.4807692307692308 0.5168269230769231 0.01201923076923077 0.014423076923076924
0 0.4891826923076923 0.5192307692307693 0.004807692307692308 0.009615384615384616
0 0.5060096153846154 0.5180288461538461 0.01201923076923077 0.014423076923076924
0 0.7355769230769231 0.49759615384615385 0.01201923076923077 0.014423076923076924
0 0.7704326923076923 0.49399038461538464 0.016826923076923076 0.016826923076923076
0 0.6141826923076923 0.5108173076923077 0.01201923076923077 0.014423076923076924
0 0.5889423076923077 0.5132211538461539 0.01201923076923077 0.014423076923076924
0 0.42427884615384615 0.5276442307692307 0.01201923076923077 0.014423076923076924
0 0.5817307692307693 0.5132211538461539 0.007211538461538462 0.014423076923076924
0 0.7560096153846154 0.5024038461538461 0.016826923076923076 0.019230769230769232
0 0.8088942307692307 0.4987980769230769 0.016826923076923076 0.016826923076923076
0 0.7235576923076923 0.5060096153846154 0.016826923076923076 0.016826923076923076
0 0.890625 0.49399038461538464 0.016826923076923076 0.019230769230769232
0 0.4423076923076923 0.5324519230769231 0.01201923076923077 0.014423076923076924
0 0.4098557692307692 0.5384615384615384 0.016826923076923076 0.019230769230769232
0 0.7836538461538461 0.5072115384615384 0.016826923076923076 0.016826923076923076
0 0.9591346153846154 0.49278846153846156 0.016826923076923076 0.016826923076923076
0 0.5492788461538461 0.5300480769230769 0.01201923076923077 0.014423076923076924
0 0.8269230769230769 0.5084134615384616 0.016826923076923076 0.019230769230769232
0 0.5540865384615384 0.5324519230769231 0.016826923076923076 0.016826923076923076
0 0.9266826923076923 0.5 0.016826923076923076 0.016826923076923076
0 0.45552884615384615 0.5408653846153846 0.01201923076923077 0.014423076923076924
0 0.5240384615384616 0.5372596153846154 0.01201923076923077 0.014423076923076924
0 0.5709134615384616 0.5360576923076923 0.01201923076923077 0.014423076923076924
0 0.6538461538461539 0.5288461538461539 0.009615384615384616 0.009615384615384616
0 0.5288461538461539 0.5396634615384616 0.016826923076923076 0.016826923076923076
0 0.6262019230769231 0.5336538461538461 0.01201923076923077 0.014423076923076924
0 0.6983173076923077 0.5276442307692307 0.01201923076923077 0.014423076923076924
0 0.5913461538461539 0.5360576923076923 0.016826923076923076 0.019230769230769232
0 0.2920673076923077 0.5649038461538461 0.01201923076923077 0.014423076923076924
0 0.7307692307692307 0.5264423076923077 0.016826923076923076 0.019230769230769232
0 0.2704326923076923 0.5673076923076923 0.01201923076923077 0.014423076923076924
0 0.6382211538461539 0.5360576923076923 0.016826923076923076 0.016826923076923076
0 0.3293269230769231 0.5661057692307693 0.016826923076923076 0.016826923076923076
0 0.37740384615384615 0.5612980769230769 0.01201923076923077 0.014423076923076924
0 0.3918269230769231 0.5625 0.01201923076923077 0.014423076923076924
0 0.34975961538461536 0.5661057692307693 0.01201923076923077 0.014423076923076924
0 0.3161057692307692 0.5721153846153846 0.01201923076923077 0.014423076923076924
0 0.3004807692307692 0.5733173076923077 0.016826923076923076 0.019230769230769232
0 0.421875 0.5625 0.016826923076923076 0.019230769230769232
0 0.7091346153846154 0.5372596153846154 0.016826923076923076 0.019230769230769232
0 0.8341346153846154 0.5264423076923077 0.016826923076923076 0.019230769230769232
0 0.6790865384615384 0.5396634615384616 0.016826923076923076 0.016826923076923076
0 0.4519230769230769 0.5625 0.01201923076923077 0.014423076923076924
0 0.7560096153846154 0.5360576923076923 0.016826923076923076 0.019230769230769232
0 0.7860576923076923 0.5348557692307693 0.016826923076923076 0.019230769230769232
0 0.4735576923076923 0.5649038461538461 0.016826923076923076 0.016826923076923076
0 0.5012019230769231 0.5625 0.016826923076923076 0.016826923076923076
0 0.27884615384615385 0.5841346153846154 0.016826923076923076 0.019230769230769232
0 0.037259615384615384 0.6081730769230769 0.016826923076923076 0.016826923076923076
0 0.5264423076923077 0.5649038461538461 0.01201923076923077 0.014423076923076924
0 0.8653846153846154 0.5360576923076923 0.019230769230769232 0.019230769230769232
0 0.10697115384615384 0.6021634615384616 0.01201923076923077 0.014423076923076924
0 0.08052884615384616 0.609375 0.016826923076923076 0.019230769230769232
0 0.19471153846153846 0.5985576923076923 0.016826923076923076 0.016826923076923076
0 0.15384615384615385 0.6045673076923077 0.01201923076923077 0.014423076923076924
0 0.16105769230769232 0.6045673076923077 0.01201923076923077 0.014423076923076924
0 0.5588942307692307 0.5721153846153846 0.01201923076923077 0.014423076923076924
0 0.11778846153846154 0.6105769230769231 0.01201923076923077 0.014423076923076924
0 0.0985576923076923 0.6117788461538461 0.016826923076923076 0.019230769230769232
0 0.22956730769230768 0.6009615384615384 0.016826923076923076 0.019230769230769232
0 0.2548076923076923 0.5997596153846154 0.01201923076923077 0.014423076923076924
0 0.5805288461538461 0.5709134615384616 0.016826923076923076 0.019230769230769232
0 0.03125 0.6213942307692307 0.01201923076923077 0.014423076923076924
0 0.32211538461538464 0.5961538461538461 0.016826923076923076 0.016826923076923076
0 0.36658653846153844 0.5949519230769231 0.016826923076923076 0.019230769230769232
0 0.7512019230769231 0.5637019230769231 0.016826923076923076 0.02403846153846154
0 0.3389423076923077 0.6021634615384616 0.016826923076923076 0.016826923076923076
0 0.4110576923076923 0.5961538461538461 0.016826923076923076 0.016826923076923076
0 0.8100961538461539 0.5637019230769231 0.019230769230769232 0.019230769230769232
0 0.8401442307692307 0.5637019230769231 0.019230769230769232 0.019230769230769232
0 0.7800480769230769 0.5685096153846154 0.016826923076923076 0.019230769230769232
0 0.5228365384615384 0.5913461538461539 0.016826923076923076 0.019230769230769232
0 0.0673076923076923 0.6334134615384616 0.01201923076923077 0.014423076923076924
0 0.4338942307692308 0.6033653846153846 0.016826923076923076 0.019230769230769232
0 0.47836538461538464 0.5997596153846154 0.016826923076923076 0.016826923076923076
0 0.9026442307692307 0.5625 0.016826923076923076 0.02403846153846154
0 0.46033653846153844 0.6009615384615384 0.016826923076923076 0.019230769230769232
0 0.5456730769230769 0.5961538461538461 0.016826923076923076 0.019230769230769232
0 0.9399038461538461 0.5685096153846154 0.019230769230769232 0.02403846153846154
0 0.9699519230769231 0.5661057692307693 0.019230769230769232 0.019230769230769232
0 0.59375 0.5985576923076923 0.01201923076923077 0.014423076923076924
0 0.24278846153846154 0.6298076923076923 0.016826923076923076 0.019230769230769232
0 0.12860576923076922 0.6418269230769231 0.016826923076923076 0.016826923076923076
0 0.6141826923076923 0.5997596153846154 0.016826923076923076 0.019230769230769232
0 0.10336538461538461 0.6442307692307693 0.016826923076923076 0.019230769230769232
0 0.3701923076923077 0.625 0.016826923076923076 0.016826923076923076
0 0.28846153846153844 0.6370192307692307 0.016826923076923076 0.016826923076923076
0 0.4206730769230769 0.625 0.016826923076923076 0.016826923076923076
0 0.34375 0.6322115384615384 0.016826923076923076 0.019230769230769232
0 0.7019230769230769 0.6057692307692307 0.016826923076923076 0.019230769230769232
0 0.7307692307692307 0.6081730769230769 0.019230769230769232 0.019230769230769232
0 0.44350961538461536 0.6322115384615384 0.016826923076923076 0.019230769230769232
0 0.16947115384615385 0.6586538461538461 0.016826923076923076 0.019230769230769232
0 0.0733173076923077 0.6670673076923077 0.016826923076923076 0.019230769230769232
0 0.038461538461538464 0.6730769230769231 0.016826923076923076 0.019230769230769232
0 0.8858173076923077 0.6009615384615384 0.016826923076923076 0.019230769230769232
0 0.13341346153846154 0.6670673076923077 0.016826923076923076 0.019230769230769232
0 0.019230769230769232 0.6790865384615384 0.01201923076923077 0.02403846153846154
0 0.5793269230769231 0.6310096153846154 0.016826923076923076 0.02403846153846154
0 0.5564903846153846 0.6346153846153846 0.016826923076923076 0.019230769230769232
0 0.9735576923076923 0.5997596153846154 0.019230769230769232 0.02403846153846154
0 0.609375 0.6310096153846154 0.019230769230769232 0.02403846153846154
0 0.2127403846153846 0.6658653846153846 0.016826923076923076 0.019230769230769232
0 0.6298076923076923 0.6298076923076923 0.016826923076923076 0.02403846153846154
0 0.2403846153846154 0.6658653846153846 0.016826923076923076 0.019230769230769232
0 0.3004807692307692 0.6658653846153846 0.016826923076923076 0.016826923076923076
0 0.2764423076923077 0.6706730769230769 0.016826923076923076 0.019230769230769232
0 0.47475961538461536 0.6622596153846154 0.016826923076923076 0.019230769230769232
0 0.051682692307692304 0.7067307692307693 0.01201923076923077 0.014423076923076924
0 0.8701923076923077 0.6358173076923077 0.016826923076923076 0.02403846153846154
0 0.8377403846153846 0.6382211538461539 0.016826923076923076 0.019230769230769232
0 0.06370192307692307 0.7055288461538461 0.016826923076923076 0.019230769230769232
0 0.09975961538461539 0.7055288461538461 0.01201923076923077 0.019230769230769232
0 0.21514423076923078 0.6947115384615384 0.016826923076923076 0.016826923076923076
0 0.12139423076923077 0.703125 0.016826923076923076 0.019230769230769232
0 0.13581730769230768 0.7019230769230769 0.016826923076923076 0.019230769230769232
0 0.18629807692307693 0.6995192307692307 0.016826923076923076 0.019230769230769232
0 0.5012019230769231 0.6730769230769231 0.016826923076923076 0.019230769230769232
0 0.8149038461538461 0.6466346153846154 0.019230769230769232 0.02403846153846154
0 0.2548076923076923 0.6971153846153846 0.016826923076923076 0.019230769230769232
0 0.28365384615384615 0.6947115384615384 0.016826923076923076 0.019230769230769232
0 0.5709134615384616 0.6694711538461539 0.016826923076923076 0.02403846153846154
0 0.9891826923076923 0.6430288461538461 0.019230769230769232 0.02403846153846154
0 0.6105769230769231 0.6766826923076923 0.016826923076923076 0.019230769230769232
0 0.6430288461538461 0.6778846153846154 0.016826923076923076 0.02403846153846154
0 0.3401442307692308 0.7067307692307693 0.019230769230769232 0.019230769230769232
0 0.36899038461538464 0.7043269230769231 0.019230769230769232 0.019230769230769232
0 0.38822115384615385 0.7055288461538461 0.016826923076923076 0.019230769230769232
0 0.6622596153846154 0.6814903846153846 0.016826923076923076 0.02403846153846154
0 0.7524038461538461 0.6754807692307693 0.019230769230769232 0.019230769230769232
0 0.7139423076923077 0.6814903846153846 0.016826923076923076 0.02403846153846154
0 0.40625 0.7199519230769231 0.016826923076923076 0.019230769230769232
0 0.15745192307692307 0.7487980769230769 0.01201923076923077 0.014423076923076924
0 0.18028846153846154 0.7487980769230769 0.016826923076923076 0.019230769230769232
0 0.2800480769230769 0.7403846153846154 0.016826923076923076 0.019230769230769232
0 0.30528846153846156 0.7427884615384616 0.016826923076923076 0.019230769230769232
0 0.31490384615384615 0.7487980769230769 0.019230769230769232 0.019230769230769232
0 0.030048076923076924 0.7776442307692307 0.016826923076923076 0.019230769230769232
0 0.05048076923076923 0.7800480769230769 0.019230769230769232 0.019230769230769232
0 0.4495192307692308 0.75 0.019230769230769232 0.019230769230769232
0 0.11778846153846154 0.7800480769230769 0.016826923076923076 0.019230769230769232
0 0.47716346153846156 0.7475961538461539 0.016826923076923076 0.019230769230769232
0 0.8798076923076923 0.7199519230769231 0.016826923076923076 0.019230769230769232
0 0.7920673076923077 0.7307692307692307 0.016826923076923076 0.02403846153846154
0 0.5072115384615384 0.7572115384615384 0.016826923076923076 0.02403846153846154
0 0.234375 0.7884615384615384 0.016826923076923076 0.019230769230769232
0 0.8269230769230769 0.7367788461538461 0.019230769230769232 0.019230769230769232
0 0.5733173076923077 0.7596153846153846 0.019230769230769232 0.019230769230769232
0 0.9134615384615384 0.7379807692307693 0.016826923076923076 0.02403846153846154
0 0.2548076923076923 0.7980769230769231 0.016826923076923076 0.019230769230769232
0 0.65625 0.765625 0.019230769230769232 0.02403846153846154
0 0.9831730769230769 0.7367788461538461 0.019230769230769232 0.02403846153846154
0 0.6862980769230769 0.7668269230769231 0.016826923076923076 0.02403846153846154
0 0.18990384615384615 0.8257211538461539 0.016826923076923076 0.019230769230769232
0 0.15985576923076922 0.8293269230769231 0.019230769230769232 0.019230769230769232
0 0.7055288461538461 0.78125 0.019230769230769232 0.02403846153846154
0 0.125 0.8389423076923077 0.019230769230769232 0.02403846153846154
0 0.796875 0.7872596153846154 0.019230769230769232 0.028846153846153848
0 0.20192307692307693 0.8425480769230769 0.019230769230769232 0.019230769230769232
0 0.6177884615384616 0.8052884615384616 0.019230769230769232 0.02403846153846154
0 0.8341346153846154 0.7896634615384616 0.019230769230769232 0.02403846153846154
0 0.8689903846153846 0.7932692307692307 0.019230769230769232 0.028846153846153848
0 0.3088942307692308 0.8449519230769231 0.016826923076923076 0.02403846153846154
0 0.2800480769230769 0.8509615384615384 0.019230769230769232 0.02403846153846154
0 0.4182692307692308 0.8389423076923077 0.019230769230769232 0.02403846153846154
0 0.390625 0.8461538461538461 0.016826923076923076 0.02403846153846154
0 0.6983173076923077 0.8197115384615384 0.016826923076923076 0.02403846153846154
0 0.7451923076923077 0.8269230769230769 0.02403846153846154 0.02403846153846154
0 0.44591346153846156 0.8581730769230769 0.019230769230769232 0.02403846153846154
0 0.5552884615384616 0.8689903846153846 0.019230769230769232 0.02403846153846154
0 0.6069711538461539 0.8713942307692307 0.019230769230769232 0.028846153846153848
0 0.3870192307692308 0.9002403846153846 0.019230769230769232 0.02403846153846154
0 0.5324519230769231 0.8942307692307693 0.016826923076923076 0.019230769230769232
0 0.6802884615384616 0.8858173076923077 0.019230769230769232 0.016826923076923076