0 0.6057692307692307 0.20432692307692307 0.026442307692307692 0.057692307692307696
0 0.8040865384615384 0.25721153846153844 0.05048076923076923 0.08413461538461539
0 0.7307692307692307 0.2439903846153846 0.040865384615384616 0.07932692307692307
0 0.6213942307692307 0.22956730769230768 0.0673076923076923 0.11057692307692307
0 0.7584134615384616 0.25600961538461536 0.05048076923076923 0.11057692307692307
0 0.5348557692307693 0.22115384615384615 0.04807692307692308 0.09134615384615384
0 0.7091346153846154 0.25961538461538464 0.03365384615384615 0.07211538461538461
0 0.40865384615384615 0.20673076923076922 0.04567307692307692 0.08653846153846154
0 0.5925480769230769 0.24158653846153846 0.03365384615384615 0.0625
0 0.4567307692307692 0.22596153846153846 0.04326923076923077 0.09615384615384616
0 0.47716346153846156 0.2548076923076923 0.036057692307692304 0.055288461538461536
0 0.9459134615384616 0.3449519230769231 0.07451923076923077 0.12259615384615384
0 0.2824519230769231 0.23557692307692307 0.036057692307692304 0.055288461538461536
0 0.3293269230769231 0.25841346153846156 0.040865384615384616 0.06009615384615385
0 0.2692307692307692 0.2764423076923077 0.026442307692307692 0.052884615384615384
0 0.45913461538461536 0.3173076923076923 0.055288461538461536 0.0889423076923077
0 0.23798076923076922 0.27884615384615385 0.04326923076923077 0.07451923076923077
0 0.38100961538461536 0.3112980769230769 0.040865384615384616 0.08653846153846154
0 0.6213942307692307 0.359375 0.0625 0.09375
0 0.9350961538461539 0.10697115384615384 0.057692307692307696 0.07692307692307693
0 0.3317307692307692 0.33413461538461536 0.040865384615384616 0.06009615384615385
0 0.2439903846153846 0.3233173076923077 0.04567307692307692 0.07932692307692307
0 0.34975961538461536 0.35336538461538464 0.04567307692307692 0.08653846153846154
0 0.8413461538461539 0.4483173076923077 0.09615384615384616 0.17307692307692307
0 0.15264423076923078 0.35216346153846156 0.04567307692307692 0.08173076923076923
0 0.2848557692307692 0.3858173076923077 0.04326923076923077 0.06490384615384616
0 0.19471153846153846 0.375 0.04807692307692308 0.06971153846153846
0 0.4110576923076923 0.42788461538461536 0.06971153846153846 0.11778846153846154
0 0.1658653846153846 0.3918269230769231 0.03365384615384615 0.0625
0 0.625 0.49399038461538464 0.0889423076923077 0.15144230769230768
0 0.22716346153846154 0.42427884615384615 0.055288461538461536 0.0889423076923077
0 0.06370192307692307 0.4254807692307692 0.05048076923076923 0.07932692307692307
0 0.4495192307692308 0.5096153846153846 0.0625 0.10336538461538461
0 0.3004807692307692 0.49278846153846156 0.07451923076923077 0.11778846153846154
0 0.09134615384615384 0.45552884615384615 0.038461538461538464 0.07451923076923077
0 0.18629807692307693 0.47716346153846156 0.052884615384615384 0.09375
0 0.040865384615384616 0.4519230769230769 0.04567307692307692 0.07932692307692307
0 0.5396634615384616 0.546875 0.0625 0.1201923076923077
0 0.22716346153846154 0.5012019230769231 0.057692307692307696 0.0985576923076923
0 0.040865384615384616 0.5408653846153846 0.055288461538461536 0.0889423076923077
0 0.8653846153846154 0.14543269230769232 0.04567307692307692 0.08173076923076923
0 0.9807692307692307 0.19951923076923078 0.038461538461538464 0.11057692307692307
0 0.8413461538461539 0.17427884615384615 0.052884615384615384 0.0985576923076923
0 0.7596153846153846 0.15985576923076922 0.036057692307692304 0.06009615384615385
0 0.8004807692307693 0.17668269230769232 0.02403846153846154 0.04567307692307692
0 0.9026442307692307 0.20552884615384615 0.06009615384615385 0.11298076923076923
0 0.6754807692307693 0.18269230769230768 0.03125 0.05048076923076923