0 0.20793269230769232 0.19230769230769232 0.03365384615384615 0.055288461538461536
0 0.14182692307692307 0.20432692307692307 0.04326923076923077 0.06971153846153846
0 0.5192307692307693 0.22235576923076922 0.04807692307692308 0.07451923076923077
0 0.33774038461538464 0.24519230769230768 0.03365384615384615 0.05048076923076923
0 0.27524038461538464 0.2439903846153846 0.038461538461538464 0.055288461538461536
0 0.09254807692307693 0.24519230769230768 0.052884615384615384 0.09375
0 0.7427884615384616 0.25841346153846156 0.02403846153846154 0.03365384615384615
0 0.38461538461538464 0.25721153846153844 0.04326923076923077 0.07932692307692307
0 0.4735576923076923 0.25961538461538464 0.03365384615384615 0.06971153846153846
0 0.32091346153846156 0.2668269230769231 0.028846153846153848 0.04807692307692308
0 0.6983173076923077 0.27403846153846156 0.038461538461538464 0.06971153846153846
0 0.7680288461538461 0.2776442307692308 0.052884615384615384 0.0889423076923077
0 0.9314903846153846 0.2824519230769231 0.07692307692307693 0.0985576923076923
0 0.5456730769230769 0.27884615384615385 0.052884615384615384 0.07932692307692307
0 0.6081730769230769 0.29447115384615385 0.07932692307692307 0.13221153846153846
0 0.84375 0.3088942307692308 0.02403846153846154 0.028846153846153848
0 0.35096153846153844 0.30528846153846156 0.04807692307692308 0.07932692307692307
0 0.2439903846153846 0.31009615384615385 0.04807692307692308 0.10336538461538461
0 0.8064903846153846 0.3245192307692308 0.04326923076923077 0.0889423076923077
0 0.4254807692307692 0.31850961538461536 0.0673076923076923 0.12980769230769232
0 0.6670673076923077 0.3293269230769231 0.03365384615384615 0.055288461538461536
0 0.15985576923076922 0.3269230769230769 0.07692307692307693 0.12259615384615384
0 0.5120192307692307 0.33533653846153844 0.07692307692307693 0.11778846153846154
0 0.29447115384615385 0.3317307692307692 0.0673076923076923 0.10817307692307693
0 0.7175480769230769 0.3581730769230769 0.0673076923076923 0.11538461538461539
0 0.9675480769230769 0.3641826923076923 0.06490384615384616 0.10817307692307693
0 0.36778846153846156 0.3545673076923077 0.052884615384615384 0.07451923076923077
0 0.052884615384615384 0.36177884615384615 0.07211538461538461 0.1201923076923077
0 0.20192307692307693 0.37740384615384615 0.04807692307692308 0.09375
0 0.8629807692307693 0.39663461538461536 0.08653846153846154 0.14903846153846154
0 0.9483173076923077 0.4206730769230769 0.07692307692307693 0.12259615384615384