0 0.515625 0.20234375 0.08125 0.1328125
0 0.21953125 0.1546875 0.0375 0.0640625
0 0.2390625 0.19296875 0.0359375 0.05
0 0.2734375 0.2109375 0.0390625 0.0515625
0 0.7203125 0.28984375 0.059375 0.090625
0 0.11796875 0.1859375 0.0890625 0.13125
0 0.6515625 0.2796875 0.071875 0.109375
0 0.396875 0.24453125 0.0359375 0.05
0 0.74296875 0.31015625 0.0375 0.0640625
0 0.98359375 0.36640625 0.0328125 0.0765625
0 0.53359375 0.284375 0.0515625 0.0671875
0 0.31640625 0.2484375 0.0734375 0.1140625
0 0.89921875 0.35390625 0.028125 0.03125
0 0.72578125 0.328125 0.021875 0.0265625
0 0.36015625 0.265625 0.0359375 0.0546875
0 0.590625 0.30625 0.0296875 0.0453125
0 0.76328125 0.3390625 0.028125 0.03125
0 0.91484375 0.3734375 0.0171875 0.025
0 0.9328125 0.38828125 0.021875 0.0265625
0 0.821875 0.40625 0.0890625 0.1265625