0 0.48197115384615385 0.17548076923076922 0.009615384615384616 0.014423076923076924
0 0.6237980769230769 0.17548076923076922 0.009615384615384616 0.019230769230769232
0 0.29086538461538464 0.1814903846153846 0.014423076923076924 0.019230769230769232
0 0.5096153846153846 0.18028846153846154 0.009615384615384616 0.019230769230769232
0 0.6033653846153846 0.1778846153846154 0.014423076923076924 0.019230769230769232
0 0.4170673076923077 0.18389423076923078 0.014423076923076924 0.019230769230769232
0 0.5264423076923077 0.18269230769230768 0.014423076923076924 0.019230769230769232
0 0.30408653846153844 0.18629807692307693 0.014423076923076924 0.014423076923076924
0 0.59375 0.18389423076923078 0.009615384615384616 0.014423076923076924
0 0.3641826923076923 0.1875 0.009615384615384616 0.014423076923076924
0 0.27163461538461536 0.18870192307692307 0.009615384615384616 0.014423076923076924
0 0.3737980769230769 0.18990384615384615 0.014423076923076924 0.014423076923076924
0 0.25841346153846156 0.19110576923076922 0.009615384615384616 0.014423076923076924
0 0.5841346153846154 0.18870192307692307 0.014423076923076924 0.019230769230769232
0 0.31009615384615385 0.1935096153846154 0.009615384615384616 0.014423076923076924
0 0.2932692307692308 0.19591346153846154 0.009615384615384616 0.014423076923076924
0 0.6322115384615384 0.19230769230769232 0.014423076923076924 0.014423076923076924
0 0.5504807692307693 0.1935096153846154 0.014423076923076924 0.019230769230769232
0 0.37740384615384615 0.1971153846153846 0.009615384615384616 0.014423076923076924
0 0.3557692307692308 0.1971153846153846 0.009615384615384616 0.014423076923076924
0 0.3858173076923077 0.19951923076923078 0.014423076923076924 0.014423076923076924
0 0.2848557692307692 0.20072115384615385 0.014423076923076924 0.019230769230769232
0 0.4879807692307692 0.1971153846153846 0.004807692307692308 0.014423076923076924
0 0.6201923076923077 0.1971153846153846 0.009615384615384616 0.019230769230769232
0 0.47716346153846156 0.19951923076923078 0.014423076923076924 0.019230769230769232
0 0.515625 0.19951923076923078 0.009615384615384616 0.014423076923076924
0 0.4483173076923077 0.20072115384615385 0.014423076923076924 0.014423076923076924
0 0.34975961538461536 0.20192307692307693 0.009615384615384616 0.014423076923076924
0 0.31971153846153844 0.203125 0.014423076923076924 0.014423076923076924
0 0.40024038461538464 0.203125 0.009615384615384616 0.009615384615384616
0 0.36538461538461536 0.20552884615384615 0.009615384615384616 0.014423076923076924
0 0.23557692307692307 0.20793269230769232 0.014423076923076924 0.014423076923076924
0 0.6105769230769231 0.20072115384615385 0.014423076923076924 0.019230769230769232
0 0.41466346153846156 0.20432692307692307 0.014423076923076924 0.014423076923076924
0 0.25721153846153844 0.21153846153846154 0.014423076923076924 0.014423076923076924
0 0.5600961538461539 0.20673076923076922 0.009615384615384616 0.019230769230769232
0 0.2824519230769231 0.21394230769230768 0.009615384615384616 0.014423076923076924
0 0.2704326923076923 0.21394230769230768 0.009615384615384616 0.014423076923076924
0 0.38822115384615385 0.2127403846153846 0.009615384615384616 0.014423076923076924
0 0.6430288461538461 0.20793269230769232 0.014423076923076924 0.014423076923076924
0 0.625 0.20793269230769232 0.009615384615384616 0.014423076923076924
0 0.5072115384615384 0.2127403846153846 0.009615384615384616 0.019230769230769232
0 0.4855769230769231 0.2127403846153846 0.014423076923076924 0.019230769230769232
0 0.3449519230769231 0.21514423076923078 0.014423076923076924 0.014423076923076924
0 0.2920673076923077 0.21634615384615385 0.014423076923076924 0.019230769230769232
0 0.5276442307692307 0.21514423076923078 0.004807692307692308 0.014423076923076924
0 0.45552884615384615 0.21634615384615385 0.014423076923076924 0.019230769230769232
0 0.4098557692307692 0.21634615384615385 0.014423076923076924 0.014423076923076924
0 0.40024038461538464 0.21634615384615385 0.004807692307692308 0.014423076923076924
0 0.3798076923076923 0.21754807692307693 0.009615384615384616 0.014423076923076924
0 0.5228365384615384 0.21514423076923078 0.014423076923076924 0.019230769230769232
0 0.6574519230769231 0.21514423076923078 0.014423076923076924 0.014423076923076924
0 0.5649038461538461 0.21875 0.009615384615384616 0.019230769230769232
0 0.4795673076923077 0.21995192307692307 0.014423076923076924 0.019230769230769232
0 0.5456730769230769 0.21875 0.014423076923076924 0.02403846153846154
0 0.6670673076923077 0.21995192307692307 0.014423076923076924 0.014423076923076924
0 0.4326923076923077 0.22355769230769232 0.014423076923076924 0.019230769230769232
0 0.23317307692307693 0.22716346153846154 0.014423076923076924 0.014423076923076924
0 0.25 0.22716346153846154 0.009615384615384616 0.014423076923076924
0 0.22235576923076922 0.22716346153846154 0.009615384615384616 0.014423076923076924
0 0.2776442307692308 0.2283653846153846 0.014423076923076924 0.014423076923076924
0 0.32572115384615385 0.22716346153846154 0.009615384615384616 0.014423076923076924
0 0.5372596153846154 0.22596153846153846 0.009615384615384616 0.019230769230769232
0 0.34975961538461536 0.22956730769230768 0.009615384615384616 0.014423076923076924
0 0.3629807692307692 0.22956730769230768 0.014423076923076924 0.019230769230769232
0 0.4423076923076923 0.2283653846153846 0.014423076923076924 0.019230769230769232
0 0.3858173076923077 0.22956730769230768 0.014423076923076924 0.019230769230769232
0 0.3401442307692308 0.22956730769230768 0.014423076923076924 0.014423076923076924
0 0.31490384615384615 0.23076923076923078 0.014423076923076924 0.019230769230769232
0 0.6826923076923077 0.22596153846153846 0.014423076923076924 0.014423076923076924
0 0.5072115384615384 0.23197115384615385 0.014423076923076924 0.014423076923076924
0 0.5180288461538461 0.23197115384615385 0.009615384615384616 0.014423076923076924
0 0.4675480769230769 0.23197115384615385 0.014423076923076924 0.009615384615384616
0 0.4855769230769231 0.234375 0.014423076923076924 0.014423076923076924
0 0.4170673076923077 0.23557692307692307 0.009615384615384616 0.014423076923076924
0 0.30528846153846156 0.23798076923076922 0.014423076923076924 0.019230769230769232
0 0.6298076923076923 0.23197115384615385 0.014423076923076924 0.019230769230769232
0 0.28725961538461536 0.23798076923076922 0.014423076923076924 0.019230769230769232
0 0.2608173076923077 0.23798076923076922 0.014423076923076924 0.014423076923076924
0 0.23076923076923078 0.2403846153846154 0.014423076923076924 0.019230769230769232
0 0.5757211538461539 0.234375 0.014423076923076924 0.019230769230769232
0 0.6129807692307693 0.23317307692307693 0.019230769230769232 0.02403846153846154
0 0.6947115384615384 0.234375 0.014423076923076924 0.019230769230769232
0 0.24278846153846154 0.24278846153846154 0.009615384615384616 0.014423076923076924
0 0.6382211538461539 0.23557692307692307 0.014423076923076924 0.019230769230769232
0 0.6526442307692307 0.23798076923076922 0.014423076923076924 0.014423076923076924
0 0.6706730769230769 0.23677884615384615 0.014423076923076924 0.019230769230769232
0 0.5625 0.24158653846153846 0.014423076923076924 0.019230769230769232
0 0.3701923076923077 0.24519230769230768 0.014423076923076924 0.019230769230769232
0 0.32572115384615385 0.24519230769230768 0.014423076923076924 0.019230769230769232
0 0.5480769230769231 0.2439903846153846 0.014423076923076924 0.019230769230769232
0 0.3425480769230769 0.24759615384615385 0.014423076923076924 0.019230769230769232
0 0.2704326923076923 0.24879807692307693 0.014423076923076924 0.019230769230769232
0 0.21995192307692307 0.25 0.014423076923076924 0.019230769230769232
0 0.46274038461538464 0.24639423076923078 0.014423076923076924 0.019230769230769232
0 0.5997596153846154 0.24639423076923078 0.014423076923076924 0.019230769230769232
0 0.5108173076923077 0.24759615384615385 0.019230769230769232 0.02403846153846154
0 0.4831730769230769 0.24759615384615385 0.014423076923076924 0.014423076923076924
0 0.25240384615384615 0.2548076923076923 0.019230769230769232 0.019230769230769232
0 0.3605769230769231 0.2548076923076923 0.014423076923076924 0.014423076923076924
0 0.40024038461538464 0.25841346153846156 0.014423076923076924 0.019230769230769232
0 0.5733173076923077 0.25600961538461536 0.009615384615384616 0.014423076923076924
0 0.7247596153846154 0.25600961538461536 0.019230769230769232 0.02403846153846154
0 0.4519230769230769 0.2608173076923077 0.014423076923076924 0.02403846153846154
0 0.5516826923076923 0.25841346153846156 0.014423076923076924 0.02403846153846154
0 0.35697115384615385 0.2668269230769231 0.014423076923076924 0.019230769230769232
0 0.2668269230769231 0.26802884615384615 0.014423076923076924 0.02403846153846154
0 0.18389423076923078 0.2704326923076923 0.014423076923076924 0.02403846153846154
0 0.6790865384615384 0.2608173076923077 0.014423076923076924 0.019230769230769232
0 0.49158653846153844 0.2644230769230769 0.019230769230769232 0.02403846153846154
0 0.6959134615384616 0.2620192307692308 0.014423076923076924 0.02403846153846154
0 0.5865384615384616 0.2644230769230769 0.014423076923076924 0.014423076923076924
0 0.19951923076923078 0.2704326923076923 0.014423076923076924 0.019230769230769232
0 0.4182692307692308 0.2668269230769231 0.014423076923076924 0.02403846153846154
0 0.7463942307692307 0.26322115384615385 0.014423076923076924 0.014423076923076924
0 0.5685096153846154 0.27163461538461536 0.019230769230769232 0.02403846153846154
0 0.34134615384615385 0.27524038461538464 0.019230769230769232 0.02403846153846154
0 0.3233173076923077 0.2764423076923077 0.019230769230769232 0.02403846153846154
0 0.3870192307692308 0.2776442307692308 0.019230769230769232 0.019230769230769232
0 0.2283653846153846 0.2800480769230769 0.019230769230769232 0.02403846153846154
0 0.6634615384615384 0.27524038461538464 0.014423076923076924 0.019230769230769232
0 0.6334134615384616 0.2776442307692308 0.02403846153846154 0.02403846153846154
0 0.5288461538461539 0.2800480769230769 0.014423076923076924 0.02403846153846154
0 0.5060096153846154 0.2824519230769231 0.014423076923076924 0.02403846153846154
0 0.38100961538461536 0.2848557692307692 0.014423076923076924 0.019230769230769232
0 0.6141826923076923 0.2848557692307692 0.019230769230769232 0.02403846153846154
0 0.4987980769230769 0.28725961538461536 0.019230769230769232 0.02403846153846154
0 0.29447115384615385 0.29086538461538464 0.019230769230769232 0.02403846153846154
0 0.24639423076923078 0.2920673076923077 0.019230769230769232 0.02403846153846154
0 0.43149038461538464 0.29086538461538464 0.019230769230769232 0.02403846153846154
0 0.7512019230769231 0.2848557692307692 0.014423076923076924 0.02403846153846154
0 0.6682692307692307 0.28725961538461536 0.019230769230769232 0.02403846153846154
0 0.4735576923076923 0.28966346153846156 0.014423076923076924 0.02403846153846154
0 0.7668269230769231 0.2848557692307692 0.019230769230769232 0.02403846153846154
0 0.7319711538461539 0.2860576923076923 0.019230769230769232 0.02403846153846154
0 0.6838942307692307 0.28846153846153844 0.019230769230769232 0.02403846153846154
0 0.39663461538461536 0.2956730769230769 0.014423076923076924 0.02403846153846154
0 0.34134615384615385 0.296875 0.014423076923076924 0.02403846153846154
0 0.44350961538461536 0.2980769230769231 0.014423076923076924 0.019230769230769232
0 0.546875 0.2956730769230769 0.014423076923076924 0.02403846153846154
0 0.41947115384615385 0.2980769230769231 0.019230769230769232 0.02403846153846154
0 0.36177884615384615 0.29927884615384615 0.014423076923076924 0.02403846153846154
0 0.3858173076923077 0.3004807692307692 0.014423076923076924 0.019230769230769232
0 0.35697115384615385 0.30288461538461536 0.019230769230769232 0.02403846153846154
0 0.7764423076923077 0.2980769230769231 0.02403846153846154 0.028846153846153848
0 0.7235576923076923 0.30649038461538464 0.019230769230769232 0.02403846153846154
0 0.5985576923076923 0.3088942307692308 0.019230769230769232 0.02403846153846154
0 0.6983173076923077 0.3088942307692308 0.014423076923076924 0.028846153846153848
0 0.65625 0.31009615384615385 0.014423076923076924 0.02403846153846154
0 0.14423076923076922 0.31850961538461536 0.019230769230769232 0.02403846153846154
0 0.5588942307692307 0.3161057692307692 0.019230769230769232 0.02403846153846154
0 0.3894230769230769 0.31971153846153844 0.014423076923076924 0.02403846153846154
0 0.7512019230769231 0.31490384615384615 0.019230769230769232 0.028846153846153848
0 0.23918269230769232 0.3245192307692308 0.019230769230769232 0.02403846153846154
0 0.28125 0.3233173076923077 0.014423076923076924 0.019230769230769232
0 0.41346153846153844 0.3233173076923077 0.014423076923076924 0.02403846153846154
0 0.35096153846153844 0.3269230769230769 0.014423076923076924 0.02403846153846154
0 0.19951923076923078 0.3293269230769231 0.014423076923076924 0.019230769230769232
0 0.171875 0.33052884615384615 0.019230769230769232 0.028846153846153848
0 0.5817307692307693 0.32572115384615385 0.019230769230769232 0.03365384615384615
0 0.39903846153846156 0.328125 0.019230769230769232 0.02403846153846154
0 0.3329326923076923 0.3293269230769231 0.019230769230769232 0.02403846153846154
0 0.2920673076923077 0.33413461538461536 0.019230769230769232 0.019230769230769232
0 0.43028846153846156 0.3317307692307692 0.019230769230769232 0.02403846153846154
0 0.19230769230769232 0.33533653846153844 0.02403846153846154 0.028846153846153848
0 0.49278846153846156 0.33052884615384615 0.02403846153846154 0.03365384615384615
0 0.375 0.3329326923076923 0.019230769230769232 0.02403846153846154
0 0.22235576923076922 0.33774038461538464 0.019230769230769232 0.02403846153846154
0 0.8353365384615384 0.3269230769230769 0.019230769230769232 0.02403846153846154
0 0.09735576923076923 0.3401442307692308 0.019230769230769232 0.028846153846153848
0 0.4495192307692308 0.3389423076923077 0.019230769230769232 0.03365384615384615
0 0.5600961538461539 0.33653846153846156 0.014423076923076924 0.028846153846153848
0 0.140625 0.34615384615384615 0.02403846153846154 0.03365384615384615
0 0.5300480769230769 0.3401442307692308 0.019230769230769232 0.03365384615384615
0 0.5444711538461539 0.34134615384615385 0.019230769230769232 0.02403846153846154
0 0.8521634615384616 0.3389423076923077 0.019230769230769232 0.02403846153846154
0 0.6454326923076923 0.3449519230769231 0.019230769230769232 0.03365384615384615
0 0.5973557692307693 0.3485576923076923 0.028846153846153848 0.038461538461538464
0 0.7728365384615384 0.3473557692307692 0.02403846153846154 0.03365384615384615
0 0.34975961538461536 0.3545673076923077 0.014423076923076924 0.02403846153846154
0 0.890625 0.3473557692307692 0.028846153846153848 0.038461538461538464
0 0.3329326923076923 0.36177884615384615 0.019230769230769232 0.02403846153846154
0 0.10697115384615384 0.36658653846153844 0.02403846153846154 0.03365384615384615
0 0.8353365384615384 0.3545673076923077 0.028846153846153848 0.03365384615384615
0 0.7524038461538461 0.3557692307692308 0.02403846153846154 0.03365384615384615
0 0.5048076923076923 0.3605769230769231 0.02403846153846154 0.03365384615384615
0 0.3954326923076923 0.36538461538461536 0.019230769230769232 0.028846153846153848
0 0.6971153846153846 0.36177884615384615 0.02403846153846154 0.03365384615384615
0 0.27283653846153844 0.36899038461538464 0.019230769230769232 0.02403846153846154
0 0.6574519230769231 0.3629807692307692 0.02403846153846154 0.02403846153846154
0 0.3125 0.36899038461538464 0.014423076923076924 0.02403846153846154
0 0.6129807692307693 0.36778846153846156 0.019230769230769232 0.02403846153846154
0 0.4675480769230769 0.3701923076923077 0.019230769230769232 0.038461538461538464
0 0.22956730769230768 0.375 0.02403846153846154 0.02403846153846154
0 0.18028846153846154 0.3762019230769231 0.02403846153846154 0.038461538461538464
0 0.34975961538461536 0.37259615384615385 0.019230769230769232 0.014423076923076924
0 0.6802884615384616 0.36899038461538464 0.019230769230769232 0.02403846153846154
0 0.15985576923076922 0.38100961538461536 0.019230769230769232 0.03365384615384615
0 0.3701923076923077 0.3798076923076923 0.019230769230769232 0.028846153846153848
0 0.9074519230769231 0.3701923076923077 0.02403846153846154 0.03365384615384615
0 0.41466346153846156 0.38100961538461536 0.02403846153846154 0.03365384615384615
0 0.5444711538461539 0.3786057692307692 0.019230769230769232 0.038461538461538464
0 0.31971153846153844 0.3858173076923077 0.019230769230769232 0.028846153846153848
0 0.29447115384615385 0.38822115384615385 0.02403846153846154 0.03365384615384615
0 0.1346153846153846 0.39302884615384615 0.02403846153846154 0.028846153846153848
0 0.3425480769230769 0.3894230769230769 0.02403846153846154 0.03365384615384615
0 0.38822115384615385 0.3918269230769231 0.02403846153846154 0.03365384615384615
0 0.09254807692307693 0.39783653846153844 0.019230769230769232 0.03365384615384615
0 0.1971153846153846 0.3954326923076923 0.02403846153846154 0.03365384615384615
0 0.5925480769230769 0.3918269230769231 0.02403846153846154 0.038461538461538464
0 0.6526442307692307 0.390625 0.028846153846153848 0.028846153846153848
0 0.2668269230769231 0.39903846153846156 0.02403846153846154 0.03365384615384615
0 0.14903846153846154 0.40625 0.019230769230769232 0.02403846153846154
0 0.7632211538461539 0.40024038461538464 0.02403846153846154 0.03365384615384615
0 0.5108173076923077 0.4050480769230769 0.028846153846153848 0.04326923076923077
0 0.1141826923076923 0.41225961538461536 0.014423076923076924 0.02403846153846154
0 0.9362980769230769 0.40024038461538464 0.03365384615384615 0.038461538461538464
0 0.6237980769230769 0.4050480769230769 0.02403846153846154 0.04326923076923077
0 0.3317307692307692 0.41225961538461536 0.014423076923076924 0.02403846153846154
0 0.5564903846153846 0.4110576923076923 0.02403846153846154 0.03365384615384615
0 0.7259615384615384 0.4110576923076923 0.02403846153846154 0.03365384615384615
0 0.12379807692307693 0.4230769230769231 0.02403846153846154 0.02403846153846154
0 0.07692307692307693 0.4266826923076923 0.028846153846153848 0.04326923076923077
0 0.78125 0.4170673076923077 0.02403846153846154 0.03365384615384615
0 0.3233173076923077 0.4254807692307692 0.02403846153846154 0.03365384615384615
0 0.2668269230769231 0.42908653846153844 0.02403846153846154 0.038461538461538464
0 0.6610576923076923 0.4254807692307692 0.02403846153846154 0.038461538461538464
0 0.3858173076923077 0.43509615384615385 0.028846153846153848 0.03365384615384615
0 0.16346153846153846 0.4387019230769231 0.028846153846153848 0.028846153846153848
0 0.4362980769230769 0.4387019230769231 0.028846153846153848 0.03365384615384615
0 0.051682692307692304 0.44591346153846156 0.02403846153846154 0.038461538461538464
0 0.41346153846153844 0.44591346153846156 0.02403846153846154 0.03365384615384615
0 0.11177884615384616 0.4543269230769231 0.02403846153846154 0.02403846153846154
0 0.6935096153846154 0.44591346153846156 0.028846153846153848 0.05048076923076923
0 0.484375 0.4495192307692308 0.03365384615384615 0.04326923076923077
0 0.34615384615384615 0.4519230769230769 0.02403846153846154 0.03365384615384615
0 0.546875 0.45072115384615385 0.03365384615384615 0.038461538461538464
0 0.36899038461538464 0.4543269230769231 0.02403846153846154 0.03365384615384615
0 0.13581730769230768 0.4579326923076923 0.02403846153846154 0.028846153846153848
0 0.39663461538461536 0.4639423076923077 0.028846153846153848 0.03365384615384615
0 0.8737980769230769 0.45913461538461536 0.028846153846153848 0.05048076923076923
0 0.2824519230769231 0.46875 0.03365384615384615 0.038461538461538464
0 0.11778846153846154 0.4723557692307692 0.014423076923076924 0.019230769230769232
0 0.25 0.4723557692307692 0.028846153846153848 0.02403846153846154
0 0.015625 0.47596153846153844 0.028846153846153848 0.04807692307692308
0 0.6694711538461539 0.4675480769230769 0.02403846153846154 0.019230769230769232
0 0.3125 0.47836538461538464 0.028846153846153848 0.03365384615384615
0 0.8076923076923077 0.4723557692307692 0.028846153846153848 0.04807692307692308
0 0.9050480769230769 0.4699519230769231 0.028846153846153848 0.02403846153846154
0 0.06971153846153846 0.4891826923076923 0.02403846153846154 0.03365384615384615
0 0.12259615384615384 0.4879807692307692 0.02403846153846154 0.028846153846153848
0 0.1502403846153846 0.49158653846153844 0.028846153846153848 0.04326923076923077
0 0.7776442307692307 0.4807692307692308 0.028846153846153848 0.038461538461538464
0 0.45552884615384615 0.48677884615384615 0.028846153846153848 0.03365384615384615
0 0.5973557692307693 0.484375 0.02403846153846154 0.038461538461538464
0 0.7427884615384616 0.4831730769230769 0.038461538461538464 0.038461538461538464
0 0.5300480769230769 0.49038461538461536 0.028846153846153848 0.038461538461538464
0 0.6850961538461539 0.4891826923076923 0.028846153846153848 0.028846153846153848
0 0.9194711538461539 0.4855769230769231 0.028846153846153848 0.03365384615384615
0 0.042067307692307696 0.5036057692307693 0.03365384615384615 0.04807692307692308
0 0.6646634615384616 0.4951923076923077 0.02403846153846154 0.04807692307692308
0 0.24759615384615385 0.5024038461538461 0.03365384615384615 0.038461538461538464
0 0.09014423076923077 0.5144230769230769 0.028846153846153848 0.03365384615384615
0 0.31490384615384615 0.5108173076923077 0.03365384615384615 0.04807692307692308
0 0.009615384615384616 0.5204326923076923 0.014423076923076924 0.06490384615384616
0 0.5024038461538461 0.5144230769230769 0.03365384615384615 0.04807692307692308
0 0.3954326923076923 0.5168269230769231 0.02403846153846154 0.028846153846153848
0 0.8377403846153846 0.5084134615384616 0.03365384615384615 0.055288461538461536
0 0.4254807692307692 0.5168269230769231 0.02403846153846154 0.038461538461538464
0 0.9399038461538461 0.5108173076923077 0.03365384615384615 0.04326923076923077
0 0.29447115384615385 0.5216346153846154 0.02403846153846154 0.04326923076923077
0 0.7319711538461539 0.5168269230769231 0.028846153846153848 0.04807692307692308
0 0.12740384615384615 0.5288461538461539 0.028846153846153848 0.04326923076923077
0 0.16947115384615385 0.5336538461538461 0.028846153846153848 0.03365384615384615
0 0.5853365384615384 0.53125 0.03365384615384615 0.055288461538461536
0 0.8653846153846154 0.53125 0.03365384615384615 0.04326923076923077
0 0.9855769230769231 0.5324519230769231 0.028846153846153848 0.055288461538461536
0 0.23076923076923078 0.546875 0.03365384615384615 0.04326923076923077
0 0.7608173076923077 0.5372596153846154 0.04326923076923077 0.04807692307692308
0 0.6334134615384616 0.5396634615384616 0.028846153846153848 0.05048076923076923
0 0.4543269230769231 0.5456730769230769 0.03365384615384615 0.04807692307692308
0 0.5456730769230769 0.5432692307692307 0.02403846153846154 0.05048076923076923
0 0.5192307692307693 0.5444711538461539 0.02403846153846154 0.04326923076923077
0 0.6911057692307693 0.5432692307692307 0.04326923076923077 0.06009615384615385
0 0.4362980769230769 0.5492788461538461 0.019230769230769232 0.04326923076923077
0 0.39663461538461536 0.5504807692307693 0.03365384615384615 0.04326923076923077
0 0.10096153846153846 0.5552884615384616 0.03365384615384615 0.05048076923076923
0 0.9230769230769231 0.5432692307692307 0.04807692307692308 0.05048076923076923
0 0.32091346153846156 0.5540865384615384 0.03365384615384615 0.028846153846153848
0 0.31850961538461536 0.5637019230769231 0.02403846153846154 0.028846153846153848
0 0.05889423076923077 0.5673076923076923 0.028846153846153848 0.04326923076923077
0 0.7355769230769231 0.5661057692307693 0.03365384615384615 0.038461538461538464
0 0.28846153846153844 0.5757211538461539 0.03365384615384615 0.055288461538461536
0 0.5084134615384616 0.578125 0.028846153846153848 0.05048076923076923
0 0.8689903846153846 0.5745192307692307 0.038461538461538464 0.06009615384615385
0 0.7860576923076923 0.5757211538461539 0.03365384615384615 0.04326923076923077
0 0.765625 0.5829326923076923 0.038461538461538464 0.055288461538461536
0 0.3317307692307692 0.5925480769230769 0.03365384615384615 0.04326923076923077
0 0.21634615384615385 0.5973557692307693 0.038461538461538464 0.04326923076923077
0 0.8221153846153846 0.6069711538461539 0.038461538461538464 0.06490384615384616
0 0.016826923076923076 0.6237980769230769 0.028846153846153848 0.06490384615384616
0 0.20793269230769232 0.6298076923076923 0.038461538461538464 0.04326923076923077
0 0.7367788461538461 0.6237980769230769 0.04326923076923077 0.04326923076923077
0 0.16706730769230768 0.6358173076923077 0.038461538461538464 0.04326923076923077
0 0.48197115384615385 0.6370192307692307 0.028846153846153848 0.05048076923076923
0 0.9867788461538461 0.6286057692307693 0.026442307692307692 0.06009615384615385
0 0.5096153846153846 0.6430288461538461 0.038461538461538464 0.04326923076923077
0 0.6694711538461539 0.6454326923076923 0.04326923076923077 0.06490384615384616
0 0.3401442307692308 0.6574519230769231 0.028846153846153848 0.038461538461538464
0 0.4326923076923077 0.65625 0.04326923076923077 0.06009615384615385
0 0.30528846153846156 0.6610576923076923 0.052884615384615384 0.06971153846153846
0 0.9146634615384616 0.6502403846153846 0.04807692307692308 0.055288461538461536
0 0.7427884615384616 0.6550480769230769 0.03365384615384615 0.04326923076923077
0 0.09134615384615384 0.6802884615384616 0.04326923076923077 0.06490384615384616
0 0.3641826923076923 0.6778846153846154 0.04326923076923077 0.04807692307692308
0 0.7788461538461539 0.6730769230769231 0.03365384615384615 0.05048076923076923
0 0.4879807692307692 0.6850961538461539 0.055288461538461536 0.05048076923076923
0 0.8641826923076923 0.6838942307692307 0.038461538461538464 0.038461538461538464
0 0.703125 0.6862980769230769 0.04326923076923077 0.07451923076923077
0 0.16346153846153846 0.6959134615384616 0.04807692307692308 0.055288461538461536
0 0.03125 0.7007211538461539 0.052884615384615384 0.06971153846153846
0 0.40625 0.6983173076923077 0.04807692307692308 0.05048076923076923
0 0.5540865384615384 0.7019230769230769 0.057692307692307696 0.07932692307692307
0 0.8112980769230769 0.6983173076923077 0.038461538461538464 0.04326923076923077
0 0.38100961538461536 0.7175480769230769 0.03365384615384615 0.038461538461538464
0 0.7439903846153846 0.7151442307692307 0.057692307692307696 0.07451923076923077
0 0.9387019230769231 0.7271634615384616 0.04807692307692308 0.05048076923076923
0 0.33653846153846156 0.7367788461538461 0.05048076923076923 0.06490384615384616
0 0.8882211538461539 0.7271634615384616 0.05048076923076923 0.05048076923076923
0 0.5012019230769231 0.7379807692307693 0.052884615384615384 0.06971153846153846
0 0.14423076923076922 0.7512019230769231 0.052884615384615384 0.06971153846153846
0 0.8701923076923077 0.7463942307692307 0.04807692307692308 0.04326923076923077
0 0.8028846153846154 0.75 0.055288461538461536 0.05048076923076923
0 0.6141826923076923 0.7632211538461539 0.07692307692307693 0.11778846153846154
0 0.09495192307692307 0.7728365384615384 0.0625 0.10336538461538461
0 0.3954326923076923 0.8004807692307693 0.07932692307692307 0.12259615384615384
0 0.030048076923076924 0.8137019230769231 0.04326923076923077 0.11057692307692307
0 0.17548076923076922 0.8209134615384616 0.07692307692307693 0.08413461538461539
0 0.8762019230769231 0.8112980769230769 0.07211538461538461 0.08413461538461539
0 0.3389423076923077 0.8245192307692307 0.057692307692307696 0.08413461538461539
0 0.9663461538461539 0.8185096153846154 0.0673076923076923 0.0985576923076923
0 0.4254807692307692 0.08413461538461539 0.004807692307692308 0.009615384615384616
0 0.49158653846153844 0.8401442307692307 0.0625 0.10336538461538461
0 0.3004807692307692 0.8485576923076923 0.055288461538461536 0.06490384615384616
0 0.22596153846153846 0.8497596153846154 0.0673076923076923 0.1346153846153846
0 0.44591346153846156 0.08653846153846154 0.009615384615384616 0.009615384615384616
0 0.43509615384615385 0.08653846153846154 0.009615384615384616 0.014423076923076924
0 0.6959134615384616 0.8557692307692307 0.07211538461538461 0.11057692307692307
0 0.6165865384615384 0.8677884615384616 0.07211538461538461 0.09375
0 0.8197115384615384 0.8894230769230769 0.07932692307692307 0.13701923076923078
0 0.3858173076923077 0.09495192307692307 0.009615384615384616 0.009615384615384616
0 0.05889423076923077 0.9350961538461539 0.0985576923076923 0.12980769230769232
0 0.1622596153846154 0.9387019230769231 0.09375 0.12259615384615384
0 0.9747596153846154 0.9278846153846154 0.05048076923076923 0.1201923076923077
0 0.2824519230769231 0.9399038461538461 0.08413461538461539 0.1201923076923077
0 0.39783653846153844 0.9435096153846154 0.12259615384615384 0.11298076923076923
0 0.5552884615384616 0.9435096153846154 0.08413461538461539 0.11298076923076923
0 0.7211538461538461 0.9591346153846154 0.09375 0.07211538461538461
0 0.9182692307692307 0.9627403846153846 0.055288461538461536 0.055288461538461536
0 0.4326923076923077 0.10096153846153846 0.004807692307692308 0.014423076923076924
0 0.44591346153846156 0.10576923076923077 0.009615384615384616 0.014423076923076924
0 0.32572115384615385 0.11538461538461539 0.009615384615384616 0.009615384615384616
0 0.34615384615384615 0.12740384615384615 0.009615384615384616 0.019230769230769232
0 0.39903846153846156 0.12620192307692307 0.004807692307692308 0.009615384615384616
0 0.38461538461538464 0.12980769230769232 0.009615384615384616 0.009615384615384616
0 0.3269230769230769 0.12980769230769232 0.009615384615384616 0.009615384615384616
0 0.33413461538461536 0.1346153846153846 0.009615384615384616 0.014423076923076924
0 0.5444711538461539 0.13341346153846154 0.014423076923076924 0.014423076923076924
0 0.41346153846153844 0.13822115384615385 0.009615384615384616 0.014423076923076924
0 0.46875 0.13701923076923078 0.009615384615384616 0.014423076923076924
0 0.4567307692307692 0.140625 0.009615384615384616 0.014423076923076924
0 0.44591346153846156 0.140625 0.009615384615384616 0.014423076923076924
0 0.40625 0.140625 0.009615384615384616 0.009615384615384616
0 0.35336538461538464 0.14302884615384615 0.009615384615384616 0.009615384615384616
0 0.3245192307692308 0.14423076923076922 0.009615384615384616 0.009615384615384616
0 0.36658653846153844 0.14302884615384615 0.004807692307692308 0.014423076923076924
0 0.38341346153846156 0.14543269230769232 0.009615384615384616 0.014423076923076924
0 0.3016826923076923 0.15144230769230768 0.009615384615384616 0.009615384615384616
0 0.5120192307692307 0.14783653846153846 0.009615384615384616 0.014423076923076924
0 0.4891826923076923 0.1502403846153846 0.009615384615384616 0.004807692307692308
0 0.36658653846153844 0.15264423076923078 0.009615384615384616 0.014423076923076924
0 0.5661057692307693 0.14903846153846154 0.014423076923076924 0.019230769230769232
0 0.35697115384615385 0.15745192307692307 0.009615384615384616 0.014423076923076924
0 0.3245192307692308 0.16105769230769232 0.009615384615384616 0.004807692307692308
0 0.4519230769230769 0.16105769230769232 0.004807692307692308 0.014423076923076924
0 0.44350961538461536 0.16105769230769232 0.009615384615384616 0.014423076923076924
0 0.59375 0.16105769230769232 0.009615384615384616 0.014423076923076924
0 0.5240384615384616 0.1622596153846154 0.009615384615384616 0.014423076923076924
0 0.4795673076923077 0.1622596153846154 0.009615384615384616 0.014423076923076924
0 0.47115384615384615 0.1622596153846154 0.009615384615384616 0.009615384615384616
0 0.5120192307692307 0.1622596153846154 0.009615384615384616 0.014423076923076924
0 0.48677884615384615 0.16706730769230768 0.009615384615384616 0.014423076923076924
0 0.2764423076923077 0.17067307692307693 0.014423076923076924 0.014423076923076924
0 0.6045673076923077 0.16706730769230768 0.014423076923076924 0.009615384615384616
0 0.5865384615384616 0.16826923076923078 0.014423076923076924 0.019230769230769232
0 0.5420673076923077 0.16826923076923078 0.014423076923076924 0.014423076923076924
0 0.40384615384615385 0.17067307692307693 0.009615384615384616 0.014423076923076924
0 0.3918269230769231 0.171875 0.014423076923076924 0.019230769230769232
0 0.36899038461538464 0.171875 0.009615384615384616 0.014423076923076924
0 0.3245192307692308 0.17307692307692307 0.009615384615384616 0.014423076923076924
0 0.3112980769230769 0.17307692307692307 0.014423076923076924 0.014423076923076924
0 0.3016826923076923 0.17307692307692307 0.009615384615384616 0.014423076923076924
0 0.5036057692307693 0.171875 0.009615384615384616 0.014423076923076924
0 0.35697115384615385 0.17427884615384615 0.009615384615384616 0.014423076923076924
0 0.33413461538461536 0.17427884615384615 0.009615384615384616 0.009615384615384616
0 0.3762019230769231 0.17427884615384615 0.009615384615384616 0.019230769230769232
0 0.3485576923076923 0.17427884615384615 0.009615384615384616 0.019230769230769232
0 0.38341346153846156 0.17548076923076922 0.009615384615384616 0.014423076923076924
0 0.47115384615384615 0.17548076923076922 0.009615384615384616 0.019230769230769232
0 0.46153846153846156 0.17668269230769232 0.009615384615384616 0.019230769230769232
0 0.2860576923076923 0.17908653846153846 0.014423076923076924 0.019230769230769232