0 0.5709134615384616 0.31971153846153844 0.004807692307692308 0.009615384615384616
0 0.5480769230769231 0.31850961538461536 0.004807692307692308 0.004807692307692308
0 0.5408653846153846 0.31850961538461536 0.004807692307692308 0.004807692307692308
0 0.4855769230769231 0.3293269230769231 0.004807692307692308 0.009615384615384616
0 0.49158653846153844 0.3329326923076923 0.004807692307692308 0.009615384615384616
0 0.5456730769230769 0.33653846153846156 0.004807692307692308 0.009615384615384616
0 0.53125 0.33653846153846156 0.004807692307692308 0.009615384615384616
0 0.5612980769230769 0.33774038461538464 0.004807692307692308 0.009615384615384616
0 0.5360576923076923 0.33653846153846156 0.004807692307692308 0.009615384615384616
0 0.5685096153846154 0.3401442307692308 0.004807692307692308 0.004807692307692308
0 0.5240384615384616 0.3389423076923077 0.004807692307692308 0.009615384615384616
0 0.515625 0.33774038461538464 0.004807692307692308 0.009615384615384616
0 0.4987980769230769 0.33774038461538464 0.004807692307692308 0.009615384615384616
0 0.47115384615384615 0.33653846153846156 0.004807692307692308 0.009615384615384616
0 0.4338942307692308 0.33533653846153844 0.004807692307692308 0.014423076923076924
0 0.5060096153846154 0.3401442307692308 0.004807692307692308 0.009615384615384616
0 0.5108173076923077 0.3401442307692308 0.004807692307692308 0.004807692307692308
0 0.49399038461538464 0.3401442307692308 0.009615384615384616 0.009615384615384616
0 0.46634615384615385 0.34134615384615385 0.004807692307692308 0.009615384615384616
0 0.5733173076923077 0.3449519230769231 0.004807692307692308 0.004807692307692308
0 0.4387019230769231 0.3401442307692308 0.004807692307692308 0.009615384615384616
0 0.5685096153846154 0.3449519230769231 0.004807692307692308 0.004807692307692308
0 0.5360576923076923 0.34375 0.004807692307692308 0.004807692307692308
0 0.44591346153846156 0.3401442307692308 0.004807692307692308 0.004807692307692308
0 0.4879807692307692 0.3449519230769231 0.004807692307692308 0.009615384615384616
0 0.4230769230769231 0.3425480769230769 0.004807692307692308 0.009615384615384616
0 0.39663461538461536 0.34134615384615385 0.004807692307692308 0.004807692307692308
0 0.5420673076923077 0.3485576923076923 0.004807692307692308 0.009615384615384616
0 0.5192307692307693 0.3473557692307692 0.004807692307692308 0.009615384615384616
0 0.5600961538461539 0.35216346153846156 0.004807692307692308 0.009615384615384616
0 0.4723557692307692 0.3485576923076923 0.004807692307692308 0.009615384615384616
0 0.4519230769230769 0.3485576923076923 0.004807692307692308 0.009615384615384616
0 0.47475961538461536 0.3485576923076923 0.004807692307692308 0.004807692307692308
0 0.5793269230769231 0.3545673076923077 0.004807692307692308 0.009615384615384616
0 0.5120192307692307 0.35216346153846156 0.004807692307692308 0.014423076923076924
0 0.5444711538461539 0.35336538461538464 0.004807692307692308 0.009615384615384616
0 0.5 0.35216346153846156 0.004807692307692308 0.014423076923076924
0 0.484375 0.35096153846153844 0.004807692307692308 0.009615384615384616
0 0.4579326923076923 0.35096153846153844 0.004807692307692308 0.014423076923076924
0 0.5673076923076923 0.3545673076923077 0.004807692307692308 0.009615384615384616
0 0.5492788461538461 0.35336538461538464 0.004807692307692308 0.009615384615384616
0 0.49278846153846156 0.35216346153846156 0.004807692307692308 0.009615384615384616
0 0.4423076923076923 0.34975961538461536 0.004807692307692308 0.009615384615384616
0 0.4170673076923077 0.34975961538461536 0.004807692307692308 0.014423076923076924
0 0.40024038461538464 0.35096153846153844 0.004807692307692308 0.009615384615384616
0 0.5348557692307693 0.3557692307692308 0.004807692307692308 0.009615384615384616
0 0.4326923076923077 0.35216346153846156 0.004807692307692308 0.009615384615384616
0 0.5024038461538461 0.35697115384615385 0.004807692307692308 0.009615384615384616
0 0.48677884615384615 0.35697115384615385 0.004807692307692308 0.014423076923076924
0 0.47716346153846156 0.3557692307692308 0.009615384615384616 0.014423076923076924
0 0.44471153846153844 0.3545673076923077 0.004807692307692308 0.009615384615384616
0 0.4074519230769231 0.35336538461538464 0.004807692307692308 0.009615384615384616
0 0.5901442307692307 0.3629807692307692 0.009615384615384616 0.014423076923076924
0 0.5552884615384616 0.36177884615384615 0.004807692307692308 0.009615384615384616
0 0.5300480769230769 0.3605769230769231 0.004807692307692308 0.009615384615384616
0 0.5192307692307693 0.3605769230769231 0.004807692307692308 0.014423076923076924
0 0.42427884615384615 0.3581730769230769 0.004807692307692308 0.014423076923076924
0 0.5817307692307693 0.3629807692307692 0.009615384615384616 0.014423076923076924
0 0.5625 0.3629807692307692 0.004807692307692308 0.009615384615384616
0 0.46033653846153844 0.359375 0.004807692307692308 0.009615384615384616
0 0.5649038461538461 0.3629807692307692 0.004807692307692308 0.009615384615384616
0 0.546875 0.36177884615384615 0.004807692307692308 0.009615384615384616
0 0.38221153846153844 0.35697115384615385 0.004807692307692308 0.009615384615384616
0 0.6021634615384616 0.3641826923076923 0.004807692307692308 0.009615384615384616
0 0.41947115384615385 0.3605769230769231 0.004807692307692308 0.009615384615384616
0 0.4519230769230769 0.36177884615384615 0.004807692307692308 0.009615384615384616
0 0.39783653846153844 0.359375 0.004807692307692308 0.009615384615384616
0 0.44471153846153844 0.3605769230769231 0.004807692307692308 0.009615384615384616
0 0.3942307692307692 0.359375 0.004807692307692308 0.014423076923076924
0 0.43990384615384615 0.3629807692307692 0.004807692307692308 0.009615384615384616
0 0.5072115384615384 0.36538461538461536 0.004807692307692308 0.009615384615384616
0 0.3894230769230769 0.36177884615384615 0.004807692307692308 0.009615384615384616
0 0.5576923076923077 0.3701923076923077 0.004807692307692308 0.009615384615384616
0 0.484375 0.36658653846153844 0.004807692307692308 0.014423076923076924
0 0.4579326923076923 0.36658653846153844 0.004807692307692308 0.009615384615384616
0 0.36538461538461536 0.3629807692307692 0.004807692307692308 0.014423076923076924
0 0.3870192307692308 0.3641826923076923 0.004807692307692308 0.009615384615384616
0 0.4326923076923077 0.36538461538461536 0.004807692307692308 0.014423076923076924
0 0.5721153846153846 0.37259615384615385 0.004807692307692308 0.009615384615384616
0 0.5120192307692307 0.3701923076923077 0.004807692307692308 0.009615384615384616
0 0.4699519230769231 0.36899038461538464 0.009615384615384616 0.009615384615384616
0 0.609375 0.3737980769230769 0.009615384615384616 0.014423076923076924
0 0.5348557692307693 0.3713942307692308 0.004807692307692308 0.014423076923076924
0 0.5276442307692307 0.3713942307692308 0.009615384615384616 0.014423076923076924
0 0.49278846153846156 0.3701923076923077 0.004807692307692308 0.009615384615384616
0 0.4675480769230769 0.36899038461538464 0.004807692307692308 0.009615384615384616
0 0.41225961538461536 0.36899038461538464 0.004807692307692308 0.009615384615384616
0 0.3329326923076923 0.36658653846153844 0.009615384615384616 0.014423076923076924
0 0.5528846153846154 0.3737980769230769 0.004807692307692308 0.009615384615384616
0 0.46274038461538464 0.3713942307692308 0.004807692307692308 0.014423076923076924
0 0.49759615384615385 0.37259615384615385 0.004807692307692308 0.009615384615384616
0 0.4495192307692308 0.3701923076923077 0.004807692307692308 0.009615384615384616
0 0.5168269230769231 0.375 0.004807692307692308 0.009615384615384616
0 0.4543269230769231 0.3737980769230769 0.004807692307692308 0.009615384615384616
0 0.5444711538461539 0.3762019230769231 0.004807692307692308 0.009615384615384616
0 0.49038461538461536 0.375 0.004807692307692308 0.009615384615384616
0 0.5793269230769231 0.3798076923076923 0.009615384615384616 0.009615384615384616
0 0.48197115384615385 0.3762019230769231 0.009615384615384616 0.014423076923076924
0 0.34975961538461536 0.37259615384615385 0.009615384615384616 0.014423076923076924
0 0.5685096153846154 0.38221153846153844 0.004807692307692308 0.014423076923076924
0 0.5612980769230769 0.38221153846153844 0.004807692307692308 0.009615384615384616
0 0.3954326923076923 0.3762019230769231 0.004807692307692308 0.009615384615384616
0 0.6165865384615384 0.38341346153846156 0.009615384615384616 0.014423076923076924
0 0.3918269230769231 0.3762019230769231 0.004807692307692308 0.014423076923076924
0 0.38221153846153844 0.3762019230769231 0.004807692307692308 0.014423076923076924
0 0.4723557692307692 0.3786057692307692 0.004807692307692308 0.014423076923076924
0 0.3545673076923077 0.375 0.009615384615384616 0.014423076923076924
0 0.6862980769230769 0.38822115384615385 0.009615384615384616 0.019230769230769232
0 0.42908653846153844 0.3798076923076923 0.004807692307692308 0.014423076923076924
0 0.5985576923076923 0.3858173076923077 0.004807692307692308 0.019230769230769232
0 0.4411057692307692 0.3798076923076923 0.004807692307692308 0.009615384615384616
0 0.4338942307692308 0.38221153846153844 0.004807692307692308 0.009615384615384616
0 0.4230769230769231 0.38221153846153844 0.009615384615384616 0.019230769230769232
0 0.5733173076923077 0.3894230769230769 0.004807692307692308 0.009615384615384616
0 0.5564903846153846 0.3894230769230769 0.009615384615384616 0.014423076923076924
0 0.40384615384615385 0.38341346153846156 0.009615384615384616 0.014423076923076924
0 0.4963942307692308 0.3870192307692308 0.004807692307692308 0.009615384615384616
0 0.41586538461538464 0.38461538461538464 0.004807692307692308 0.014423076923076924
0 0.45552884615384615 0.38822115384615385 0.009615384615384616 0.009615384615384616
0 0.7115384615384616 0.39663461538461536 0.004807692307692308 0.009615384615384616
0 0.6081730769230769 0.39302884615384615 0.009615384615384616 0.014423076923076924
0 0.45913461538461536 0.38822115384615385 0.004807692307692308 0.014423076923076924
0 0.5456730769230769 0.390625 0.009615384615384616 0.014423076923076924
0 0.42908653846153844 0.3870192307692308 0.009615384615384616 0.009615384615384616
0 0.3713942307692308 0.38461538461538464 0.004807692307692308 0.009615384615384616
0 0.4110576923076923 0.3858173076923077 0.009615384615384616 0.004807692307692308
0 0.6634615384615384 0.39663461538461536 0.009615384615384616 0.019230769230769232
0 0.59375 0.3942307692307692 0.009615384615384616 0.014423076923076924
0 0.578125 0.39302884615384615 0.009615384615384616 0.014423076923076924
0 0.390625 0.3870192307692308 0.009615384615384616 0.014423076923076924
0 0.35096153846153844 0.3858173076923077 0.009615384615384616 0.019230769230769232
0 0.2608173076923077 0.38221153846153844 0.009615384615384616 0.019230769230769232
0 0.5336538461538461 0.3918269230769231 0.004807692307692308 0.014423076923076924
0 0.5132211538461539 0.390625 0.009615384615384616 0.014423076923076924
0 0.6189903846153846 0.3942307692307692 0.009615384615384616 0.014423076923076924
0 0.44591346153846156 0.38822115384615385 0.009615384615384616 0.014423076923076924
0 0.3786057692307692 0.3858173076923077 0.004807692307692308 0.009615384615384616
0 0.6382211538461539 0.39783653846153844 0.009615384615384616 0.014423076923076924
0 0.5841346153846154 0.3954326923076923 0.009615384615384616 0.014423076923076924
0 0.6538461538461539 0.39783653846153844 0.014423076923076924 0.02403846153846154
0 0.5060096153846154 0.39302884615384615 0.009615384615384616 0.014423076923076924
0 0.49158653846153844 0.3954326923076923 0.009615384615384616 0.009615384615384616
0 0.4411057692307692 0.39302884615384615 0.009615384615384616 0.014423076923076924
0 0.3858173076923077 0.3918269230769231 0.009615384615384616 0.019230769230769232
0 0.5685096153846154 0.40024038461538464 0.004807692307692308 0.014423076923076924
0 0.5504807692307693 0.39903846153846156 0.009615384615384616 0.014423076923076924
0 0.4014423076923077 0.3942307692307692 0.009615384615384616 0.014423076923076924
0 0.2536057692307692 0.3894230769230769 0.009615384615384616 0.019230769230769232
0 0.6814903846153846 0.40384615384615385 0.009615384615384616 0.02403846153846154
0 0.47115384615384615 0.39663461538461536 0.004807692307692308 0.014423076923076924
0 0.4110576923076923 0.39663461538461536 0.004807692307692308 0.014423076923076924
0 0.38822115384615385 0.39663461538461536 0.004807692307692308 0.014423076923076924
0 0.6887019230769231 0.40625 0.014423076923076924 0.02403846153846154
0 0.3161057692307692 0.3942307692307692 0.009615384615384616 0.019230769230769232
0 0.7067307692307693 0.4074519230769231 0.009615384615384616 0.014423076923076924
0 0.5240384615384616 0.40384615384615385 0.009615384615384616 0.014423076923076924
0 0.4182692307692308 0.40024038461538464 0.009615384615384616 0.019230769230769232
0 0.5757211538461539 0.4050480769230769 0.009615384615384616 0.014423076923076924
0 0.4963942307692308 0.4026442307692308 0.004807692307692308 0.014423076923076924
0 0.3942307692307692 0.39903846153846156 0.009615384615384616 0.014423076923076924
0 0.47836538461538464 0.4014423076923077 0.009615384615384616 0.019230769230769232
0 0.35096153846153844 0.39783653846153844 0.004807692307692308 0.009615384615384616
0 0.6286057692307693 0.4098557692307692 0.009615384615384616 0.014423076923076924
0 0.3317307692307692 0.39903846153846156 0.009615384615384616 0.019230769230769232
0 0.5612980769230769 0.4098557692307692 0.009615384615384616 0.019230769230769232
0 0.5336538461538461 0.40865384615384615 0.014423076923076924 0.019230769230769232
0 0.3088942307692308 0.40024038461538464 0.009615384615384616 0.019230769230769232
0 0.3762019230769231 0.4026442307692308 0.009615384615384616 0.019230769230769232
0 0.3605769230769231 0.4026442307692308 0.009615384615384616 0.019230769230769232
0 0.6105769230769231 0.4110576923076923 0.009615384615384616 0.019230769230769232
0 0.40384615384615385 0.40384615384615385 0.009615384615384616 0.014423076923076924
0 0.4879807692307692 0.4098557692307692 0.014423076923076924 0.02403846153846154
0 0.265625 0.4014423076923077 0.009615384615384616 0.019230769230769232
0 0.24158653846153846 0.40024038461538464 0.009615384615384616 0.019230769230769232
0 0.6382211538461539 0.41466346153846156 0.009615384615384616 0.019230769230769232
0 0.5108173076923077 0.4098557692307692 0.009615384615384616 0.019230769230769232
0 0.4411057692307692 0.4074519230769231 0.009615384615384616 0.014423076923076924
0 0.4266826923076923 0.4074519230769231 0.009615384615384616 0.014423076923076924
0 0.8305288461538461 0.421875 0.014423076923076924 0.02403846153846154
0 0.5480769230769231 0.41346153846153844 0.004807692307692308 0.014423076923076924
0 0.4338942307692308 0.4098557692307692 0.004807692307692308 0.014423076923076924
0 0.34134615384615385 0.40625 0.009615384615384616 0.014423076923076924
0 0.32572115384615385 0.40625 0.009615384615384616 0.02403846153846154
0 0.5877403846153846 0.4182692307692308 0.009615384615384616 0.019230769230769232
0 0.4567307692307692 0.41346153846153844 0.009615384615384616 0.014423076923076924
0 0.38822115384615385 0.4110576923076923 0.009615384615384616 0.019230769230769232
0 0.5649038461538461 0.4170673076923077 0.014423076923076924 0.014423076923076924
0 0.4483173076923077 0.41225961538461536 0.004807692307692308 0.014423076923076924
0 0.35216346153846156 0.41225961538461536 0.009615384615384616 0.019230769230769232
0 0.6646634615384616 0.4254807692307692 0.009615384615384616 0.019230769230769232
0 0.3798076923076923 0.41466346153846156 0.009615384615384616 0.019230769230769232
0 0.30528846153846156 0.41225961538461536 0.009615384615384616 0.019230769230769232
0 0.6430288461538461 0.42427884615384615 0.014423076923076924 0.02403846153846154
0 0.3629807692307692 0.41466346153846156 0.009615384615384616 0.02403846153846154
0 0.12860576923076922 0.40625 0.009615384615384616 0.019230769230769232
0 0.4651442307692308 0.4182692307692308 0.009615384615384616 0.019230769230769232
0 0.8028846153846154 0.43028846153846156 0.014423076923076924 0.019230769230769232
0 0.625 0.42427884615384615 0.009615384615384616 0.014423076923076924
0 0.37259615384615385 0.41466346153846156 0.009615384615384616 0.014423076923076924
0 0.10216346153846154 0.4074519230769231 0.014423076923076924 0.02403846153846154
0 0.5120192307692307 0.421875 0.009615384615384616 0.014423076923076924
0 0.5168269230769231 0.421875 0.009615384615384616 0.019230769230769232
0 0.921875 0.4362980769230769 0.014423076923076924 0.02403846153846154
0 0.734375 0.43028846153846156 0.019230769230769232 0.02403846153846154
0 0.40024038461538464 0.4182692307692308 0.009615384615384616 0.019230769230769232
0 0.5276442307692307 0.42427884615384615 0.009615384615384616 0.019230769230769232
0 0.11538461538461539 0.4098557692307692 0.014423076923076924 0.028846153846153848
0 0.43990384615384615 0.4206730769230769 0.009615384615384616 0.019230769230769232
0 0.4074519230769231 0.41947115384615385 0.009615384615384616 0.014423076923076924
0 0.5805288461538461 0.42788461538461536 0.009615384615384616 0.019230769230769232
0 0.41466346153846156 0.421875 0.009615384615384616 0.019230769230769232
0 0.609375 0.42908653846153844 0.004807692307692308 0.019230769230769232
0 0.5396634615384616 0.4266826923076923 0.009615384615384616 0.019230769230769232
0 0.4951923076923077 0.42788461538461536 0.009615384615384616 0.02403846153846154
0 0.2800480769230769 0.4206730769230769 0.014423076923076924 0.019230769230769232
0 0.6201923076923077 0.43149038461538464 0.004807692307692308 0.014423076923076924
0 0.4495192307692308 0.4266826923076923 0.009615384615384616 0.019230769230769232
0 0.31971153846153844 0.421875 0.009615384615384616 0.019230769230769232
0 0.25240384615384615 0.41947115384615385 0.009615384615384616 0.02403846153846154
0 0.31490384615384615 0.42427884615384615 0.009615384615384616 0.02403846153846154
0 0.5504807692307693 0.43149038461538464 0.009615384615384616 0.019230769230769232
0 0.3701923076923077 0.4254807692307692 0.009615384615384616 0.019230769230769232
0 0.3425480769230769 0.4266826923076923 0.009615384615384616 0.014423076923076924
0 0.12740384615384615 0.41947115384615385 0.014423076923076924 0.019230769230769232
0 0.5649038461538461 0.43509615384615385 0.009615384615384616 0.019230769230769232
0 0.18509615384615385 0.42427884615384615 0.014423076923076924 0.02403846153846154
0 0.3918269230769231 0.43149038461538464 0.009615384615384616 0.02403846153846154
0 0.38221153846153844 0.43149038461538464 0.009615384615384616 0.02403846153846154
0 0.14182692307692307 0.4230769230769231 0.014423076923076924 0.019230769230769232
0 0.4326923076923077 0.4326923076923077 0.009615384615384616 0.02403846153846154
0 0.21033653846153846 0.42788461538461536 0.014423076923076924 0.028846153846153848
0 0.9050480769230769 0.4519230769230769 0.009615384615384616 0.02403846153846154
0 0.6574519230769231 0.44350961538461536 0.014423076923076924 0.02403846153846154
0 0.5997596153846154 0.4411057692307692 0.009615384615384616 0.019230769230769232
0 0.6742788461538461 0.44350961538461536 0.004807692307692308 0.014423076923076924
0 0.6370192307692307 0.4423076923076923 0.014423076923076924 0.028846153846153848
0 0.08533653846153846 0.4230769230769231 0.014423076923076924 0.019230769230769232
0 0.36177884615384615 0.4326923076923077 0.009615384615384616 0.014423076923076924
0 0.33533653846153844 0.43149038461538464 0.009615384615384616 0.019230769230769232
0 0.6153846153846154 0.4411057692307692 0.009615384615384616 0.014423076923076924
0 0.42427884615384615 0.43509615384615385 0.009615384615384616 0.02403846153846154
0 0.41225961538461536 0.4362980769230769 0.009615384615384616 0.019230769230769232
0 0.46033653846153844 0.4411057692307692 0.014423076923076924 0.014423076923076924
0 0.5324519230769231 0.44350961538461536 0.014423076923076924 0.019230769230769232
0 0.30288461538461536 0.43509615384615385 0.009615384615384616 0.019230769230769232
0 0.6850961538461539 0.4483173076923077 0.009615384615384616 0.014423076923076924
0 0.2920673076923077 0.4375 0.014423076923076924 0.02403846153846154
0 0.6298076923076923 0.4495192307692308 0.014423076923076924 0.02403846153846154
0 0.375 0.43990384615384615 0.014423076923076924 0.02403846153846154
0 0.5444711538461539 0.4483173076923077 0.014423076923076924 0.02403846153846154
0 0.5072115384615384 0.44711538461538464 0.009615384615384616 0.019230769230769232
0 0.09495192307692307 0.4326923076923077 0.014423076923076924 0.02403846153846154
0 0.4543269230769231 0.44591346153846156 0.014423076923076924 0.02403846153846154
0 0.24278846153846154 0.43990384615384615 0.019230769230769232 0.028846153846153848
0 0.06971153846153846 0.4338942307692308 0.014423076923076924 0.019230769230769232
0 0.6911057692307693 0.4567307692307692 0.009615384615384616 0.02403846153846154
0 0.1045673076923077 0.4375 0.009615384615384616 0.02403846153846154
0 0.6658653846153846 0.4579326923076923 0.009615384615384616 0.02403846153846154
0 0.515625 0.4519230769230769 0.014423076923076924 0.02403846153846154
0 0.45913461538461536 0.45072115384615385 0.014423076923076924 0.014423076923076924
0 0.22235576923076922 0.4423076923076923 0.014423076923076924 0.02403846153846154
0 0.5817307692307693 0.4543269230769231 0.009615384615384616 0.02403846153846154
0 0.7043269230769231 0.45913461538461536 0.014423076923076924 0.02403846153846154
0 0.5288461538461539 0.4543269230769231 0.009615384615384616 0.019230769230769232
0 0.3233173076923077 0.44711538461538464 0.014423076923076924 0.02403846153846154
0 0.15384615384615385 0.44350961538461536 0.019230769230769232 0.03365384615384615
0 0.5216346153846154 0.4567307692307692 0.014423076923076924 0.02403846153846154
0 0.13341346153846154 0.4423076923076923 0.014423076923076924 0.028846153846153848
0 0.41346153846153844 0.4519230769230769 0.014423076923076924 0.02403846153846154
0 0.2536057692307692 0.44711538461538464 0.009615384615384616 0.02403846153846154
0 0.16346153846153846 0.44350961538461536 0.014423076923076924 0.02403846153846154
0 0.08413461538461539 0.44350961538461536 0.014423076923076924 0.02403846153846154
0 0.5492788461538461 0.45913461538461536 0.014423076923076924 0.02403846153846154
0 0.43149038461538464 0.45552884615384615 0.014423076923076924 0.019230769230769232
0 0.04326923076923077 0.4423076923076923 0.019230769230769232 0.02403846153846154
0 0.6382211538461539 0.4651442307692308 0.014423076923076924 0.02403846153846154
0 0.27403846153846156 0.4519230769230769 0.019230769230769232 0.02403846153846154
0 0.24639423076923078 0.4519230769230769 0.014423076923076924 0.019230769230769232
0 0.7980769230769231 0.47115384615384615 0.014423076923076924 0.03365384615384615
0 0.11658653846153846 0.4495192307692308 0.014423076923076924 0.028846153846153848
0 0.5889423076923077 0.46634615384615385 0.014423076923076924 0.02403846153846154
0 0.35336538461538464 0.4579326923076923 0.014423076923076924 0.019230769230769232
0 0.6790865384615384 0.47115384615384615 0.009615384615384616 0.019230769230769232
0 0.4567307692307692 0.4639423076923077 0.014423076923076924 0.02403846153846154
0 0.6490384615384616 0.4699519230769231 0.009615384615384616 0.019230769230769232
0 0.39903846153846156 0.46153846153846156 0.014423076923076924 0.02403846153846154
0 0.6935096153846154 0.4723557692307692 0.014423076923076924 0.02403846153846154
0 0.38341346153846156 0.4639423076923077 0.009615384615384616 0.014423076923076924
0 0.2980769230769231 0.46033653846153844 0.014423076923076924 0.014423076923076924
0 0.32091346153846156 0.46153846153846156 0.014423076923076924 0.02403846153846154
0 0.7391826923076923 0.47836538461538464 0.014423076923076924 0.028846153846153848
0 0.3605769230769231 0.4651442307692308 0.009615384615384616 0.02403846153846154
0 0.3088942307692308 0.46274038461538464 0.014423076923076924 0.019230769230769232
0 0.5661057692307693 0.4723557692307692 0.014423076923076924 0.02403846153846154
0 0.5384615384615384 0.47115384615384615 0.014423076923076924 0.019230769230769232
0 0.47596153846153844 0.46875 0.014423076923076924 0.02403846153846154
0 0.7283653846153846 0.4807692307692308 0.014423076923076924 0.028846153846153848
0 0.8858173076923077 0.4879807692307692 0.014423076923076924 0.028846153846153848
0 0.5913461538461539 0.47836538461538464 0.014423076923076924 0.02403846153846154
0 0.4182692307692308 0.4723557692307692 0.009615384615384616 0.02403846153846154
0 0.6814903846153846 0.4807692307692308 0.014423076923076924 0.02403846153846154
0 0.6009615384615384 0.4807692307692308 0.014423076923076924 0.02403846153846154
0 0.3389423076923077 0.47115384615384615 0.009615384615384616 0.02403846153846154
0 0.45072115384615385 0.47596153846153844 0.009615384615384616 0.019230769230769232
0 0.5288461538461539 0.4807692307692308 0.014423076923076924 0.02403846153846154
0 0.5733173076923077 0.48197115384615385 0.014423076923076924 0.02403846153846154
0 0.07572115384615384 0.4651442307692308 0.014423076923076924 0.02403846153846154
0 0.1814903846153846 0.47115384615384615 0.019230769230769232 0.02403846153846154
0 0.6899038461538461 0.4891826923076923 0.014423076923076924 0.02403846153846154
0 0.42908653846153844 0.4795673076923077 0.014423076923076924 0.02403846153846154
0 0.40865384615384615 0.47836538461538464 0.009615384615384616 0.02403846153846154
0 0.6430288461538461 0.48677884615384615 0.014423076923076924 0.028846153846153848
0 0.48677884615384615 0.48197115384615385 0.014423076923076924 0.02403846153846154
0 0.22115384615384615 0.47475961538461536 0.014423076923076924 0.02403846153846154
0 0.36899038461538464 0.4795673076923077 0.014423076923076924 0.02403846153846154
0 0.5024038461538461 0.484375 0.014423076923076924 0.03365384615384615
0 0.3918269230769231 0.4807692307692308 0.009615384615384616 0.028846153846153848
0 0.43990384615384615 0.48197115384615385 0.009615384615384616 0.02403846153846154
0 0.2536057692307692 0.47716346153846156 0.014423076923076924 0.019230769230769232
0 0.23677884615384615 0.47596153846153844 0.014423076923076924 0.028846153846153848
0 0.7199519230769231 0.49278846153846156 0.014423076923076924 0.02403846153846154
0 0.5396634615384616 0.48677884615384615 0.009615384615384616 0.02403846153846154
0 0.29086538461538464 0.47836538461538464 0.014423076923076924 0.02403846153846154
0 0.6274038461538461 0.49278846153846156 0.014423076923076924 0.028846153846153848
0 0.45552884615384615 0.48677884615384615 0.014423076923076924 0.028846153846153848
0 0.35216346153846156 0.4855769230769231 0.014423076923076924 0.02403846153846154
0 0.38221153846153844 0.48677884615384615 0.014423076923076924 0.03365384615384615
0 0.3004807692307692 0.4831730769230769 0.014423076923076924 0.02403846153846154
0 0.042067307692307696 0.4795673076923077 0.014423076923076924 0.02403846153846154
0 0.6802884615384616 0.5012019230769231 0.014423076923076924 0.028846153846153848
0 0.7644230769230769 0.5048076923076923 0.014423076923076924 0.03365384615384615
0 0.515625 0.4951923076923077 0.014423076923076924 0.028846153846153848
0 0.6129807692307693 0.4987980769230769 0.019230769230769232 0.028846153846153848
0 0.5480769230769231 0.4963942307692308 0.014423076923076924 0.028846153846153848
0 0.39783653846153844 0.49158653846153844 0.014423076923076924 0.02403846153846154
0 0.2704326923076923 0.4891826923076923 0.014423076923076924 0.014423076923076924
0 0.24519230769230768 0.49399038461538464 0.019230769230769232 0.02403846153846154
0 0.3245192307692308 0.4963942307692308 0.014423076923076924 0.028846153846153848
0 0.5769230769230769 0.5048076923076923 0.014423076923076924 0.02403846153846154
0 0.44711538461538464 0.5024038461538461 0.014423076923076924 0.02403846153846154
0 0.7247596153846154 0.5132211538461539 0.009615384615384616 0.02403846153846154
0 0.057692307692307696 0.4891826923076923 0.019230769230769232 0.03365384615384615
0 0.4855769230769231 0.5048076923076923 0.014423076923076924 0.03365384615384615
0 0.2848557692307692 0.5 0.014423076923076924 0.019230769230769232
0 0.4230769230769231 0.5048076923076923 0.014423076923076924 0.028846153846153848
0 0.14543269230769232 0.49759615384615385 0.019230769230769232 0.038461538461538464
0 0.36538461538461536 0.5048076923076923 0.014423076923076924 0.028846153846153848
0 0.1971153846153846 0.5012019230769231 0.019230769230769232 0.038461538461538464
0 0.75 0.5204326923076923 0.019230769230769232 0.028846153846153848
0 0.4699519230769231 0.5108173076923077 0.014423076923076924 0.028846153846153848
0 0.30528846153846156 0.5048076923076923 0.014423076923076924 0.02403846153846154
0 0.03485576923076923 0.49759615384615385 0.02403846153846154 0.03365384615384615
0 0.5805288461538461 0.5168269230769231 0.014423076923076924 0.019230769230769232
0 0.3473557692307692 0.5108173076923077 0.019230769230769232 0.03365384615384615
0 0.21514423076923078 0.5060096153846154 0.014423076923076924 0.028846153846153848
0 0.5384615384615384 0.5192307692307693 0.019230769230769232 0.04326923076923077
0 0.109375 0.5072115384615384 0.02403846153846154 0.028846153846153848
0 0.6814903846153846 0.5288461538461539 0.019230769230769232 0.028846153846153848
0 0.6262019230769231 0.5276442307692307 0.014423076923076924 0.028846153846153848
0 0.24879807692307693 0.5144230769230769 0.014423076923076924 0.03365384615384615
0 0.07211538461538461 0.5084134615384616 0.019230769230769232 0.03365384615384615
0 0.8064903846153846 0.5336538461538461 0.014423076923076924 0.02403846153846154
0 0.3894230769230769 0.5216346153846154 0.019230769230769232 0.019230769230769232
0 0.2644230769230769 0.5168269230769231 0.014423076923076924 0.02403846153846154
0 0.8233173076923077 0.5384615384615384 0.019230769230769232 0.038461538461538464
0 0.15865384615384615 0.515625 0.014423076923076924 0.028846153846153848
0 0.7043269230769231 0.5348557692307693 0.014423076923076924 0.028846153846153848
0 0.5132211538461539 0.5276442307692307 0.019230769230769232 0.03365384615384615
0 0.28365384615384615 0.5204326923076923 0.014423076923076924 0.03365384615384615
0 0.7512019230769231 0.5384615384615384 0.014423076923076924 0.03365384615384615
0 0.7716346153846154 0.5396634615384616 0.014423076923076924 0.019230769230769232
0 0.7259615384615384 0.5384615384615384 0.014423076923076924 0.028846153846153848
0 0.65625 0.5360576923076923 0.014423076923076924 0.028846153846153848
0 0.5961538461538461 0.5336538461538461 0.014423076923076924 0.028846153846153848
0 0.4411057692307692 0.5276442307692307 0.014423076923076924 0.02403846153846154
0 0.3112980769230769 0.5240384615384616 0.014423076923076924 0.03365384615384615
0 0.42908653846153844 0.5324519230769231 0.014423076923076924 0.028846153846153848
0 0.27403846153846156 0.5288461538461539 0.014423076923076924 0.019230769230769232
0 0.6935096153846154 0.5444711538461539 0.014423076923076924 0.02403846153846154
0 0.1658653846153846 0.5276442307692307 0.014423076923076924 0.03365384615384615
0 0.3737980769230769 0.5372596153846154 0.02403846153846154 0.02403846153846154
0 0.8858173076923077 0.5576923076923077 0.014423076923076924 0.03365384615384615
0 0.47836538461538464 0.5432692307692307 0.019230769230769232 0.028846153846153848
0 0.10336538461538461 0.5300480769230769 0.02403846153846154 0.04326923076923077
0 0.796875 0.5552884615384616 0.019230769230769232 0.03365384615384615
0 0.734375 0.5528846153846154 0.019230769230769232 0.038461538461538464
0 0.6442307692307693 0.5492788461538461 0.014423076923076924 0.02403846153846154
0 0.18389423076923078 0.5360576923076923 0.014423076923076924 0.02403846153846154
0 0.40625 0.5432692307692307 0.019230769230769232 0.038461538461538464
0 0.5516826923076923 0.5504807692307693 0.019230769230769232 0.038461538461538464
0 0.021634615384615384 0.5336538461538461 0.019230769230769232 0.038461538461538464
0 0.578125 0.5552884615384616 0.019230769230769232 0.04807692307692308
0 0.12139423076923077 0.5396634615384616 0.019230769230769232 0.028846153846153848
0 0.15144230769230768 0.5456730769230769 0.014423076923076924 0.028846153846153848
0 0.7776442307692307 0.5673076923076923 0.019230769230769232 0.028846153846153848
0 0.8076923076923077 0.5709134615384616 0.019230769230769232 0.04326923076923077
0 0.08052884615384616 0.5456730769230769 0.019230769230769232 0.04326923076923077
0 0.38822115384615385 0.5564903846153846 0.019230769230769232 0.03365384615384615
0 0.6201923076923077 0.5673076923076923 0.019230769230769232 0.028846153846153848
0 0.8449519230769231 0.5745192307692307 0.02403846153846154 0.04807692307692308
0 0.44711538461538464 0.5612980769230769 0.014423076923076924 0.03365384615384615
0 0.24519230769230768 0.5540865384615384 0.014423076923076924 0.02403846153846154
0 0.21995192307692307 0.5528846153846154 0.019230769230769232 0.03365384615384615
0 0.47475961538461536 0.5637019230769231 0.019230769230769232 0.03365384615384615
0 0.6826923076923077 0.5709134615384616 0.02403846153846154 0.038461538461538464
0 0.6598557692307693 0.5733173076923077 0.019230769230769232 0.038461538461538464
0 0.5132211538461539 0.5673076923076923 0.014423076923076924 0.028846153846153848
0 0.25240384615384615 0.5612980769230769 0.014423076923076924 0.019230769230769232
0 0.140625 0.5625 0.019230769230769232 0.028846153846153848
0 0.875 0.5877403846153846 0.02403846153846154 0.04326923076923077
0 0.5252403846153846 0.5757211538461539 0.014423076923076924 0.019230769230769232
0 0.5901442307692307 0.5805288461538461 0.014423076923076924 0.028846153846153848
0 0.640625 0.5829326923076923 0.019230769230769232 0.03365384615384615
0 0.32572115384615385 0.5745192307692307 0.02403846153846154 0.038461538461538464
0 0.3473557692307692 0.578125 0.019230769230769232 0.04326923076923077
0 0.7439903846153846 0.59375 0.02403846153846154 0.04807692307692308
0 0.17067307692307693 0.5757211538461539 0.019230769230769232 0.028846153846153848
0 0.40625 0.5841346153846154 0.014423076923076924 0.028846153846153848
0 0.36538461538461536 0.5829326923076923 0.02403846153846154 0.04326923076923077
0 0.19471153846153846 0.5793269230769231 0.019230769230769232 0.03365384615384615
0 0.5264423076923077 0.59375 0.019230769230769232 0.03365384615384615
0 0.4987980769230769 0.5925480769230769 0.019230769230769232 0.028846153846153848
0 0.421875 0.5901442307692307 0.019230769230769232 0.03365384615384615
0 0.6189903846153846 0.5973557692307693 0.02403846153846154 0.03365384615384615
0 0.296875 0.5877403846153846 0.02403846153846154 0.03365384615384615
0 0.28125 0.5877403846153846 0.019230769230769232 0.04326923076923077
0 0.7560096153846154 0.6033653846153846 0.019230769230769232 0.038461538461538464
0 0.44591346153846156 0.5949519230769231 0.019230769230769232 0.03365384615384615
0 0.8918269230769231 0.6129807692307693 0.019230769230769232 0.038461538461538464
0 0.22115384615384615 0.5901442307692307 0.019230769230769232 0.038461538461538464
0 0.010817307692307692 0.5829326923076923 0.019230769230769232 0.038461538461538464
0 0.859375 0.6165865384615384 0.028846153846153848 0.04326923076923077
0 0.6935096153846154 0.6117788461538461 0.02403846153846154 0.04326923076923077
0 0.14903846153846154 0.5949519230769231 0.019230769230769232 0.028846153846153848
0 0.4639423076923077 0.6057692307692307 0.019230769230769232 0.038461538461538464
0 0.0889423076923077 0.5949519230769231 0.02403846153846154 0.03365384615384615
0 0.5060096153846154 0.6105769230769231 0.02403846153846154 0.04326923076923077
0 0.5913461538461539 0.6141826923076923 0.019230769230769232 0.038461538461538464
0 0.16105769230769232 0.5985576923076923 0.014423076923076924 0.02403846153846154
0 0.24639423076923078 0.6045673076923077 0.019230769230769232 0.04326923076923077
0 0.7103365384615384 0.625 0.019230769230769232 0.03365384615384615
0 0.3894230769230769 0.6165865384615384 0.02403846153846154 0.038461538461538464
0 0.8125 0.6358173076923077 0.03365384615384615 0.06490384615384616
0 0.3401442307692308 0.6213942307692307 0.019230769230769232 0.03365384615384615
0 0.09495192307692307 0.6153846153846154 0.028846153846153848 0.04807692307692308
0 0.6622596153846154 0.6358173076923077 0.02403846153846154 0.04807692307692308
0 0.04567307692307692 0.6141826923076923 0.02403846153846154 0.04807692307692308
0 0.2980769230769231 0.625 0.019230769230769232 0.038461538461538464
0 0.7704326923076923 0.6442307692307693 0.028846153846153848 0.04326923076923077
0 0.5420673076923077 0.6358173076923077 0.02403846153846154 0.04326923076923077
0 0.9278846153846154 0.6514423076923077 0.02403846153846154 0.05048076923076923
0 0.35216346153846156 0.6322115384615384 0.014423076923076924 0.02403846153846154
0 0.6105769230769231 0.6430288461538461 0.02403846153846154 0.04326923076923077
0 0.27283653846153844 0.6310096153846154 0.019230769230769232 0.03365384615384615
0 0.4651442307692308 0.6382211538461539 0.019230769230769232 0.04326923076923077
0 0.1622596153846154 0.6310096153846154 0.02403846153846154 0.04326923076923077
0 0.4074519230769231 0.6394230769230769 0.019230769230769232 0.04326923076923077
0 0.13581730769230768 0.6298076923076923 0.028846153846153848 0.04326923076923077
0 0.015625 0.6286057692307693 0.02403846153846154 0.04807692307692308
0 0.578125 0.6502403846153846 0.02403846153846154 0.038461538461538464
0 0.6454326923076923 0.6550480769230769 0.02403846153846154 0.04326923076923077
0 0.8870192307692307 0.6658653846153846 0.02403846153846154 0.055288461538461536
0 0.43990384615384615 0.6526442307692307 0.019230769230769232 0.04326923076923077
0 0.9459134615384616 0.6730769230769231 0.02403846153846154 0.04326923076923077
0 0.5120192307692307 0.6598557692307693 0.02403846153846154 0.04807692307692308
0 0.3137019230769231 0.6538461538461539 0.028846153846153848 0.04326923076923077
0 0.08533653846153846 0.6454326923076923 0.028846153846153848 0.04326923076923077
0 0.38100961538461536 0.65625 0.02403846153846154 0.04807692307692308
0 0.4543269230769231 0.6610576923076923 0.019230769230769232 0.04326923076923077
0 0.96875 0.6814903846153846 0.014423076923076924 0.02403846153846154
0 0.5588942307692307 0.6694711538461539 0.02403846153846154 0.04807692307692308
0 0.6334134615384616 0.6742788461538461 0.02403846153846154 0.04807692307692308
0 0.234375 0.6598557692307693 0.03365384615384615 0.055288461538461536
0 0.036057692307692304 0.65625 0.028846153846153848 0.055288461538461536
0 0.35096153846153844 0.6670673076923077 0.02403846153846154 0.05048076923076923
0 0.20192307692307693 0.6622596153846154 0.02403846153846154 0.05048076923076923
0 0.7163461538461539 0.6802884615384616 0.028846153846153848 0.05048076923076923
0 0.6814903846153846 0.6887019230769231 0.04567307692307692 0.07932692307692307
0 0.1045673076923077 0.6742788461538461 0.019230769230769232 0.05048076923076923
0 0.7824519230769231 0.6971153846153846 0.028846153846153848 0.06009615384615385
0 0.42427884615384615 0.6875 0.02403846153846154 0.04807692307692308
0 0.054086538461538464 0.6766826923076923 0.019230769230769232 0.055288461538461536
0 0.5673076923076923 0.6971153846153846 0.028846153846153848 0.04807692307692308
0 0.1466346153846154 0.6826923076923077 0.02403846153846154 0.05048076923076923
0 0.2824519230769231 0.6899038461538461 0.028846153846153848 0.05048076923076923
0 0.3701923076923077 0.6947115384615384 0.028846153846153848 0.04807692307692308
0 0.6274038461538461 0.7103365384615384 0.04326923076923077 0.028846153846153848
0 0.3173076923076923 0.7019230769230769 0.028846153846153848 0.04326923076923077
0 0.578125 0.7103365384615384 0.028846153846153848 0.06490384615384616
0 0.07572115384615384 0.6959134615384616 0.02403846153846154 0.05048076923076923
0 0.9459134615384616 0.7259615384615384 0.03365384615384615 0.05048076923076923
0 0.25721153846153844 0.7019230769230769 0.028846153846153848 0.04807692307692308
0 0.09254807692307693 0.703125 0.019230769230769232 0.06490384615384616
0 0.5348557692307693 0.71875 0.02403846153846154 0.05048076923076923
0 0.5961538461538461 0.7283653846153846 0.02403846153846154 0.055288461538461536
0 0.3762019230769231 0.7259615384615384 0.019230769230769232 0.028846153846153848
0 0.44471153846153844 0.7307692307692307 0.028846153846153848 0.04326923076923077
0 0.42427884615384615 0.7295673076923077 0.019230769230769232 0.04326923076923077
0 0.14182692307692307 0.7235576923076923 0.028846153846153848 0.055288461538461536
0 0.03365384615384615 0.7199519230769231 0.03365384615384615 0.06009615384615385
0 0.7536057692307693 0.7439903846153846 0.038461538461538464 0.0673076923076923
0 0.4891826923076923 0.7355769230769231 0.028846153846153848 0.03365384615384615
0 0.4014423076923077 0.7367788461538461 0.028846153846153848 0.05048076923076923
0 0.29927884615384615 0.7379807692307693 0.038461538461538464 0.0673076923076923
0 0.6189903846153846 0.7572115384615384 0.028846153846153848 0.055288461538461536
0 0.7884615384615384 0.7704326923076923 0.040865384615384616 0.07211538461538461
0 0.6959134615384616 0.7716346153846154 0.038461538461538464 0.057692307692307696
0 0.9302884615384616 0.7884615384615384 0.040865384615384616 0.08413461538461539
0 0.06009615384615385 0.7572115384615384 0.028846153846153848 0.04807692307692308
0 0.8149038461538461 0.7836538461538461 0.05048076923076923 0.08413461538461539
0 0.11538461538461539 0.7644230769230769 0.03365384615384615 0.05048076923076923
0 0.44591346153846156 0.7764423076923077 0.03365384615384615 0.06009615384615385
0 0.002403846153846154 0.7644230769230769 0.004807692307692308 0.038461538461538464
0 0.8605769230769231 0.7980769230769231 0.04567307692307692 0.07692307692307693
0 0.21153846153846154 0.7884615384615384 0.04326923076923077 0.0673076923076923
0 0.359375 0.7932692307692307 0.040865384615384616 0.07211538461538461
0 0.026442307692307692 0.7860576923076923 0.028846153846153848 0.055288461538461536
0 0.07692307692307693 0.8028846153846154 0.038461538461538464 0.0673076923076923
0 0.44711538461538464 0.8209134615384616 0.028846153846153848 0.06490384615384616
0 0.48197115384615385 0.8245192307692307 0.05048076923076923 0.09375
0 0.11658653846153846 0.8149038461538461 0.03365384615384615 0.055288461538461536
0 0.2704326923076923 0.828125 0.04326923076923077 0.052884615384615384
0 0.003605769230769231 0.8233173076923077 0.007211538461538462 0.06009615384615385
0 0.5480769230769231 0.8425480769230769 0.04567307692307692 0.07932692307692307
0 0.04567307692307692 0.8245192307692307 0.036057692307692304 0.07451923076923077
0 0.9182692307692307 0.8617788461538461 0.05048076923076923 0.08413461538461539
0 0.27524038461538464 0.8497596153846154 0.038461538461538464 0.04326923076923077
0 0.15865384615384615 0.8653846153846154 0.04567307692307692 0.07692307692307693
0 0.9747596153846154 0.9038461538461539 0.026442307692307692 0.06971153846153846
0 0.36899038461538464 0.8846153846153846 0.04567307692307692 0.07692307692307693
0 0.4170673076923077 0.8882211538461539 0.040865384615384616 0.0889423076923077
0 0.27524038461538464 0.9074519230769231 0.04567307692307692 0.07211538461538461
0 0.31009615384615385 0.9134615384615384 0.0625 0.10336538461538461
0 0.09254807692307693 0.9074519230769231 0.03365384615384615 0.06490384615384616
0 0.009615384615384616 0.921875 0.019230769230769232 0.07451923076923077
0 0.8329326923076923 0.9507211538461539 0.055288461538461536 0.0985576923076923
0 0.3545673076923077 0.9471153846153846 0.05048076923076923 0.07932692307692307
0 0.7475961538461539 0.9567307692307693 0.052884615384615384 0.08653846153846154
0 0.12740384615384615 0.9447115384615384 0.04567307692307692 0.07932692307692307
0 0.23677884615384615 0.9591346153846154 0.038461538461538464 0.0625