0 0.8052884615384616 0.07211538461538461 0.028846153846153848 0.040865384615384616
0 0.4495192307692308 0.11177884615384616 0.03365384615384615 0.04567307692307692
0 0.5084134615384616 0.10817307692307693 0.028846153846153848 0.038461538461538464
0 0.8846153846153846 0.06971153846153846 0.038461538461538464 0.04807692307692308
0 0.5901442307692307 0.10216346153846154 0.036057692307692304 0.040865384615384616
0 0.25 0.14423076923076922 0.028846153846153848 0.038461538461538464
0 0.5420673076923077 0.11538461538461539 0.028846153846153848 0.040865384615384616
0 0.28846153846153844 0.1466346153846154 0.03125 0.04807692307692308
0 0.08413461538461539 0.171875 0.03125 0.038461538461538464
0 0.3894230769230769 0.14302884615384615 0.03125 0.04807692307692308
0 0.14423076923076922 0.1778846153846154 0.03365384615384615 0.038461538461538464
0 0.9507211538461539 0.09495192307692307 0.02403846153846154 0.04567307692307692
0 0.3173076923076923 0.17548076923076922 0.03125 0.04567307692307692
0 0.17908653846153846 0.04807692307692308 0.021634615384615384 0.036057692307692304
0 0.5408653846153846 0.18269230769230768 0.03365384615384615 0.04567307692307692
0 0.14783653846153846 0.22596153846153846 0.028846153846153848 0.04567307692307692
0 0.6225961538461539 0.18870192307692307 0.038461538461538464 0.05048076923076923
0 0.27283653846153844 0.042067307692307696 0.03365384615384615 0.04326923076923077
0 0.019230769230769232 0.265625 0.026442307692307692 0.04807692307692308
0 0.3245192307692308 0.23557692307692307 0.03365384615384615 0.04326923076923077
0 0.2620192307692308 0.24759615384615385 0.03365384615384615 0.052884615384615384
0 0.46875 0.2283653846153846 0.03125 0.04807692307692308
0 0.4026442307692308 0.23557692307692307 0.028846153846153848 0.04567307692307692
0 0.09014423076923077 0.27163461538461536 0.028846153846153848 0.038461538461538464
0 0.8401442307692307 0.19591346153846154 0.03125 0.04807692307692308
0 0.9326923076923077 0.1875 0.038461538461538464 0.04567307692307692
0 0.3401442307692308 0.038461538461538464 0.03365384615384615 0.04326923076923077
0 0.7584134615384616 0.2127403846153846 0.036057692307692304 0.04807692307692308
0 0.16346153846153846 0.2800480769230769 0.03125 0.05048076923076923
0 0.4987980769230769 0.25 0.036057692307692304 0.05048076923076923
0 0.12620192307692307 0.29447115384615385 0.03125 0.04807692307692308
0 0.8762019230769231 0.22115384615384615 0.038461538461538464 0.04807692307692308
0 0.0673076923076923 0.3088942307692308 0.028846153846153848 0.04326923076923077
0 0.010817307692307692 0.31850961538461536 0.021634615384615384 0.05048076923076923
0 0.5817307692307693 0.25961538461538464 0.02403846153846154 0.036057692307692304
0 0.8305288461538461 0.24158653846153846 0.03125 0.040865384615384616
0 0.6634615384615384 0.27403846153846156 0.02403846153846154 0.038461538461538464
0 0.21514423076923078 0.32211538461538464 0.036057692307692304 0.03125
0 0.7403846153846154 0.27524038461538464 0.03125 0.04326923076923077
0 0.8137019230769231 0.27283653846153844 0.028846153846153848 0.038461538461538464
0 0.640625 0.2920673076923077 0.03125 0.040865384615384616
0 0.3425480769230769 0.3233173076923077 0.038461538461538464 0.04326923076923077
0 0.4951923076923077 0.3125 0.028846153846153848 0.026442307692307692
0 0.7776442307692307 0.2848557692307692 0.03125 0.038461538461538464
0 0.9435096153846154 0.26802884615384615 0.026442307692307692 0.036057692307692304
0 0.0625 0.3641826923076923 0.03365384615384615 0.04567307692307692
0 0.38822115384615385 0.3329326923076923 0.04567307692307692 0.04326923076923077
0 0.30649038461538464 0.3425480769230769 0.038461538461538464 0.040865384615384616
0 0.21995192307692307 0.3581730769230769 0.028846153846153848 0.04567307692307692
0 0.27283653846153844 0.35336538461538464 0.03125 0.04567307692307692
0 0.003605769230769231 0.3870192307692308 0.007211538461538462 0.057692307692307696
0 0.12379807692307693 0.38100961538461536 0.028846153846153848 0.03125
0 0.6947115384615384 0.3233173076923077 0.03125 0.03125
0 0.14423076923076922 0.38341346153846156 0.036057692307692304 0.04326923076923077
0 0.5036057692307693 0.3485576923076923 0.03125 0.04326923076923077
0 0.9615384615384616 0.30528846153846156 0.028846153846153848 0.028846153846153848
0 0.33774038461538464 0.375 0.038461538461538464 0.05048076923076923
0 0.39663461538461536 0.37259615384615385 0.03365384615384615 0.038461538461538464
0 0.1971153846153846 0.3942307692307692 0.03125 0.05048076923076923
0 0.29086538461538464 0.38461538461538464 0.036057692307692304 0.036057692307692304
0 0.7860576923076923 0.3329326923076923 0.038461538461538464 0.04326923076923077
0 0.6466346153846154 0.3545673076923077 0.038461538461538464 0.055288461538461536
0 0.46153846153846156 0.38221153846153844 0.028846153846153848 0.055288461538461536
0 0.6862980769230769 0.36778846153846156 0.03365384615384615 0.055288461538461536
0 0.36899038461538464 0.40384615384615385 0.03365384615384615 0.04567307692307692
0 0.9723557692307693 0.34375 0.03365384615384615 0.055288461538461536
0 0.2932692307692308 0.421875 0.040865384615384616 0.057692307692307696
0 0.44711538461538464 0.41225961538461536 0.038461538461538464 0.06009615384615385
0 0.7920673076923077 0.38461538461538464 0.03365384615384615 0.055288461538461536
0 0.171875 0.4543269230769231 0.03125 0.04807692307692308
0 0.11057692307692307 0.46274038461538464 0.03125 0.05048076923076923
0 0.5576923076923077 0.4170673076923077 0.038461538461538464 0.052884615384615384
0 0.6454326923076923 0.41346153846153844 0.04326923076923077 0.055288461538461536
0 0.5961538461538461 0.42427884615384615 0.038461538461538464 0.055288461538461536
0 0.23677884615384615 0.46274038461538464 0.038461538461538464 0.04326923076923077
0 0.7247596153846154 0.41947115384615385 0.03365384615384615 0.055288461538461536
0 0.7608173076923077 0.4170673076923077 0.04326923076923077 0.0625
0 0.9543269230769231 0.40024038461538464 0.03365384615384615 0.04807692307692308
0 0.8677884615384616 0.4110576923076923 0.036057692307692304 0.040865384615384616
0 0.27884615384615385 0.48197115384615385 0.036057692307692304 0.04807692307692308
0 0.37740384615384615 0.48197115384615385 0.038461538461538464 0.057692307692307696
0 0.84375 0.4338942307692308 0.036057692307692304 0.06009615384615385
0 0.7920673076923077 0.44591346153846156 0.040865384615384616 0.040865384615384616
0 0.30649038461538464 0.5 0.04326923076923077 0.05048076923076923
0 0.43028846153846156 0.49278846153846156 0.040865384615384616 0.06009615384615385
0 0.9170673076923077 0.4423076923076923 0.04326923076923077 0.057692307692307696
0 0.984375 0.4411057692307692 0.026442307692307692 0.06009615384615385
0 0.5588942307692307 0.48677884615384615 0.038461538461538464 0.04567307692307692
0 0.171875 0.5336538461538461 0.040865384615384616 0.06009615384615385
0 0.6790865384615384 0.484375 0.04326923076923077 0.06971153846153846
0 0.2091346153846154 0.5336538461538461 0.036057692307692304 0.040865384615384616
0 0.08173076923076923 0.5516826923076923 0.04326923076923077 0.057692307692307696
0 0.28125 0.5336538461538461 0.038461538461538464 0.057692307692307696
0 0.6382211538461539 0.49759615384615385 0.040865384615384616 0.06971153846153846
0 0.2439903846153846 0.5384615384615384 0.036057692307692304 0.055288461538461536
0 0.5456730769230769 0.5144230769230769 0.038461538461538464 0.03125
0 0.9627403846153846 0.4723557692307692 0.040865384615384616 0.03125
0 0.036057692307692304 0.5733173076923077 0.040865384615384616 0.057692307692307696
0 0.3112980769230769 0.546875 0.040865384615384616 0.052884615384615384
0 0.13341346153846154 0.5709134615384616 0.036057692307692304 0.038461538461538464
0 0.36658653846153844 0.5588942307692307 0.05048076923076923 0.07692307692307693
0 0.4423076923076923 0.5516826923076923 0.04326923076923077 0.055288461538461536
0 0.5036057692307693 0.5552884615384616 0.038461538461538464 0.0625
0 0.8137019230769231 0.5240384615384616 0.05048076923076923 0.04567307692307692
0 0.9579326923076923 0.515625 0.04326923076923077 0.055288461538461536
0 0.5372596153846154 0.5649038461538461 0.0625 0.07692307692307693
0 0.25841346153846156 0.5949519230769231 0.052884615384615384 0.06490384615384616
0 0.4014423076923077 0.5817307692307693 0.04326923076923077 0.06490384615384616
0 0.20793269230769232 0.6033653846153846 0.040865384615384616 0.04807692307692308
0 0.48197115384615385 0.5793269230769231 0.04326923076923077 0.07211538461538461
0 0.1346153846153846 0.625 0.04567307692307692 0.0625
0 0.7271634615384616 0.5685096153846154 0.052884615384615384 0.07211538461538461
0 0.6033653846153846 0.5961538461538461 0.040865384615384616 0.0625
0 0.19471153846153846 0.640625 0.04567307692307692 0.057692307692307696
0 0.4326923076923077 0.6153846153846154 0.05048076923076923 0.07211538461538461
0 0.8016826923076923 0.578125 0.057692307692307696 0.06009615384615385
0 0.6911057692307693 0.6021634615384616 0.05048076923076923 0.07451923076923077
0 0.020432692307692308 0.6754807692307693 0.014423076923076924 0.05048076923076923
0 0.9411057692307693 0.5829326923076923 0.040865384615384616 0.0625
0 0.3088942307692308 0.6502403846153846 0.052884615384615384 0.07211538461538461
0 0.2403846153846154 0.6634615384615384 0.05048076923076923 0.07692307692307693
0 0.5805288461538461 0.6322115384615384 0.04807692307692308 0.07451923076923077
0 0.17668269230769232 0.6923076923076923 0.05048076923076923 0.06490384615384616
0 0.9759615384615384 0.6081730769230769 0.04807692307692308 0.07692307692307693
0 0.2920673076923077 0.6826923076923077 0.04567307692307692 0.07692307692307693
0 0.8209134615384616 0.6514423076923077 0.05048076923076923 0.06490384615384616
0 0.5492788461538461 0.6899038461538461 0.04807692307692308 0.06971153846153846
0 0.1502403846153846 0.75 0.05048076923076923 0.0889423076923077
0 0.6995192307692307 0.6971153846153846 0.055288461538461536 0.06490384615384616
0 0.4735576923076923 0.7259615384615384 0.057692307692307696 0.07451923076923077
0 0.06610576923076923 0.05048076923076923 0.019230769230769232 0.016826923076923076
0 0.11778846153846154 0.04567307692307692 0.019230769230769232 0.016826923076923076
0 0.3425480769230769 0.09615384615384616 0.028846153846153848 0.04326923076923077
0 0.7043269230769231 0.057692307692307696 0.03125 0.05048076923076923
0 0.9447115384615384 0.03365384615384615 0.021634615384615384 0.040865384615384616
0 0.6658653846153846 0.07692307692307693 0.036057692307692304 0.055288461538461536
0 0.08052884615384616 0.13942307692307693 0.028846153846153848 0.028846153846153848