0 0.6754807692307693 0.5240384615384616 0.009615384615384616 0.019230769230769232
0 0.6153846153846154 0.5300480769230769 0.019230769230769232 0.02403846153846154
0 0.7151442307692307 0.53125 0.014423076923076924 0.028846153846153848
0 0.7019230769230769 0.53125 0.009615384615384616 0.019230769230769232
0 0.6862980769230769 0.5336538461538461 0.014423076923076924 0.019230769230769232
0 0.6935096153846154 0.5360576923076923 0.009615384615384616 0.019230769230769232
0 0.5733173076923077 0.5384615384615384 0.014423076923076924 0.03365384615384615
0 0.6382211538461539 0.5396634615384616 0.014423076923076924 0.019230769230769232
0 0.6586538461538461 0.5444711538461539 0.009615384615384616 0.019230769230769232
0 0.6742788461538461 0.5516826923076923 0.014423076923076924 0.019230769230769232
0 0.7415865384615384 0.5540865384615384 0.009615384615384616 0.019230769230769232
0 0.5216346153846154 0.5600961538461539 0.019230769230769232 0.03365384615384615
0 0.5841346153846154 0.5588942307692307 0.014423076923076924 0.014423076923076924
0 0.5492788461538461 0.5637019230769231 0.014423076923076924 0.019230769230769232
0 0.703125 0.5637019230769231 0.004807692307692308 0.02403846153846154
0 0.7259615384615384 0.5637019230769231 0.014423076923076924 0.019230769230769232
0 0.5757211538461539 0.5661057692307693 0.009615384615384616 0.019230769230769232
0 0.65625 0.5649038461538461 0.014423076923076924 0.02403846153846154
0 0.7091346153846154 0.5661057692307693 0.004807692307692308 0.028846153846153848
0 0.5336538461538461 0.5697115384615384 0.014423076923076924 0.028846153846153848
0 0.5060096153846154 0.5697115384615384 0.014423076923076924 0.019230769230769232
0 0.6959134615384616 0.5661057692307693 0.019230769230769232 0.028846153846153848
0 0.5588942307692307 0.5709134615384616 0.009615384615384616 0.028846153846153848
0 0.765625 0.5697115384615384 0.019230769230769232 0.019230769230769232
0 0.5913461538461539 0.5757211538461539 0.014423076923076924 0.019230769230769232
0 0.6490384615384616 0.578125 0.014423076923076924 0.019230769230769232
0 0.6730769230769231 0.5769230769230769 0.014423076923076924 0.028846153846153848
0 0.4387019230769231 0.5841346153846154 0.019230769230769232 0.04326923076923077
0 0.7415865384615384 0.5805288461538461 0.019230769230769232 0.028846153846153848
0 0.40625 0.5865384615384616 0.019230769230769232 0.03365384615384615
0 0.5733173076923077 0.5865384615384616 0.014423076923076924 0.02403846153846154
0 0.47596153846153844 0.5877403846153846 0.014423076923076924 0.02403846153846154
0 0.5540865384615384 0.5913461538461539 0.019230769230769232 0.028846153846153848
0 0.4855769230769231 0.5925480769230769 0.019230769230769232 0.02403846153846154
0 0.71875 0.5913461538461539 0.014423076923076924 0.02403846153846154
0 0.5012019230769231 0.5949519230769231 0.014423076923076924 0.038461538461538464
0 0.35096153846153844 0.5973557692307693 0.019230769230769232 0.028846153846153848
0 0.7692307692307693 0.5925480769230769 0.014423076923076924 0.028846153846153848
0 0.78125 0.5949519230769231 0.019230769230769232 0.038461538461538464
0 0.6009615384615384 0.5985576923076923 0.019230769230769232 0.028846153846153848
0 0.6153846153846154 0.6021634615384616 0.019230769230769232 0.019230769230769232
0 0.6514423076923077 0.6021634615384616 0.019230769230769232 0.03365384615384615
0 0.5721153846153846 0.609375 0.019230769230769232 0.028846153846153848
0 0.5877403846153846 0.609375 0.019230769230769232 0.019230769230769232
0 0.2824519230769231 0.6165865384615384 0.019230769230769232 0.038461538461538464
0 0.6670673076923077 0.6153846153846154 0.019230769230769232 0.03365384615384615
0 0.42427884615384615 0.6189903846153846 0.019230769230769232 0.038461538461538464
0 0.7427884615384616 0.6177884615384616 0.019230769230769232 0.03365384615384615
0 0.7247596153846154 0.6213942307692307 0.019230769230769232 0.03365384615384615
0 0.48197115384615385 0.625 0.019230769230769232 0.03365384615384615
0 0.6225961538461539 0.625 0.019230769230769232 0.03365384615384615
0 0.45552884615384615 0.6286057692307693 0.019230769230769232 0.038461538461538464
0 0.4675480769230769 0.6274038461538461 0.019230769230769232 0.038461538461538464
0 0.5252403846153846 0.6274038461538461 0.02403846153846154 0.05048076923076923
0 0.6394230769230769 0.6298076923076923 0.019230769230769232 0.04326923076923077
0 0.8028846153846154 0.6298076923076923 0.02403846153846154 0.04326923076923077
0 0.6045673076923077 0.6322115384615384 0.019230769230769232 0.028846153846153848
0 0.4951923076923077 0.6346153846153846 0.019230769230769232 0.03365384615384615
0 0.7043269230769231 0.6310096153846154 0.019230769230769232 0.019230769230769232
0 0.5649038461538461 0.6382211538461539 0.02403846153846154 0.028846153846153848
0 0.171875 0.6490384615384616 0.02403846153846154 0.04807692307692308
0 0.12980769230769232 0.6514423076923077 0.02403846153846154 0.04326923076923077
0 0.3798076923076923 0.6502403846153846 0.02403846153846154 0.06009615384615385
0 0.6995192307692307 0.6490384615384616 0.02403846153846154 0.028846153846153848
0 0.3629807692307692 0.6574519230769231 0.019230769230769232 0.04326923076923077
0 0.5552884615384616 0.6586538461538461 0.019230769230769232 0.04326923076923077
0 0.421875 0.6610576923076923 0.02403846153846154 0.038461538461538464
0 0.7848557692307693 0.6550480769230769 0.02403846153846154 0.04326923076923077
0 0.6430288461538461 0.6622596153846154 0.02403846153846154 0.038461538461538464
0 0.6947115384615384 0.6634615384615384 0.02403846153846154 0.03365384615384615
0 0.7247596153846154 0.6634615384615384 0.02403846153846154 0.05048076923076923
0 0.33052884615384615 0.671875 0.019230769230769232 0.04807692307692308
0 0.671875 0.6694711538461539 0.02403846153846154 0.04326923076923077
0 0.6129807692307693 0.6694711538461539 0.028846153846153848 0.04807692307692308
0 0.5108173076923077 0.6730769230769231 0.02403846153846154 0.038461538461538464
0 0.44350961538461536 0.6766826923076923 0.038461538461538464 0.055288461538461536
0 0.8233173076923077 0.671875 0.02403846153846154 0.04326923076923077
0 0.20673076923076922 0.6875 0.03365384615384615 0.05048076923076923
0 0.8040865384615384 0.6802884615384616 0.019230769230769232 0.038461538461538464
0 0.84375 0.6887019230769231 0.02403846153846154 0.04326923076923077
0 0.41346153846153844 0.6959134615384616 0.019230769230769232 0.038461538461538464
0 0.6911057692307693 0.6935096153846154 0.019230769230769232 0.04326923076923077
0 0.7560096153846154 0.6947115384615384 0.019230769230769232 0.028846153846153848
0 0.5432692307692307 0.7007211538461539 0.02403846153846154 0.04326923076923077
0 0.35336538461538464 0.7055288461538461 0.019230769230769232 0.055288461538461536
0 0.5961538461538461 0.7043269230769231 0.02403846153846154 0.055288461538461536
0 0.49158653846153844 0.7055288461538461 0.019230769230769232 0.04326923076923077
0 0.6814903846153846 0.7067307692307693 0.038461538461538464 0.04807692307692308
0 0.2956730769230769 0.7163461538461539 0.019230769230769232 0.04326923076923077
0 0.27163461538461536 0.71875 0.02403846153846154 0.03365384615384615
0 0.17908653846153846 0.7331730769230769 0.028846153846153848 0.055288461538461536
0 0.7331730769230769 0.7307692307692307 0.028846153846153848 0.04807692307692308
0 0.7512019230769231 0.7295673076923077 0.02403846153846154 0.04326923076923077
0 0.5180288461538461 0.734375 0.028846153846153848 0.055288461538461536
0 0.8016826923076923 0.7307692307692307 0.028846153846153848 0.05048076923076923
0 0.9014423076923077 0.7331730769230769 0.03365384615384615 0.06009615384615385
0 0.7728365384615384 0.7403846153846154 0.03365384615384615 0.04326923076923077
0 0.9675480769230769 0.7391826923076923 0.057692307692307696 0.0889423076923077
0 0.6766826923076923 0.7536057692307693 0.03365384615384615 0.04807692307692308
0 0.5444711538461539 0.7716346153846154 0.02403846153846154 0.055288461538461536
0 0.3942307692307692 0.7824519230769231 0.028846153846153848 0.055288461538461536
0 0.3269230769230769 0.7908653846153846 0.03365384615384615 0.06009615384615385
0 0.1971153846153846 0.8052884615384616 0.03365384615384615 0.05048076923076923
0 0.7247596153846154 0.8016826923076923 0.028846153846153848 0.06009615384615385
0 0.8798076923076923 0.7992788461538461 0.03365384615384615 0.07932692307692307
0 0.5829326923076923 0.8040865384615384 0.04326923076923077 0.055288461538461536
0 0.018028846153846152 0.8161057692307693 0.02403846153846154 0.06971153846153846
0 0.6514423076923077 0.8221153846153846 0.038461538461538464 0.06490384615384616
0 0.8112980769230769 0.8221153846153846 0.04326923076923077 0.05048076923076923
0 0.17307692307692307 0.84375 0.03365384615384615 0.06490384615384616
0 0.12620192307692307 0.8461538461538461 0.04326923076923077 0.06971153846153846
0 0.6033653846153846 0.84375 0.052884615384615384 0.08413461538461539
0 0.24158653846153846 0.8521634615384616 0.019230769230769232 0.06009615384615385
0 0.3581730769230769 0.8569711538461539 0.038461538461538464 0.07932692307692307
0 0.20552884615384615 0.8653846153846154 0.052884615384615384 0.07451923076923077
0 0.4639423076923077 0.8713942307692307 0.038461538461538464 0.055288461538461536
0 0.10096153846153846 0.8798076923076923 0.052884615384615384 0.0889423076923077
0 0.36778846153846156 0.9050480769230769 0.038461538461538464 0.06490384615384616
0 0.8173076923076923 0.8990384615384616 0.03365384615384615 0.06490384615384616
0 0.49278846153846156 0.9122596153846154 0.03365384615384615 0.06009615384615385
0 0.4074519230769231 0.9435096153846154 0.0625 0.0985576923076923
0 0.5300480769230769 0.9831730769230769 0.04807692307692308 0.03365384615384615