0 0.7175480769230769 0.4074519230769231 0.042067307692307696 0.05048076923076923
0 0.640625 0.4254807692307692 0.037259615384615384 0.05048076923076923
0 0.12980769230769232 0.43509615384615385 0.02283653846153846 0.027644230769230768
0 0.0625 0.4375 0.014423076923076924 0.018028846153846152
0 0.7980769230769231 0.43990384615384615 0.027644230769230768 0.042067307692307696
0 0.018028846153846152 0.44711538461538464 0.018028846153846152 0.02283653846153846
0 0.765625 0.4519230769230769 0.027644230769230768 0.042067307692307696
0 0.4254807692307692 0.453125 0.014423076923076924 0.018028846153846152
0 0.078125 0.453125 0.009615384615384616 0.018028846153846152
0 0.38221153846153844 0.45552884615384615 0.018028846153846152 0.02283653846153846
0 0.11538461538461539 0.4579326923076923 0.02283653846153846 0.027644230769230768
0 0.08533653846153846 0.46274038461538464 0.009615384615384616 0.014423076923076924
0 0.004807692307692308 0.4651442307692308 0.009615384615384616 0.03245192307692308
0 0.15745192307692307 0.4675480769230769 0.018028846153846152 0.037259615384615384
0 0.359375 0.4699519230769231 0.014423076923076924 0.018028846153846152
0 0.203125 0.4699519230769231 0.018028846153846152 0.018028846153846152
0 0.2800480769230769 0.4723557692307692 0.018028846153846152 0.02283653846153846
0 0.35216346153846156 0.4723557692307692 0.009615384615384616 0.014423076923076924
0 0.13942307692307693 0.4723557692307692 0.018028846153846152 0.03245192307692308
0 0.009615384615384616 0.47475961538461536 0.014423076923076924 0.02283653846153846
0 0.22956730769230768 0.47475961538461536 0.018028846153846152 0.027644230769230768
0 0.265625 0.47475961538461536 0.009615384615384616 0.018028846153846152
0 0.41466346153846156 0.47716346153846156 0.014423076923076924 0.02283653846153846
0 0.0673076923076923 0.4795673076923077 0.02283653846153846 0.03245192307692308
0 0.3269230769230769 0.4795673076923077 0.014423076923076924 0.018028846153846152
0 0.30528846153846156 0.4795673076923077 0.014423076923076924 0.014423076923076924
0 0.2403846153846154 0.48197115384615385 0.014423076923076924 0.018028846153846152
0 0.004807692307692308 0.48197115384615385 0.009615384615384616 0.018028846153846152
0 0.4423076923076923 0.484375 0.009615384615384616 0.014423076923076924
0 0.28966346153846156 0.484375 0.018028846153846152 0.02283653846153846
0 0.125 0.4855769230769231 0.014423076923076924 0.03245192307692308
0 0.4651442307692308 0.4855769230769231 0.018028846153846152 0.02283653846153846
0 0.2548076923076923 0.4855769230769231 0.02283653846153846 0.027644230769230768
0 0.10697115384615384 0.4879807692307692 0.018028846153846152 0.027644230769230768
0 0.1778846153846154 0.4879807692307692 0.009615384615384616 0.02283653846153846
0 0.37740384615384615 0.4879807692307692 0.009615384615384616 0.018028846153846152
0 0.31971153846153844 0.49038461538461536 0.018028846153846152 0.027644230769230768
0 0.4230769230769231 0.49038461538461536 0.018028846153846152 0.02283653846153846
0 0.2127403846153846 0.49278846153846156 0.02283653846153846 0.027644230769230768
0 0.9651442307692307 0.4951923076923077 0.018028846153846152 0.027644230769230768
0 0.35697115384615385 0.4951923076923077 0.027644230769230768 0.037259615384615384
0 0.39783653846153844 0.4951923076923077 0.02283653846153846 0.027644230769230768
0 0.43509615384615385 0.4951923076923077 0.018028846153846152 0.027644230769230768
0 0.2824519230769231 0.5 0.02283653846153846 0.03245192307692308
0 0.45552884615384615 0.5 0.018028846153846152 0.018028846153846152
0 0.9879807692307693 0.5 0.018028846153846152 0.018028846153846152
0 0.037259615384615384 0.5048076923076923 0.018028846153846152 0.037259615384615384
0 0.9519230769230769 0.5048076923076923 0.018028846153846152 0.027644230769230768
0 0.30288461538461536 0.5072115384615384 0.014423076923076924 0.027644230769230768
0 0.4098557692307692 0.5096153846153846 0.018028846153846152 0.027644230769230768
0 0.44711538461538464 0.5096153846153846 0.014423076923076924 0.018028846153846152
0 0.007211538461538462 0.5120192307692307 0.014423076923076924 0.027644230769230768
0 0.3701923076923077 0.5144230769230769 0.014423076923076924 0.02283653846153846
0 0.7199519230769231 0.5144230769230769 0.03245192307692308 0.042067307692307696
0 0.3269230769230769 0.515625 0.014423076923076924 0.018028846153846152
0 0.26802884615384615 0.5180288461538461 0.02283653846153846 0.027644230769230768
0 0.8605769230769231 0.5180288461538461 0.014423076923076924 0.018028846153846152
0 0.4254807692307692 0.5204326923076923 0.014423076923076924 0.02283653846153846
0 0.9795673076923077 0.5252403846153846 0.018028846153846152 0.02283653846153846
0 0.31971153846153844 0.5252403846153846 0.018028846153846152 0.027644230769230768
0 0.30288461538461536 0.5372596153846154 0.02283653846153846 0.037259615384615384
0 0.8497596153846154 0.5444711538461539 0.014423076923076924 0.02283653846153846
0 0.45552884615384615 0.5576923076923077 0.02283653846153846 0.027644230769230768
0 0.17548076923076922 0.5600961538461539 0.027644230769230768 0.03245192307692308
0 0.390625 0.5625 0.018028846153846152 0.018028846153846152
0 0.14543269230769232 0.5769230769230769 0.03245192307692308 0.042067307692307696
0 0.8569711538461539 0.5805288461538461 0.014423076923076924 0.018028846153846152
0 0.3870192307692308 0.5925480769230769 0.02283653846153846 0.037259615384615384
0 0.8701923076923077 0.6069711538461539 0.014423076923076924 0.014423076923076924
0 0.8629807692307693 0.6201923076923077 0.014423076923076924 0.018028846153846152