0 0.22596153846153846 0.2800480769230769 0.07692307692307693 0.1201923076923077
0 0.734375 0.29927884615384615 0.057692307692307696 0.09375
0 0.34615384615384615 0.3112980769230769 0.07692307692307693 0.11778846153846154
0 0.45913461538461536 0.3269230769230769 0.0673076923076923 0.11778846153846154
0 0.6983173076923077 0.38822115384615385 0.07211538461538461 0.13942307692307693
0 0.5697115384615384 0.3870192307692308 0.07692307692307693 0.13942307692307693
0 0.8545673076923077 0.4266826923076923 0.07451923076923077 0.12740384615384615
0 0.15745192307692307 0.41466346153846156 0.0889423076923077 0.13221153846153846
0 0.24879807692307693 0.421875 0.07932692307692307 0.14903846153846154
0 0.7884615384615384 0.5420673076923077 0.0889423076923077 0.12259615384615384
0 0.4675480769230769 0.5516826923076923 0.08413461538461539 0.13221153846153846
0 0.31850961538461536 0.6081730769230769 0.07932692307692307 0.14182692307692307