0 0.1201923076923077 0.38341346153846156 0.0625 0.09615384615384616
0 0.9423076923076923 0.3858173076923077 0.019230769230769232 0.019230769230769232
0 0.9543269230769231 0.3954326923076923 0.016826923076923076 0.02403846153846154
0 0.2644230769230769 0.4519230769230769 0.019230769230769232 0.028846153846153848
0 0.8894230769230769 0.4050480769230769 0.016826923076923076 0.02403846153846154
0 0.9867788461538461 0.4014423076923077 0.007211538461538462 0.028846153846153848
0 0.5132211538461539 0.4338942307692308 0.01201923076923077 0.019230769230769232
0 0.3269230769230769 0.44711538461538464 0.016826923076923076 0.019230769230769232
0 0.8774038461538461 0.4110576923076923 0.016826923076923076 0.02403846153846154
0 0.9759615384615384 0.40384615384615385 0.01201923076923077 0.02403846153846154
0 0.7451923076923077 0.4230769230769231 0.01201923076923077 0.019230769230769232
0 0.8557692307692307 0.41466346153846156 0.019230769230769232 0.019230769230769232
0 0.9098557692307693 0.4110576923076923 0.016826923076923076 0.019230769230769232
0 0.7680288461538461 0.42788461538461536 0.019230769230769232 0.02403846153846154
0 0.8353365384615384 0.4206730769230769 0.016826923076923076 0.019230769230769232
0 0.7920673076923077 0.42427884615384615 0.01201923076923077 0.019230769230769232
0 0.8185096153846154 0.42908653846153844 0.016826923076923076 0.02403846153846154
0 0.6634615384615384 0.4375 0.01201923076923077 0.019230769230769232
0 0.8088942307692307 0.43149038461538464 0.016826923076923076 0.019230769230769232
0 0.3954326923076923 0.47475961538461536 0.019230769230769232 0.019230769230769232
0 0.28846153846153844 0.4963942307692308 0.004807692307692308 0.009615384615384616
0 0.359375 0.49399038461538464 0.009615384615384616 0.014423076923076924
0 0.5588942307692307 0.4807692307692308 0.009615384615384616 0.004807692307692308
0 0.42908653846153844 0.4891826923076923 0.009615384615384616 0.014423076923076924
0 0.4567307692307692 0.48677884615384615 0.009615384615384616 0.014423076923076924
0 0.4206730769230769 0.49158653846153844 0.009615384615384616 0.009615384615384616
0 0.7091346153846154 0.4735576923076923 0.004807692307692308 0.014423076923076924
0 0.546875 0.484375 0.014423076923076924 0.014423076923076924
0 0.2403846153846154 0.5060096153846154 0.009615384615384616 0.014423076923076924
0 0.7211538461538461 0.4723557692307692 0.009615384615384616 0.014423076923076924
0 0.6935096153846154 0.47475961538461536 0.01201923076923077 0.02403846153846154
0 0.484375 0.4891826923076923 0.009615384615384616 0.014423076923076924
0 0.44471153846153844 0.4963942307692308 0.009615384615384616 0.014423076923076924
0 0.6009615384615384 0.4831730769230769 0.009615384615384616 0.009615384615384616
0 0.47836538461538464 0.49158653846153844 0.004807692307692308 0.009615384615384616
0 0.27283653846153844 0.5060096153846154 0.009615384615384616 0.009615384615384616
0 0.8064903846153846 0.46875 0.016826923076923076 0.019230769230769232
0 0.4963942307692308 0.49038461538461536 0.004807692307692308 0.009615384615384616
0 0.6466346153846154 0.4795673076923077 0.009615384615384616 0.009615384615384616
0 0.038461538461538464 0.5252403846153846 0.009615384615384616 0.014423076923076924
0 0.453125 0.4963942307692308 0.009615384615384616 0.014423076923076924
0 0.028846153846153848 0.5252403846153846 0.009615384615384616 0.014423076923076924
0 0.30528846153846156 0.5060096153846154 0.009615384615384616 0.014423076923076924
0 0.31490384615384615 0.5060096153846154 0.009615384615384616 0.014423076923076924
0 0.5721153846153846 0.49038461538461536 0.004807692307692308 0.009615384615384616
0 0.5793269230769231 0.48677884615384615 0.004807692307692308 0.014423076923076924
0 0.6358173076923077 0.4831730769230769 0.004807692307692308 0.014423076923076924
0 0.8581730769230769 0.4723557692307692 0.014423076923076924 0.014423076923076924
0 0.4699519230769231 0.49759615384615385 0.007211538461538462 0.019230769230769232
0 0.7139423076923077 0.4807692307692308 0.016826923076923076 0.019230769230769232
0 0.7512019230769231 0.47716346153846156 0.016826923076923076 0.019230769230769232
0 0.4651442307692308 0.49759615384615385 0.004807692307692308 0.009615384615384616
0 0.6117788461538461 0.48677884615384615 0.004807692307692308 0.009615384615384616
0 0.5949519230769231 0.4879807692307692 0.016826923076923076 0.019230769230769232
0 0.6983173076923077 0.4807692307692308 0.01201923076923077 0.019230769230769232
0 0.9735576923076923 0.46634615384615385 0.016826923076923076 0.019230769230769232
0 0.8161057692307693 0.47836538461538464 0.016826923076923076 0.019230769230769232
0 0.4951923076923077 0.5 0.009615384615384616 0.009615384615384616
0 0.9543269230769231 0.46634615384615385 0.016826923076923076 0.02403846153846154
0 0.5600961538461539 0.49399038461538464 0.009615384615384616 0.014423076923076924
0 0.6201923076923077 0.4891826923076923 0.009615384615384616 0.014423076923076924
0 0.8389423076923077 0.47836538461538464 0.014423076923076924 0.014423076923076924
0 0.6298076923076923 0.49038461538461536 0.01201923076923077 0.019230769230769232
0 0.47716346153846156 0.5012019230769231 0.01201923076923077 0.019230769230769232
0 0.5048076923076923 0.5 0.01201923076923077 0.019230769230769232
0 0.421875 0.5084134615384616 0.009615384615384616 0.014423076923076924
0 0.3557692307692308 0.5144230769230769 0.016826923076923076 0.019230769230769232
0 0.8990384615384616 0.47716346153846156 0.016826923076923076 0.019230769230769232
0 0.29927884615384615 0.5216346153846154 0.014423076923076924 0.014423076923076924
0 0.8822115384615384 0.4807692307692308 0.016826923076923076 0.02403846153846154
0 0.5745192307692307 0.5048076923076923 0.01201923076923077 0.019230769230769232
0 0.2608173076923077 0.5288461538461539 0.009615384615384616 0.014423076923076924
0 0.27884615384615385 0.5252403846153846 0.009615384615384616 0.009615384615384616
0 0.45072115384615385 0.5132211538461539 0.01201923076923077 0.019230769230769232
0 0.33413461538461536 0.5216346153846154 0.009615384615384616 0.009615384615384616
0 0.8329326923076923 0.49158653846153844 0.009615384615384616 0.009615384615384616
0 0.8425480769230769 0.4879807692307692 0.009615384615384616 0.014423076923076924
0 0.8052884615384616 0.49399038461538464 0.009615384615384616 0.014423076923076924
0 0.9723557692307693 0.4831730769230769 0.019230769230769232 0.02403846153846154
0 0.25 0.5360576923076923 0.016826923076923076 0.019230769230769232
0 0.5817307692307693 0.5120192307692307 0.016826923076923076 0.019230769230769232
0 0.7019230769230769 0.5012019230769231 0.016826923076923076 0.02403846153846154
0 0.7944711538461539 0.4951923076923077 0.016826923076923076 0.02403846153846154
0 0.32091346153846156 0.5276442307692307 0.009615384615384616 0.014423076923076924
0 0.6033653846153846 0.5108173076923077 0.01201923076923077 0.019230769230769232
0 0.7475961538461539 0.4987980769230769 0.016826923076923076 0.02403846153846154
0 0.8701923076923077 0.49158653846153844 0.01201923076923077 0.019230769230769232
0 0.34375 0.5288461538461539 0.01201923076923077 0.019230769230769232
0 0.5612980769230769 0.5132211538461539 0.01201923076923077 0.019230769230769232
0 0.4182692307692308 0.5240384615384616 0.01201923076923077 0.019230769230769232
0 0.6141826923076923 0.5096153846153846 0.016826923076923076 0.028846153846153848
0 0.6382211538461539 0.5108173076923077 0.016826923076923076 0.02403846153846154
0 0.6935096153846154 0.5072115384615384 0.007211538461538462 0.02403846153846154
0 0.3786057692307692 0.5288461538461539 0.016826923076923076 0.02403846153846154
0 0.8185096153846154 0.5012019230769231 0.016826923076923076 0.019230769230769232
0 0.8605769230769231 0.49759615384615385 0.016826923076923076 0.019230769230769232
0 0.9206730769230769 0.4963942307692308 0.016826923076923076 0.02403846153846154
0 0.4675480769230769 0.5276442307692307 0.016826923076923076 0.02403846153846154
0 0.3329326923076923 0.5372596153846154 0.016826923076923076 0.02403846153846154
0 0.3954326923076923 0.5348557692307693 0.01201923076923077 0.019230769230769232
0 0.29447115384615385 0.5420673076923077 0.01201923076923077 0.019230769230769232
0 0.43028846153846156 0.5300480769230769 0.016826923076923076 0.02403846153846154
0 0.5516826923076923 0.5216346153846154 0.009615384615384616 0.014423076923076924
0 0.2776442307692308 0.5432692307692307 0.016826923076923076 0.019230769230769232
0 0.484375 0.5288461538461539 0.01201923076923077 0.019230769230769232
0 0.7668269230769231 0.5096153846153846 0.02403846153846154 0.028846153846153848
0 0.5276442307692307 0.5252403846153846 0.016826923076923076 0.019230769230769232
0 0.4423076923076923 0.53125 0.01201923076923077 0.019230769230769232
0 0.35697115384615385 0.5396634615384616 0.014423076923076924 0.014423076923076924
0 0.31971153846153844 0.5456730769230769 0.016826923076923076 0.019230769230769232
0 0.9759615384615384 0.5060096153846154 0.02403846153846154 0.02403846153846154
0 0.8978365384615384 0.5144230769230769 0.016826923076923076 0.028846153846153848
0 0.8076923076923077 0.5180288461538461 0.019230769230769232 0.03365384615384615
0 0.3858173076923077 0.5504807692307693 0.016826923076923076 0.019230769230769232
0 0.9399038461538461 0.5144230769230769 0.016826923076923076 0.02403846153846154
0 0.34375 0.5552884615384616 0.016826923076923076 0.02403846153846154
0 0.9278846153846154 0.5180288461538461 0.01201923076923077 0.02403846153846154
0 0.6730769230769231 0.5384615384615384 0.036057692307692304 0.057692307692307696
0 0.5384615384615384 0.5480769230769231 0.016826923076923076 0.019230769230769232
0 0.2536057692307692 0.5649038461538461 0.01201923076923077 0.02403846153846154
0 0.6237980769230769 0.5396634615384616 0.019230769230769232 0.02403846153846154
0 0.43149038461538464 0.5552884615384616 0.014423076923076924 0.009615384615384616
0 0.7199519230769231 0.5348557692307693 0.019230769230769232 0.028846153846153848
0 0.4831730769230769 0.5564903846153846 0.016826923076923076 0.028846153846153848
0 0.5805288461538461 0.5564903846153846 0.016826923076923076 0.02403846153846154
0 0.2692307692307692 0.5793269230769231 0.019230769230769232 0.03365384615384615
0 0.7067307692307693 0.5504807692307693 0.021634615384615384 0.038461538461538464
0 0.4170673076923077 0.5709134615384616 0.019230769230769232 0.028846153846153848
0 0.5444711538461539 0.5649038461538461 0.016826923076923076 0.03365384615384615
0 0.9855769230769231 0.5360576923076923 0.019230769230769232 0.028846153846153848
0 0.8509615384615384 0.5480769230769231 0.040865384615384616 0.0625
0 0.34134615384615385 0.5829326923076923 0.016826923076923076 0.02403846153846154
0 0.38341346153846156 0.5829326923076923 0.026442307692307692 0.038461538461538464
0 0.9459134615384616 0.5432692307692307 0.02403846153846154 0.019230769230769232
0 0.45552884615384615 0.5805288461538461 0.019230769230769232 0.03365384615384615
0 0.9050480769230769 0.5492788461538461 0.026442307692307692 0.04326923076923077
0 0.6502403846153846 0.5661057692307693 0.016826923076923076 0.02403846153846154
0 0.6394230769230769 0.5673076923076923 0.019230769230769232 0.03365384615384615
0 0.5180288461538461 0.5793269230769231 0.026442307692307692 0.04326923076923077
0 0.7427884615384616 0.5637019230769231 0.02403846153846154 0.03365384615384615
0 0.29086538461538464 0.5949519230769231 0.016826923076923076 0.02403846153846154
0 0.6237980769230769 0.5745192307692307 0.026442307692307692 0.038461538461538464
0 0.5564903846153846 0.5841346153846154 0.021634615384615384 0.038461538461538464
0 0.9579326923076923 0.5661057692307693 0.03365384615384615 0.028846153846153848
0 0.9927884615384616 0.5637019230769231 0.014423076923076924 0.05048076923076923
0 0.5 0.6045673076923077 0.026442307692307692 0.04326923076923077
0 0.6129807692307693 0.6129807692307693 0.036057692307692304 0.04807692307692308
0 0.7956730769230769 0.6069711538461539 0.03125 0.052884615384615384
0 0.2776442307692308 0.6478365384615384 0.03125 0.04326923076923077
0 0.35096153846153844 0.6538461538461539 0.026442307692307692 0.038461538461538464
0 0.44350961538461536 0.6550480769230769 0.026442307692307692 0.04326923076923077
0 0.5612980769230769 0.6586538461538461 0.03125 0.04807692307692308
0 0.375 0.671875 0.026442307692307692 0.04807692307692308
0 0.9699519230769231 0.6298076923076923 0.04807692307692308 0.07692307692307693
0 0.484375 0.6742788461538461 0.03125 0.04326923076923077
0 0.9855769230769231 0.7512019230769231 0.028846153846153848 0.13221153846153846
0 0.3269230769230769 0.8581730769230769 0.06490384615384616 0.09134615384615384
0 0.6670673076923077 0.8389423076923077 0.07211538461538461 0.11057692307692307