0 0.9230769230769231 0.203125 0.009615384615384616 0.019230769230769232
0 0.9098557692307693 0.203125 0.009615384615384616 0.019230769230769232
0 0.9651442307692307 0.20192307692307693 0.019230769230769232 0.02403846153846154
0 0.8798076923076923 0.21033653846153846 0.009615384615384616 0.014423076923076924
0 0.8377403846153846 0.21394230769230768 0.014423076923076924 0.019230769230769232
0 0.8954326923076923 0.21514423076923078 0.009615384615384616 0.02403846153846154
0 0.8858173076923077 0.21514423076923078 0.009615384615384616 0.019230769230769232
0 0.8497596153846154 0.21634615384615385 0.009615384615384616 0.014423076923076924
0 0.8305288461538461 0.22115384615384615 0.004807692307692308 0.014423076923076924
0 0.7896634615384616 0.22235576923076922 0.009615384615384616 0.009615384615384616
0 0.8197115384615384 0.22596153846153846 0.009615384615384616 0.019230769230769232
0 0.8125 0.22596153846153846 0.009615384615384616 0.009615384615384616
0 0.8004807692307693 0.22716346153846154 0.009615384615384616 0.014423076923076924
0 0.8497596153846154 0.2283653846153846 0.009615384615384616 0.014423076923076924
0 0.7800480769230769 0.22956730769230768 0.009615384615384616 0.014423076923076924
0 0.8774038461538461 0.2283653846153846 0.014423076923076924 0.014423076923076924
0 0.7403846153846154 0.23076923076923078 0.004807692307692308 0.004807692307692308
0 0.8028846153846154 0.23317307692307693 0.004807692307692308 0.014423076923076924
0 0.75 0.23557692307692307 0.004807692307692308 0.009615384615384616
0 0.7896634615384616 0.23557692307692307 0.014423076923076924 0.019230769230769232
0 0.7632211538461539 0.23557692307692307 0.009615384615384616 0.019230769230769232
0 0.7055288461538461 0.23677884615384615 0.004807692307692308 0.009615384615384616
0 0.8846153846153846 0.23557692307692307 0.02403846153846154 0.02403846153846154
0 0.7379807692307693 0.23918269230769232 0.004807692307692308 0.014423076923076924
0 0.6971153846153846 0.23918269230769232 0.009615384615384616 0.014423076923076924
0 0.7704326923076923 0.2403846153846154 0.014423076923076924 0.019230769230769232
0 0.6899038461538461 0.24158653846153846 0.004807692307692308 0.014423076923076924
0 0.7451923076923077 0.24278846153846154 0.004807692307692308 0.014423076923076924
0 0.8052884615384616 0.24759615384615385 0.014423076923076924 0.019230769230769232
0 0.7079326923076923 0.24879807692307693 0.009615384615384616 0.009615384615384616
0 0.6622596153846154 0.25 0.009615384615384616 0.009615384615384616
0 0.6478365384615384 0.25 0.009615384615384616 0.009615384615384616
0 0.7271634615384616 0.24879807692307693 0.014423076923076924 0.014423076923076924
0 0.7307692307692307 0.24879807692307693 0.009615384615384616 0.014423076923076924
0 0.6346153846153846 0.2548076923076923 0.004807692307692308 0.014423076923076924
0 0.6201923076923077 0.2548076923076923 0.009615384615384616 0.014423076923076924
0 0.8365384615384616 0.25600961538461536 0.019230769230769232 0.028846153846153848
0 0.8918269230769231 0.25841346153846156 0.02403846153846154 0.02403846153846154
0 0.6490384615384616 0.26802884615384615 0.019230769230769232 0.02403846153846154
0 0.6117788461538461 0.2704326923076923 0.019230769230769232 0.028846153846153848
0 0.6658653846153846 0.2704326923076923 0.014423076923076924 0.02403846153846154
0 0.7043269230769231 0.27403846153846156 0.019230769230769232 0.02403846153846154
0 0.5709134615384616 0.2764423076923077 0.014423076923076924 0.028846153846153848
0 0.4543269230769231 0.28846153846153844 0.004807692307692308 0.009615384615384616
0 0.7487980769230769 0.2848557692307692 0.019230769230769232 0.02403846153846154
0 0.53125 0.28966346153846156 0.014423076923076924 0.019230769230769232
0 0.6310096153846154 0.28725961538461536 0.019230769230769232 0.02403846153846154
0 0.4639423076923077 0.28966346153846156 0.009615384615384616 0.014423076923076924
0 0.6634615384615384 0.28966346153846156 0.019230769230769232 0.019230769230769232
0 0.5168269230769231 0.2920673076923077 0.014423076923076924 0.02403846153846154
0 0.5492788461538461 0.29086538461538464 0.014423076923076924 0.009615384615384616
0 0.41947115384615385 0.2956730769230769 0.009615384615384616 0.014423076923076924
0 0.6117788461538461 0.29447115384615385 0.019230769230769232 0.019230769230769232
0 0.40384615384615385 0.2980769230769231 0.009615384615384616 0.009615384615384616
0 0.7319711538461539 0.2932692307692308 0.02403846153846154 0.04326923076923077
0 0.3918269230769231 0.29927884615384615 0.009615384615384616 0.009615384615384616
0 0.6394230769230769 0.29447115384615385 0.019230769230769232 0.02403846153846154
0 0.4891826923076923 0.2980769230769231 0.019230769230769232 0.02403846153846154
0 0.7860576923076923 0.3004807692307692 0.02403846153846154 0.038461538461538464
0 0.3737980769230769 0.31009615384615385 0.004807692307692308 0.009615384615384616
0 0.5841346153846154 0.3161057692307692 0.02403846153846154 0.028846153846153848
0 0.6538461538461539 0.3173076923076923 0.02403846153846154 0.038461538461538464
0 0.609375 0.3173076923076923 0.02403846153846154 0.02403846153846154
0 0.49759615384615385 0.328125 0.03365384615384615 0.038461538461538464
0 0.3870192307692308 0.33052884615384615 0.02403846153846154 0.03365384615384615
0 0.37259615384615385 0.3329326923076923 0.014423076923076924 0.02403846153846154
0 0.5204326923076923 0.3329326923076923 0.02403846153846154 0.03365384615384615
0 0.5721153846153846 0.3317307692307692 0.028846153846153848 0.04326923076923077
0 0.24519230769230768 0.33774038461538464 0.009615384615384616 0.014423076923076924
0 0.21995192307692307 0.3401442307692308 0.004807692307692308 0.009615384615384616
0 0.3329326923076923 0.33774038461538464 0.014423076923076924 0.02403846153846154
0 0.22716346153846154 0.3401442307692308 0.004807692307692308 0.009615384615384616
0 0.41225961538461536 0.34134615384615385 0.028846153846153848 0.03365384615384615
0 0.2800480769230769 0.35336538461538464 0.014423076923076924 0.028846153846153848
0 0.3605769230769231 0.35216346153846156 0.014423076923076924 0.02403846153846154
0 0.6778846153846154 0.3485576923076923 0.05048076923076923 0.06009615384615385
0 0.14302884615384615 0.3581730769230769 0.004807692307692308 0.009615384615384616
0 0.2127403846153846 0.359375 0.019230769230769232 0.02403846153846154
0 0.11778846153846154 0.3641826923076923 0.004807692307692308 0.004807692307692308
0 0.20072115384615385 0.3641826923076923 0.019230769230769232 0.02403846153846154
0 0.125 0.36538461538461536 0.009615384615384616 0.014423076923076924
0 0.49759615384615385 0.3605769230769231 0.03365384615384615 0.04326923076923077
0 0.25 0.36538461538461536 0.019230769230769232 0.03365384615384615
0 0.265625 0.3641826923076923 0.009615384615384616 0.02403846153846154
0 0.09254807692307693 0.3701923076923077 0.004807692307692308 0.009615384615384616
0 0.09975961538461539 0.3701923076923077 0.004807692307692308 0.009615384615384616
0 0.07451923076923077 0.3701923076923077 0.004807692307692308 0.004807692307692308
0 0.3425480769230769 0.36778846153846156 0.028846153846153848 0.038461538461538464
0 0.0829326923076923 0.37259615384615385 0.004807692307692308 0.009615384615384616
0 0.3954326923076923 0.36778846153846156 0.028846153846153848 0.038461538461538464
0 0.17548076923076922 0.3713942307692308 0.028846153846153848 0.038461538461538464
0 0.2920673076923077 0.36899038461538464 0.02403846153846154 0.038461538461538464
0 0.04807692307692308 0.38341346153846156 0.014423076923076924 0.014423076923076924
0 0.06971153846153846 0.38221153846153844 0.009615384615384616 0.014423076923076924
0 0.125 0.3858173076923077 0.019230769230769232 0.028846153846153848
0 0.375 0.38461538461538464 0.03365384615384615 0.05048076923076923
0 0.6153846153846154 0.38221153846153844 0.04326923076923077 0.07451923076923077
0 0.23197115384615385 0.3918269230769231 0.03365384615384615 0.03365384615384615
0 0.057692307692307696 0.39783653846153844 0.019230769230769232 0.019230769230769232
0 0.11057692307692307 0.39783653846153844 0.028846153846153848 0.019230769230769232
0 0.010817307692307692 0.4014423076923077 0.014423076923076924 0.028846153846153848
0 0.08774038461538461 0.40024038461538464 0.02403846153846154 0.019230769230769232
0 0.15144230769230768 0.4014423076923077 0.019230769230769232 0.019230769230769232
0 0.026442307692307692 0.40384615384615385 0.019230769230769232 0.03365384615384615
0 0.04326923076923077 0.40865384615384615 0.02403846153846154 0.028846153846153848
0 0.05889423076923077 0.41225961538461536 0.009615384615384616 0.019230769230769232
0 0.5084134615384616 0.4074519230769231 0.04807692307692308 0.05048076923076923
0 0.1141826923076923 0.4170673076923077 0.028846153846153848 0.02403846153846154
0 0.13822115384615385 0.4182692307692308 0.028846153846153848 0.03365384615384615
0 0.8990384615384616 0.4074519230769231 0.057692307692307696 0.06971153846153846
0 0.06850961538461539 0.421875 0.02403846153846154 0.03365384615384615
0 0.19110576923076922 0.41947115384615385 0.04326923076923077 0.04326923076923077
0 0.2439903846153846 0.421875 0.03365384615384615 0.04807692307692308
0 0.7860576923076923 0.41225961538461536 0.05048076923076923 0.06009615384615385
0 0.3317307692307692 0.42788461538461536 0.052884615384615384 0.07451923076923077
0 0.2860576923076923 0.42908653846153844 0.03365384615384615 0.04326923076923077
0 0.0889423076923077 0.4326923076923077 0.038461538461538464 0.038461538461538464
0 0.16346153846153846 0.4579326923076923 0.04326923076923077 0.04807692307692308
0 0.07692307692307693 0.5072115384615384 0.05048076923076923 0.06490384615384616
0 0.9627403846153846 0.49399038461538464 0.07211538461538461 0.16346153846153846
0 0.4375 0.5288461538461539 0.07692307692307693 0.10336538461538461
0 0.27884615384615385 0.5408653846153846 0.0625 0.07932692307692307