0 0.5204326923076923 0.26322115384615385 0.019230769230769232 0.026442307692307692
0 0.44350961538461536 0.25841346153846156 0.03125 0.052884615384615384
0 0.4879807692307692 0.26322115384615385 0.026442307692307692 0.038461538461538464
0 0.07091346153846154 0.2403846153846154 0.04567307692307692 0.06971153846153846
0 0.42427884615384615 0.2644230769230769 0.021634615384615384 0.026442307692307692
0 0.5564903846153846 0.27403846153846156 0.019230769230769232 0.028846153846153848
0 0.5925480769230769 0.27884615384615385 0.014423076923076924 0.021634615384615384
0 0.11177884615384616 0.24759615384615385 0.02403846153846154 0.03125
0 0.31490384615384615 0.26322115384615385 0.028846153846153848 0.038461538461538464
0 0.6358173076923077 0.2848557692307692 0.019230769230769232 0.021634615384615384
0 0.27163461538461536 0.2608173076923077 0.026442307692307692 0.040865384615384616
0 0.46274038461538464 0.27403846153846156 0.014423076923076924 0.014423076923076924
0 0.5805288461538461 0.2824519230769231 0.019230769230769232 0.02403846153846154
0 0.6995192307692307 0.29086538461538464 0.021634615384615384 0.021634615384615384
0 0.546875 0.2824519230769231 0.02403846153846154 0.038461538461538464
0 0.3641826923076923 0.27283653846153844 0.03365384615384615 0.038461538461538464
0 0.7463942307692307 0.3004807692307692 0.03125 0.04807692307692308
0 0.17908653846153846 0.2620192307692308 0.028846153846153848 0.04807692307692308
0 0.22956730769230768 0.265625 0.019230769230769232 0.03365384615384615
0 0.6153846153846154 0.2920673076923077 0.021634615384615384 0.026442307692307692
0 0.5084134615384616 0.2860576923076923 0.021634615384615384 0.026442307692307692
0 0.5264423076923077 0.28846153846153844 0.019230769230769232 0.026442307692307692
0 0.040865384615384616 0.2608173076923077 0.038461538461538464 0.040865384615384616
0 0.39663461538461536 0.28966346153846156 0.02403846153846154 0.03125
0 0.5985576923076923 0.30408653846153844 0.026442307692307692 0.02403846153846154
0 0.47836538461538464 0.29927884615384615 0.038461538461538464 0.04807692307692308
0 0.16346153846153846 0.2800480769230769 0.03125 0.052884615384615384
0 0.21153846153846154 0.2848557692307692 0.021634615384615384 0.038461538461538464
0 0.7199519230769231 0.31971153846153844 0.036057692307692304 0.04567307692307692
0 0.29927884615384615 0.2920673076923077 0.040865384615384616 0.06490384615384616
0 0.9819711538461539 0.3389423076923077 0.036057692307692304 0.09615384615384616
0 0.25600961538461536 0.29086538461538464 0.026442307692307692 0.05048076923076923
0 0.8629807692307693 0.34134615384615385 0.036057692307692304 0.055288461538461536
0 0.5745192307692307 0.32572115384615385 0.026442307692307692 0.026442307692307692
0 0.3545673076923077 0.3137019230769231 0.03125 0.052884615384615384
0 0.4639423076923077 0.32211538461538464 0.036057692307692304 0.04567307692307692
0 0.65625 0.3401442307692308 0.06490384615384616 0.0889423076923077
0 0.8257211538461539 0.3557692307692308 0.038461538461538464 0.052884615384615384
0 0.7692307692307693 0.36778846153846156 0.055288461538461536 0.06971153846153846
0 0.8461538461538461 0.37740384615384615 0.03125 0.055288461538461536
0 0.6105769230769231 0.3641826923076923 0.040865384615384616 0.0625
0 0.8497596153846154 0.5228365384615384 0.052884615384615384 0.06971153846153846