0 0.44711538461538464 0.34134615384615385 0.004807692307692308 0.009615384615384616
0 0.4519230769230769 0.3425480769230769 0.004807692307692308 0.009615384615384616
0 0.4567307692307692 0.3449519230769231 0.004807692307692308 0.004807692307692308
0 0.4110576923076923 0.35096153846153844 0.009615384615384616 0.004807692307692308
0 0.42908653846153844 0.3545673076923077 0.004807692307692308 0.009615384615384616
0 0.41586538461538464 0.3581730769230769 0.004807692307692308 0.009615384615384616
0 0.4254807692307692 0.36177884615384615 0.004807692307692308 0.009615384615384616
0 0.39783653846153844 0.36658653846153844 0.009615384615384616 0.009615384615384616
0 0.4699519230769231 0.3605769230769231 0.004807692307692308 0.009615384615384616
0 0.43028846153846156 0.36538461538461536 0.004807692307692308 0.014423076923076924
0 0.390625 0.3701923076923077 0.009615384615384616 0.009615384615384616
0 0.41346153846153844 0.36899038461538464 0.004807692307692308 0.009615384615384616
0 0.41947115384615385 0.375 0.004807692307692308 0.014423076923076924
0 0.43149038461538464 0.375 0.004807692307692308 0.009615384615384616
0 0.44471153846153844 0.3786057692307692 0.009615384615384616 0.009615384615384616
0 0.40384615384615385 0.38341346153846156 0.009615384615384616 0.009615384615384616
0 0.4891826923076923 0.37740384615384615 0.004807692307692308 0.009615384615384616
0 0.3918269230769231 0.38461538461538464 0.009615384615384616 0.009615384615384616
0 0.38100961538461536 0.390625 0.009615384615384616 0.009615384615384616
0 0.3954326923076923 0.3918269230769231 0.009615384615384616 0.014423076923076924
0 0.4423076923076923 0.390625 0.009615384615384616 0.009615384615384616
0 0.43028846153846156 0.3942307692307692 0.009615384615384616 0.014423076923076924
0 0.47716346153846156 0.390625 0.009615384615384616 0.009615384615384616
0 0.4951923076923077 0.3894230769230769 0.016826923076923076 0.019230769230769232
0 0.4230769230769231 0.3954326923076923 0.009615384615384616 0.014423076923076924
0 0.4579326923076923 0.3954326923076923 0.009615384615384616 0.014423076923076924
0 0.4483173076923077 0.4014423076923077 0.004807692307692308 0.009615384615384616
0 0.46274038461538464 0.4026442307692308 0.004807692307692308 0.009615384615384616
0 0.3870192307692308 0.4098557692307692 0.009615384615384616 0.014423076923076924
0 0.40625 0.40865384615384615 0.009615384615384616 0.014423076923076924
0 0.4855769230769231 0.40384615384615385 0.009615384615384616 0.014423076923076924
0 0.47596153846153844 0.40865384615384615 0.004807692307692308 0.014423076923076924
0 0.46153846153846156 0.41225961538461536 0.004807692307692308 0.014423076923076924
0 0.4495192307692308 0.41586538461538464 0.004807692307692308 0.014423076923076924
0 0.41346153846153844 0.4182692307692308 0.01201923076923077 0.019230769230769232
0 0.3786057692307692 0.4230769230769231 0.01201923076923077 0.019230769230769232
0 0.42908653846153844 0.41947115384615385 0.009615384615384616 0.014423076923076924
0 0.36658653846153844 0.4266826923076923 0.009615384615384616 0.014423076923076924
0 0.4795673076923077 0.4206730769230769 0.009615384615384616 0.014423076923076924
0 0.4206730769230769 0.43028846153846156 0.009615384615384616 0.009615384615384616
0 0.5048076923076923 0.4326923076923077 0.009615384615384616 0.014423076923076924
0 0.44711538461538464 0.4387019230769231 0.009615384615384616 0.014423076923076924
0 0.36899038461538464 0.4519230769230769 0.016826923076923076 0.019230769230769232
0 0.4362980769230769 0.4495192307692308 0.016826923076923076 0.019230769230769232
0 0.4987980769230769 0.44711538461538464 0.009615384615384616 0.014423076923076924
0 0.45913461538461536 0.4543269230769231 0.014423076923076924 0.014423076923076924
0 0.41225961538461536 0.46153846153846156 0.016826923076923076 0.019230769230769232
0 0.40024038461538464 0.4651442307692308 0.016826923076923076 0.019230769230769232
0 0.4423076923076923 0.46634615384615385 0.01201923076923077 0.019230769230769232
0 0.35697115384615385 0.47475961538461536 0.016826923076923076 0.019230769230769232
0 0.4579326923076923 0.4723557692307692 0.016826923076923076 0.019230769230769232
0 0.5348557692307693 0.4675480769230769 0.016826923076923076 0.019230769230769232
0 0.4338942307692308 0.47716346153846156 0.014423076923076924 0.014423076923076924
0 0.42427884615384615 0.47716346153846156 0.01201923076923077 0.019230769230769232
0 0.48677884615384615 0.47596153846153844 0.009615384615384616 0.014423076923076924
0 0.4963942307692308 0.47475961538461536 0.016826923076923076 0.019230769230769232
0 0.34615384615384615 0.4855769230769231 0.016826923076923076 0.019230769230769232
0 0.4483173076923077 0.4831730769230769 0.016826923076923076 0.019230769230769232
0 0.41586538461538464 0.4855769230769231 0.016826923076923076 0.019230769230769232
0 0.4338942307692308 0.4891826923076923 0.016826923076923076 0.019230769230769232
0 0.4543269230769231 0.49158653846153844 0.004807692307692308 0.014423076923076924
0 0.5024038461538461 0.49278846153846156 0.01201923076923077 0.019230769230769232
0 0.3401442307692308 0.5108173076923077 0.016826923076923076 0.019230769230769232
0 0.328125 0.5120192307692307 0.016826923076923076 0.019230769230769232
0 0.4855769230769231 0.5012019230769231 0.016826923076923076 0.019230769230769232
0 0.4375 0.5048076923076923 0.019230769230769232 0.019230769230769232
0 0.37259615384615385 0.5084134615384616 0.016826923076923076 0.019230769230769232
0 0.5072115384615384 0.5024038461538461 0.019230769230769232 0.019230769230769232
0 0.38822115384615385 0.5132211538461539 0.016826923076923076 0.019230769230769232
0 0.5757211538461539 0.5072115384615384 0.019230769230769232 0.02403846153846154
0 0.40384615384615385 0.5192307692307693 0.019230769230769232 0.028846153846153848
0 0.5216346153846154 0.5132211538461539 0.016826923076923076 0.019230769230769232
0 0.4855769230769231 0.5168269230769231 0.016826923076923076 0.019230769230769232
0 0.45913461538461536 0.5252403846153846 0.016826923076923076 0.019230769230769232
0 0.4375 0.5300480769230769 0.019230769230769232 0.028846153846153848
0 0.5372596153846154 0.5276442307692307 0.019230769230769232 0.028846153846153848
0 0.4423076923076923 0.5408653846153846 0.016826923076923076 0.019230769230769232
0 0.5204326923076923 0.5408653846153846 0.016826923076923076 0.019230769230769232
0 0.3389423076923077 0.5528846153846154 0.016826923076923076 0.019230769230769232
0 0.5432692307692307 0.5456730769230769 0.019230769230769232 0.028846153846153848
0 0.4963942307692308 0.5480769230769231 0.019230769230769232 0.028846153846153848
0 0.42788461538461536 0.5697115384615384 0.019230769230769232 0.028846153846153848
0 0.4495192307692308 0.5733173076923077 0.019230769230769232 0.03365384615384615
0 0.6117788461538461 0.5733173076923077 0.026442307692307692 0.038461538461538464
0 0.5504807692307693 0.5769230769230769 0.02403846153846154 0.028846153846153848
0 0.5204326923076923 0.5841346153846154 0.019230769230769232 0.03365384615384615
0 0.3713942307692308 0.5949519230769231 0.019230769230769232 0.028846153846153848
0 0.32211538461538464 0.6057692307692307 0.019230769230769232 0.028846153846153848
0 0.3942307692307692 0.5997596153846154 0.019230769230769232 0.03365384615384615
0 0.5697115384615384 0.5925480769230769 0.019230769230769232 0.03365384615384615
0 0.48677884615384615 0.6009615384615384 0.016826923076923076 0.028846153846153848
0 0.49759615384615385 0.6021634615384616 0.019230769230769232 0.028846153846153848
0 0.6478365384615384 0.5949519230769231 0.019230769230769232 0.03365384615384615
0 0.35216346153846156 0.6153846153846154 0.019230769230769232 0.03365384615384615
0 0.6694711538461539 0.5949519230769231 0.019230769230769232 0.02403846153846154
0 0.4651442307692308 0.6117788461538461 0.019230769230769232 0.03365384615384615
0 0.32091346153846156 0.6358173076923077 0.019230769230769232 0.02403846153846154
0 0.2824519230769231 0.6382211538461539 0.02403846153846154 0.028846153846153848
0 0.5204326923076923 0.6237980769230769 0.02403846153846154 0.03365384615384615
0 0.5384615384615384 0.625 0.016826923076923076 0.028846153846153848
0 0.3894230769230769 0.6382211538461539 0.026442307692307692 0.038461538461538464
0 0.5865384615384616 0.6262019230769231 0.026442307692307692 0.038461538461538464
0 0.6225961538461539 0.6262019230769231 0.026442307692307692 0.038461538461538464
0 0.42427884615384615 0.6430288461538461 0.021634615384615384 0.038461538461538464
0 0.2704326923076923 0.65625 0.019230769230769232 0.03365384615384615
0 0.33774038461538464 0.6550480769230769 0.019230769230769232 0.03365384615384615
0 0.3762019230769231 0.6550480769230769 0.026442307692307692 0.038461538461538464
0 0.45072115384615385 0.6538461538461539 0.026442307692307692 0.038461538461538464
0 0.3233173076923077 0.6634615384615384 0.02403846153846154 0.028846153846153848
0 0.6754807692307693 0.6478365384615384 0.019230769230769232 0.028846153846153848
0 0.28966346153846156 0.6778846153846154 0.02403846153846154 0.028846153846153848
0 0.27163461538461536 0.6838942307692307 0.021634615384615384 0.038461538461538464
0 0.38461538461538464 0.6838942307692307 0.02403846153846154 0.02403846153846154
0 0.33533653846153844 0.6875 0.02403846153846154 0.03365384615384615
0 0.5625 0.6742788461538461 0.03125 0.038461538461538464
0 0.5144230769230769 0.6790865384615384 0.019230769230769232 0.03365384615384615
0 0.6670673076923077 0.671875 0.026442307692307692 0.04326923076923077
0 0.31850961538461536 0.6959134615384616 0.026442307692307692 0.04326923076923077
0 0.28966346153846156 0.7079326923076923 0.03125 0.04326923076923077
0 0.3088942307692308 0.7091346153846154 0.03125 0.038461538461538464
0 0.36899038461538464 0.7127403846153846 0.03125 0.038461538461538464
0 0.7608173076923077 0.6875 0.026442307692307692 0.052884615384615384
0 0.5588942307692307 0.7019230769230769 0.03125 0.038461538461538464
0 0.24639423076923078 0.7235576923076923 0.026442307692307692 0.038461538461538464
0 0.3894230769230769 0.7139423076923077 0.03125 0.04326923076923077
0 0.7415865384615384 0.6911057692307693 0.03125 0.038461538461538464
0 0.6165865384615384 0.703125 0.028846153846153848 0.03365384615384615
0 0.2283653846153846 0.7295673076923077 0.019230769230769232 0.03365384615384615
0 0.7079326923076923 0.7079326923076923 0.026442307692307692 0.038461538461538464
0 0.46875 0.7247596153846154 0.028846153846153848 0.03365384615384615
0 0.6009615384615384 0.7211538461538461 0.02403846153846154 0.028846153846153848
0 0.5228365384615384 0.7283653846153846 0.040865384615384616 0.040865384615384616
0 0.5 0.7295673076923077 0.026442307692307692 0.04326923076923077
0 0.6550480769230769 0.7211538461538461 0.03125 0.038461538461538464
0 0.3870192307692308 0.7427884615384616 0.036057692307692304 0.038461538461538464
0 0.21153846153846154 0.7560096153846154 0.03125 0.04807692307692308
0 0.24879807692307693 0.7560096153846154 0.03125 0.04326923076923077
0 0.5649038461538461 0.7487980769230769 0.03125 0.04326923076923077
0 0.5985576923076923 0.7512019230769231 0.038461538461538464 0.036057692307692304
0 0.4495192307692308 0.7728365384615384 0.040865384615384616 0.057692307692307696
0 0.36658653846153844 0.7800480769230769 0.03125 0.04326923076923077
0 0.6045673076923077 0.7704326923076923 0.026442307692307692 0.052884615384615384
0 0.2848557692307692 0.7956730769230769 0.03125 0.052884615384615384
0 0.6598557692307693 0.7716346153846154 0.036057692307692304 0.04326923076923077
0 0.8137019230769231 0.7704326923076923 0.04326923076923077 0.07692307692307693
0 0.5384615384615384 0.7896634615384616 0.03125 0.052884615384615384
0 0.19110576923076922 0.8197115384615384 0.036057692307692304 0.052884615384615384
0 0.40625 0.8076923076923077 0.040865384615384616 0.04567307692307692
0 0.34975961538461536 0.8185096153846154 0.036057692307692304 0.057692307692307696
0 0.7644230769230769 0.7920673076923077 0.04567307692307692 0.052884615384615384
0 0.25721153846153844 0.828125 0.040865384615384616 0.052884615384615384
0 0.6237980769230769 0.8040865384615384 0.036057692307692304 0.04807692307692308
0 0.5132211538461539 0.8245192307692307 0.03125 0.04326923076923077
0 0.6875 0.8209134615384616 0.040865384615384616 0.07211538461538461
0 0.45913461538461536 0.8461538461538461 0.03125 0.04807692307692308
0 0.16826923076923078 0.8665865384615384 0.04567307692307692 0.0673076923076923
0 0.5733173076923077 0.8521634615384616 0.036057692307692304 0.04807692307692308
0 0.49759615384615385 0.8641826923076923 0.04567307692307692 0.0625
0 0.5516826923076923 0.875 0.03125 0.04326923076923077
0 0.6430288461538461 0.8870192307692307 0.040865384615384616 0.0625
0 0.3485576923076923 0.9170673076923077 0.05048076923076923 0.0673076923076923
0 0.1814903846153846 0.9278846153846154 0.040865384615384616 0.057692307692307696
0 0.25961538461538464 0.9699519230769231 0.052884615384615384 0.06009615384615385
0 0.17307692307692307 0.9735576923076923 0.09134615384615384 0.052884615384615384
0 0.5228365384615384 0.9699519230769231 0.055288461538461536 0.057692307692307696