0 0.2403846153846154 0.11057692307692307 0.02283653846153846 0.03245192307692308
0 0.265625 0.11778846153846154 0.018028846153846152 0.02283653846153846
0 0.5180288461538461 0.11778846153846154 0.018028846153846152 0.03245192307692308
0 0.014423076923076924 0.1201923076923077 0.027644230769230768 0.046875
0 0.7872596153846154 0.12259615384615384 0.042067307692307696 0.05048076923076923
0 0.8701923076923077 0.12980769230769232 0.042067307692307696 0.05048076923076923
0 0.25 0.1346153846153846 0.02283653846153846 0.03245192307692308
0 0.5444711538461539 0.1346153846153846 0.027644230769230768 0.042067307692307696
0 0.421875 0.13942307692307693 0.03245192307692308 0.03245192307692308
0 0.5901442307692307 0.14302884615384615 0.03245192307692308 0.042067307692307696
0 0.6550480769230769 0.14543269230769232 0.042067307692307696 0.055288461538461536
0 0.07692307692307693 0.14543269230769232 0.042067307692307696 0.06971153846153846
0 0.1971153846153846 0.1502403846153846 0.042067307692307696 0.037259615384615384
0 0.8473557692307693 0.15264423076923078 0.042067307692307696 0.06009615384615385
0 0.5120192307692307 0.15264423076923078 0.037259615384615384 0.046875
0 0.3125 0.15745192307692307 0.037259615384615384 0.055288461538461536
0 0.7319711538461539 0.16466346153846154 0.055288461538461536 0.078125
0 0.2644230769230769 0.16466346153846154 0.037259615384615384 0.046875
0 0.42788461538461536 0.16947115384615385 0.02283653846153846 0.042067307692307696
0 0.4651442307692308 0.16947115384615385 0.037259615384615384 0.055288461538461536
0 0.039663461538461536 0.17307692307692307 0.037259615384615384 0.042067307692307696
0 0.3425480769230769 0.17548076923076922 0.046875 0.055288461538461536
0 0.3954326923076923 0.18028846153846154 0.03245192307692308 0.042067307692307696
0 0.23197115384615385 0.1971153846153846 0.055288461538461536 0.078125
0 0.8076923076923077 0.19951923076923078 0.05048076923076923 0.09254807692307693
0 0.5096153846153846 0.203125 0.042067307692307696 0.055288461538461536
0 0.9519230769230769 0.2127403846153846 0.037259615384615384 0.06971153846153846
0 0.6778846153846154 0.2127403846153846 0.03245192307692308 0.06009615384615385
0 0.11298076923076923 0.21514423076923078 0.037259615384615384 0.06009615384615385
0 0.8677884615384616 0.21754807692307693 0.055288461538461536 0.07451923076923077
0 0.9122596153846154 0.21754807692307693 0.06009615384615385 0.0829326923076923
0 0.6346153846153846 0.21754807692307693 0.0829326923076923 0.12980769230769232
0 0.06490384615384616 0.21754807692307693 0.046875 0.06490384615384616
0 0.36778846153846156 0.2247596153846154 0.055288461538461536 0.078125
0 0.5745192307692307 0.22716346153846154 0.06009615384615385 0.07451923076923077
0 0.265625 0.2403846153846154 0.06971153846153846 0.08774038461538461
0 0.484375 0.25 0.05048076923076923 0.0829326923076923
0 0.18509615384615385 0.25240384615384615 0.055288461538461536 0.078125
0 0.8978365384615384 0.26802884615384615 0.055288461538461536 0.07451923076923077
0 0.9723557692307693 0.28966346153846156 0.055288461538461536 0.08774038461538461
0 0.025240384615384616 0.32211538461538464 0.05048076923076923 0.10697115384615384
0 0.9603365384615384 0.375 0.06490384615384616 0.078125
0 0.21514423076923078 0.37740384615384615 0.07451923076923077 0.11057692307692307
0 0.453125 0.3798076923076923 0.06009615384615385 0.10697115384615384
0 0.8677884615384616 0.40024038461538464 0.055288461538461536 0.06009615384615385
0 0.8629807692307693 0.46033653846153844 0.078125 0.1201923076923077
0 0.953125 0.08052884615384616 0.05048076923076923 0.06009615384615385
0 0.04807692307692308 0.0829326923076923 0.037259615384615384 0.05048076923076923