0 0.31971153846153844 0.12740384615384615 0.05048076923076923 0.078125
0 0.4519230769230769 0.1622596153846154 0.06971153846153846 0.08774038461538461
0 0.9350961538461539 0.18269230769230768 0.06009615384615385 0.0829326923076923
0 0.6778846153846154 0.18509615384615385 0.06009615384615385 0.078125
0 0.039663461538461536 0.020432692307692308 0.06009615384615385 0.040865384615384616
0 0.8100961538461539 0.2127403846153846 0.06009615384615385 0.08774038461538461
0 0.6201923076923077 0.025240384615384616 0.055288461538461536 0.05048076923076923
0 0.2848557692307692 0.2548076923076923 0.06971153846153846 0.10697115384615384
0 0.046875 0.25961538461538464 0.078125 0.09254807692307693
0 0.5925480769230769 0.265625 0.06009615384615385 0.0829326923076923
0 0.49759615384615385 0.2704326923076923 0.06009615384615385 0.078125
0 0.8473557692307693 0.3401442307692308 0.06009615384615385 0.06971153846153846
0 0.7319711538461539 0.390625 0.06009615384615385 0.08774038461538461
0 0.5973557692307693 0.3954326923076923 0.06009615384615385 0.08774038461538461
0 0.9879807692307693 0.39783653846153844 0.02283653846153846 0.07451923076923077
0 0.21514423076923078 0.421875 0.06490384615384616 0.08774038461538461
0 0.328125 0.4254807692307692 0.06971153846153846 0.10697115384615384
0 0.9254807692307693 0.04447115384615385 0.055288461538461536 0.08774038461538461
0 0.4795673076923077 0.44711538461538464 0.06971153846153846 0.10216346153846154
0 0.7620192307692307 0.04447115384615385 0.06490384615384616 0.0829326923076923
0 0.030048076923076924 0.055288461538461536 0.06009615384615385 0.10216346153846154
0 0.9254807692307693 0.5372596153846154 0.07451923076923077 0.0829326923076923
0 0.16947115384615385 0.5372596153846154 0.0829326923076923 0.10697115384615384
0 0.765625 0.5480769230769231 0.06009615384615385 0.0829326923076923
0 0.7572115384615384 0.6574519230769231 0.0829326923076923 0.10697115384615384
0 0.9699519230769231 0.6622596153846154 0.05048076923076923 0.12980769230769232
0 0.43990384615384615 0.6694711538461539 0.06971153846153846 0.10697115384615384
0 0.5228365384615384 0.6971153846153846 0.0829326923076923 0.11057692307692307
0 0.2824519230769231 0.7019230769230769 0.0829326923076923 0.11057692307692307
0 0.10216346153846154 0.7103365384615384 0.06971153846153846 0.09735576923076923
0 0.14302884615384615 0.0829326923076923 0.06490384615384616 0.0829326923076923