0 0.41947115384615385 0.11298076923076923 0.03245192307692308 0.06009615384615385
0 0.4098557692307692 0.01201923076923077 0.03245192307692308 0.02283653846153846
0 0.9194711538461539 0.13221153846153846 0.042067307692307696 0.05048076923076923
0 0.19230769230769232 0.13942307692307693 0.03245192307692308 0.037259615384615384
0 0.2536057692307692 0.015625 0.036057692307692304 0.03125
0 0.8401442307692307 0.17548076923076922 0.042067307692307696 0.07451923076923077
0 0.765625 0.1875 0.05048076923076923 0.09735576923076923
0 0.9435096153846154 0.018028846153846152 0.026442307692307692 0.036057692307692304
0 0.5132211538461539 0.018028846153846152 0.036057692307692304 0.036057692307692304
0 0.7079326923076923 0.21995192307692307 0.07451923076923077 0.078125
0 0.9855769230769231 0.23197115384615385 0.027644230769230768 0.055288461538461536
0 0.90625 0.02283653846153846 0.028846153846153848 0.04567307692307692
0 0.7079326923076923 0.2548076923076923 0.055288461538461536 0.07451923076923077
0 0.037259615384615384 0.2620192307692308 0.037259615384615384 0.06009615384615385
0 0.039663461538461536 0.025240384615384616 0.03245192307692308 0.05048076923076923
0 0.203125 0.027644230769230768 0.037259615384615384 0.046875
0 0.6574519230769231 0.2800480769230769 0.037259615384615384 0.06009615384615385
0 0.28725961538461536 0.2920673076923077 0.046875 0.0829326923076923
0 0.35697115384615385 0.29447115384615385 0.037259615384615384 0.042067307692307696
0 0.014423076923076924 0.030048076923076924 0.027644230769230768 0.05048076923076923
0 0.7019230769230769 0.3004807692307692 0.05048076923076923 0.06490384615384616
0 0.09014423076923077 0.31490384615384615 0.078125 0.11057692307692307
0 0.546875 0.31971153846153844 0.037259615384615384 0.06490384615384616
0 0.5805288461538461 0.3269230769230769 0.03245192307692308 0.05048076923076923
0 0.10697115384615384 0.03485576923076923 0.037259615384615384 0.05048076923076923
0 0.5324519230769231 0.03485576923076923 0.027644230769230768 0.05048076923076923
0 0.5697115384615384 0.03485576923076923 0.037259615384615384 0.03245192307692308
0 0.48197115384615385 0.35697115384615385 0.0829326923076923 0.11057692307692307
0 0.6670673076923077 0.05048076923076923 0.037259615384615384 0.046875
0 0.7475961538461539 0.05048076923076923 0.02283653846153846 0.055288461538461536
0 0.9927884615384616 0.052884615384615384 0.014423076923076924 0.05048076923076923
0 0.3701923076923077 0.5276442307692307 0.055288461538461536 0.10216346153846154
0 0.15985576923076922 0.057692307692307696 0.03245192307692308 0.042067307692307696
0 0.6995192307692307 0.06009615384615385 0.027644230769230768 0.046875
0 0.4651442307692308 0.06009615384615385 0.03245192307692308 0.037259615384615384
0 0.9447115384615384 0.06490384615384616 0.027644230769230768 0.046875
0 0.7848557692307693 0.06490384615384616 0.03245192307692308 0.055288461538461536
0 0.5673076923076923 0.0673076923076923 0.042067307692307696 0.05048076923076923
0 0.27283653846153844 0.06971153846153846 0.027644230769230768 0.055288461538461536
0 0.6129807692307693 0.07451923076923077 0.02283653846153846 0.055288461538461536
0 0.04807692307692308 0.08052884615384616 0.03245192307692308 0.05048076923076923
0 0.6694711538461539 0.08533653846153846 0.05048076923076923 0.06971153846153846
0 0.36538461538461536 0.01201923076923077 0.037259615384615384 0.02283653846153846
0 0.08533653846153846 0.09735576923076923 0.042067307692307696 0.055288461538461536
0 0.009615384615384616 0.10216346153846154 0.018028846153846152 0.06490384615384616
0 0.35697115384615385 0.1045673076923077 0.027644230769230768 0.05048076923076923
0 0.5120192307692307 0.1045673076923077 0.03245192307692308 0.05048076923076923