0 0.5396634615384616 0.375 0.014423076923076924 0.014423076923076924
0 0.5480769230769231 0.37740384615384615 0.02283653846153846 0.018028846153846152
0 0.46033653846153844 0.38461538461538464 0.02283653846153846 0.018028846153846152
0 0.5276442307692307 0.38461538461538464 0.014423076923076924 0.009615384615384616
0 0.43028846153846156 0.3870192307692308 0.02283653846153846 0.014423076923076924
0 0.49038461538461536 0.3870192307692308 0.02283653846153846 0.018028846153846152
0 0.296875 0.3894230769230769 0.018028846153846152 0.014423076923076924
0 0.4495192307692308 0.3894230769230769 0.018028846153846152 0.018028846153846152
0 0.2644230769230769 0.3894230769230769 0.03245192307692308 0.02283653846153846
0 0.6478365384615384 0.3894230769230769 0.02283653846153846 0.02283653846153846
0 0.5649038461538461 0.390625 0.018028846153846152 0.014423076923076924
0 0.4098557692307692 0.390625 0.014423076923076924 0.014423076923076924
0 0.609375 0.390625 0.02283653846153846 0.02283653846153846
0 0.3245192307692308 0.390625 0.02283653846153846 0.02283653846153846
0 0.5372596153846154 0.39302884615384615 0.02283653846153846 0.018028846153846152
0 0.13942307692307693 0.3954326923076923 0.018028846153846152 0.014423076923076924
0 0.5901442307692307 0.3954326923076923 0.027644230769230768 0.014423076923076924
0 0.23557692307692307 0.39783653846153844 0.02283653846153846 0.018028846153846152
0 0.43990384615384615 0.39783653846153844 0.018028846153846152 0.018028846153846152
0 0.3401442307692308 0.39783653846153844 0.014423076923076924 0.02283653846153846
0 0.6346153846153846 0.39783653846153844 0.018028846153846152 0.018028846153846152
0 0.6670673076923077 0.39783653846153844 0.027644230769230768 0.02283653846153846
0 0.19230769230769232 0.39783653846153844 0.02283653846153846 0.018028846153846152
0 0.3473557692307692 0.40024038461538464 0.014423076923076924 0.014423076923076924
0 0.3870192307692308 0.40024038461538464 0.018028846153846152 0.018028846153846152
0 0.171875 0.4026442307692308 0.02283653846153846 0.02283653846153846
0 0.375 0.4026442307692308 0.014423076923076924 0.018028846153846152
0 0.30288461538461536 0.4050480769230769 0.018028846153846152 0.018028846153846152
0 0.23197115384615385 0.4050480769230769 0.027644230769230768 0.02283653846153846
0 0.5625 0.4074519230769231 0.027644230769230768 0.018028846153846152
0 0.4170673076923077 0.4098557692307692 0.02283653846153846 0.02283653846153846
0 0.4699519230769231 0.4098557692307692 0.02283653846153846 0.018028846153846152
0 0.5769230769230769 0.4098557692307692 0.018028846153846152 0.02283653846153846
0 0.3629807692307692 0.41225961538461536 0.02283653846153846 0.02283653846153846
0 0.20552884615384615 0.41225961538461536 0.027644230769230768 0.02283653846153846
0 0.328125 0.41466346153846156 0.02283653846153846 0.02283653846153846
0 0.5420673076923077 0.41466346153846156 0.027644230769230768 0.018028846153846152
0 0.09254807692307693 0.4170673076923077 0.027644230769230768 0.014423076923076924
0 0.12740384615384615 0.4170673076923077 0.02283653846153846 0.02283653846153846
0 0.11057692307692307 0.41947115384615385 0.027644230769230768 0.027644230769230768
0 0.1502403846153846 0.41947115384615385 0.027644230769230768 0.02283653846153846
0 0.04447115384615385 0.4230769230769231 0.03245192307692308 0.027644230769230768
0 0.4855769230769231 0.4230769230769231 0.027644230769230768 0.018028846153846152
0 0.5973557692307693 0.4230769230769231 0.03245192307692308 0.02283653846153846
0 0.43990384615384615 0.42788461538461536 0.03245192307692308 0.03245192307692308
0 0.0829326923076923 0.42788461538461536 0.027644230769230768 0.02283653846153846
0 0.2848557692307692 0.42788461538461536 0.02283653846153846 0.02283653846153846
0 0.5576923076923077 0.43028846153846156 0.037259615384615384 0.02283653846153846
0 0.02283653846153846 0.43990384615384615 0.027644230769230768 0.037259615384615384
0 0.009615384615384616 0.4423076923076923 0.018028846153846152 0.02283653846153846
0 0.3125 0.4423076923076923 0.037259615384615384 0.02283653846153846
0 0.4651442307692308 0.4423076923076923 0.03245192307692308 0.027644230769230768
0 0.49759615384615385 0.44471153846153844 0.03245192307692308 0.027644230769230768
0 0.1502403846153846 0.44471153846153844 0.027644230769230768 0.02283653846153846
0 0.055288461538461536 0.4495192307692308 0.027644230769230768 0.027644230769230768
0 0.23197115384615385 0.453125 0.037259615384615384 0.03245192307692308
0 0.5480769230769231 0.4579326923076923 0.042067307692307696 0.042067307692307696
0 0.33052884615384615 0.4723557692307692 0.042067307692307696 0.03245192307692308
0 0.6995192307692307 0.4723557692307692 0.042067307692307696 0.042067307692307696
0 0.453125 0.4723557692307692 0.037259615384615384 0.03245192307692308
0 0.41225961538461536 0.47716346153846156 0.03245192307692308 0.02283653846153846
0 0.3701923076923077 0.4795673076923077 0.037259615384615384 0.037259615384615384
0 0.7920673076923077 0.4795673076923077 0.037259615384615384 0.042067307692307696
0 0.2776442307692308 0.4855769230769231 0.03245192307692308 0.037259615384615384
0 0.1502403846153846 0.5 0.046875 0.042067307692307696
0 0.49278846153846156 0.5 0.037259615384615384 0.03245192307692308
0 0.4026442307692308 0.5024038461538461 0.042067307692307696 0.037259615384615384
0 0.2247596153846154 0.5072115384615384 0.046875 0.037259615384615384
0 0.5276442307692307 0.5144230769230769 0.042067307692307696 0.042067307692307696
0 0.44471153846153844 0.5420673076923077 0.05048076923076923 0.05048076923076923
0 0.9627403846153846 0.5528846153846154 0.06009615384615385 0.06009615384615385
0 0.12740384615384615 0.5721153846153846 0.055288461538461536 0.05048076923076923
0 0.6622596153846154 0.5769230769230769 0.05048076923076923 0.055288461538461536
0 0.8076923076923077 0.578125 0.06971153846153846 0.06490384615384616
0 0.24278846153846154 0.5877403846153846 0.05048076923076923 0.042067307692307696
0 0.43028846153846156 0.5925480769230769 0.06009615384615385 0.055288461538461536
0 0.6394230769230769 0.609375 0.0829326923076923 0.078125
0 0.037259615384615384 0.6177884615384616 0.06971153846153846 0.06490384615384616
0 0.25961538461538464 0.6201923076923077 0.05048076923076923 0.027644230769230768
0 0.2644230769230769 0.6502403846153846 0.06009615384615385 0.05048076923076923
0 0.203125 0.6694711538461539 0.11538461538461539 0.09254807692307693
0 0.10697115384615384 0.7079326923076923 0.078125 0.055288461538461536