0 0.5456730769230769 0.013221153846153846 0.014423076923076924 0.014423076923076924
0 0.3870192307692308 0.007211538461538462 0.019230769230769232 0.014423076923076924
0 0.7752403846153846 0.025240384615384616 0.014423076923076924 0.019230769230769232
0 0.5709134615384616 0.10817307692307693 0.014423076923076924 0.02403846153846154
0 0.5552884615384616 0.109375 0.014423076923076924 0.02403846153846154
0 0.6923076923076923 0.11658653846153846 0.019230769230769232 0.02403846153846154
0 0.37259615384615385 0.09975961538461539 0.019230769230769232 0.019230769230769232
0 0.5973557692307693 0.1141826923076923 0.014423076923076924 0.02403846153846154
0 0.9182692307692307 0.1310096153846154 0.016826923076923076 0.028846153846153848
0 0.578125 0.1141826923076923 0.019230769230769232 0.028846153846153848
0 0.07572115384615384 0.08774038461538461 0.02403846153846154 0.03365384615384615
0 0.31850961538461536 0.10096153846153846 0.02403846153846154 0.03365384615384615
0 0.4879807692307692 0.109375 0.014423076923076924 0.019230769230769232
0 0.8798076923076923 0.13221153846153846 0.016826923076923076 0.028846153846153848
0 0.7103365384615384 0.12379807692307693 0.019230769230769232 0.028846153846153848
0 0.4206730769230769 0.10817307692307693 0.014423076923076924 0.02403846153846154
0 0.1658653846153846 0.002403846153846154 0.019230769230769232 0.004807692307692308
0 0.21875 0.002403846153846154 0.014423076923076924 0.004807692307692308
0 0.8461538461538461 0.13341346153846154 0.019230769230769232 0.03365384615384615
0 0.45072115384615385 0.11177884615384616 0.02403846153846154 0.03365384615384615
0 0.9471153846153846 0.13822115384615385 0.019230769230769232 0.019230769230769232
0 0.9915865384615384 0.13942307692307693 0.016826923076923076 0.02403846153846154
0 0.8137019230769231 0.13341346153846154 0.02403846153846154 0.03365384615384615
0 0.7740384615384616 0.13221153846153846 0.02403846153846154 0.028846153846153848
0 0.2127403846153846 0.1045673076923077 0.02403846153846154 0.02403846153846154
0 0.6947115384615384 0.12980769230769232 0.019230769230769232 0.02403846153846154
0 0.8894230769230769 0.14302884615384615 0.019230769230769232 0.02403846153846154
0 0.1310096153846154 0.10216346153846154 0.02403846153846154 0.03365384615384615
0 0.6346153846153846 0.12860576923076922 0.019230769230769232 0.02403846153846154
0 0.6514423076923077 0.12980769230769232 0.02403846153846154 0.028846153846153848
0 0.9026442307692307 0.03245192307692308 0.019230769230769232 0.019230769230769232
0 0.6550480769230769 0.019230769230769232 0.019230769230769232 0.019230769230769232
0 0.7307692307692307 0.026442307692307692 0.014423076923076924 0.019230769230769232
0 0.26322115384615385 0.1141826923076923 0.019230769230769232 0.03365384615384615
0 0.6045673076923077 0.1346153846153846 0.019230769230769232 0.028846153846153848
0 0.734375 0.14182692307692307 0.019230769230769232 0.02403846153846154
0 0.42908653846153844 0.125 0.019230769230769232 0.02403846153846154
0 0.5336538461538461 0.1310096153846154 0.019230769230769232 0.03365384615384615
0 0.5865384615384616 0.13341346153846154 0.014423076923076924 0.019230769230769232
0 0.1502403846153846 0.11057692307692307 0.019230769230769232 0.028846153846153848
0 0.9423076923076923 0.15504807692307693 0.019230769230769232 0.028846153846153848
0 0.3713942307692308 0.125 0.02403846153846154 0.03365384615384615
0 0.35336538461538464 0.008413461538461538 0.019230769230769232 0.016826923076923076
0 0.484375 0.13581730769230768 0.02403846153846154 0.02403846153846154
0 0.9711538461538461 0.16105769230769232 0.019230769230769232 0.019230769230769232
0 0.1622596153846154 0.11899038461538461 0.014423076923076924 0.02403846153846154
0 0.9230769230769231 0.16105769230769232 0.02403846153846154 0.019230769230769232
0 0.21634615384615385 0.12379807692307693 0.019230769230769232 0.03365384615384615
0 0.5420673076923077 0.14182692307692307 0.019230769230769232 0.019230769230769232
0 0.9783653846153846 0.039663461538461536 0.014423076923076924 0.019230769230769232
0 0.9915865384615384 0.17307692307692307 0.016826923076923076 0.028846153846153848
0 0.7007211538461539 0.15745192307692307 0.028846153846153848 0.03365384615384615
0 0.9579326923076923 0.17427884615384615 0.019230769230769232 0.019230769230769232
0 0.28125 0.13822115384615385 0.02403846153846154 0.028846153846153848
0 0.8377403846153846 0.16947115384615385 0.014423076923076924 0.019230769230769232
0 0.5925480769230769 0.15745192307692307 0.014423076923076924 0.02403846153846154
0 0.40024038461538464 0.14903846153846154 0.02403846153846154 0.03365384615384615
0 0.7199519230769231 0.1658653846153846 0.02403846153846154 0.03365384615384615
0 0.8786057692307693 0.17427884615384615 0.019230769230769232 0.03365384615384615
0 0.19951923076923078 0.003605769230769231 0.019230769230769232 0.007211538461538462
0 0.4651442307692308 0.013221153846153846 0.014423076923076924 0.014423076923076924
0 0.42788461538461536 0.15264423076923078 0.02403846153846154 0.038461538461538464
0 0.06850961538461539 0.1346153846153846 0.019230769230769232 0.019230769230769232
0 0.8064903846153846 0.17548076923076922 0.02403846153846154 0.028846153846153848
0 0.6310096153846154 0.1658653846153846 0.016826923076923076 0.03365384615384615
0 0.328125 0.15264423076923078 0.02403846153846154 0.03365384615384615
0 0.546875 0.16947115384615385 0.019230769230769232 0.028846153846153848
0 0.46274038461538464 0.16466346153846154 0.02403846153846154 0.03365384615384615
0 0.7223557692307693 0.026442307692307692 0.014423076923076924 0.019230769230769232
0 0.16346153846153846 0.14903846153846154 0.019230769230769232 0.03365384615384615
0 0.37740384615384615 0.15985576923076922 0.02403846153846154 0.038461538461538464
0 0.5072115384615384 0.16947115384615385 0.02403846153846154 0.028846153846153848
0 0.8473557692307693 0.18990384615384615 0.02403846153846154 0.03365384615384615
0 0.1935096153846154 0.15504807692307693 0.02403846153846154 0.03365384615384615
0 0.7548076923076923 0.18509615384615385 0.02403846153846154 0.03365384615384615
0 0.7920673076923077 0.1875 0.028846153846153848 0.03365384615384615
0 0.9567307692307693 0.19951923076923078 0.019230769230769232 0.028846153846153848
0 0.8257211538461539 0.03485576923076923 0.014423076923076924 0.014423076923076924
0 0.17427884615384615 0.007211538461538462 0.016826923076923076 0.014423076923076924
0 0.03245192307692308 0.15745192307692307 0.02403846153846154 0.038461538461538464
0 0.06971153846153846 0.15985576923076922 0.02403846153846154 0.028846153846153848
0 0.9002403846153846 0.203125 0.02403846153846154 0.028846153846153848
0 0.9939903846153846 0.20673076923076922 0.01201923076923077 0.028846153846153848
0 0.9759615384615384 0.2091346153846154 0.02403846153846154 0.03365384615384615
0 0.5865384615384616 0.18870192307692307 0.019230769230769232 0.028846153846153848
0 0.8377403846153846 0.03485576923076923 0.014423076923076924 0.019230769230769232
0 0.9302884615384616 0.2091346153846154 0.02403846153846154 0.038461538461538464
0 0.31490384615384615 0.1778846153846154 0.016826923076923076 0.028846153846153848
0 0.8125 0.20552884615384615 0.019230769230769232 0.02403846153846154
0 0.5504807692307693 0.19230769230769232 0.019230769230769232 0.028846153846153848
0 0.7259615384615384 0.20192307692307693 0.02403846153846154 0.03365384615384615
0 0.12980769230769232 0.171875 0.028846153846153848 0.038461538461538464
0 0.3918269230769231 0.18629807692307693 0.02403846153846154 0.038461538461538464
0 0.21875 0.18389423076923078 0.028846153846153848 0.03365384615384615
0 0.5408653846153846 0.20072115384615385 0.019230769230769232 0.03365384615384615
0 0.9314903846153846 0.042067307692307696 0.014423076923076924 0.014423076923076924
0 0.40024038461538464 0.014423076923076924 0.014423076923076924 0.019230769230769232
0 0.25721153846153844 0.009615384615384616 0.019230769230769232 0.019230769230769232
0 0.8461538461538461 0.21754807692307693 0.02403846153846154 0.028846153846153848
0 0.2980769230769231 0.19110576923076922 0.02403846153846154 0.03365384615384615
0 0.8004807692307693 0.21875 0.019230769230769232 0.028846153846153848
0 0.49759615384615385 0.20793269230769232 0.02403846153846154 0.03365384615384615
0 0.5805288461538461 0.02403846153846154 0.014423076923076924 0.02403846153846154
0 0.44471153846153844 0.016826923076923076 0.014423076923076924 0.014423076923076924
0 0.7644230769230769 0.22355769230769232 0.02403846153846154 0.02403846153846154
0 0.9963942307692307 0.23557692307692307 0.007211538461538462 0.03365384615384615
0 0.6466346153846154 0.21995192307692307 0.028846153846153848 0.038461538461538464
0 0.6875 0.2247596153846154 0.02403846153846154 0.028846153846153848
0 0.7487980769230769 0.2283653846153846 0.019230769230769232 0.028846153846153848
0 0.0625 0.19230769230769232 0.019230769230769232 0.03365384615384615
0 0.36177884615384615 0.21033653846153846 0.02403846153846154 0.03365384615384615
0 0.7872596153846154 0.234375 0.02403846153846154 0.028846153846153848
0 0.8942307692307693 0.040865384615384616 0.019230769230769232 0.02403846153846154
0 0.41466346153846156 0.21514423076923078 0.02403846153846154 0.03365384615384615
0 0.125 0.20192307692307693 0.02403846153846154 0.03365384615384615
0 0.8221153846153846 0.23918269230769232 0.019230769230769232 0.019230769230769232
0 0.17908653846153846 0.20793269230769232 0.02403846153846154 0.038461538461538464
0 0.2644230769230769 0.21153846153846154 0.028846153846153848 0.04326923076923077
0 0.7247596153846154 0.23557692307692307 0.028846153846153848 0.03365384615384615
0 0.15384615384615385 0.008413461538461538 0.019230769230769232 0.016826923076923076
0 0.8509615384615384 0.040865384615384616 0.014423076923076924 0.019230769230769232
0 0.8641826923076923 0.040865384615384616 0.019230769230769232 0.019230769230769232
0 0.32572115384615385 0.013221153846153846 0.019230769230769232 0.019230769230769232
0 0.6875 0.03245192307692308 0.019230769230769232 0.019230769230769232
0 0.7475961538461539 0.03485576923076923 0.019230769230769232 0.019230769230769232
0 0.3125 0.2247596153846154 0.019230769230769232 0.028846153846153848
0 0.5552884615384616 0.027644230769230768 0.014423076923076924 0.014423076923076924
0 0.08413461538461539 0.009615384615384616 0.019230769230769232 0.019230769230769232
0 0.7908653846153846 0.25721153846153844 0.02403846153846154 0.03365384615384615
0 0.026442307692307692 0.21754807692307693 0.02403846153846154 0.03365384615384615
0 0.3605769230769231 0.23798076923076922 0.02403846153846154 0.038461538461538464
0 0.6177884615384616 0.2536057692307692 0.019230769230769232 0.038461538461538464
0 0.6730769230769231 0.25600961538461536 0.019230769230769232 0.03365384615384615
0 0.5757211538461539 0.2536057692307692 0.028846153846153848 0.038461538461538464
0 0.9915865384615384 0.05048076923076923 0.016826923076923076 0.019230769230769232
0 0.45552884615384615 0.25 0.02403846153846154 0.04326923076923077
0 0.08052884615384616 0.22956730769230768 0.02403846153846154 0.03365384615384615
0 0.2776442307692308 0.2403846153846154 0.02403846153846154 0.038461538461538464
0 0.41346153846153844 0.24759615384615385 0.02403846153846154 0.038461538461538464
0 0.5252403846153846 0.25841346153846156 0.019230769230769232 0.03365384615384615
0 0.20552884615384615 0.24158653846153846 0.028846153846153848 0.038461538461538464
0 0.6550480769230769 0.03245192307692308 0.014423076923076924 0.014423076923076924
0 0.19230769230769232 0.010817307692307692 0.019230769230769232 0.021634615384615384
0 0.23798076923076922 0.013221153846153846 0.02403846153846154 0.026442307692307692
0 0.06971153846153846 0.007211538461538462 0.014423076923076924 0.014423076923076924
0 0.0985576923076923 0.007211538461538462 0.014423076923076924 0.014423076923076924
0 0.4963942307692308 0.2644230769230769 0.02403846153846154 0.03365384615384615
0 0.9591346153846154 0.2920673076923077 0.03365384615384615 0.03365384615384615
0 0.9939903846153846 0.2932692307692308 0.01201923076923077 0.02403846153846154
0 0.2824519230769231 0.015625 0.02403846153846154 0.02403846153846154
0 0.7163461538461539 0.038461538461538464 0.019230769230769232 0.014423076923076924
0 0.1201923076923077 0.009615384615384616 0.014423076923076924 0.019230769230769232
0 0.9783653846153846 0.2956730769230769 0.028846153846153848 0.04326923076923077
0 0.23197115384615385 0.2608173076923077 0.028846153846153848 0.04326923076923077
0 0.12980769230769232 0.25600961538461536 0.028846153846153848 0.04326923076923077
0 0.8088942307692307 0.2956730769230769 0.028846153846153848 0.03365384615384615
0 0.12860576923076922 0.010817307692307692 0.016826923076923076 0.021634615384615384
0 0.5180288461538461 0.027644230769230768 0.019230769230769232 0.02403846153846154
0 0.7920673076923077 0.042067307692307696 0.014423076923076924 0.02403846153846154
0 0.7632211538461539 0.2980769230769231 0.028846153846153848 0.038461538461538464
0 0.5961538461538461 0.2920673076923077 0.028846153846153848 0.038461538461538464
0 0.8605769230769231 0.30528846153846156 0.028846153846153848 0.038461538461538464
0 0.9206730769230769 0.3112980769230769 0.028846153846153848 0.04326923076923077
0 0.03485576923076923 0.2644230769230769 0.02403846153846154 0.038461538461538464
0 0.6262019230769231 0.2956730769230769 0.036057692307692304 0.04807692307692308
0 0.08413461538461539 0.26802884615384615 0.02403846153846154 0.038461538461538464
0 0.5384615384615384 0.2932692307692308 0.02403846153846154 0.03365384615384615
0 0.39783653846153844 0.02403846153846154 0.019230769230769232 0.02403846153846154
0 0.5360576923076923 0.03125 0.014423076923076924 0.019230769230769232
0 0.20793269230769232 0.27884615384615385 0.028846153846153848 0.038461538461538464
0 0.38822115384615385 0.29086538461538464 0.028846153846153848 0.038461538461538464
0 0.14543269230769232 0.28125 0.028846153846153848 0.038461538461538464
0 0.4230769230769231 0.025240384615384616 0.019230769230769232 0.02403846153846154
0 0.4699519230769231 0.027644230769230768 0.014423076923076924 0.02403846153846154
0 0.7668269230769231 0.04326923076923077 0.019230769230769232 0.02403846153846154
0 0.057692307692307696 0.27884615384615385 0.028846153846153848 0.038461538461538464
0 0.46875 0.30288461538461536 0.028846153846153848 0.04326923076923077
0 0.25841346153846156 0.296875 0.028846153846153848 0.04326923076923077
0 0.7319711538461539 0.04447115384615385 0.016826923076923076 0.028846153846153848
0 0.3858173076923077 0.025240384615384616 0.014423076923076924 0.02403846153846154
0 0.8341346153846154 0.33413461538461536 0.02403846153846154 0.02403846153846154
0 0.7247596153846154 0.3293269230769231 0.028846153846153848 0.038461538461538464
0 0.5144230769230769 0.31971153846153844 0.019230769230769232 0.02403846153846154
0 0.671875 0.328125 0.028846153846153848 0.038461538461538464
0 0.5492788461538461 0.03485576923076923 0.014423076923076924 0.02403846153846154
0 0.9783653846153846 0.35216346153846156 0.02403846153846154 0.028846153846153848
0 0.296875 0.3161057692307692 0.019230769230769232 0.03365384615384615
0 0.4375 0.3245192307692308 0.02403846153846154 0.04326923076923077
0 0.5564903846153846 0.33052884615384615 0.028846153846153848 0.04326923076923077
0 0.2776442307692308 0.31850961538461536 0.02403846153846154 0.04326923076923077
0 0.21754807692307693 0.3173076923076923 0.028846153846153848 0.028846153846153848
0 0.055288461538461536 0.008413461538461538 0.019230769230769232 0.014423076923076924
0 0.9146634615384616 0.056490384615384616 0.019230769230769232 0.02403846153846154
0 0.49038461538461536 0.33413461538461536 0.02403846153846154 0.03365384615384615
0 0.640625 0.3449519230769231 0.028846153846153848 0.038461538461538464
0 0.34615384615384615 0.33653846153846156 0.019230769230769232 0.028846153846153848
0 0.21995192307692307 0.019230769230769232 0.019230769230769232 0.02403846153846154
0 0.71875 0.04567307692307692 0.019230769230769232 0.014423076923076924
0 0.8341346153846154 0.36177884615384615 0.019230769230769232 0.03365384615384615
0 0.1814903846153846 0.33052884615384615 0.03365384615384615 0.038461538461538464
0 0.7620192307692307 0.3605769230769231 0.028846153846153848 0.03365384615384615
0 0.5793269230769231 0.35336538461538464 0.02403846153846154 0.03365384615384615
0 0.5108173076923077 0.34975961538461536 0.019230769230769232 0.02403846153846154
0 0.5649038461538461 0.35336538461538464 0.019230769230769232 0.028846153846153848
0 0.09615384615384616 0.33052884615384615 0.02403846153846154 0.04326923076923077
0 0.8245192307692307 0.051682692307692304 0.019230769230769232 0.019230769230769232
0 0.9615384615384616 0.05889423076923077 0.02403846153846154 0.02403846153846154
0 0.028846153846153848 0.3293269230769231 0.02403846153846154 0.04326923076923077
0 0.7067307692307693 0.36778846153846156 0.02403846153846154 0.038461538461538464
0 0.9747596153846154 0.38461538461538464 0.028846153846153848 0.038461538461538464
0 0.36177884615384615 0.35216346153846156 0.02403846153846154 0.038461538461538464
0 0.3016826923076923 0.3485576923076923 0.02403846153846154 0.03365384615384615
0 0.9350961538461539 0.38341346153846156 0.028846153846153848 0.03365384615384615
0 0.9002403846153846 0.38341346153846156 0.02403846153846154 0.03365384615384615
0 0.9362980769230769 0.05889423076923077 0.019230769230769232 0.019230769230769232
0 0.5060096153846154 0.037259615384615384 0.014423076923076924 0.019230769230769232
0 0.4387019230769231 0.3737980769230769 0.02403846153846154 0.03365384615384615
0 0.5108173076923077 0.37740384615384615 0.028846153846153848 0.03365384615384615
0 0.5865384615384616 0.38461538461538464 0.028846153846153848 0.028846153846153848
0 0.640625 0.3870192307692308 0.028846153846153848 0.04326923076923077
0 0.8509615384615384 0.4026442307692308 0.02403846153846154 0.038461538461538464
0 0.765625 0.39783653846153844 0.028846153846153848 0.038461538461538464
0 0.1466346153846154 0.020432692307692308 0.014423076923076924 0.019230769230769232
0 0.484375 0.038461538461538464 0.019230769230769232 0.019230769230769232
0 0.7175480769230769 0.40625 0.028846153846153848 0.038461538461538464
0 0.9939903846153846 0.06490384615384616 0.01201923076923077 0.019230769230769232
0 0.2668269230769231 0.026442307692307692 0.019230769230769232 0.019230769230769232
0 0.6586538461538461 0.046875 0.019230769230769232 0.019230769230769232
0 0.3713942307692308 0.390625 0.02403846153846154 0.04326923076923077
0 0.04567307692307692 0.3737980769230769 0.019230769230769232 0.02403846153846154
0 0.8269230769230769 0.41466346153846156 0.028846153846153848 0.03365384615384615
0 0.31490384615384615 0.39302884615384615 0.028846153846153848 0.03365384615384615
0 0.9326923076923077 0.4254807692307692 0.03365384615384615 0.03365384615384615
0 0.9831730769230769 0.42788461538461536 0.03365384615384615 0.038461538461538464
0 0.20673076923076922 0.3894230769230769 0.03125 0.04807692307692308
0 0.36177884615384615 0.03365384615384615 0.014423076923076924 0.019230769230769232
0 0.6418269230769231 0.04927884615384615 0.019230769230769232 0.02403846153846154
0 0.6646634615384616 0.4182692307692308 0.03365384615384615 0.04326923076923077
0 0.5973557692307693 0.4170673076923077 0.03365384615384615 0.04326923076923077
0 0.8605769230769231 0.02283653846153846 0.009615384615384616 0.009615384615384616
0 0.5949519230769231 0.009615384615384616 0.014423076923076924 0.009615384615384616
0 0.90625 0.0625 0.019230769230769232 0.028846153846153848
0 0.33413461538461536 0.03245192307692308 0.014423076923076924 0.019230769230769232
0 0.44591346153846156 0.038461538461538464 0.019230769230769232 0.019230769230769232
0 0.515625 0.4206730769230769 0.036057692307692304 0.04807692307692308
0 0.1201923076923077 0.4050480769230769 0.036057692307692304 0.04807692307692308
0 0.8185096153846154 0.4423076923076923 0.02403846153846154 0.028846153846153848
0 0.5865384615384616 0.04807692307692308 0.014423076923076924 0.019230769230769232
0 0.16947115384615385 0.026442307692307692 0.019230769230769232 0.02403846153846154
0 0.32091346153846156 0.03485576923076923 0.019230769230769232 0.019230769230769232
0 0.7487980769230769 0.44350961538461536 0.028846153846153848 0.04326923076923077
0 0.4963942307692308 0.43509615384615385 0.036057692307692304 0.052884615384615384
0 0.8473557692307693 0.0625 0.019230769230769232 0.019230769230769232
0 0.109375 0.02283653846153846 0.016826923076923076 0.028846153846153848
0 0.45552884615384615 0.4375 0.02403846153846154 0.04326923076923077
0 0.6526442307692307 0.45072115384615385 0.03365384615384615 0.038461538461538464
0 0.5769230769230769 0.4483173076923077 0.03365384615384615 0.04326923076923077
0 0.32091346153846156 0.4375 0.03125 0.04807692307692308
0 0.9122596153846154 0.46875 0.03365384615384615 0.038461538461538464
0 0.4050480769230769 0.4423076923076923 0.03365384615384615 0.04326923076923077
0 0.9867788461538461 0.4807692307692308 0.019230769230769232 0.04326923076923077
0 0.8233173076923077 0.47475961538461536 0.036057692307692304 0.04807692307692308
0 0.6935096153846154 0.056490384615384616 0.02403846153846154 0.02403846153846154
0 0.8954326923076923 0.0673076923076923 0.014423076923076924 0.019230769230769232
0 0.953125 0.06971153846153846 0.019230769230769232 0.019230769230769232
0 0.5745192307692307 0.051682692307692304 0.014423076923076924 0.02403846153846154
0 0.21995192307692307 0.45552884615384615 0.02403846153846154 0.04326923076923077
0 0.703125 0.4831730769230769 0.03365384615384615 0.04326923076923077
0 0.3016826923076923 0.4639423076923077 0.03125 0.04807692307692308
0 0.18389423076923078 0.46033653846153844 0.03125 0.04807692307692308
0 0.9819711538461539 0.5048076923076923 0.036057692307692304 0.04807692307692308
0 0.7536057692307693 0.49278846153846156 0.03365384615384615 0.04326923076923077
0 0.7151442307692307 0.05889423076923077 0.02403846153846154 0.02403846153846154
0 0.65625 0.49278846153846156 0.04326923076923077 0.04326923076923077
0 0.38822115384615385 0.4795673076923077 0.038461538461538464 0.04807692307692308
0 0.5757211538461539 0.4891826923076923 0.038461538461538464 0.03365384615384615
0 0.9302884615384616 0.5108173076923077 0.03365384615384615 0.04326923076923077
0 0.43149038461538464 0.484375 0.028846153846153848 0.04326923076923077
0 0.6286057692307693 0.054086538461538464 0.019230769230769232 0.038461538461538464
0 0.671875 0.056490384615384616 0.019230769230769232 0.028846153846153848
0 0.04927884615384615 0.47115384615384615 0.036057692307692304 0.04807692307692308
0 0.8449519230769231 0.5132211538461539 0.03365384615384615 0.04326923076923077
0 0.09615384615384616 0.4735576923076923 0.028846153846153848 0.04326923076923077
0 0.5600961538461539 0.5012019230769231 0.04326923076923077 0.038461538461538464
0 0.24519230769230768 0.4963942307692308 0.02403846153846154 0.038461538461538464
0 0.40384615384615385 0.04447115384615385 0.019230769230769232 0.02403846153846154
0 0.7512019230769231 0.53125 0.036057692307692304 0.04807692307692308
0 0.40625 0.003605769230769231 0.019230769230769232 0.007211538461538462
0 0.8173076923076923 0.02283653846153846 0.019230769230769232 0.014423076923076924
0 0.578125 0.010817307692307692 0.014423076923076924 0.014423076923076924
0 0.42908653846153844 0.04807692307692308 0.019230769230769232 0.028846153846153848
0 0.4735576923076923 0.05048076923076923 0.014423076923076924 0.02403846153846154
0 0.7824519230769231 0.0673076923076923 0.019230769230769232 0.02403846153846154
0 0.28846153846153844 0.5120192307692307 0.03365384615384615 0.04326923076923077
0 0.8701923076923077 0.5516826923076923 0.03365384615384615 0.04326923076923077
0 0.9855769230769231 0.078125 0.019230769230769232 0.02403846153846154
0 0.054086538461538464 0.028846153846153848 0.019230769230769232 0.03365384615384615
0 0.6694711538461539 0.5456730769230769 0.03365384615384615 0.04326923076923077
0 0.5649038461538461 0.5456730769230769 0.04567307692307692 0.052884615384615384
0 0.7932692307692307 0.0673076923076923 0.014423076923076924 0.019230769230769232
0 0.1346153846153846 0.03365384615384615 0.019230769230769232 0.028846153846153848
0 0.8305288461538461 0.07211538461538461 0.019230769230769232 0.02403846153846154
0 0.3545673076923077 0.046875 0.019230769230769232 0.02403846153846154
0 0.36778846153846156 0.5372596153846154 0.038461538461538464 0.04326923076923077
0 0.9435096153846154 0.5709134615384616 0.028846153846153848 0.04326923076923077
0 0.025240384615384616 0.5276442307692307 0.040865384615384616 0.0625
0 0.21153846153846154 0.039663461538461536 0.019230769230769232 0.028846153846153848
0 0.2692307692307692 0.042067307692307696 0.019230769230769232 0.02403846153846154
0 0.7704326923076923 0.06850961538461539 0.019230769230769232 0.02403846153846154
0 0.13221153846153846 0.5336538461538461 0.03365384615384615 0.04326923076923077
0 0.25961538461538464 0.04447115384615385 0.019230769230769232 0.02403846153846154
0 0.3173076923076923 0.04807692307692308 0.019230769230769232 0.02403846153846154
0 0.4879807692307692 0.056490384615384616 0.019230769230769232 0.02403846153846154
0 0.84375 0.5877403846153846 0.03365384615384615 0.04326923076923077
0 0.16105769230769232 0.039663461538461536 0.019230769230769232 0.028846153846153848
0 0.6598557692307693 0.06490384615384616 0.019230769230769232 0.02403846153846154
0 0.20432692307692307 0.5588942307692307 0.038461538461538464 0.04807692307692308
0 0.9206730769230769 0.5985576923076923 0.03365384615384615 0.04326923076923077
0 0.4579326923076923 0.5805288461538461 0.040865384615384616 0.0625
0 0.7355769230769231 0.5949519230769231 0.03365384615384615 0.038461538461538464
0 0.8605769230769231 0.078125 0.019230769230769232 0.019230769230769232
0 0.7824519230769231 0.5997596153846154 0.038461538461538464 0.04807692307692308
0 0.38221153846153844 0.5793269230769231 0.036057692307692304 0.04807692307692308
0 0.640625 0.6045673076923077 0.040865384615384616 0.052884615384615384
0 0.5048076923076923 0.5973557692307693 0.040865384615384616 0.057692307692307696
0 0.9471153846153846 0.6262019230769231 0.02403846153846154 0.04326923076923077
0 0.16826923076923078 0.5901442307692307 0.040865384615384616 0.052884615384615384
0 0.30288461538461536 0.04927884615384615 0.02403846153846154 0.028846153846153848
0 0.26322115384615385 0.5949519230769231 0.038461538461538464 0.04326923076923077
0 0.8954326923076923 0.0829326923076923 0.019230769230769232 0.019230769230769232
0 0.6153846153846154 0.06850961538461539 0.019230769230769232 0.028846153846153848
0 0.051682692307692304 0.5997596153846154 0.03365384615384615 0.04326923076923077
0 0.3293269230769231 0.002403846153846154 0.014423076923076924 0.004807692307692308
0 0.8257211538461539 0.02403846153846154 0.019230769230769232 0.014423076923076924
0 0.28725961538461536 0.05048076923076923 0.019230769230769232 0.028846153846153848
0 0.9699519230769231 0.6574519230769231 0.03125 0.04807692307692308
0 0.7403846153846154 0.6454326923076923 0.03365384615384615 0.04326923076923077
0 0.9146634615384616 0.08653846153846154 0.019230769230769232 0.02403846153846154
0 0.19591346153846154 0.04807692307692308 0.019230769230769232 0.02403846153846154
0 0.8269230769230769 0.6670673076923077 0.040865384615384616 0.052884615384615384
0 0.9038461538461539 0.671875 0.036057692307692304 0.052884615384615384
0 0.5456730769230769 0.06610576923076923 0.02403846153846154 0.03365384615384615
0 0.33533653846153844 0.057692307692307696 0.019230769230769232 0.028846153846153848
0 0.5132211538461539 0.0673076923076923 0.019230769230769232 0.02403846153846154
0 0.6021634615384616 0.6658653846153846 0.040865384615384616 0.057692307692307696
0 0.41346153846153844 0.6550480769230769 0.05048076923076923 0.057692307692307696
0 0.9411057692307693 0.09014423076923077 0.019230769230769232 0.02403846153846154
0 0.24879807692307693 0.6586538461538461 0.052884615384615384 0.0625
0 0.054086538461538464 0.6526442307692307 0.05048076923076923 0.057692307692307696
0 0.4675480769230769 0.06490384615384616 0.019230769230769232 0.014423076923076924
0 0.7584134615384616 0.08052884615384616 0.019230769230769232 0.02403846153846154
0 0.8052884615384616 0.6971153846153846 0.040865384615384616 0.057692307692307696
0 0.23798076923076922 0.055288461538461536 0.019230769230769232 0.028846153846153848
0 0.15264423076923078 0.6742788461538461 0.04567307692307692 0.0625
0 0.9771634615384616 0.7247596153846154 0.026442307692307692 0.055288461538461536
0 0.7620192307692307 0.7139423076923077 0.036057692307692304 0.052884615384615384
0 0.7103365384615384 0.08052884615384616 0.019230769230769232 0.019230769230769232
0 0.2548076923076923 0.056490384615384616 0.019230769230769232 0.019230769230769232
0 0.4423076923076923 0.06610576923076923 0.014423076923076924 0.019230769230769232
0 0.7283653846153846 0.08052884615384616 0.014423076923076924 0.019230769230769232
0 0.6911057692307693 0.7127403846153846 0.04567307692307692 0.0673076923076923
0 0.6418269230769231 0.7127403846153846 0.04326923076923077 0.04807692307692308
0 0.8798076923076923 0.7259615384615384 0.038461538461538464 0.04807692307692308
0 0.9483173076923077 0.734375 0.03125 0.04807692307692308
0 0.8040865384615384 0.08774038461538461 0.014423076923076924 0.02403846153846154
0 0.18028846153846154 0.055288461538461536 0.019230769230769232 0.03365384615384615
0 0.08774038461538461 0.05048076923076923 0.016826923076923076 0.028846153846153848
0 0.6911057692307693 0.08173076923076923 0.02403846153846154 0.02403846153846154
0 0.8365384615384616 0.0889423076923077 0.019230769230769232 0.02403846153846154
0 0.671875 0.08052884615384616 0.019230769230769232 0.02403846153846154
0 0.3581730769230769 0.7151442307692307 0.05048076923076923 0.07692307692307693
0 0.5432692307692307 0.7271634615384616 0.04567307692307692 0.0673076923076923
0 0.9254807692307693 0.028846153846153848 0.019230769230769232 0.014423076923076924
0 0.5180288461538461 0.007211538461538462 0.014423076923076924 0.014423076923076924
0 0.953125 0.03245192307692308 0.02403846153846154 0.019230769230769232
0 0.3858173076923077 0.06850961538461539 0.019230769230769232 0.02403846153846154
0 0.5865384615384616 0.078125 0.019230769230769232 0.03365384615384615
0 0.453125 0.7319711538461539 0.04567307692307692 0.057692307692307696
0 0.10817307692307693 0.052884615384615384 0.014423076923076924 0.02403846153846154
0 0.5745192307692307 0.078125 0.014423076923076924 0.02403846153846154
0 0.025240384615384616 0.7259615384615384 0.05048076923076923 0.057692307692307696
0 0.6622596153846154 0.765625 0.04567307692307692 0.057692307692307696
0 0.375 0.06971153846153846 0.019230769230769232 0.02403846153846154
0 0.9302884615384616 0.7956730769230769 0.04567307692307692 0.0625
0 0.8197115384615384 0.796875 0.040865384615384616 0.0625
0 0.31971153846153844 0.07091346153846154 0.02403846153846154 0.028846153846153848
0 0.41466346153846156 0.7992788461538461 0.04567307692307692 0.0625
0 0.9639423076923077 0.1045673076923077 0.019230769230769232 0.02403846153846154
0 0.040865384615384616 0.055288461538461536 0.019230769230769232 0.028846153846153848
0 0.3389423076923077 0.7992788461538461 0.04567307692307692 0.0625
0 0.5108173076923077 0.8112980769230769 0.04567307692307692 0.0673076923076923
0 0.7860576923076923 0.828125 0.040865384615384616 0.057692307692307696
0 0.13581730769230768 0.06129807692307692 0.019230769230769232 0.028846153846153848
0 0.6286057692307693 0.08653846153846154 0.02403846153846154 0.03365384615384615
0 0.1201923076923077 0.8004807692307693 0.052884615384615384 0.057692307692307696
0 0.30528846153846156 0.8149038461538461 0.05048076923076923 0.057692307692307696
0 0.04807692307692308 0.8052884615384616 0.04567307692307692 0.057692307692307696
0 0.9699519230769231 0.8557692307692307 0.026442307692307692 0.06971153846153846
0 0.3293269230769231 0.0733173076923077 0.014423076923076924 0.02403846153846154
0 0.421875 0.078125 0.019230769230769232 0.02403846153846154
0 0.9903846153846154 0.11057692307692307 0.019230769230769232 0.02403846153846154
0 0.6586538461538461 0.09254807692307693 0.019230769230769232 0.02403846153846154
0 0.734375 0.09735576923076923 0.014423076923076924 0.02403846153846154
0 0.3737980769230769 0.8569711538461539 0.052884615384615384 0.0625
0 0.8713942307692307 0.8858173076923077 0.040865384615384616 0.057692307692307696
0 0.5612980769230769 0.08774038461538461 0.019230769230769232 0.019230769230769232
0 0.8942307692307693 0.10817307692307693 0.019230769230769232 0.02403846153846154
0 0.9483173076923077 0.11057692307692307 0.019230769230769232 0.02403846153846154
0 0.1935096153846154 0.8521634615384616 0.05048076923076923 0.0625
0 0.8221153846153846 0.8918269230769231 0.04567307692307692 0.0625
0 0.6995192307692307 0.09735576923076923 0.019230769230769232 0.02403846153846154
0 0.7367788461538461 0.8930288461538461 0.05048076923076923 0.057692307692307696
0 0.5564903846153846 0.8882211538461539 0.038461538461538464 0.04326923076923077
0 0.6466346153846154 0.8954326923076923 0.04326923076923077 0.04326923076923077
0 0.9182692307692307 0.11177884615384616 0.014423076923076924 0.02403846153846154
0 0.2764423076923077 0.078125 0.02403846153846154 0.028846153846153848
0 0.6045673076923077 0.09495192307692307 0.019230769230769232 0.02403846153846154
0 0.41466346153846156 0.8858173076923077 0.04326923076923077 0.038461538461538464
0 0.5901442307692307 0.8942307692307693 0.04326923076923077 0.02403846153846154
0 0.039663461538461536 0.8689903846153846 0.04326923076923077 0.03365384615384615
0 0.5192307692307693 0.09014423076923077 0.019230769230769232 0.038461538461538464
0 0.47115384615384615 0.08774038461538461 0.02403846153846154 0.028846153846153848
0 0.7692307692307693 0.10336538461538461 0.019230769230769232 0.03365384615384615
0 0.7908653846153846 0.10697115384615384 0.019230769230769232 0.028846153846153848
0 0.4567307692307692 0.09014423076923077 0.014423076923076924 0.02403846153846154
0 0.8425480769230769 0.026442307692307692 0.014423076923076924 0.014423076923076924
0 0.42788461538461536 0.007211538461538462 0.014423076923076924 0.014423076923076924
0 0.8725961538461539 0.1141826923076923 0.02403846153846154 0.028846153846153848
0 0.4387019230769231 0.09134615384615384 0.019230769230769232 0.02403846153846154
0 0.4987980769230769 0.09375 0.019230769230769232 0.02403846153846154
0 0.3485576923076923 0.0889423076923077 0.019230769230769232 0.02403846153846154
0 0.1935096153846154 0.0829326923076923 0.019230769230769232 0.02403846153846154
0 0.40384615384615385 0.09375 0.019230769230769232 0.02403846153846154
0 0.8329326923076923 0.11658653846153846 0.019230769230769232 0.028846153846153848
0 0.7451923076923077 0.1141826923076923 0.019230769230769232 0.028846153846153848
0 0.3954326923076923 0.09615384615384616 0.02403846153846154 0.028846153846153848
0 0.6454326923076923 0.109375 0.02403846153846154 0.02403846153846154
0 0.9302884615384616 0.12620192307692307 0.019230769230769232 0.02403846153846154