0 0.48203125 0.35234375 0.0109375 0.0140625
0 0.71328125 0.334375 0.0046875 0.0046875
0 0.5984375 0.3515625 0.00625 0.0140625
0 0.6265625 0.3515625 0.0046875 0.0046875
0 0.61015625 0.353125 0.0046875 0.0046875
0 0.64921875 0.35 0.0046875 0.0046875
0 0.640625 0.35078125 0.0046875 0.0046875
0 0.60546875 0.35390625 0.00625 0.009375
0 0.76796875 0.34609375 0.009375 0.00625
0 0.6109375 0.36015625 0.0046875 0.0046875
0 0.63203125 0.35859375 0.0046875 0.0046875
0 0.75625 0.35 0.0046875 0.0046875
0 0.60390625 0.36328125 0.0046875 0.0046875
0 0.68515625 0.35625 0.0046875 0.0046875
0 0.71015625 0.35390625 0.00625 0.009375
0 0.72421875 0.35234375 0.00625 0.009375
0 0.63671875 0.36015625 0.0046875 0.0046875
0 0.66875 0.35703125 0.0046875 0.0046875
0 0.6640625 0.3578125 0.0046875 0.0046875
0 0.65234375 0.3609375 0.0046875 0.0046875
0 0.65703125 0.3609375 0.0046875 0.0046875
0 0.66875 0.359375 0.0046875 0.0046875
0 0.678125 0.35859375 0.0046875 0.0046875
0 0.48203125 0.37578125 0.00625 0.0140625
0 0.66171875 0.36015625 0.0046875 0.0046875
0 0.68515625 0.35859375 0.0046875 0.0046875
0 0.565625 0.37109375 0.0109375 0.0109375
0 0.7078125 0.35859375 0.0046875 0.0046875
0 0.61640625 0.36875 0.00625 0.009375
0 0.69296875 0.3625 0.0046875 0.0046875
0 0.64453125 0.36640625 0.00625 0.009375
0 0.6859375 0.36328125 0.0046875 0.0046875
0 0.6234375 0.36875 0.00625 0.009375
0 0.66484375 0.3671875 0.0046875 0.0046875
0 0.67890625 0.36796875 0.00625 0.009375
0 0.66953125 0.36875 0.0109375 0.0109375
0 0.6078125 0.37421875 0.00625 0.009375
0 0.621875 0.37578125 0.0046875 0.0046875
0 0.646875 0.3734375 0.0046875 0.0046875
0 0.63359375 0.37734375 0.0109375 0.0109375
0 0.76796875 0.36796875 0.0109375 0.0109375
0 0.65625 0.3796875 0.0046875 0.0046875
0 0.6984375 0.37578125 0.00625 0.009375
0 0.71640625 0.37421875 0.009375 0.00625
0 0.7078125 0.37734375 0.0046875 0.0046875
0 0.64765625 0.3828125 0.0109375 0.0109375
0 0.68203125 0.3796875 0.00625 0.009375
0 0.75859375 0.37578125 0.015625 0.015625
0 0.67109375 0.38515625 0.00625 0.009375
0 0.7265625 0.38046875 0.0109375 0.0109375
0 0.6640625 0.38828125 0.0046875 0.0046875
0 0.70625 0.384375 0.00625 0.009375
0 0.59296875 0.39453125 0.00625 0.009375
0 0.61875 0.39453125 0.0046875 0.0046875
0 0.62578125 0.39375 0.00625 0.009375
0 0.6578125 0.39296875 0.0046875 0.0046875
0 0.68125 0.390625 0.0109375 0.0109375
0 0.690625 0.38984375 0.0109375 0.0109375
0 0.609375 0.396875 0.0046875 0.0046875
0 0.44609375 0.4140625 0.015625 0.015625
0 0.6421875 0.396875 0.0109375 0.0109375
0 0.60546875 0.40234375 0.00625 0.009375
0 0.7828125 0.38671875 0.0109375 0.0109375
0 0.6671875 0.396875 0.0109375 0.0109375
0 0.71328125 0.39296875 0.009375 0.00625
0 0.778125 0.38671875 0.00625 0.009375
0 0.5890625 0.40390625 0.00625 0.009375
0 0.62421875 0.403125 0.0046875 0.0046875
0 0.52890625 0.41328125 0.0046875 0.0046875
0 0.55234375 0.41171875 0.00625 0.009375
0 0.5640625 0.41015625 0.00625 0.009375
0 0.70078125 0.3984375 0.00625 0.009375
0 0.72578125 0.39609375 0.00625 0.009375
0 0.684375 0.40234375 0.0109375 0.0109375
0 0.7375 0.39765625 0.0109375 0.0140625
0 0.52109375 0.41640625 0.0109375 0.0109375
0 0.675 0.403125 0.0109375 0.0109375
0 0.58671875 0.4109375 0.0046875 0.0046875
0 0.69140625 0.4015625 0.009375 0.00625
0 0.7078125 0.4 0.0109375 0.0140625
0 0.65390625 0.4046875 0.0109375 0.0109375
0 0.66328125 0.40390625 0.009375 0.00625
0 0.60625 0.41171875 0.0109375 0.0109375
0 0.61796875 0.41015625 0.0109375 0.0109375
0 0.5765625 0.41640625 0.015625 0.015625
0 0.63671875 0.4109375 0.0140625 0.0109375
0 0.7171875 0.40625 0.00625 0.009375
0 0.65 0.4125 0.0140625 0.0109375
0 0.5078125 0.425 0.00625 0.009375
0 0.7015625 0.41015625 0.0109375 0.0109375
0 0.57265625 0.421875 0.0109375 0.0140625
0 0.7109375 0.409375 0.0109375 0.0109375
0 0.5515625 0.4234375 0.00625 0.009375
0 0.7265625 0.4078125 0.00625 0.009375
0 0.6734375 0.41484375 0.0046875 0.0046875
0 0.6640625 0.415625 0.0046875 0.0046875
0 0.68515625 0.4140625 0.0109375 0.0109375
0 0.4109375 0.440625 0.0109375 0.0109375
0 0.65546875 0.41875 0.0109375 0.0140625
0 0.73359375 0.41171875 0.0109375 0.0109375
0 0.49453125 0.43515625 0.0109375 0.0109375
0 0.44375 0.43984375 0.0109375 0.0140625
0 0.60703125 0.42578125 0.0109375 0.0109375
0 0.646875 0.421875 0.0109375 0.0140625
0 0.61640625 0.425 0.0109375 0.0109375
0 0.5828125 0.4296875 0.0109375 0.0140625
0 0.50859375 0.43671875 0.0109375 0.0140625
0 0.6328125 0.42578125 0.00625 0.009375
0 0.671875 0.421875 0.0109375 0.0109375
0 0.7390625 0.41640625 0.00625 0.009375
0 0.54296875 0.4359375 0.0109375 0.0109375
0 0.640625 0.42734375 0.0109375 0.0109375
0 0.725 0.41953125 0.0109375 0.0109375
0 0.6625 0.425 0.00625 0.009375
0 0.69296875 0.42265625 0.0109375 0.0140625
0 0.68359375 0.4234375 0.0109375 0.0109375
0 0.65390625 0.42890625 0.00625 0.009375
0 0.5296875 0.44140625 0.0109375 0.0140625
0 0.71015625 0.42578125 0.0109375 0.0109375
0 0.73515625 0.42578125 0.015625 0.015625
0 0.63828125 0.434375 0.0109375 0.0109375
0 0.64765625 0.43359375 0.00625 0.009375
0 0.7421875 0.42578125 0.0109375 0.0140625
0 0.75390625 0.4265625 0.0109375 0.0140625
0 0.87890625 0.41796875 0.0203125 0.025
0 0.6921875 0.434375 0.0046875 0.0046875
0 0.66640625 0.43671875 0.0109375 0.0140625
0 0.7171875 0.43203125 0.0109375 0.0140625
0 0.634375 0.4421875 0.00625 0.009375
0 0.615625 0.44375 0.0109375 0.0109375
0 0.67578125 0.43828125 0.0109375 0.0140625
0 0.68515625 0.4375 0.00625 0.009375
0 0.70390625 0.43828125 0.0109375 0.0140625
0 0.65078125 0.44296875 0.0109375 0.0140625
0 0.7265625 0.4359375 0.0109375 0.0140625
0 0.56796875 0.45234375 0.00625 0.0140625
0 0.7453125 0.4390625 0.0109375 0.0140625
0 0.76171875 0.4375 0.0109375 0.0140625
0 0.7 0.4453125 0.0140625 0.0109375
0 0.559375 0.4578125 0.0109375 0.0140625
0 0.82890625 0.434375 0.015625 0.0203125
0 0.66953125 0.4484375 0.0109375 0.0140625
0 0.7140625 0.44453125 0.0109375 0.0140625
0 0.74140625 0.44453125 0.0109375 0.0140625
0 0.690625 0.45078125 0.0046875 0.0046875
0 0.4515625 0.4734375 0.015625 0.025
0 0.66328125 0.45546875 0.0109375 0.0140625
0 0.63359375 0.4578125 0.0109375 0.0140625
0 0.48828125 0.4703125 0.015625 0.025
0 0.72578125 0.45234375 0.015625 0.0203125
0 0.49765625 0.471875 0.0109375 0.01875
0 0.67734375 0.45625 0.0109375 0.0140625
0 0.73515625 0.4515625 0.015625 0.015625
0 0.684375 0.45546875 0.0109375 0.0140625
0 0.69609375 0.4546875 0.0109375 0.0109375
0 0.3390625 0.48828125 0.0203125 0.025
0 0.6296875 0.46484375 0.0140625 0.0109375
0 0.7515625 0.4546875 0.0109375 0.0140625
0 0.71015625 0.4578125 0.0109375 0.0109375
0 0.475 0.48125 0.0203125 0.025
0 0.659375 0.46484375 0.015625 0.0203125
0 0.88828125 0.44453125 0.015625 0.025
0 0.81640625 0.453125 0.015625 0.015625
0 0.32109375 0.496875 0.015625 0.025
0 0.871875 0.45078125 0.015625 0.0203125
0 0.90234375 0.45078125 0.0109375 0.01875
0 0.90859375 0.45 0.0109375 0.0140625
0 0.68828125 0.46953125 0.015625 0.0203125
0 0.7453125 0.46640625 0.015625 0.015625
0 0.7 0.4734375 0.015625 0.015625
0 0.6515625 0.47734375 0.015625 0.0203125
0 0.46328125 0.4984375 0.015625 0.0203125
0 0.665625 0.48046875 0.015625 0.015625
0 0.4140625 0.50546875 0.015625 0.025
0 0.815625 0.47265625 0.0203125 0.0203125
0 0.775 0.47578125 0.015625 0.015625
0 0.8640625 0.4703125 0.0203125 0.0203125
0 0.553125 0.5 0.015625 0.0203125
0 0.49375 0.51015625 0.015625 0.0203125
0 0.659375 0.4953125 0.015625 0.015625
0 0.7578125 0.49375 0.015625 0.015625
0 0.74140625 0.4953125 0.015625 0.0203125
0 0.71640625 0.5 0.015625 0.0203125
0 0.8015625 0.4921875 0.0203125 0.0203125
0 0.734375 0.503125 0.0109375 0.01875
0 0.684375 0.51171875 0.015625 0.0203125
0 0.76328125 0.509375 0.015625 0.0203125
0 0.69921875 0.5171875 0.015625 0.025
0 0.71328125 0.515625 0.015625 0.0203125
0 0.7265625 0.51953125 0.015625 0.0203125
0 0.7546875 0.5171875 0.0203125 0.0203125
0 0.64296875 0.5359375 0.021875 0.0296875
0 0.4421875 0.5609375 0.03125 0.0390625
0 0.20546875 0.58359375 0.040625 0.04375
0 0.115625 0.59609375 0.0515625 0.06875
0 0.39296875 0.57421875 0.0421875 0.0671875
0 0.734375 0.54921875 0.034375 0.0390625
0 0.02421875 0.6140625 0.0375 0.0625
0 0.515625 0.5734375 0.040625 0.0484375
0 0.69609375 0.559375 0.021875 0.0296875
0 0.575 0.584375 0.03125 0.04375
0 0.54375 0.6078125 0.040625 0.0484375
0 0.215625 0.64765625 0.0578125 0.078125