0 0.46875 0.203125 0.0625 0.1265625
0 0.16953125 0.203125 0.0296875 0.0609375
0 0.19453125 0.2375 0.0296875 0.046875
0 0.23125 0.25 0.0328125 0.046875
0 0.684375 0.2578125 0.046875 0.084375
0 0.07421875 0.24921875 0.071875 0.121875
0 0.61484375 0.259375 0.0578125 0.103125
0 0.3578125 0.2640625 0.0296875 0.046875
0 0.71015625 0.275 0.0296875 0.0609375
0 0.971875 0.28984375 0.0515625 0.0703125
0 0.49921875 0.28203125 0.0421875 0.0609375
0 0.2796875 0.28046875 0.0578125 0.1078125
0 0.871875 0.29296875 0.0234375 0.028125
0 0.69609375 0.29453125 0.01875 0.0234375
0 0.32578125 0.290625 0.0296875 0.0515625
0 0.559375 0.29453125 0.0234375 0.0421875
0 0.73515625 0.3 0.0234375 0.028125
0 0.88984375 0.31015625 0.0140625 0.0234375
0 0.91015625 0.321875 0.01875 0.0234375
0 0.803125 0.35703125 0.071875 0.1171875