0 0.23798076923076922 0.09375 0.036057692307692304 0.052884615384615384
0 0.8713942307692307 0.140625 0.04567307692307692 0.057692307692307696
0 0.14783653846153846 0.09014423076923077 0.040865384615384616 0.057692307692307696
0 0.5408653846153846 0.13221153846153846 0.04567307692307692 0.057692307692307696
0 0.4483173076923077 0.12740384615384615 0.040865384615384616 0.0625
0 0.2668269230769231 0.11778846153846154 0.03125 0.057692307692307696
0 0.6057692307692307 0.14302884615384615 0.04567307692307692 0.052884615384615384
0 0.38221153846153844 0.125 0.040865384615384616 0.057692307692307696
0 0.9963942307692307 0.17307692307692307 0.007211538461538462 0.057692307692307696
0 0.04447115384615385 0.11298076923076923 0.03125 0.0625
0 0.7872596153846154 0.03485576923076923 0.052884615384615384 0.03365384615384615
0 0.6514423076923077 0.15985576923076922 0.055288461538461536 0.0625
0 0.10336538461538461 0.12379807692307693 0.040865384615384616 0.0673076923076923
0 0.8377403846153846 0.1778846153846154 0.040865384615384616 0.07211538461538461
0 0.06490384615384616 0.12620192307692307 0.036057692307692304 0.057692307692307696
0 0.7379807692307693 0.17548076923076922 0.04567307692307692 0.052884615384615384
0 0.4987980769230769 0.16105769230769232 0.04567307692307692 0.0673076923076923
0 0.16706730769230768 0.13822115384615385 0.04326923076923077 0.07692307692307693
0 0.8100961538461539 0.18509615384615385 0.040865384615384616 0.04567307692307692
0 0.40625 0.15985576923076922 0.04567307692307692 0.057692307692307696
0 0.3125 0.15865384615384615 0.036057692307692304 0.052884615384615384
0 0.23317307692307693 0.15625 0.04567307692307692 0.057692307692307696
0 0.6322115384615384 0.026442307692307692 0.040865384615384616 0.038461538461538464
0 0.2932692307692308 0.010817307692307692 0.028846153846153848 0.021634615384615384
0 0.6947115384615384 0.18870192307692307 0.04567307692307692 0.040865384615384616
0 0.7560096153846154 0.19471153846153846 0.036057692307692304 0.0625
0 0.6141826923076923 0.18990384615384615 0.040865384615384616 0.0625
0 0.5288461538461539 0.1935096153846154 0.04567307692307692 0.0625
0 0.35216346153846156 0.18389423076923078 0.036057692307692304 0.04807692307692308
0 0.1466346153846154 0.007211538461538462 0.038461538461538464 0.014423076923076924
0 0.8461538461538461 0.04326923076923077 0.04326923076923077 0.04326923076923077
0 0.21634615384615385 0.010817307692307692 0.03365384615384615 0.021634615384615384
0 0.453125 0.018028846153846152 0.04567307692307692 0.036057692307692304
0 0.4110576923076923 0.016826923076923076 0.03365384615384615 0.03365384615384615
0 0.9122596153846154 0.2403846153846154 0.05048076923076923 0.057692307692307696
0 0.46033653846153844 0.20673076923076922 0.040865384615384616 0.0625
0 0.1875 0.18990384615384615 0.040865384615384616 0.057692307692307696
0 0.7043269230769231 0.22596153846153846 0.05048076923076923 0.05048076923076923
0 0.41346153846153844 0.20552884615384615 0.05048076923076923 0.0673076923076923
0 0.78125 0.23197115384615385 0.036057692307692304 0.0673076923076923
0 0.33413461538461536 0.21514423076923078 0.040865384615384616 0.040865384615384616
0 0.2920673076923077 0.21634615384615385 0.040865384615384616 0.040865384615384616
0 0.8581730769230769 0.25600961538461536 0.04567307692307692 0.0673076923076923
0 0.03245192307692308 0.19831730769230768 0.02403846153846154 0.028846153846153848
0 0.9855769230769231 0.26322115384615385 0.028846153846153848 0.05048076923076923
0 0.5480769230769231 0.234375 0.055288461538461536 0.057692307692307696
0 0.6382211538461539 0.24759615384615385 0.05048076923076923 0.0625
0 0.49038461538461536 0.23918269230769232 0.05048076923076923 0.05048076923076923
0 0.6875 0.2548076923076923 0.04567307692307692 0.0625
0 0.056490384615384616 0.21153846153846154 0.040865384615384616 0.07211538461538461
0 0.9182692307692307 0.28365384615384615 0.040865384615384616 0.0673076923076923
0 0.1778846153846154 0.23197115384615385 0.052884615384615384 0.040865384615384616
0 0.33653846153846156 0.25 0.040865384615384616 0.052884615384615384
0 0.3161057692307692 0.018028846153846152 0.040865384615384616 0.036057692307692304
0 0.7728365384615384 0.2824519230769231 0.04567307692307692 0.057692307692307696
0 0.9891826923076923 0.2956730769230769 0.021634615384615384 0.038461538461538464
0 0.08173076923076923 0.23557692307692307 0.040865384615384616 0.052884615384615384
0 0.2692307692307692 0.24879807692307693 0.036057692307692304 0.052884615384615384
0 0.3894230769230769 0.2620192307692308 0.036057692307692304 0.052884615384615384
0 0.9026442307692307 0.054086538461538464 0.040865384615384616 0.057692307692307696
0 0.5757211538461539 0.27524038461538464 0.05048076923076923 0.0625
0 0.028846153846153848 0.24879807692307693 0.026442307692307692 0.0673076923076923
0 0.4807692307692308 0.2824519230769231 0.04567307692307692 0.052884615384615384
0 0.609375 0.29447115384615385 0.04567307692307692 0.0673076923076923
0 0.9855769230769231 0.32211538461538464 0.028846153846153848 0.052884615384615384
0 0.18870192307692307 0.2668269230769231 0.036057692307692304 0.052884615384615384
0 0.2668269230769231 0.014423076923076924 0.03365384615384615 0.028846153846153848
0 0.8786057692307693 0.31850961538461536 0.05048076923076923 0.0673076923076923
0 0.7956730769230769 0.3173076923076923 0.040865384615384616 0.057692307692307696
0 0.35697115384615385 0.28725961538461536 0.05048076923076923 0.04567307692307692
0 0.7103365384615384 0.04326923076923077 0.04567307692307692 0.052884615384615384
0 0.65625 0.3137019230769231 0.05048076923076923 0.052884615384615384
0 0.20432692307692307 0.2860576923076923 0.040865384615384616 0.07211538461538461
0 0.1622596153846154 0.28365384615384615 0.05048076923076923 0.052884615384615384
0 0.5252403846153846 0.3137019230769231 0.036057692307692304 0.052884615384615384
0 0.23798076923076922 0.2956730769230769 0.055288461538461536 0.057692307692307696
0 0.08653846153846154 0.2860576923076923 0.036057692307692304 0.038461538461538464
0 0.30288461538461536 0.30528846153846156 0.055288461538461536 0.057692307692307696
0 0.5576923076923077 0.32091346153846156 0.04567307692307692 0.0625
0 0.41586538461538464 0.3112980769230769 0.05048076923076923 0.0625
0 0.9326923076923077 0.35216346153846156 0.040865384615384616 0.052884615384615384
0 0.10817307692307693 0.29447115384615385 0.04567307692307692 0.0625
0 0.3713942307692308 0.3233173076923077 0.04567307692307692 0.05048076923076923
0 0.6382211538461539 0.3449519230769231 0.04567307692307692 0.052884615384615384
0 0.06490384615384616 0.3088942307692308 0.04567307692307692 0.04567307692307692
0 0.7379807692307693 0.3545673076923077 0.052884615384615384 0.07692307692307693
0 0.9855769230769231 0.375 0.028846153846153848 0.0673076923076923
0 0.8617788461538461 0.37259615384615385 0.052884615384615384 0.07692307692307693
0 0.7740384615384616 0.36899038461538464 0.05048076923076923 0.07211538461538461
0 0.328125 0.3401442307692308 0.036057692307692304 0.0673076923076923
0 0.17668269230769232 0.020432692307692308 0.040865384615384616 0.040865384615384616
0 0.24639423076923078 0.3389423076923077 0.040865384615384616 0.05048076923076923
0 0.49399038461538464 0.3557692307692308 0.036057692307692304 0.057692307692307696
0 0.15144230769230768 0.33413461538461536 0.04567307692307692 0.0625
0 0.41947115384615385 0.3545673076923077 0.04567307692307692 0.057692307692307696
0 0.9086538461538461 0.3918269230769231 0.052884615384615384 0.052884615384615384
0 0.04447115384615385 0.014423076923076924 0.026442307692307692 0.028846153846153848
0 0.8004807692307693 0.390625 0.05048076923076923 0.0673076923076923
0 0.5456730769230769 0.375 0.06009615384615385 0.06490384615384616
0 0.6177884615384616 0.3858173076923077 0.036057692307692304 0.052884615384615384
0 0.5132211538461539 0.3786057692307692 0.040865384615384616 0.07211538461538461
0 0.03245192307692308 0.3473557692307692 0.040865384615384616 0.0673076923076923
0 0.9543269230769231 0.41346153846153844 0.055288461538461536 0.0625
0 0.34615384615384615 0.36899038461538464 0.05048076923076923 0.05048076923076923
0 0.8701923076923077 0.4074519230769231 0.04567307692307692 0.07211538461538461
0 0.6454326923076923 0.3918269230769231 0.055288461538461536 0.0625
0 0.4567307692307692 0.3870192307692308 0.040865384615384616 0.0625
0 0.22956730769230768 0.38100961538461536 0.040865384615384616 0.0625
0 0.7115384615384616 0.4170673076923077 0.055288461538461536 0.0673076923076923
0 0.12259615384615384 0.38100961538461536 0.040865384615384616 0.0673076923076923
0 0.38461538461538464 0.39903846153846156 0.055288461538461536 0.0673076923076923
0 0.6538461538461539 0.4206730769230769 0.057692307692307696 0.055288461538461536
0 0.051682692307692304 0.3858173076923077 0.04567307692307692 0.05048076923076923
0 0.8245192307692307 0.4375 0.040865384615384616 0.052884615384615384
0 0.3088942307692308 0.40384615384615385 0.04567307692307692 0.05048076923076923
0 0.5685096153846154 0.421875 0.04567307692307692 0.057692307692307696
0 0.9495192307692307 0.45072115384615385 0.05048076923076923 0.052884615384615384
0 0.35336538461538464 0.41225961538461536 0.040865384615384616 0.0625
0 0.47475961538461536 0.4254807692307692 0.04567307692307692 0.07211538461538461
0 0.2608173076923077 0.41346153846153844 0.05048076923076923 0.057692307692307696
0 0.8786057692307693 0.46875 0.06009615384615385 0.08173076923076923
0 0.6442307692307693 0.4567307692307692 0.055288461538461536 0.08173076923076923
0 0.4987980769230769 0.04567307692307692 0.040865384615384616 0.057692307692307696
0 0.038461538461538464 0.4254807692307692 0.04567307692307692 0.0673076923076923
0 0.41346153846153844 0.4519230769230769 0.04807692307692308 0.07692307692307693
0 0.18389423076923078 0.4387019230769231 0.040865384615384616 0.0625
0 0.7920673076923077 0.4807692307692308 0.04567307692307692 0.052884615384615384
0 0.5324519230769231 0.4675480769230769 0.04567307692307692 0.07211538461538461
0 0.5 0.4699519230769231 0.04567307692307692 0.07211538461538461
0 0.14182692307692307 0.44471153846153844 0.05048076923076923 0.04567307692307692
0 0.2848557692307692 0.4567307692307692 0.040865384615384616 0.057692307692307696
0 0.21514423076923078 0.4567307692307692 0.05048076923076923 0.0673076923076923
0 0.9759615384615384 0.5060096153846154 0.04807692307692308 0.07932692307692307
0 0.3894230769230769 0.039663461538461536 0.03125 0.052884615384615384
0 0.25 0.46153846153846156 0.036057692307692304 0.0625
0 0.7103365384615384 0.4987980769230769 0.055288461538461536 0.0625
0 0.35336538461538464 0.4735576923076923 0.05048076923076923 0.07211538461538461
0 0.06129807692307692 0.45913461538461536 0.05048076923076923 0.057692307692307696
0 0.8834134615384616 0.5360576923076923 0.05048076923076923 0.057692307692307696
0 0.7848557692307693 0.5384615384615384 0.05048076923076923 0.0673076923076923
0 0.13822115384615385 0.49759615384615385 0.052884615384615384 0.07692307692307693
0 0.8040865384615384 0.07091346153846154 0.03125 0.0673076923076923
0 0.41346153846153844 0.5192307692307693 0.04567307692307692 0.052884615384615384
0 0.6346153846153846 0.546875 0.036057692307692304 0.04807692307692308
0 0.5576923076923077 0.5408653846153846 0.06009615384615385 0.08653846153846154
0 0.4567307692307692 0.051682692307692304 0.040865384615384616 0.057692307692307696
0 0.4987980769230769 0.5480769230769231 0.04567307692307692 0.0625
0 0.06490384615384616 0.5204326923076923 0.055288461538461536 0.057692307692307696
0 0.18509615384615385 0.5288461538461539 0.055288461538461536 0.07692307692307693
0 0.9206730769230769 0.5829326923076923 0.052884615384615384 0.08173076923076923
0 0.2860576923076923 0.5408653846153846 0.04807692307692308 0.07692307692307693
0 0.7920673076923077 0.5829326923076923 0.05048076923076923 0.052884615384615384
0 0.08774038461538461 0.026442307692307692 0.040865384615384616 0.052884615384615384
0 0.8665865384615384 0.5925480769230769 0.052884615384615384 0.052884615384615384
0 0.6634615384615384 0.5889423076923077 0.055288461538461536 0.08173076923076923
0 0.4098557692307692 0.5721153846153846 0.055288461538461536 0.057692307692307696
0 0.6382211538461539 0.5997596153846154 0.04567307692307692 0.07211538461538461
0 0.3713942307692308 0.5841346153846154 0.036057692307692304 0.0673076923076923
0 0.06610576923076923 0.5697115384615384 0.04567307692307692 0.07211538461538461
0 0.3425480769230769 0.5913461538461539 0.055288461538461536 0.07692307692307693
0 0.5228365384615384 0.6069711538461539 0.04807692307692308 0.08173076923076923
0 0.30528846153846156 0.59375 0.04807692307692308 0.07692307692307693
0 0.7319711538461539 0.6237980769230769 0.040865384615384616 0.057692307692307696
0 0.4579326923076923 0.6069711538461539 0.04567307692307692 0.052884615384615384
0 0.1622596153846154 0.5925480769230769 0.055288461538461536 0.08653846153846154
0 0.9723557692307693 0.6550480769230769 0.04326923076923077 0.09134615384615384
0 0.8725961538461539 0.6514423076923077 0.036057692307692304 0.0673076923076923
0 0.7776442307692307 0.08052884615384616 0.04567307692307692 0.0625
0 0.2644230769230769 0.6165865384615384 0.03125 0.0625
0 0.7644230769230769 0.65625 0.055288461538461536 0.08173076923076923
0 0.2283653846153846 0.6225961538461539 0.055288461538461536 0.08173076923076923
0 0.4567307692307692 0.6454326923076923 0.05048076923076923 0.057692307692307696
0 0.7524038461538461 0.08413461538461539 0.03125 0.052884615384615384
0 0.640625 0.07572115384615384 0.05048076923076923 0.052884615384615384
0 0.028846153846153848 0.6298076923076923 0.057692307692307696 0.09615384615384616
0 0.5408653846153846 0.6658653846153846 0.038461538461538464 0.07692307692307693
0 0.30408653846153844 0.6514423076923077 0.06009615384615385 0.07451923076923077
0 0.5733173076923077 0.6706730769230769 0.055288461538461536 0.07211538461538461
0 0.9314903846153846 0.0985576923076923 0.05048076923076923 0.0673076923076923
0 0.2668269230769231 0.05048076923076923 0.040865384615384616 0.052884615384615384
0 0.8665865384615384 0.09134615384615384 0.05048076923076923 0.052884615384615384
0 0.7103365384615384 0.6875 0.052884615384615384 0.08653846153846154
0 0.6129807692307693 0.6814903846153846 0.06009615384615385 0.08173076923076923
0 0.13822115384615385 0.6646634615384616 0.055288461538461536 0.0673076923076923
0 0.8701923076923077 0.71875 0.05048076923076923 0.0625
0 0.008413461538461538 0.6622596153846154 0.016826923076923076 0.07932692307692307
0 0.3389423076923077 0.6887019230769231 0.05048076923076923 0.05048076923076923
0 0.9471153846153846 0.7331730769230769 0.05048076923076923 0.07211538461538461
0 0.3605769230769231 0.06129807692307692 0.04567307692307692 0.0625
0 0.734375 0.7271634615384616 0.05048076923076923 0.07211538461538461
0 0.4651442307692308 0.7079326923076923 0.06490384615384616 0.06490384615384616
0 0.2283653846153846 0.6947115384615384 0.07451923076923077 0.06971153846153846
0 0.5889423076923077 0.7295673076923077 0.06490384615384616 0.06971153846153846
0 0.41346153846153844 0.7391826923076923 0.06009615384615385 0.07932692307692307
0 0.27283653846153844 0.7319711538461539 0.04807692307692308 0.09134615384615384
0 0.7524038461538461 0.7680288461538461 0.055288461538461536 0.08653846153846154
0 0.9711538461538461 0.10697115384615384 0.04567307692307692 0.0673076923076923
0 0.06610576923076923 0.7247596153846154 0.05048076923076923 0.0673076923076923
0 0.23918269230769232 0.7439903846153846 0.04567307692307692 0.0625
0 0.8377403846153846 0.7920673076923077 0.06009615384615385 0.07932692307692307
0 0.2920673076923077 0.7536057692307693 0.07211538461538461 0.09615384615384616
0 0.5877403846153846 0.7800480769230769 0.06009615384615385 0.08653846153846154
0 0.46634615384615385 0.7740384615384616 0.05048076923076923 0.07211538461538461
0 0.671875 0.7908653846153846 0.0673076923076923 0.09615384615384616
0 0.10336538461538461 0.7560096153846154 0.0673076923076923 0.09615384615384616
0 0.9350961538461539 0.8341346153846154 0.06009615384615385 0.09134615384615384
0 0.171875 0.7860576923076923 0.055288461538461536 0.09134615384615384
0 0.6838942307692307 0.09495192307692307 0.04567307692307692 0.0673076923076923
0 0.5444711538461539 0.828125 0.055288461538461536 0.08653846153846154
0 0.020432692307692308 0.7932692307692307 0.040865384615384616 0.08173076923076923
0 0.125 0.06009615384615385 0.036057692307692304 0.057692307692307696
0 0.7163461538461539 0.09975961538461539 0.036057692307692304 0.0625
0 0.8377403846153846 0.9014423076923077 0.06971153846153846 0.06490384615384616
0 0.6826923076923077 0.9002403846153846 0.0625 0.055288461538461536
0 0.17307692307692307 0.06370192307692307 0.03125 0.04807692307692308
0 0.5649038461538461 0.0985576923076923 0.040865384615384616 0.052884615384615384
0 0.8173076923076923 0.1141826923076923 0.04567307692307692 0.057692307692307696
0 0.2644230769230769 0.002403846153846154 0.03365384615384615 0.004807692307692308
0 0.6081730769230769 0.10336538461538461 0.036057692307692304 0.038461538461538464