0 0.32572115384615385 0.5336538461538461 0.009615384615384616 0.019230769230769232
0 0.3858173076923077 0.5360576923076923 0.019230769230769232 0.02403846153846154
0 0.2860576923076923 0.5420673076923077 0.014423076923076924 0.028846153846153848
0 0.29927884615384615 0.5420673076923077 0.009615384615384616 0.019230769230769232
0 0.3161057692307692 0.5432692307692307 0.014423076923076924 0.019230769230769232
0 0.3088942307692308 0.546875 0.009615384615384616 0.019230769230769232
0 0.42908653846153844 0.5420673076923077 0.014423076923076924 0.03365384615384615
0 0.3641826923076923 0.546875 0.014423076923076924 0.019230769230769232
0 0.34375 0.5528846153846154 0.009615384615384616 0.019230769230769232
0 0.3293269230769231 0.5612980769230769 0.014423076923076924 0.019230769230769232
0 0.2620192307692308 0.5661057692307693 0.009615384615384616 0.019230769230769232
0 0.48197115384615385 0.5612980769230769 0.019230769230769232 0.03365384615384615
0 0.41947115384615385 0.5625 0.014423076923076924 0.014423076923076924
0 0.4543269230769231 0.5661057692307693 0.014423076923076924 0.019230769230769232
0 0.3004807692307692 0.5745192307692307 0.004807692307692308 0.02403846153846154
0 0.2776442307692308 0.5745192307692307 0.014423076923076924 0.019230769230769232
0 0.42788461538461536 0.5697115384615384 0.009615384615384616 0.019230769230769232
0 0.3473557692307692 0.5721153846153846 0.014423076923076924 0.02403846153846154
0 0.29447115384615385 0.5769230769230769 0.004807692307692308 0.028846153846153848
0 0.4699519230769231 0.5709134615384616 0.014423076923076924 0.028846153846153848
0 0.49759615384615385 0.5697115384615384 0.014423076923076924 0.019230769230769232
0 0.3076923076923077 0.5769230769230769 0.019230769230769232 0.028846153846153848
0 0.44471153846153844 0.5745192307692307 0.009615384615384616 0.028846153846153848
0 0.23798076923076922 0.5841346153846154 0.019230769230769232 0.019230769230769232
0 0.41225961538461536 0.5805288461538461 0.014423076923076924 0.019230769230769232
0 0.3545673076923077 0.5853365384615384 0.014423076923076924 0.019230769230769232
0 0.33052884615384615 0.5865384615384616 0.014423076923076924 0.028846153846153848
0 0.5649038461538461 0.5805288461538461 0.019230769230769232 0.04326923076923077
0 0.26322115384615385 0.59375 0.019230769230769232 0.028846153846153848
0 0.5973557692307693 0.5817307692307693 0.019230769230769232 0.03365384615384615
0 0.43149038461538464 0.5901442307692307 0.014423076923076924 0.02403846153846154
0 0.5288461538461539 0.5865384615384616 0.014423076923076924 0.02403846153846154
0 0.45072115384615385 0.59375 0.019230769230769232 0.028846153846153848
0 0.5192307692307693 0.5913461538461539 0.019230769230769232 0.02403846153846154
0 0.2860576923076923 0.6021634615384616 0.014423076923076924 0.02403846153846154
0 0.5036057692307693 0.5949519230769231 0.016826923076923076 0.038461538461538464
0 0.6538461538461539 0.5901442307692307 0.019230769230769232 0.028846153846153848
0 0.23557692307692307 0.6069711538461539 0.014423076923076924 0.028846153846153848
0 0.22355769230769232 0.609375 0.019230769230769232 0.038461538461538464
0 0.40384615384615385 0.6033653846153846 0.019230769230769232 0.028846153846153848
0 0.390625 0.6081730769230769 0.019230769230769232 0.019230769230769232
0 0.35336538461538464 0.609375 0.019230769230769232 0.03365384615384615
0 0.4338942307692308 0.6129807692307693 0.019230769230769232 0.028846153846153848
0 0.4182692307692308 0.6129807692307693 0.019230769230769232 0.019230769230769232
0 0.7235576923076923 0.6057692307692307 0.019230769230769232 0.038461538461538464
0 0.3401442307692308 0.6237980769230769 0.019230769230769232 0.03365384615384615
0 0.5817307692307693 0.6153846153846154 0.019230769230769232 0.038461538461538464
0 0.2644230769230769 0.6310096153846154 0.019230769230769232 0.03365384615384615
0 0.2824519230769231 0.6322115384615384 0.019230769230769232 0.03365384615384615
0 0.5252403846153846 0.6237980769230769 0.019230769230769232 0.03365384615384615
0 0.38461538461538464 0.6310096153846154 0.019230769230769232 0.03365384615384615
0 0.5516826923076923 0.6262019230769231 0.019230769230769232 0.038461538461538464
0 0.5396634615384616 0.6262019230769231 0.019230769230769232 0.038461538461538464
0 0.48197115384615385 0.6286057692307693 0.02403846153846154 0.05048076923076923
0 0.36778846153846156 0.6370192307692307 0.019230769230769232 0.04326923076923077
0 0.20432692307692307 0.6454326923076923 0.02403846153846154 0.04326923076923077
0 0.4026442307692308 0.6382211538461539 0.019230769230769232 0.028846153846153848
0 0.5120192307692307 0.6346153846153846 0.019230769230769232 0.03365384615384615
0 0.30288461538461536 0.6418269230769231 0.019230769230769232 0.019230769230769232
0 0.4423076923076923 0.6418269230769231 0.02403846153846154 0.028846153846153848
0 0.8353365384615384 0.6310096153846154 0.02403846153846154 0.04807692307692308
0 0.8774038461538461 0.6322115384615384 0.02403846153846154 0.04326923076923077
0 0.6274038461538461 0.6430288461538461 0.02403846153846154 0.06009615384615385
0 0.3088942307692308 0.6598557692307693 0.02403846153846154 0.028846153846153848
0 0.6442307692307693 0.6502403846153846 0.019230769230769232 0.04326923076923077
0 0.453125 0.6610576923076923 0.019230769230769232 0.04326923076923077
0 0.5865384615384616 0.6574519230769231 0.02403846153846154 0.038461538461538464
0 0.22355769230769232 0.6694711538461539 0.02403846153846154 0.04326923076923077
0 0.36538461538461536 0.6694711538461539 0.02403846153846154 0.038461538461538464
0 0.3137019230769231 0.6730769230769231 0.02403846153846154 0.03365384615384615
0 0.28365384615384615 0.6742788461538461 0.02403846153846154 0.05048076923076923
0 0.6778846153846154 0.6634615384615384 0.019230769230769232 0.04807692307692308
0 0.33653846153846156 0.6778846153846154 0.02403846153846154 0.04326923076923077
0 0.3954326923076923 0.6754807692307693 0.028846153846153848 0.04807692307692308
0 0.4987980769230769 0.6730769230769231 0.02403846153846154 0.038461538461538464
0 0.5661057692307693 0.6730769230769231 0.038461538461538464 0.057692307692307696
0 0.18629807692307693 0.6887019230769231 0.02403846153846154 0.04326923076923077
0 0.8028846153846154 0.671875 0.03365384615384615 0.05048076923076923
0 0.20673076923076922 0.6959134615384616 0.019230769230769232 0.038461538461538464
0 0.16706730769230768 0.7067307692307693 0.02403846153846154 0.04326923076923077
0 0.5973557692307693 0.6911057692307693 0.019230769230769232 0.038461538461538464
0 0.31971153846153844 0.703125 0.019230769230769232 0.04326923076923077
0 0.2548076923076923 0.7079326923076923 0.019230769230769232 0.028846153846153848
0 0.4675480769230769 0.703125 0.02403846153846154 0.04326923076923077
0 0.6574519230769231 0.6983173076923077 0.019230769230769232 0.055288461538461536
0 0.41466346153846156 0.7091346153846154 0.02403846153846154 0.055288461538461536
0 0.5192307692307693 0.7055288461538461 0.019230769230769232 0.04326923076923077
0 0.3293269230769231 0.7163461538461539 0.038461538461538464 0.04807692307692308
0 0.7151442307692307 0.7055288461538461 0.019230769230769232 0.04326923076923077
0 0.7391826923076923 0.7067307692307693 0.02403846153846154 0.03365384615384615
0 0.8317307692307693 0.7151442307692307 0.028846153846153848 0.055288461538461536
0 0.27884615384615385 0.7427884615384616 0.028846153846153848 0.04807692307692308
0 0.2608173076923077 0.7427884615384616 0.02403846153846154 0.04326923076923077
0 0.49399038461538464 0.734375 0.028846153846153848 0.055288461538461536
0 0.21033653846153846 0.7463942307692307 0.028846153846153848 0.05048076923076923
0 0.11057692307692307 0.7536057692307693 0.03365384615384615 0.06009615384615385
0 0.2403846153846154 0.7548076923076923 0.03365384615384615 0.04326923076923077
0 0.04567307692307692 0.7632211538461539 0.057692307692307696 0.0889423076923077
0 0.33774038461538464 0.7632211538461539 0.03365384615384615 0.04807692307692308
0 0.4699519230769231 0.7740384615384616 0.02403846153846154 0.055288461538461536
0 0.6201923076923077 0.7764423076923077 0.028846153846153848 0.055288461538461536
0 0.6875 0.78125 0.03365384615384615 0.06009615384615385
0 0.8185096153846154 0.7896634615384616 0.03365384615384615 0.05048076923076923
0 0.29086538461538464 0.8125 0.028846153846153848 0.06009615384615385
0 0.13581730769230768 0.8185096153846154 0.036057692307692304 0.07932692307692307
0 0.4326923076923077 0.8076923076923077 0.04326923076923077 0.057692307692307696
0 0.9927884615384616 0.7896634615384616 0.014423076923076924 0.06971153846153846
0 0.36538461538461536 0.8293269230769231 0.038461538461538464 0.0673076923076923
0 0.20673076923076922 0.8377403846153846 0.04326923076923077 0.052884615384615384
0 0.8449519230769231 0.8257211538461539 0.03365384615384615 0.06490384615384616
0 0.8918269230769231 0.8269230769230769 0.04567307692307692 0.07211538461538461
0 0.41466346153846156 0.8485576923076923 0.052884615384615384 0.08413461538461539
0 0.7764423076923077 0.8377403846153846 0.019230769230769232 0.06009615384615385
0 0.6598557692307693 0.8497596153846154 0.040865384615384616 0.07932692307692307
0 0.8125 0.8497596153846154 0.052884615384615384 0.07692307692307693
0 0.5552884615384616 0.8689903846153846 0.038461538461538464 0.057692307692307696
0 0.9182692307692307 0.8581730769230769 0.052884615384615384 0.0889423076923077
0 0.6538461538461539 0.8978365384615384 0.038461538461538464 0.0673076923076923
0 0.20432692307692307 0.9158653846153846 0.03365384615384615 0.06490384615384616
0 0.5288461538461539 0.9110576923076923 0.03365384615384615 0.06009615384615385
0 0.6153846153846154 0.9387019230769231 0.0625 0.0985576923076923
0 0.4951923076923077 0.9819711538461539 0.04807692307692308 0.036057692307692304