0 0.6766826923076923 0.16105769230769232 0.052884615384615384 0.040865384615384616
0 0.9555288461538461 0.14543269230769232 0.03365384615384615 0.04326923076923077
0 0.8233173076923077 0.18629807692307693 0.07451923076923077 0.052884615384615384
0 0.15144230769230768 0.2644230769230769 0.03365384615384615 0.021634615384615384
0 0.006009615384615385 0.27884615384615385 0.01201923076923077 0.03365384615384615
0 0.6117788461538461 0.22956730769230768 0.05048076923076923 0.040865384615384616
0 0.4519230769230769 0.24639423076923078 0.0625 0.04807692307692308
0 0.21754807692307693 0.2764423076923077 0.038461538461538464 0.03125
0 0.2668269230769231 0.27403846153846156 0.0625 0.038461538461538464
0 0.17548076923076922 0.2932692307692308 0.05048076923076923 0.040865384615384616
0 0.35697115384615385 0.3016826923076923 0.052884615384615384 0.040865384615384616
0 0.4375 0.29447115384615385 0.052884615384615384 0.040865384615384616
0 0.5120192307692307 0.29447115384615385 0.040865384615384616 0.036057692307692304
0 0.8581730769230769 0.2644230769230769 0.038461538461538464 0.03125
0 0.5348557692307693 0.296875 0.05048076923076923 0.040865384615384616
0 0.5733173076923077 0.2980769230769231 0.0625 0.04326923076923077
0 0.8245192307692307 0.27884615384615385 0.0673076923076923 0.038461538461538464
0 0.6526442307692307 0.30288461538461536 0.057692307692307696 0.040865384615384616
0 0.7259615384615384 0.3016826923076923 0.04326923076923077 0.03125
0 0.140625 0.3557692307692308 0.04326923076923077 0.03125
0 0.20192307692307693 0.3581730769230769 0.04807692307692308 0.03125
0 0.46033653846153844 0.33774038461538464 0.052884615384615384 0.021634615384615384
0 0.5829326923076923 0.3293269230769231 0.04326923076923077 0.03125
0 0.3112980769230769 0.3581730769230769 0.052884615384615384 0.036057692307692304
0 0.7127403846153846 0.32572115384615385 0.05048076923076923 0.036057692307692304
0 0.5192307692307693 0.3449519230769231 0.038461538461538464 0.026442307692307692
0 0.11057692307692307 0.38100961538461536 0.0673076923076923 0.04807692307692308
0 0.25600961538461536 0.375 0.0673076923076923 0.04807692307692308
0 0.8137019230769231 0.3293269230769231 0.0625 0.03365384615384615
0 0.6610576923076923 0.3485576923076923 0.057692307692307696 0.040865384615384616
0 0.3894230769230769 0.375 0.052884615384615384 0.04567307692307692
0 0.45072115384615385 0.36899038461538464 0.07211538461538461 0.028846153846153848
0 0.14543269230769232 0.39783653846153844 0.05048076923076923 0.040865384615384616
0 0.5540865384615384 0.37259615384615385 0.0625 0.04326923076923077
0 0.8581730769230769 0.34615384615384615 0.03365384615384615 0.026442307692307692
0 0.09615384615384616 0.41466346153846156 0.0673076923076923 0.04326923076923077
0 0.5072115384615384 0.38100961538461536 0.05048076923076923 0.036057692307692304
0 0.9543269230769231 0.34975961538461536 0.028846153846153848 0.016826923076923076
0 0.30649038461538464 0.4074519230769231 0.057692307692307696 0.040865384615384616
0 0.734375 0.3701923076923077 0.057692307692307696 0.036057692307692304
0 0.4699519230769231 0.3954326923076923 0.052884615384615384 0.04567307692307692
0 0.9146634615384616 0.3581730769230769 0.04326923076923077 0.026442307692307692
0 0.8173076923076923 0.3701923076923077 0.052884615384615384 0.026442307692307692
0 0.890625 0.37259615384615385 0.052884615384615384 0.026442307692307692
0 0.2548076923076923 0.43149038461538464 0.0625 0.04807692307692308
0 0.5805288461538461 0.4074519230769231 0.057692307692307696 0.036057692307692304
0 0.6490384615384616 0.40384615384615385 0.08173076923076923 0.052884615384615384
0 0.39302884615384615 0.4254807692307692 0.06971153846153846 0.052884615384615384
0 0.8509615384615384 0.3858173076923077 0.057692307692307696 0.03125
0 0.7487980769230769 0.39783653846153844 0.052884615384615384 0.03125
0 0.09495192307692307 0.4567307692307692 0.06490384615384616 0.052884615384615384
0 0.9567307692307693 0.38341346153846156 0.0625 0.04807692307692308
0 0.5084134615384616 0.42908653846153844 0.057692307692307696 0.040865384615384616
0 0.7980769230769231 0.40625 0.07451923076923077 0.055288461538461536
0 0.6971153846153846 0.43028846153846156 0.07692307692307693 0.04326923076923077
0 0.9014423076923077 0.4206730769230769 0.06490384615384616 0.052884615384615384
0 0.7560096153846154 0.44711538461538464 0.0625 0.038461538461538464
0 0.5877403846153846 0.4723557692307692 0.0985576923076923 0.0673076923076923
0 0.8149038461538461 0.46033653846153844 0.09134615384615384 0.05048076923076923
0 0.28966346153846156 0.515625 0.10096153846153846 0.057692307692307696
0 0.7019230769230769 0.484375 0.07932692307692307 0.057692307692307696
0 0.9519230769230769 0.4699519230769231 0.07932692307692307 0.057692307692307696
0 0.43149038461538464 0.5216346153846154 0.1201923076923077 0.07932692307692307
0 0.8557692307692307 0.49158653846153844 0.08173076923076923 0.04807692307692308
0 0.3125 0.5612980769230769 0.09134615384615384 0.05048076923076923
0 0.038461538461538464 0.5889423076923077 0.06971153846153846 0.06971153846153846
0 0.12980769230769232 0.5925480769230769 0.07211538461538461 0.04807692307692308
0 0.19591346153846154 0.5865384615384616 0.0985576923076923 0.07211538461538461
0 0.7223557692307693 0.5456730769230769 0.10817307692307693 0.07932692307692307
0 0.8377403846153846 0.5360576923076923 0.08653846153846154 0.057692307692307696
0 0.2980769230769231 0.6033653846153846 0.09615384615384616 0.055288461538461536
0 0.8798076923076923 0.5901442307692307 0.09615384615384616 0.05048076923076923
0 0.28725961538461536 0.6514423076923077 0.10336538461538461 0.07211538461538461
0 0.8894230769230769 0.6514423076923077 0.12740384615384615 0.08413461538461539
0 0.7127403846153846 0.6670673076923077 0.13221153846153846 0.08413461538461539
0 0.2512019230769231 0.7548076923076923 0.12740384615384615 0.10817307692307693
0 0.9615384615384616 0.7596153846153846 0.07692307692307693 0.11538461538461539
0 0.6670673076923077 0.8016826923076923 0.1658653846153846 0.11538461538461539