0 0.13221153846153846 0.125 0.04567307692307692 0.0673076923076923
0 0.06129807692307692 0.13221153846153846 0.055288461538461536 0.08173076923076923
0 0.36899038461538464 0.1310096153846154 0.04567307692307692 0.07211538461538461
0 0.3317307692307692 0.13581730769230768 0.04567307692307692 0.0673076923076923
0 0.27283653846153844 0.14182692307692307 0.055288461538461536 0.0673076923076923
0 0.21033653846153846 0.14903846153846154 0.055288461538461536 0.07211538461538461
0 0.5072115384615384 0.1310096153846154 0.05048076923076923 0.07211538461538461
0 0.890625 0.11298076923076923 0.05048076923076923 0.0673076923076923
0 0.953125 0.10817307692307693 0.04567307692307692 0.07211538461538461
0 0.6418269230769231 0.13221153846153846 0.055288461538461536 0.07211538461538461
0 0.7103365384615384 0.12740384615384615 0.055288461538461536 0.07211538461538461
0 0.45552884615384615 0.15264423076923078 0.04567307692307692 0.052884615384615384
0 0.7836538461538461 0.1466346153846154 0.052884615384615384 0.07692307692307693
0 0.3545673076923077 0.026442307692307692 0.038461538461538464 0.038461538461538464
0 0.015625 0.24278846153846154 0.03125 0.0673076923076923
0 0.484375 0.02283653846153846 0.04567307692307692 0.04567307692307692
0 0.13221153846153846 0.2548076923076923 0.06009615384615385 0.06971153846153846
0 0.3125 0.24759615384615385 0.04567307692307692 0.057692307692307696
0 0.2283653846153846 0.2608173076923077 0.055288461538461536 0.057692307692307696
0 0.06009615384615385 0.2800480769230769 0.055288461538461536 0.07692307692307693
0 0.8257211538461539 0.013221153846153846 0.04567307692307692 0.026442307692307692
0 0.5204326923076923 0.2548076923076923 0.05048076923076923 0.07211538461538461
0 0.8040865384615384 0.23798076923076922 0.04567307692307692 0.057692307692307696
0 0.7307692307692307 0.24278846153846154 0.055288461538461536 0.07211538461538461
0 0.6129807692307693 0.2512019230769231 0.06009615384615385 0.07932692307692307
0 0.6850961538461539 0.25721153846153844 0.055288461538461536 0.07211538461538461
0 0.9627403846153846 0.23798076923076922 0.04567307692307692 0.0673076923076923
0 0.08533653846153846 0.055288461538461536 0.04567307692307692 0.057692307692307696
0 0.4543269230769231 0.27524038461538464 0.052884615384615384 0.08173076923076923
0 0.39663461538461536 0.2824519230769231 0.055288461538461536 0.0673076923076923
0 0.4254807692307692 0.03125 0.05048076923076923 0.057692307692307696
0 0.6574519230769231 0.02403846153846154 0.055288461538461536 0.04807692307692308
0 0.8497596153846154 0.2644230769230769 0.04567307692307692 0.0625
0 0.8137019230769231 0.2800480769230769 0.040865384615384616 0.0673076923076923
0 0.013221153846153846 0.06490384615384616 0.026442307692307692 0.0673076923076923
0 0.7668269230769231 0.3076923076923077 0.06490384615384616 0.07451923076923077
0 0.020432692307692308 0.37740384615384615 0.040865384615384616 0.0625
0 0.2247596153846154 0.3641826923076923 0.055288461538461536 0.0625
0 0.23798076923076922 0.051682692307692304 0.055288461538461536 0.0625
0 0.15264423076923078 0.3786057692307692 0.055288461538461536 0.0625
0 0.4699519230769231 0.3605769230769231 0.05048076923076923 0.0673076923076923
0 0.3329326923076923 0.3701923076923077 0.055288461538461536 0.07211538461538461
0 0.6334134615384616 0.3557692307692308 0.055288461538461536 0.0673076923076923
0 0.7271634615384616 0.38221153846153844 0.06009615384615385 0.07932692307692307
0 0.8762019230769231 0.025240384615384616 0.055288461538461536 0.05048076923076923
0 0.5252403846153846 0.4026442307692308 0.055288461538461536 0.07211538461538461
0 0.039663461538461536 0.45552884615384615 0.05048076923076923 0.057692307692307696
0 0.8461538461538461 0.39903846153846156 0.06009615384615385 0.06971153846153846
0 0.9435096153846154 0.4014423076923077 0.06490384615384616 0.07451923076923077
0 0.11899038461538461 0.49399038461538464 0.05048076923076923 0.07211538461538461
0 0.20072115384615385 0.49278846153846156 0.06971153846153846 0.07932692307692307
0 0.021634615384615384 0.5060096153846154 0.04326923076923077 0.08413461538461539
0 0.2692307692307692 0.4879807692307692 0.055288461538461536 0.0673076923076923
0 0.7776442307692307 0.03125 0.06009615384615385 0.0625
0 0.056490384615384616 0.5408653846153846 0.06009615384615385 0.06971153846153846
0 0.5420673076923077 0.5072115384615384 0.06490384615384616 0.07932692307692307
0 0.41346153846153844 0.5216346153846154 0.055288461538461536 0.07211538461538461
0 0.3317307692307692 0.5300480769230769 0.06009615384615385 0.07932692307692307
0 0.6310096153846154 0.5180288461538461 0.052884615384615384 0.08653846153846154
0 0.9747596153846154 0.5288461538461539 0.05048076923076923 0.0673076923076923
0 0.5841346153846154 0.05048076923076923 0.055288461538461536 0.0673076923076923
0 0.8125 0.5588942307692307 0.055288461538461536 0.07211538461538461
0 0.8737980769230769 0.5685096153846154 0.06490384615384616 0.08173076923076923
0 0.038461538461538464 0.6346153846153846 0.04567307692307692 0.07211538461538461
0 0.140625 0.6658653846153846 0.055288461538461536 0.07692307692307693
0 0.3581730769230769 0.6538461538461539 0.06490384615384616 0.07451923076923077
0 0.2776442307692308 0.6730769230769231 0.055288461538461536 0.0673076923076923
0 0.43149038461538464 0.6742788461538461 0.06490384615384616 0.08653846153846154
0 0.5336538461538461 0.6802884615384616 0.07451923076923077 0.08653846153846154
0 0.7283653846153846 0.6814903846153846 0.06490384615384616 0.09134615384615384
0 0.6189903846153846 0.6947115384615384 0.06490384615384616 0.09134615384615384
0 0.8149038461538461 0.6935096153846154 0.06971153846153846 0.09134615384615384
0 0.8641826923076923 0.6995192307692307 0.06490384615384616 0.06971153846153846
0 0.9807692307692307 0.6995192307692307 0.038461538461538464 0.08653846153846154
0 0.6875 0.06009615384615385 0.040865384615384616 0.052884615384615384
0 0.9314903846153846 0.7175480769230769 0.06490384615384616 0.08653846153846154
0 0.11778846153846154 0.8076923076923077 0.06490384615384616 0.07932692307692307
0 0.31490384615384615 0.7956730769230769 0.06971153846153846 0.07451923076923077
0 0.42908653846153844 0.8064903846153846 0.06971153846153846 0.07932692307692307
0 0.24519230769230768 0.8425480769230769 0.06490384615384616 0.07932692307692307
0 0.5733173076923077 0.8305288461538461 0.06009615384615385 0.07932692307692307
0 0.1778846153846154 0.8774038461538461 0.06490384615384616 0.06490384615384616
0 0.6658653846153846 0.8641826923076923 0.06971153846153846 0.07451923076923077
0 0.7920673076923077 0.8653846153846154 0.06490384615384616 0.06009615384615385
0 0.9879807692307693 0.8509615384615384 0.02403846153846154 0.0625
0 0.90625 0.859375 0.06490384615384616 0.06009615384615385