0 0.21754807692307693 0.1971153846153846 0.04326923076923077 0.05048076923076923
0 0.9771634615384616 0.19471153846153846 0.03365384615384615 0.055288461538461536
0 0.578125 0.20432692307692307 0.04807692307692308 0.06490384615384616
0 0.04326923076923077 0.21394230769230768 0.038461538461538464 0.055288461538461536
0 0.3233173076923077 0.23076923076923078 0.038461538461538464 0.06490384615384616
0 0.3798076923076923 0.234375 0.038461538461538464 0.07451923076923077
0 0.9182692307692307 0.23317307692307693 0.038461538461538464 0.06490384615384616
0 0.8449519230769231 0.24879807692307693 0.038461538461538464 0.06490384615384616
0 0.1310096153846154 0.26802884615384615 0.038461538461538464 0.06971153846153846
0 0.2512019230769231 0.27283653846153844 0.04807692307692308 0.06009615384615385
0 0.04447115384615385 0.2764423076923077 0.04326923076923077 0.06009615384615385
0 0.7692307692307693 0.265625 0.03365384615384615 0.06009615384615385
0 0.7091346153846154 0.28365384615384615 0.04326923076923077 0.07451923076923077
0 0.47836538461538464 0.2920673076923077 0.038461538461538464 0.06971153846153846
0 0.546875 0.2932692307692308 0.04326923076923077 0.038461538461538464
0 0.6262019230769231 0.31490384615384615 0.04326923076923077 0.055288461538461536
0 0.0985576923076923 0.3269230769230769 0.03365384615384615 0.05048076923076923
0 0.9759615384615384 0.3125 0.040865384615384616 0.06490384615384616
0 0.8918269230769231 0.3173076923076923 0.04326923076923077 0.06490384615384616
0 0.8257211538461539 0.3269230769230769 0.04326923076923077 0.06971153846153846
0 0.35697115384615385 0.33774038461538464 0.04326923076923077 0.07451923076923077
0 0.359375 0.037259615384615384 0.028846153846153848 0.04807692307692308
0 0.4170673076923077 0.3389423076923077 0.04326923076923077 0.055288461538461536
0 0.5456730769230769 0.3389423076923077 0.03365384615384615 0.055288461538461536
0 0.007211538461538462 0.35096153846153844 0.014423076923076924 0.05048076923076923
0 0.5180288461538461 0.3449519230769231 0.04326923076923077 0.07451923076923077
0 0.11057692307692307 0.37259615384615385 0.04326923076923077 0.07932692307692307
0 0.1622596153846154 0.3737980769230769 0.03365384615384615 0.06009615384615385
0 0.030048076923076924 0.3786057692307692 0.04326923076923077 0.07932692307692307
0 0.6526442307692307 0.3701923076923077 0.04326923076923077 0.06971153846153846
0 0.19951923076923078 0.37740384615384615 0.038461538461538464 0.05048076923076923
0 0.7451923076923077 0.375 0.04326923076923077 0.06971153846153846
0 0.9170673076923077 0.38822115384615385 0.03365384615384615 0.06490384615384616
0 0.41586538461538464 0.40384615384615385 0.04326923076923077 0.07451923076923077
0 0.796875 0.4074519230769231 0.04326923076923077 0.06971153846153846
0 0.24639423076923078 0.046875 0.028846153846153848 0.055288461538461536
0 0.609375 0.4098557692307692 0.03365384615384615 0.06490384615384616
0 0.484375 0.41947115384615385 0.04326923076923077 0.07451923076923077
0 0.6370192307692307 0.042067307692307696 0.03365384615384615 0.04326923076923077
0 0.7043269230769231 0.43149038461538464 0.038461538461538464 0.06009615384615385
0 0.921875 0.4831730769230769 0.04326923076923077 0.07451923076923077
0 0.234375 0.5024038461538461 0.03365384615384615 0.06971153846153846
0 0.5528846153846154 0.4987980769230769 0.038461538461538464 0.06490384615384616
0 0.32211538461538464 0.5036057692307693 0.04326923076923077 0.06490384615384616
0 0.025240384615384616 0.53125 0.04326923076923077 0.08413461538461539
0 0.07572115384615384 0.5396634615384616 0.057692307692307696 0.06971153846153846
0 0.359375 0.5348557692307693 0.04326923076923077 0.06971153846153846
0 0.6622596153846154 0.5324519230769231 0.03365384615384615 0.055288461538461536
0 0.7307692307692307 0.5408653846153846 0.038461538461538464 0.06009615384615385
0 0.39903846153846156 0.5456730769230769 0.038461538461538464 0.06009615384615385
0 0.8365384615384616 0.5516826923076923 0.03365384615384615 0.06971153846153846
0 0.49399038461538464 0.5600961538461539 0.04326923076923077 0.06971153846153846
0 0.4050480769230769 0.056490384615384616 0.038461538461538464 0.06971153846153846
0 0.7079326923076923 0.054086538461538464 0.03365384615384615 0.05048076923076923
0 0.16826923076923078 0.06370192307692307 0.04326923076923077 0.06490384615384616
0 0.9831730769230769 0.04927884615384615 0.019230769230769232 0.038461538461538464
0 0.5841346153846154 0.5612980769230769 0.03365384615384615 0.07451923076923077
0 0.9795673076923077 0.5540865384615384 0.040865384615384616 0.06971153846153846
0 0.6490384615384616 0.5673076923076923 0.038461538461538464 0.06490384615384616
0 0.27163461538461536 0.5733173076923077 0.04326923076923077 0.06971153846153846
0 0.20072115384615385 0.5817307692307693 0.028846153846153848 0.04807692307692308
0 0.9038461538461539 0.5709134615384616 0.038461538461538464 0.06971153846153846
0 0.15144230769230768 0.5985576923076923 0.03365384615384615 0.06490384615384616
0 0.23557692307692307 0.5973557692307693 0.04807692307692308 0.06490384615384616
0 0.7740384615384616 0.5901442307692307 0.04326923076923077 0.05048076923076923
0 0.37259615384615385 0.6117788461538461 0.038461538461538464 0.04807692307692308
0 0.46033653846153844 0.6141826923076923 0.04326923076923077 0.06490384615384616
0 0.5829326923076923 0.6165865384615384 0.04807692307692308 0.06490384615384616
0 0.31009615384615385 0.6237980769230769 0.04326923076923077 0.06971153846153846
0 0.03485576923076923 0.6454326923076923 0.04326923076923077 0.0889423076923077
0 0.8653846153846154 0.6394230769230769 0.04326923076923077 0.06490384615384616
0 0.9819711538461539 0.6382211538461539 0.036057692307692304 0.07451923076923077
0 0.6394230769230769 0.6454326923076923 0.038461538461538464 0.05048076923076923
0 0.19471153846153846 0.6574519230769231 0.04326923076923077 0.07451923076923077
0 0.7319711538461539 0.65625 0.04326923076923077 0.05048076923076923
0 0.9134615384615384 0.6730769230769231 0.03365384615384615 0.055288461538461536
0 0.2956730769230769 0.7055288461538461 0.04326923076923077 0.06490384615384616
0 0.36658653846153844 0.7043269230769231 0.038461538461538464 0.07451923076923077
0 0.7908653846153846 0.6983173076923077 0.028846153846153848 0.04807692307692308
0 0.5913461538461539 0.7067307692307693 0.038461538461538464 0.06490384615384616
0 0.703125 0.7067307692307693 0.04326923076923077 0.07932692307692307
0 0.8798076923076923 0.06490384615384616 0.028846153846153848 0.04807692307692308
0 0.6490384615384616 0.7223557692307693 0.04807692307692308 0.07451923076923077
0 0.5348557692307693 0.0733173076923077 0.028846153846153848 0.055288461538461536
0 0.0673076923076923 0.08173076923076923 0.038461538461538464 0.06009615384615385
0 0.23798076923076922 0.7427884615384616 0.05048076923076923 0.06490384615384616
0 0.10216346153846154 0.7451923076923077 0.052884615384615384 0.0889423076923077
0 0.453125 0.7415865384615384 0.04326923076923077 0.07932692307692307
0 0.052884615384615384 0.7512019230769231 0.04807692307692308 0.07451923076923077
0 0.5697115384615384 0.7512019230769231 0.04807692307692308 0.08413461538461539
0 0.7992788461538461 0.75 0.04326923076923077 0.07451923076923077
0 0.8894230769230769 0.7475961538461539 0.038461538461538464 0.08413461538461539
0 0.3233173076923077 0.08052884615384616 0.038461538461538464 0.06490384615384616
0 0.9098557692307693 0.06971153846153846 0.028846153846153848 0.04326923076923077
0 0.49038461538461536 0.7752403846153846 0.04326923076923077 0.07451923076923077
0 0.6947115384615384 0.78125 0.04326923076923077 0.07451923076923077
0 0.30288461538461536 0.8233173076923077 0.04326923076923077 0.06971153846153846
0 0.8665865384615384 0.8137019230769231 0.04807692307692308 0.07932692307692307
0 0.39663461538461536 0.8293269230769231 0.04326923076923077 0.06971153846153846
0 0.7980769230769231 0.8377403846153846 0.04807692307692308 0.08413461538461539
0 0.20072115384615385 0.8641826923076923 0.057692307692307696 0.07932692307692307
0 0.9759615384615384 0.8569711538461539 0.038461538461538464 0.07451923076923077
0 0.028846153846153848 0.9002403846153846 0.04567307692307692 0.07692307692307693
0 0.6201923076923077 0.09495192307692307 0.04326923076923077 0.06490384615384616
0 0.8329326923076923 0.10697115384615384 0.03365384615384615 0.055288461538461536
0 0.7379807692307693 0.11538461538461539 0.03365384615384615 0.05048076923076923
0 0.43149038461538464 0.015625 0.028846153846153848 0.028846153846153848
0 0.25841346153846156 0.13581730769230768 0.052884615384615384 0.07932692307692307
0 0.6694711538461539 0.12860576923076922 0.038461538461538464 0.05048076923076923
0 0.8713942307692307 0.12620192307692307 0.03365384615384615 0.05048076923076923
0 0.5637019230769231 0.13341346153846154 0.038461538461538464 0.06490384615384616
0 0.9639423076923077 0.13221153846153846 0.038461538461538464 0.055288461538461536
0 0.2776442307692308 0.019230769230769232 0.02403846153846154 0.03125
0 0.921875 0.14302884615384615 0.038461538461538464 0.06009615384615385
0 0.4795673076923077 0.15985576923076922 0.028846153846153848 0.055288461538461536
0 0.7716346153846154 0.16826923076923078 0.03365384615384615 0.06009615384615385
0 0.6490384615384616 0.17307692307692307 0.03365384615384615 0.055288461538461536