0 0.234375 0.21634615384615385 0.04326923076923077 0.0673076923076923
0 0.4831730769230769 0.19951923076923078 0.04326923076923077 0.0673076923076923
0 0.20192307692307693 0.2283653846153846 0.04326923076923077 0.0673076923076923
0 0.5540865384615384 0.1971153846153846 0.04807692307692308 0.0673076923076923
0 0.7512019230769231 0.18509615384615385 0.040865384615384616 0.057692307692307696
0 0.5168269230769231 0.20552884615384615 0.04326923076923077 0.07692307692307693
0 0.7692307692307693 0.20072115384615385 0.026442307692307692 0.04326923076923077
0 0.08173076923076923 0.2608173076923077 0.055288461538461536 0.07451923076923077
0 0.16105769230769232 0.2608173076923077 0.036057692307692304 0.057692307692307696
0 0.9302884615384616 0.1971153846153846 0.036057692307692304 0.057692307692307696
0 0.45072115384615385 0.2512019230769231 0.040865384615384616 0.052884615384615384
0 0.6923076923076923 0.23197115384615385 0.036057692307692304 0.057692307692307696
0 0.6586538461538461 0.2403846153846154 0.040865384615384616 0.057692307692307696
0 0.8966346153846154 0.22115384615384615 0.038461538461538464 0.0625
0 0.021634615384615384 0.296875 0.04326923076923077 0.07451923076923077
0 0.41225961538461536 0.2668269230769231 0.04807692307692308 0.0673076923076923
0 0.6213942307692307 0.25240384615384615 0.04326923076923077 0.0673076923076923
0 0.18990384615384615 0.052884615384615384 0.036057692307692304 0.057692307692307696
0 0.8112980769230769 0.013221153846153846 0.026442307692307692 0.026442307692307692
0 0.921875 0.2247596153846154 0.03125 0.052884615384615384
0 0.3233173076923077 0.2800480769230769 0.052884615384615384 0.06490384615384616
0 0.8533653846153846 0.23918269230769232 0.03125 0.052884615384615384
0 0.3557692307692308 0.2920673076923077 0.04326923076923077 0.0625
0 0.8185096153846154 0.25841346153846156 0.03125 0.04807692307692308
0 0.5949519230769231 0.2824519230769231 0.04567307692307692 0.057692307692307696
0 0.21754807692307693 0.32091346153846156 0.04807692307692308 0.0673076923076923
0 0.7800480769230769 0.016826923076923076 0.026442307692307692 0.03365384615384615
0 0.2860576923076923 0.31850961538461536 0.04807692307692308 0.0673076923076923
0 0.16826923076923078 0.34375 0.04807692307692308 0.07692307692307693
0 0.4987980769230769 0.31490384615384615 0.04326923076923077 0.0673076923076923
0 0.5360576923076923 0.3112980769230769 0.038461538461538464 0.0673076923076923
0 0.7512019230769231 0.018028846153846152 0.026442307692307692 0.036057692307692304
0 0.8137019230769231 0.296875 0.04807692307692308 0.0673076923076923
0 0.45072115384615385 0.3317307692307692 0.038461538461538464 0.0673076923076923
0 0.5817307692307693 0.32211538461538464 0.04326923076923077 0.0625
0 0.9747596153846154 0.2956730769230769 0.02403846153846154 0.07692307692307693
0 0.7487980769230769 0.3125 0.03365384615384615 0.0625
0 0.4963942307692308 0.03365384615384615 0.03125 0.052884615384615384
0 0.7175480769230769 0.020432692307692308 0.040865384615384616 0.040865384615384616
0 0.3894230769230769 0.3473557692307692 0.028846153846153848 0.028846153846153848
0 0.9543269230769231 0.29927884615384615 0.038461538461538464 0.07211538461538461
0 0.7163461538461539 0.33533653846153844 0.036057692307692304 0.052884615384615384
0 0.4639423076923077 0.036057692307692304 0.03125 0.052884615384615384
0 0.140625 0.0673076923076923 0.052884615384615384 0.06971153846153846
0 0.3557692307692308 0.36899038461538464 0.057692307692307696 0.07932692307692307
0 0.8798076923076923 0.32572115384615385 0.040865384615384616 0.036057692307692304
0 0.6310096153846154 0.3581730769230769 0.04326923076923077 0.0673076923076923
0 0.3954326923076923 0.38822115384615385 0.036057692307692304 0.057692307692307696
0 0.10697115384615384 0.41346153846153844 0.052884615384615384 0.06971153846153846
0 0.06850961538461539 0.421875 0.04807692307692308 0.07692307692307693
0 0.6586538461538461 0.37259615384615385 0.004807692307692308 0.004807692307692308
0 0.3088942307692308 0.4098557692307692 0.04807692307692308 0.0673076923076923
0 0.8665865384615384 0.3581730769230769 0.055288461538461536 0.06490384615384616
0 0.1045673076923077 0.07451923076923077 0.04326923076923077 0.0673076923076923
0 0.5973557692307693 0.3870192307692308 0.04326923076923077 0.07211538461538461
0 0.030048076923076924 0.4387019230769231 0.052884615384615384 0.07932692307692307
0 0.8149038461538461 0.375 0.038461538461538464 0.03125
0 0.27283653846153844 0.42427884615384615 0.04807692307692308 0.08173076923076923
0 0.7788461538461539 0.38461538461538464 0.03365384615384615 0.0625
0 0.5540865384615384 0.4074519230769231 0.04807692307692308 0.0673076923076923
0 0.6766826923076923 0.39903846153846156 0.04326923076923077 0.0625
0 0.7512019230769231 0.39663461538461536 0.03365384615384615 0.07211538461538461
0 0.5180288461538461 0.41947115384615385 0.04807692307692308 0.0673076923076923
0 0.43028846153846156 0.04927884615384615 0.036057692307692304 0.052884615384615384
0 0.49399038461538464 0.4326923076923077 0.04326923076923077 0.08173076923076923
0 0.9074519230769231 0.39663461538461536 0.026442307692307692 0.04326923076923077
0 0.8209134615384616 0.4206730769230769 0.04807692307692308 0.0673076923076923
0 0.21514423076923078 0.4855769230769231 0.04326923076923077 0.07211538461538461
0 0.9555288461538461 0.4230769230769231 0.04807692307692308 0.0673076923076923
0 0.11658653846153846 0.4963942307692308 0.055288461538461536 0.06971153846153846
0 0.171875 0.4963942307692308 0.04807692307692308 0.07692307692307693
0 0.6730769230769231 0.03125 0.04326923076923077 0.0625
0 0.4723557692307692 0.47716346153846156 0.04807692307692308 0.0625
0 0.7271634615384616 0.45913461538461536 0.04807692307692308 0.08173076923076923
0 0.6947115384615384 0.46274038461538464 0.04807692307692308 0.07211538461538461
0 0.421875 0.4891826923076923 0.04807692307692308 0.08653846153846154
0 0.8810096153846154 0.46634615384615385 0.04567307692307692 0.057692307692307696
0 0.3762019230769231 0.515625 0.04326923076923077 0.0673076923076923
0 0.6502403846153846 0.49158653846153844 0.038461538461538464 0.0673076923076923
0 0.9050480769230769 0.4795673076923077 0.038461538461538464 0.0673076923076923
0 0.06370192307692307 0.5540865384615384 0.04326923076923077 0.0625
0 0.018028846153846152 0.5600961538461539 0.03365384615384615 0.0673076923076923
0 0.9375 0.4795673076923077 0.036057692307692304 0.05048076923076923
0 0.6237980769230769 0.5096153846153846 0.038461538461538464 0.07211538461538461
0 0.3173076923076923 0.5384615384615384 0.052884615384615384 0.08653846153846154
0 0.3016826923076923 0.07091346153846154 0.04807692307692308 0.0673076923076923
0 0.04326923076923077 0.09375 0.04807692307692308 0.07692307692307693
0 0.8665865384615384 0.019230769230769232 0.040865384615384616 0.036057692307692304
0 0.8641826923076923 0.4963942307692308 0.04807692307692308 0.0673076923076923
0 0.5877403846153846 0.5300480769230769 0.04807692307692308 0.07692307692307693
0 0.7752403846153846 0.5204326923076923 0.052884615384615384 0.07451923076923077
0 0.9435096153846154 0.021634615384615384 0.026442307692307692 0.04326923076923077
0 0.59375 0.04807692307692308 0.04807692307692308 0.07211538461538461
0 0.34615384615384615 0.0673076923076923 0.04326923076923077 0.0673076923076923
0 0.2824519230769231 0.59375 0.057692307692307696 0.08653846153846154
0 0.578125 0.5709134615384616 0.04807692307692308 0.08173076923076923
0 0.4495192307692308 0.5853365384615384 0.057692307692307696 0.08173076923076923
0 0.5324519230769231 0.5829326923076923 0.057692307692307696 0.09134615384615384
0 0.21514423076923078 0.6177884615384616 0.04807692307692308 0.07692307692307693
0 0.16105769230769232 0.6346153846153846 0.057692307692307696 0.08173076923076923
0 0.8389423076923077 0.5757211538461539 0.055288461538461536 0.07451923076923077
0 0.9831730769230769 0.5625 0.03365384615384615 0.08173076923076923
0 0.7175480769230769 0.5973557692307693 0.04326923076923077 0.0673076923076923
0 0.018028846153846152 0.10336538461538461 0.036057692307692304 0.0625
0 0.9266826923076923 0.02403846153846154 0.040865384615384616 0.04807692307692308
0 0.4375 0.640625 0.052884615384615384 0.08653846153846154
0 0.3894230769230769 0.6418269230769231 0.057692307692307696 0.08173076923076923
0 0.9735576923076923 0.5985576923076923 0.04326923076923077 0.0673076923076923
0 0.7524038461538461 0.6213942307692307 0.040865384615384616 0.057692307692307696
0 0.1045673076923077 0.6802884615384616 0.057692307692307696 0.09134615384615384
0 0.6358173076923077 0.6394230769230769 0.038461538461538464 0.07211538461538461
0 0.06009615384615385 0.6923076923076923 0.057692307692307696 0.08653846153846154
0 0.9050480769230769 0.6177884615384616 0.04326923076923077 0.0673076923076923
0 0.9375 0.6201923076923077 0.040865384615384616 0.057692307692307696
0 0.671875 0.6526442307692307 0.040865384615384616 0.057692307692307696
0 0.3449519230769231 0.6947115384615384 0.04326923076923077 0.0673076923076923
0 0.03365384615384615 0.7211538461538461 0.038461538461538464 0.09615384615384616
0 0.3016826923076923 0.7055288461538461 0.057692307692307696 0.08173076923076923
0 0.59375 0.6875 0.04807692307692308 0.07692307692307693
0 0.24759615384615385 0.7175480769230769 0.057692307692307696 0.08653846153846154
0 0.8894230769230769 0.6694711538461539 0.04807692307692308 0.07692307692307693
0 0.5504807692307693 0.7115384615384616 0.052884615384615384 0.07451923076923077
0 0.22235576923076922 0.7427884615384616 0.057692307692307696 0.08653846153846154
0 0.8221153846153846 0.7103365384615384 0.05048076923076923 0.09134615384615384
0 0.9939903846153846 0.7127403846153846 0.01201923076923077 0.0889423076923077
0 0.7487980769230769 0.7415865384615384 0.0625 0.08173076923076923
0 0.43990384615384615 0.7704326923076923 0.052884615384615384 0.08653846153846154
0 0.1466346153846154 0.7980769230769231 0.04807692307692308 0.07211538461538461
0 0.49158653846153844 0.7740384615384616 0.0625 0.08653846153846154
0 0.9819711538461539 0.7355769230769231 0.036057692307692304 0.07692307692307693
0 0.5961538461538461 0.7932692307692307 0.06009615384615385 0.06009615384615385
0 0.5829326923076923 0.07451923076923077 0.03125 0.057692307692307696
0 0.7259615384615384 0.7896634615384616 0.052884615384615384 0.08173076923076923
0 0.39903846153846156 0.8293269230769231 0.052884615384615384 0.07932692307692307
0 0.0733173076923077 0.8557692307692307 0.04807692307692308 0.08173076923076923
0 0.8990384615384616 0.7884615384615384 0.05048076923076923 0.09134615384615384
0 0.31971153846153844 0.8497596153846154 0.057692307692307696 0.07932692307692307
0 0.7824519230769231 0.8088942307692307 0.03125 0.04807692307692308
0 0.9699519230769231 0.7956730769230769 0.057692307692307696 0.08173076923076923
0 0.35697115384615385 0.8485576923076923 0.04807692307692308 0.08173076923076923
0 0.640625 0.8521634615384616 0.055288461538461536 0.07451923076923077
0 0.8377403846153846 0.8521634615384616 0.052884615384615384 0.08653846153846154
0 0.8581730769230769 0.057692307692307696 0.036057692307692304 0.052884615384615384
0 0.5865384615384616 0.8786057692307693 0.057692307692307696 0.08653846153846154
0 0.1778846153846154 0.9194711538461539 0.0625 0.07932692307692307
0 0.31971153846153844 0.9122596153846154 0.04807692307692308 0.08173076923076923
0 0.5564903846153846 0.08413461538461539 0.04326923076923077 0.07211538461538461
0 0.5192307692307693 0.9026442307692307 0.0673076923076923 0.0889423076923077
0 0.8221153846153846 0.8858173076923077 0.04326923076923077 0.07692307692307693
0 0.7980769230769231 0.8978365384615384 0.04807692307692308 0.08653846153846154
0 0.9855769230769231 0.8978365384615384 0.028846153846153848 0.0985576923076923
0 0.4423076923076923 0.9555288461538461 0.0625 0.0889423076923077
0 0.6790865384615384 0.9483173076923077 0.07211538461538461 0.07932692307692307
0 0.7391826923076923 0.9435096153846154 0.0625 0.07932692307692307
0 0.49399038461538464 0.9675480769230769 0.06009615384615385 0.06490384615384616
0 0.25 0.9783653846153846 0.052884615384615384 0.04326923076923077
0 0.390625 0.9735576923076923 0.055288461538461536 0.052884615384615384
0 0.2608173076923077 0.11899038461538461 0.038461538461538464 0.0625
0 0.3485576923076923 0.9927884615384616 0.04807692307692308 0.014423076923076924
0 0.5865384615384616 0.9819711538461539 0.052884615384615384 0.026442307692307692
0 0.9387019230769231 0.9519230769230769 0.04807692307692308 0.026442307692307692
0 0.22115384615384615 0.12259615384615384 0.052884615384615384 0.07451923076923077
0 0.8341346153846154 0.07091346153846154 0.040865384615384616 0.057692307692307696
0 0.28846153846153844 0.12139423076923077 0.036057692307692304 0.04567307692307692
0 0.5180288461538461 0.10096153846153846 0.038461538461538464 0.0625
0 0.8016826923076923 0.07932692307692307 0.040865384615384616 0.057692307692307696
0 0.4495192307692308 0.12620192307692307 0.04326923076923077 0.0625
0 0.12860576923076922 0.15384615384615385 0.04807692307692308 0.07211538461538461
0 0.02283653846153846 0.16947115384615385 0.04567307692307692 0.06971153846153846
0 0.16826923076923078 0.15745192307692307 0.05048076923076923 0.06009615384615385
0 0.9507211538461539 0.09375 0.026442307692307692 0.057692307692307696
0 0.42908653846153844 0.14182692307692307 0.038461538461538464 0.07211538461538461
0 0.9290865384615384 0.0985576923076923 0.04326923076923077 0.0625
0 0.9567307692307693 0.0985576923076923 0.02403846153846154 0.0673076923076923
0 0.3858173076923077 0.14903846153846154 0.04326923076923077 0.0625
0 0.7211538461538461 0.12740384615384615 0.04567307692307692 0.057692307692307696
0 0.8954326923076923 0.11658653846153846 0.038461538461538464 0.0673076923076923
0 0.06971153846153846 0.19591346153846154 0.040865384615384616 0.052884615384615384
0 0.5084134615384616 0.1622596153846154 0.040865384615384616 0.04567307692307692
0 0.30649038461538464 0.18269230769230768 0.04807692307692308 0.0673076923076923
0 0.3485576923076923 0.17908653846153846 0.04567307692307692 0.057692307692307696
0 0.24519230769230768 0.038461538461538464 0.040865384615384616 0.038461538461538464
0 0.7728365384615384 0.14783653846153846 0.04807692307692308 0.0625
0 0.2704326923076923 0.19951923076923078 0.036057692307692304 0.057692307692307696
0 0.6286057692307693 0.16826923076923078 0.04326923076923077 0.0673076923076923
0 0.6911057692307693 0.16466346153846154 0.04567307692307692 0.036057692307692304