0 0.6514423076923077 0.5877403846153846 0.019230769230769232 0.028846153846153848
0 0.7163461538461539 0.5973557692307693 0.028846153846153848 0.03365384615384615
0 0.390625 0.6105769230769231 0.03365384615384615 0.038461538461538464
0 0.578125 0.6105769230769231 0.038461538461538464 0.02403846153846154
0 0.9639423076923077 0.6021634615384616 0.02403846153846154 0.03365384615384615
0 0.5240384615384616 0.6165865384615384 0.014423076923076924 0.02403846153846154
0 0.45072115384615385 0.6189903846153846 0.014423076923076924 0.02403846153846154
0 0.2920673076923077 0.6298076923076923 0.019230769230769232 0.03365384615384615
0 0.5600961538461539 0.6201923076923077 0.019230769230769232 0.03365384615384615
0 0.5396634615384616 0.6237980769230769 0.014423076923076924 0.019230769230769232
0 0.3269230769230769 0.6310096153846154 0.014423076923076924 0.019230769230769232
0 0.6418269230769231 0.6201923076923077 0.02403846153846154 0.038461538461538464
0 0.02283653846153846 0.6418269230769231 0.009615384615384616 0.009615384615384616
0 0.2548076923076923 0.6334134615384616 0.038461538461538464 0.04807692307692308
0 0.7728365384615384 0.6201923076923077 0.028846153846153848 0.028846153846153848
0 0.6646634615384616 0.6213942307692307 0.02403846153846154 0.03365384615384615
0 0.42427884615384615 0.6322115384615384 0.014423076923076924 0.019230769230769232
0 0.055288461538461536 0.6430288461538461 0.009615384615384616 0.004807692307692308
0 0.8353365384615384 0.6153846153846154 0.04326923076923077 0.052884615384615384
0 0.4891826923076923 0.6298076923076923 0.004807692307692308 0.009615384615384616
0 0.6153846153846154 0.6262019230769231 0.028846153846153848 0.038461538461538464
0 0.484375 0.6310096153846154 0.014423076923076924 0.019230769230769232
0 0.019230769230769232 0.6466346153846154 0.009615384615384616 0.009615384615384616
0 0.6850961538461539 0.6237980769230769 0.028846153846153848 0.019230769230769232
0 0.43990384615384615 0.6346153846153846 0.019230769230769232 0.03365384615384615
0 0.14182692307692307 0.6418269230769231 0.014423076923076924 0.019230769230769232
0 0.030048076923076924 0.6490384615384616 0.004807692307692308 0.004807692307692308
0 0.20432692307692307 0.6430288461538461 0.009615384615384616 0.004807692307692308
0 0.17668269230769232 0.6454326923076923 0.009615384615384616 0.009615384615384616
0 0.09014423076923077 0.6466346153846154 0.004807692307692308 0.004807692307692308
0 0.07692307692307693 0.6466346153846154 0.004807692307692308 0.004807692307692308
0 0.0673076923076923 0.6478365384615384 0.004807692307692308 0.004807692307692308
0 0.3473557692307692 0.640625 0.009615384615384616 0.009615384615384616
0 0.08533653846153846 0.6466346153846154 0.004807692307692308 0.014423076923076924
0 0.039663461538461536 0.6478365384615384 0.004807692307692308 0.004807692307692308
0 0.5072115384615384 0.6346153846153846 0.014423076923076924 0.019230769230769232
0 0.18990384615384615 0.6454326923076923 0.009615384615384616 0.009615384615384616
0 0.03485576923076923 0.65625 0.004807692307692308 0.009615384615384616
0 0.3401442307692308 0.6454326923076923 0.004807692307692308 0.009615384615384616
0 0.15985576923076922 0.6490384615384616 0.014423076923076924 0.014423076923076924
0 0.3245192307692308 0.6430288461538461 0.019230769230769232 0.02403846153846154
0 0.055288461538461536 0.6550480769230769 0.009615384615384616 0.009615384615384616
0 0.09014423076923077 0.6550480769230769 0.004807692307692308 0.004807692307692308
0 0.75 0.6322115384615384 0.019230769230769232 0.03365384615384615
0 0.11538461538461539 0.6586538461538461 0.028846153846153848 0.03365384615384615
0 0.20432692307692307 0.6538461538461539 0.009615384615384616 0.009615384615384616
0 0.1778846153846154 0.65625 0.004807692307692308 0.014423076923076924
0 0.019230769230769232 0.6622596153846154 0.019230769230769232 0.02403846153846154
0 0.07572115384615384 0.6694711538461539 0.019230769230769232 0.02403846153846154
0 0.052884615384615384 0.6730769230769231 0.019230769230769232 0.019230769230769232
0 0.390625 0.6658653846153846 0.038461538461538464 0.057692307692307696
0 0.19831730769230768 0.6706730769230769 0.014423076923076924 0.02403846153846154
0 0.8064903846153846 0.6538461538461539 0.019230769230769232 0.02403846153846154