0 0.026442307692307692 0.13942307692307693 0.04567307692307692 0.052884615384615384
0 0.2283653846153846 0.15865384615384615 0.040865384615384616 0.052884615384615384
0 0.15985576923076922 0.1778846153846154 0.040865384615384616 0.057692307692307696
0 0.12620192307692307 0.265625 0.040865384615384616 0.057692307692307696
0 0.2247596153846154 0.05048076923076923 0.026442307692307692 0.038461538461538464
0 0.6634615384615384 0.3233173076923077 0.06971153846153846 0.09134615384615384
0 0.42908653846153844 0.04567307692307692 0.02403846153846154 0.03365384615384615
0 0.36658653846153844 0.056490384615384616 0.02403846153846154 0.02403846153846154
0 0.29086538461538464 0.06129807692307692 0.016826923076923076 0.019230769230769232
0 0.29927884615384615 0.06129807692307692 0.026442307692307692 0.04807692307692308
0 0.1658653846153846 0.06971153846153846 0.019230769230769232 0.028846153846153848
0 0.4567307692307692 0.055288461538461536 0.03365384615384615 0.03365384615384615
0 0.039663461538461536 0.08413461538461539 0.040865384615384616 0.040865384615384616
0 0.6983173076923077 0.038461538461538464 0.036057692307692304 0.04807692307692308
0 0.390625 0.06370192307692307 0.02403846153846154 0.03365384615384615
0 0.4735576923076923 0.06129807692307692 0.016826923076923076 0.019230769230769232
0 0.2548076923076923 0.08052884615384616 0.016826923076923076 0.02403846153846154
0 0.6814903846153846 0.051682692307692304 0.019230769230769232 0.028846153846153848
0 0.23798076923076922 0.08413461538461539 0.016826923076923076 0.02403846153846154
0 0.2704326923076923 0.08173076923076923 0.014423076923076924 0.014423076923076924
0 0.9362980769230769 0.036057692307692304 0.040865384615384616 0.0673076923076923
0 0.20673076923076922 0.0889423076923077 0.03125 0.038461538461538464
0 0.15384615384615385 0.09495192307692307 0.040865384615384616 0.04567307692307692
0 0.5949519230769231 0.06490384615384616 0.019230769230769232 0.028846153846153848
0 0.06129807692307692 0.1045673076923077 0.02403846153846154 0.03365384615384615
0 0.008413461538461538 0.11057692307692307 0.016826923076923076 0.02403846153846154
0 0.7319711538461539 0.06009615384615385 0.014423076923076924 0.014423076923076924
0 0.7752403846153846 0.057692307692307696 0.016826923076923076 0.02403846153846154
0 0.4879807692307692 0.078125 0.02403846153846154 0.028846153846153848
0 0.8701923076923077 0.054086538461538464 0.014423076923076924 0.014423076923076924
0 0.453125 0.0829326923076923 0.028846153846153848 0.03365384615384615
0 0.6622596153846154 0.07091346153846154 0.019230769230769232 0.028846153846153848
0 0.7427884615384616 0.06490384615384616 0.019230769230769232 0.02403846153846154
0 0.8353365384615384 0.06370192307692307 0.04567307692307692 0.057692307692307696
0 0.109375 0.1141826923076923 0.036057692307692304 0.04326923076923077
0 0.3557692307692308 0.09735576923076923 0.036057692307692304 0.057692307692307696
0 0.5384615384615384 0.08413461538461539 0.03125 0.04326923076923077
0 0.8822115384615384 0.06009615384615385 0.014423076923076924 0.009615384615384616
0 0.6213942307692307 0.08052884615384616 0.026442307692307692 0.038461538461538464
0 0.5757211538461539 0.08653846153846154 0.03125 0.038461538461538464
0 0.7632211538461539 0.07572115384615384 0.019230769230769232 0.016826923076923076
0 0.14543269230769232 0.12139423076923077 0.040865384615384616 0.052884615384615384
0 0.4026442307692308 0.10576923076923077 0.040865384615384616 0.052884615384615384
0 0.6418269230769231 0.09134615384615384 0.03125 0.04326923076923077
0 0.8161057692307693 0.08173076923076923 0.019230769230769232 0.03365384615384615