0 0.17548076923076922 0.09615384615384616 0.019230769230769232 0.028846153846153848
0 0.359375 0.12259615384615384 0.026442307692307692 0.036057692307692304
0 0.6526442307692307 0.1658653846153846 0.026442307692307692 0.036057692307692304
0 0.9350961538461539 0.20552884615384615 0.03365384615384615 0.04567307692307692
0 0.8209134615384616 0.19230769230769232 0.028846153846153848 0.040865384615384616
0 0.20673076923076922 0.11057692307692307 0.02403846153846154 0.038461538461538464
0 0.1346153846153846 0.09975961538461539 0.026442307692307692 0.036057692307692304
0 0.7115384615384616 0.1814903846153846 0.028846153846153848 0.040865384615384616
0 0.8713942307692307 0.20673076923076922 0.03365384615384615 0.040865384615384616
0 0.3112980769230769 0.12980769230769232 0.026442307692307692 0.036057692307692304
0 0.5973557692307693 0.17307692307692307 0.03125 0.036057692307692304
0 0.28125 0.12860576923076922 0.03365384615384615 0.040865384615384616
0 0.4651442307692308 0.15625 0.021634615384615384 0.028846153846153848
0 0.3425480769230769 0.13942307692307693 0.03365384615384615 0.04567307692307692
0 0.18269230769230768 0.11899038461538461 0.026442307692307692 0.036057692307692304
0 0.22235576923076922 0.125 0.03125 0.036057692307692304
0 0.4110576923076923 0.15144230769230768 0.021634615384615384 0.03365384615384615
0 0.6622596153846154 0.18870192307692307 0.026442307692307692 0.03125
0 0.8810096153846154 0.0673076923076923 0.026442307692307692 0.03125
0 0.5673076923076923 0.18389423076923078 0.021634615384615384 0.03365384615384615
0 0.8834134615384616 0.23557692307692307 0.02403846153846154 0.04326923076923077
0 0.9326923076923077 0.24759615384615385 0.026442307692307692 0.036057692307692304
0 0.671875 0.21394230769230768 0.03365384615384615 0.04567307692307692
0 0.38461538461538464 0.17307692307692307 0.026442307692307692 0.036057692307692304
0 0.13701923076923078 0.13822115384615385 0.03365384615384615 0.04567307692307692
0 0.6165865384615384 0.20793269230769232 0.021634615384615384 0.03365384615384615
0 0.5769230769230769 0.203125 0.028846153846153848 0.040865384615384616
0 0.23557692307692307 0.15745192307692307 0.021634615384615384 0.03365384615384615
0 0.6286057692307693 0.2127403846153846 0.021634615384615384 0.028846153846153848
0 0.7295673076923077 0.2283653846153846 0.03365384615384615 0.040865384615384616
0 0.4230769230769231 0.18629807692307693 0.028846153846153848 0.040865384615384616
0 0.8353365384615384 0.24639423076923078 0.028846153846153848 0.040865384615384616
0 0.47475961538461536 0.19591346153846154 0.028846153846153848 0.040865384615384616
0 0.40024038461538464 0.009615384615384616 0.026442307692307692 0.019230769230769232
0 0.7836538461538461 0.24278846153846154 0.028846153846153848 0.040865384615384616
0 0.09975961538461539 0.14903846153846154 0.03365384615384615 0.04567307692307692
0 0.3233173076923077 0.18028846153846154 0.03365384615384615 0.040865384615384616
0 0.5228365384615384 0.20793269230769232 0.028846153846153848 0.040865384615384616
0 0.18389423076923078 0.16105769230769232 0.028846153846153848 0.040865384615384616
0 0.9759615384615384 0.27403846153846156 0.026442307692307692 0.036057692307692304
0 0.8365384615384616 0.06490384615384616 0.026442307692307692 0.03125
0 0.7055288461538461 0.25600961538461536 0.03125 0.036057692307692304
0 0.9014423076923077 0.2860576923076923 0.028846153846153848 0.04567307692307692
0 0.28725961538461536 0.20192307692307693 0.02403846153846154 0.038461538461538464
0 0.6262019230769231 0.25 0.019230769230769232 0.019230769230769232
0 0.8485576923076923 0.28125 0.028846153846153848 0.04567307692307692
0 0.20673076923076922 0.19471153846153846 0.028846153846153848 0.040865384615384616
0 0.11298076923076923 0.1814903846153846 0.026442307692307692 0.036057692307692304
0 0.052884615384615384 0.17548076923076922 0.028846153846153848 0.040865384615384616
0 0.15504807692307693 0.18990384615384615 0.028846153846153848 0.04567307692307692
0 0.4495192307692308 0.23076923076923078 0.026442307692307692 0.036057692307692304
0 0.5865384615384616 0.25 0.03125 0.036057692307692304
0 0.35697115384615385 0.22235576923076922 0.028846153846153848 0.04567307692307692
0 0.4987980769230769 0.24519230769230768 0.03125 0.036057692307692304
0 0.3762019230769231 0.23197115384615385 0.03125 0.036057692307692304
0 0.5324519230769231 0.2548076923076923 0.026442307692307692 0.036057692307692304
0 0.9795673076923077 0.3173076923076923 0.028846153846153848 0.040865384615384616
0 0.7536057692307693 0.2932692307692308 0.026442307692307692 0.036057692307692304
0 0.6069711538461539 0.2776442307692308 0.021634615384615384 0.03365384615384615
0 0.6310096153846154 0.2800480769230769 0.03365384615384615 0.05048076923076923
0 0.8173076923076923 0.30649038461538464 0.028846153846153848 0.040865384615384616
0 0.6610576923076923 0.2860576923076923 0.028846153846153848 0.04567307692307692
0 0.0625 0.20432692307692307 0.026442307692307692 0.03125
0 0.4206730769230769 0.2548076923076923 0.03365384615384615 0.040865384615384616
0 0.5540865384615384 0.2764423076923077 0.026442307692307692 0.036057692307692304
0 0.25 0.23317307692307693 0.02403846153846154 0.038461538461538464
0 0.15504807692307693 0.2247596153846154 0.026442307692307692 0.036057692307692304
0 0.4423076923076923 0.2644230769230769 0.026442307692307692 0.036057692307692304
0 0.4987980769230769 0.27524038461538464 0.028846153846153848 0.05048076923076923
0 0.1045673076923077 0.2247596153846154 0.028846153846153848 0.040865384615384616
0 0.18509615384615385 0.24158653846153846 0.028846153846153848 0.04567307692307692
0 0.8317307692307693 0.3317307692307692 0.03365384615384615 0.04567307692307692
0 0.7175480769230769 0.31850961538461536 0.021634615384615384 0.03365384615384615
0 0.984375 0.3545673076923077 0.03125 0.04567307692307692
0 0.9350961538461539 0.35096153846153844 0.03365384615384615 0.04567307692307692
0 0.8774038461538461 0.3425480769230769 0.028846153846153848 0.040865384615384616
0 0.7704326923076923 0.33413461538461536 0.03365384615384615 0.040865384615384616
0 0.21875 0.25841346153846156 0.03365384615384615 0.040865384615384616
0 0.0829326923076923 0.2403846153846154 0.03365384615384615 0.040865384615384616
0 0.5120192307692307 0.3004807692307692 0.028846153846153848 0.040865384615384616
0 0.3713942307692308 0.2824519230769231 0.028846153846153848 0.040865384615384616
0 0.5733173076923077 0.3112980769230769 0.021634615384615384 0.03365384615384615
0 0.4675480769230769 0.3016826923076923 0.028846153846153848 0.040865384615384616
0 0.2668269230769231 0.2776442307692308 0.03365384615384615 0.040865384615384616
0 0.7848557692307693 0.06850961538461539 0.028846153846153848 0.040865384615384616
0 0.8990384615384616 0.3762019230769231 0.028846153846153848 0.04567307692307692
0 0.84375 0.3713942307692308 0.03365384615384615 0.040865384615384616
0 0.796875 0.3641826923076923 0.03125 0.036057692307692304
0 0.7295673076923077 0.3581730769230769 0.03365384615384615 0.04567307692307692
0 0.9867788461538461 0.39783653846153844 0.026442307692307692 0.036057692307692304
0 0.32211538461538464 0.30408653846153844 0.026442307692307692 0.036057692307692304
0 0.6862980769230769 0.3545673076923077 0.028846153846153848 0.040865384615384616
0 0.3762019230769231 0.015625 0.026442307692307692 0.03125
0 0.22355769230769232 0.29447115384615385 0.026442307692307692 0.036057692307692304
0 0.6670673076923077 0.359375 0.021634615384615384 0.028846153846153848
0 0.14423076923076922 0.28846153846153844 0.028846153846153848 0.040865384615384616
0 0.2920673076923077 0.3112980769230769 0.026442307692307692 0.03125
0 0.09254807692307693 0.28846153846153844 0.026442307692307692 0.036057692307692304
0 0.4891826923076923 0.34375 0.026442307692307692 0.026442307692307692
0 0.5745192307692307 0.040865384615384616 0.026442307692307692 0.03125
0 0.5324519230769231 0.3557692307692308 0.02403846153846154 0.038461538461538464
0 0.3485576923076923 0.33413461538461536 0.021634615384615384 0.028846153846153848
0 0.32211538461538464 0.3329326923076923 0.026442307692307692 0.036057692307692304
0 0.9579326923076923 0.4230769230769231 0.03125 0.036057692307692304
0 0.8581730769230769 0.41466346153846156 0.028846153846153848 0.040865384615384616
0 0.38461538461538464 0.34975961538461536 0.026442307692307692 0.036057692307692304
0 0.24278846153846154 0.3329326923076923 0.028846153846153848 0.04567307692307692
0 0.2800480769230769 0.33774038461538464 0.021634615384615384 0.02403846153846154
0 0.47596153846153844 0.36778846153846156 0.026442307692307692 0.036057692307692304
0 0.6346153846153846 0.39302884615384615 0.02403846153846154 0.038461538461538464
0 0.7992788461538461 0.41586538461538464 0.03365384615384615 0.040865384615384616
0 0.9903846153846154 0.44350961538461536 0.019230769230769232 0.040865384615384616
0 0.18509615384615385 0.3293269230769231 0.021634615384615384 0.028846153846153848
0 0.4375 0.36778846153846156 0.026442307692307692 0.036057692307692304
0 0.6983173076923077 0.40384615384615385 0.028846153846153848 0.04567307692307692
0 0.7463942307692307 0.4110576923076923 0.028846153846153848 0.04567307692307692
0 0.04447115384615385 0.3173076923076923 0.03365384615384615 0.040865384615384616
0 0.07091346153846154 0.32572115384615385 0.026442307692307692 0.036057692307692304
0 0.3473557692307692 0.36658653846153844 0.021634615384615384 0.03365384615384615
0 0.65625 0.41346153846153844 0.028846153846153848 0.040865384615384616
0 0.29447115384615385 0.3629807692307692 0.021634615384615384 0.03365384615384615
0 0.6069711538461539 0.4074519230769231 0.028846153846153848 0.04567307692307692
0 0.8713942307692307 0.44711538461538464 0.03365384615384615 0.040865384615384616
0 0.9242788461538461 0.4567307692307692 0.026442307692307692 0.036057692307692304
0 0.28365384615384615 0.36899038461538464 0.021634615384615384 0.028846153846153848
0 0.4543269230769231 0.3954326923076923 0.028846153846153848 0.040865384615384616
0 0.49278846153846156 0.40024038461538464 0.026442307692307692 0.036057692307692304
0 0.5060096153846154 0.4026442307692308 0.026442307692307692 0.036057692307692304
0 0.4050480769230769 0.390625 0.038461538461538464 0.040865384615384616
0 0.2283653846153846 0.36658653846153844 0.028846153846153848 0.04567307692307692
0 0.5492788461538461 0.41346153846153844 0.021634615384615384 0.028846153846153848
0 0.08653846153846154 0.35096153846153844 0.03365384615384615 0.04567307692307692
0 0.75 0.44471153846153844 0.02403846153846154 0.038461538461538464
0 0.7127403846153846 0.44591346153846156 0.038461538461538464 0.05048076923076923
0 0.31490384615384615 0.015625 0.028846153846153848 0.03125
0 0.7740384615384616 0.46033653846153844 0.028846153846153848 0.04567307692307692
0 0.6382211538461539 0.44711538461538464 0.03365384615384615 0.04567307692307692
0 0.5793269230769231 0.4411057692307692 0.03125 0.036057692307692304
0 0.8834134615384616 0.4831730769230769 0.03365384615384615 0.040865384615384616
0 0.3137019230769231 0.40625 0.026442307692307692 0.03125
0 0.03125 0.3713942307692308 0.026442307692307692 0.03125
0 0.11177884615384616 0.38221153846153844 0.03365384615384615 0.04567307692307692
0 0.2608173076923077 0.40625 0.028846153846153848 0.040865384615384616
0 0.14423076923076922 0.3894230769230769 0.026442307692307692 0.026442307692307692
0 0.20552884615384615 0.40024038461538464 0.038461538461538464 0.040865384615384616
0 0.9158653846153846 0.5024038461538461 0.03365384615384615 0.040865384615384616
0 0.5084134615384616 0.4543269230769231 0.028846153846153848 0.040865384615384616
0 0.8353365384615384 0.5024038461538461 0.026442307692307692 0.036057692307692304
0 0.46274038461538464 0.4495192307692308 0.03125 0.03125
0 0.9891826923076923 0.53125 0.021634615384615384 0.04326923076923077
0 0.5853365384615384 0.47475961538461536 0.026442307692307692 0.036057692307692304
0 0.15144230769230768 0.4182692307692308 0.028846153846153848 0.040865384615384616
0 0.7560096153846154 0.5060096153846154 0.028846153846153848 0.040865384615384616
0 0.07091346153846154 0.4098557692307692 0.03365384615384615 0.04567307692307692
0 0.421875 0.46153846153846156 0.026442307692307692 0.036057692307692304
0 0.6694711538461539 0.4963942307692308 0.03365384615384615 0.05048076923076923
0 0.203125 0.4326923076923077 0.028846153846153848 0.04567307692307692
0 0.35216346153846156 0.4543269230769231 0.026442307692307692 0.036057692307692304
0 0.26322115384615385 0.44350961538461536 0.028846153846153848 0.040865384615384616
0 0.1658653846153846 0.4326923076923077 0.03125 0.036057692307692304
0 0.9254807692307693 0.5444711538461539 0.03365384615384615 0.04567307692307692
0 0.4567307692307692 0.484375 0.028846153846153848 0.040865384615384616
0 0.5504807692307693 0.5 0.03125 0.036057692307692304
0 0.59375 0.5132211538461539 0.03365384615384615 0.04567307692307692
0 0.7007211538461539 0.5288461538461539 0.028846153846153848 0.04567307692307692
0 0.020432692307692308 0.4326923076923077 0.021634615384615384 0.028846153846153848
0 0.7355769230769231 0.5384615384615384 0.028846153846153848 0.04567307692307692
0 0.3088942307692308 0.47836538461538464 0.028846153846153848 0.05048076923076923
0 0.21875 0.4675480769230769 0.03365384615384615 0.04567307692307692
0 0.4230769230769231 0.03485576923076923 0.026442307692307692 0.036057692307692304
0 0.8545673076923077 0.5625 0.038461538461538464 0.04567307692307692
0 0.9603365384615384 0.5829326923076923 0.02403846153846154 0.04326923076923077
0 0.36658653846153844 0.5 0.03365384615384615 0.04567307692307692
0 0.42788461538461536 0.5084134615384616 0.026442307692307692 0.036057692307692304
0 0.3473557692307692 0.5060096153846154 0.03365384615384615 0.04567307692307692
0 0.40384615384615385 0.5192307692307693 0.028846153846153848 0.040865384615384616
0 0.6610576923076923 0.5552884615384616 0.02403846153846154 0.038461538461538464
0 0.0673076923076923 0.4723557692307692 0.026442307692307692 0.03125
0 0.9350961538461539 0.5961538461538461 0.03365384615384615 0.040865384615384616
0 0.5408653846153846 0.5432692307692307 0.026442307692307692 0.036057692307692304
0 0.578125 0.05889423076923077 0.028846153846153848 0.040865384615384616
0 0.28846153846153844 0.5108173076923077 0.03365384615384615 0.04567307692307692
0 0.18028846153846154 0.4951923076923077 0.026442307692307692 0.036057692307692304
0 0.02403846153846154 0.47596153846153844 0.038461538461538464 0.04567307692307692
0 0.6033653846153846 0.5564903846153846 0.03365384615384615 0.040865384615384616
0 0.08774038461538461 0.484375 0.03365384615384615 0.040865384615384616
0 0.234375 0.5072115384615384 0.028846153846153848 0.04567307692307692
0 0.12980769230769232 0.49278846153846156 0.03365384615384615 0.04567307692307692
0 0.6947115384615384 0.5757211538461539 0.02403846153846154 0.038461538461538464
0 0.4807692307692308 0.5480769230769231 0.026442307692307692 0.036057692307692304
0 0.6286057692307693 0.06850961538461539 0.026442307692307692 0.036057692307692304
0 0.8293269230769231 0.6141826923076923 0.03365384615384615 0.04567307692307692
0 0.8798076923076923 0.6213942307692307 0.028846153846153848 0.040865384615384616
0 0.9206730769230769 0.11298076923076923 0.03365384615384615 0.040865384615384616
0 0.36177884615384615 0.5504807692307693 0.028846153846153848 0.04567307692307692
0 0.2920673076923077 0.5480769230769231 0.026442307692307692 0.036057692307692304
0 0.7692307692307693 0.6165865384615384 0.03365384615384615 0.040865384615384616
0 0.6610576923076923 0.6009615384615384 0.038461538461538464 0.04567307692307692
0 0.24639423076923078 0.5432692307692307 0.028846153846153848 0.040865384615384616
0 0.44711538461538464 0.5709134615384616 0.026442307692307692 0.036057692307692304
0 0.09495192307692307 0.5240384615384616 0.028846153846153848 0.04567307692307692
0 0.2548076923076923 0.019230769230769232 0.028846153846153848 0.038461538461538464
0 0.1466346153846154 0.5336538461538461 0.03125 0.036057692307692304
0 0.5 0.5865384615384616 0.028846153846153848 0.040865384615384616
0 0.04447115384615385 0.5252403846153846 0.028846153846153848 0.040865384615384616
0 0.8269230769230769 0.10216346153846154 0.026442307692307692 0.036057692307692304
0 0.18389423076923078 0.5540865384615384 0.038461538461538464 0.040865384615384616
0 0.7067307692307693 0.6274038461538461 0.026442307692307692 0.036057692307692304
0 0.5324519230769231 0.6105769230769231 0.03365384615384615 0.04567307692307692
0 0.8461538461538461 0.6586538461538461 0.028846153846153848 0.04567307692307692
0 0.2620192307692308 0.578125 0.028846153846153848 0.04567307692307692
0 0.6730769230769231 0.0829326923076923 0.028846153846153848 0.04567307692307692
0 0.3016826923076923 0.5841346153846154 0.026442307692307692 0.036057692307692304
0 0.13822115384615385 0.5612980769230769 0.02403846153846154 0.038461538461538464
0 0.46634615384615385 0.609375 0.028846153846153848 0.040865384615384616
0 0.5709134615384616 0.6262019230769231 0.03365384615384615 0.040865384615384616
0 0.4098557692307692 0.6081730769230769 0.03125 0.036057692307692304
0 0.6045673076923077 0.6358173076923077 0.03125 0.036057692307692304
0 0.04927884615384615 0.5600961538461539 0.03365384615384615 0.040865384615384616
0 0.4735576923076923 0.054086538461538464 0.026442307692307692 0.036057692307692304
0 0.8677884615384616 0.109375 0.021634615384615384 0.028846153846153848
0 0.7163461538461539 0.65625 0.03365384615384615 0.040865384615384616
0 0.09254807692307693 0.5757211538461539 0.028846153846153848 0.04567307692307692
0 0.43149038461538464 0.05048076923076923 0.021634615384615384 0.028846153846153848
0 0.013221153846153846 0.5733173076923077 0.026442307692307692 0.036057692307692304
0 0.12379807692307693 0.5961538461538461 0.03365384615384615 0.040865384615384616
0 0.3581730769230769 0.6298076923076923 0.038461538461538464 0.040865384615384616
0 0.7367788461538461 0.6850961538461539 0.03365384615384615 0.040865384615384616
0 0.6742788461538461 0.6790865384615384 0.03365384615384615 0.04567307692307692
0 0.6346153846153846 0.6754807692307693 0.021634615384615384 0.028846153846153848
0 0.5925480769230769 0.6694711538461539 0.03125 0.036057692307692304
0 0.38822115384615385 0.6430288461538461 0.038461538461538464 0.05048076923076923
0 0.06971153846153846 0.6033653846153846 0.03365384615384615 0.04567307692307692
0 0.4651442307692308 0.6634615384615384 0.026442307692307692 0.036057692307692304
0 0.3870192307692308 0.046875 0.03365384615384615 0.04567307692307692
0 0.5372596153846154 0.06850961538461539 0.028846153846153848 0.040865384615384616
0 0.18629807692307693 0.6502403846153846 0.028846153846153848 0.04567307692307692
0 0.5348557692307693 0.7043269230769231 0.028846153846153848 0.040865384615384616
0 0.5841346153846154 0.7151442307692307 0.038461538461538464 0.04567307692307692
0 0.7692307692307693 0.7427884615384616 0.03365384615384615 0.04567307692307692
0 0.10817307692307693 0.016826923076923076 0.02403846153846154 0.03365384615384615
0 0.24519230769230768 0.6814903846153846 0.03365384615384615 0.04567307692307692
0 0.5144230769230769 0.71875 0.02403846153846154 0.038461538461538464
0 0.6057692307692307 0.734375 0.026442307692307692 0.036057692307692304
0 0.9254807692307693 0.7800480769230769 0.03365384615384615 0.040865384615384616
0 0.7067307692307693 0.7584134615384616 0.028846153846153848 0.040865384615384616
0 0.42908653846153844 0.7223557692307693 0.028846153846153848 0.052884615384615384
0 0.14302884615384615 0.6814903846153846 0.03365384615384615 0.04567307692307692
0 0.2932692307692308 0.7079326923076923 0.028846153846153848 0.04567307692307692
0 0.08052884615384616 0.6778846153846154 0.028846153846153848 0.040865384615384616
0 0.4987980769230769 0.7403846153846154 0.028846153846153848 0.04567307692307692
0 0.04807692307692308 0.6766826923076923 0.028846153846153848 0.040865384615384616
0 0.203125 0.703125 0.03365384615384615 0.04567307692307692
0 0.006009615384615385 0.6814903846153846 0.01201923076923077 0.040865384615384616
0 0.3737980769230769 0.7367788461538461 0.03365384615384615 0.05048076923076923
0 0.5612980769230769 0.765625 0.03365384615384615 0.04567307692307692
0 0.3389423076923077 0.734375 0.028846153846153848 0.040865384615384616
0 0.39663461538461536 0.7475961538461539 0.028846153846153848 0.040865384615384616
0 0.6069711538461539 0.7824519230769231 0.026442307692307692 0.036057692307692304
0 0.21514423076923078 0.7331730769230769 0.028846153846153848 0.04567307692307692
0 0.8233173076923077 0.8233173076923077 0.038461538461538464 0.05048076923076923
0 0.15865384615384615 0.7319711538461539 0.03365384615384615 0.040865384615384616
0 0.8978365384615384 0.8485576923076923 0.03125 0.03125
0 0.015625 0.7271634615384616 0.03125 0.04567307692307692
0 0.33774038461538464 0.7740384615384616 0.028846153846153848 0.04567307692307692
0 0.5649038461538461 0.8088942307692307 0.028846153846153848 0.040865384615384616
0 0.8713942307692307 0.8533653846153846 0.038461538461538464 0.04567307692307692
0 0.6237980769230769 0.8209134615384616 0.038461538461538464 0.04567307692307692
0 0.5096153846153846 0.8100961538461539 0.021634615384615384 0.03365384615384615
0 0.22115384615384615 0.7716346153846154 0.028846153846153848 0.04567307692307692
0 0.44471153846153844 0.8028846153846154 0.028846153846153848 0.040865384615384616
0 0.9290865384615384 0.8737980769230769 0.03365384615384615 0.040865384615384616
0 0.29086538461538464 0.7836538461538461 0.028846153846153848 0.040865384615384616
0 0.04807692307692308 0.7524038461538461 0.026442307692307692 0.036057692307692304
0 0.9338942307692307 0.13701923076923078 0.026442307692307692 0.03125
0 0.9038461538461539 0.8846153846153846 0.038461538461538464 0.04567307692307692
0 0.41466346153846156 0.8197115384615384 0.028846153846153848 0.040865384615384616
0 0.10336538461538461 0.7752403846153846 0.028846153846153848 0.04567307692307692
0 0.15865384615384615 0.7836538461538461 0.03365384615384615 0.05048076923076923
0 0.5384615384615384 0.8365384615384616 0.03125 0.036057692307692304
0 0.5745192307692307 0.8485576923076923 0.03365384615384615 0.04567307692307692
0 0.4651442307692308 0.8365384615384616 0.03365384615384615 0.040865384615384616
0 0.1201923076923077 0.7896634615384616 0.03365384615384615 0.04567307692307692
0 0.7944711538461539 0.8846153846153846 0.03125 0.036057692307692304
0 0.19471153846153846 0.8028846153846154 0.03365384615384615 0.052884615384615384
0 0.3557692307692308 0.8257211538461539 0.03365384615384615 0.040865384615384616
0 0.8846153846153846 0.13581730769230768 0.026442307692307692 0.03125
0 0.8401442307692307 0.90625 0.03365384615384615 0.040865384615384616
0 0.04927884615384615 0.7944711538461539 0.021634615384615384 0.03365384615384615
0 0.23197115384615385 0.8233173076923077 0.03365384615384615 0.040865384615384616
0 0.3425480769230769 0.05889423076923077 0.028846153846153848 0.040865384615384616
0 0.08052884615384616 0.8076923076923077 0.026442307692307692 0.036057692307692304
0 0.53125 0.8713942307692307 0.03365384615384615 0.04567307692307692
0 0.027644230769230768 0.8004807692307693 0.028846153846153848 0.040865384615384616
0 0.8040865384615384 0.9194711538461539 0.03365384615384615 0.04567307692307692
0 0.7247596153846154 0.036057692307692304 0.02403846153846154 0.021634615384615384
0 0.7872596153846154 0.12379807692307693 0.021634615384615384 0.03365384615384615
0 0.4110576923076923 0.8665865384615384 0.03365384615384615 0.05048076923076923
0 0.7475961538461539 0.9158653846153846 0.03365384615384615 0.04567307692307692
0 0.8605769230769231 0.9519230769230769 0.03365384615384615 0.052884615384615384
0 0.2824519230769231 0.055288461538461536 0.021634615384615384 0.03365384615384615
0 0.09735576923076923 0.8545673076923077 0.028846153846153848 0.040865384615384616
0 0.3173076923076923 0.8882211538461539 0.028846153846153848 0.040865384615384616
0 0.2620192307692308 0.8834134615384616 0.026442307692307692 0.036057692307692304
0 0.48197115384615385 0.9134615384615384 0.03365384615384615 0.04567307692307692
0 0.6947115384615384 0.9459134615384616 0.03365384615384615 0.040865384615384616
0 0.6875 0.11538461538461539 0.026442307692307692 0.036057692307692304
0 0.20192307692307693 0.8798076923076923 0.026442307692307692 0.036057692307692304
0 0.7980769230769231 0.9675480769230769 0.03125 0.036057692307692304
0 0.4230769230769231 0.9158653846153846 0.028846153846153848 0.04567307692307692
0 0.1466346153846154 0.8846153846153846 0.03365384615384615 0.05048076923076923
0 0.015625 0.8713942307692307 0.03125 0.04567307692307692
0 0.7427884615384616 0.9795673076923077 0.028846153846153848 0.040865384615384616
0 0.2620192307692308 0.9158653846153846 0.028846153846153848 0.04567307692307692
0 0.5745192307692307 0.10096153846153846 0.03125 0.036057692307692304
0 0.08173076923076923 0.8930288461538461 0.028846153846153848 0.040865384615384616
0 0.6598557692307693 0.9735576923076923 0.03365384615384615 0.04567307692307692
0 0.3870192307692308 0.9399038461538461 0.03365384615384615 0.04567307692307692
0 0.7115384615384616 0.9807692307692307 0.03365384615384615 0.038461538461538464
0 0.7740384615384616 0.9855769230769231 0.038461538461538464 0.028846153846153848
0 0.33533653846153844 0.9411057692307693 0.028846153846153848 0.05048076923076923
0 0.640625 0.11298076923076923 0.03365384615384615 0.040865384615384616
0 0.4963942307692308 0.09254807692307693 0.026442307692307692 0.036057692307692304
0 0.4483173076923077 0.9579326923076923 0.038461538461538464 0.05048076923076923
0 0.20072115384615385 0.9230769230769231 0.028846153846153848 0.04567307692307692
0 0.35216346153846156 0.9591346153846154 0.026442307692307692 0.03125
0 0.03485576923076923 0.9182692307692307 0.026442307692307692 0.036057692307692304
0 0.6117788461538461 0.9891826923076923 0.036057692307692304 0.021634615384615384
0 0.056490384615384616 0.9242788461538461 0.03125 0.036057692307692304
0 0.6538461538461539 0.9951923076923077 0.03365384615384615 0.009615384615384616
0 0.4026442307692308 0.9795673076923077 0.03125 0.026442307692307692
0 0.3449519230769231 0.9759615384615384 0.03365384615384615 0.014423076923076924
0 0.5060096153846154 0.010817307692307692 0.026442307692307692 0.021634615384615384
0 0.8353365384615384 0.14543269230769232 0.021634615384615384 0.03365384615384615
0 0.4362980769230769 0.09134615384615384 0.028846153846153848 0.040865384615384616
0 0.26802884615384615 0.07091346153846154 0.026442307692307692 0.036057692307692304
0 0.35336538461538464 0.0889423076923077 0.026442307692307692 0.036057692307692304
0 0.6370192307692307 0.026442307692307692 0.03125 0.026442307692307692
0 0.21394230769230768 0.07572115384615384 0.026442307692307692 0.03125
0 0.17427884615384615 0.0733173076923077 0.021634615384615384 0.03365384615384615
0 0.953125 0.18509615384615385 0.026442307692307692 0.036057692307692304
0 0.90625 0.1778846153846154 0.03125 0.036057692307692304
0 0.8569711538461539 0.17427884615384615 0.028846153846153848 0.040865384615384616
0 0.2764423076923077 0.09254807692307693 0.028846153846153848 0.040865384615384616
0 0.5096153846153846 0.12740384615384615 0.026442307692307692 0.036057692307692304
0 0.9759615384615384 0.07692307692307693 0.021634615384615384 0.028846153846153848
0 0.6766826923076923 0.15625 0.021634615384615384 0.03365384615384615
0 0.4807692307692308 0.13942307692307693 0.021634615384615384 0.028846153846153848