0 0.21033653846153846 0.27403846153846156 0.004807692307692308 0.004807692307692308
0 0.22716346153846154 0.27403846153846156 0.004807692307692308 0.009615384615384616
0 0.25961538461538464 0.2704326923076923 0.004807692307692308 0.009615384615384616
0 0.4987980769230769 0.24639423076923078 0.06009615384615385 0.07932692307692307
0 0.2439903846153846 0.2776442307692308 0.004807692307692308 0.004807692307692308
0 0.22235576923076922 0.28725961538461536 0.01201923076923077 0.014423076923076924
0 0.21514423076923078 0.29086538461538464 0.009615384615384616 0.009615384615384616
0 0.1778846153846154 0.296875 0.019230769230769232 0.016826923076923076
0 0.056490384615384616 0.31490384615384615 0.016826923076923076 0.02403846153846154
0 0.23798076923076922 0.2920673076923077 0.021634615384615384 0.02403846153846154
0 0.296875 0.2848557692307692 0.01201923076923077 0.014423076923076924
0 0.08173076923076923 0.3137019230769231 0.01201923076923077 0.019230769230769232
0 0.11658653846153846 0.31009615384615385 0.016826923076923076 0.019230769230769232
0 0.140625 0.3076923076923077 0.03125 0.036057692307692304
0 0.25841346153846156 0.2956730769230769 0.026442307692307692 0.036057692307692304
0 0.2764423076923077 0.2932692307692308 0.021634615384615384 0.038461538461538464
0 0.1875 0.3076923076923077 0.016826923076923076 0.016826923076923076
0 0.7319711538461539 0.2403846153846154 0.055288461538461536 0.07932692307692307
0 0.16947115384615385 0.3112980769230769 0.03125 0.040865384615384616
0 0.040865384615384616 0.328125 0.01201923076923077 0.014423076923076924
0 0.016826923076923076 0.33774038461538464 0.01201923076923077 0.019230769230769232
0 0.8161057692307693 0.24158653846153846 0.06490384615384616 0.09375
0 0.004807692307692308 0.3449519230769231 0.009615384615384616 0.040865384615384616
0 0.055288461538461536 0.3401442307692308 0.016826923076923076 0.028846153846153848
0 0.3173076923076923 0.3076923076923077 0.04326923076923077 0.055288461538461536
0 0.22596153846153846 0.3245192307692308 0.026442307692307692 0.036057692307692304
0 0.11538461538461539 0.3425480769230769 0.016826923076923076 0.019230769230769232
0 0.5673076923076923 0.28725961538461536 0.06009615384615385 0.0889423076923077
0 0.38100961538461536 0.31009615384615385 0.038461538461538464 0.05048076923076923
0 0.46153846153846156 0.3016826923076923 0.055288461538461536 0.08413461538461539
0 0.06129807692307692 0.35096153846153844 0.016826923076923076 0.028846153846153848
0 0.0889423076923077 0.36177884615384615 0.04326923076923077 0.055288461538461536
0 0.02283653846153846 0.3701923076923077 0.016826923076923076 0.02403846153846154
0 0.15264423076923078 0.3605769230769231 0.038461538461538464 0.052884615384615384