0 0.609375 0.17427884615384615 0.016826923076923076 0.028846153846153848
0 0.15745192307692307 0.23197115384615385 0.021634615384615384 0.028846153846153848
0 0.5408653846153846 0.18990384615384615 0.021634615384615384 0.028846153846153848
0 0.17307692307692307 0.23677884615384615 0.021634615384615384 0.02403846153846154
0 0.8305288461538461 0.15625 0.021634615384615384 0.028846153846153848
0 0.47475961538461536 0.20072115384615385 0.016826923076923076 0.028846153846153848
0 0.21995192307692307 0.234375 0.021634615384615384 0.02403846153846154
0 0.12620192307692307 0.24519230769230768 0.016826923076923076 0.02403846153846154
0 0.05889423076923077 0.2536057692307692 0.016826923076923076 0.019230769230769232
0 0.7271634615384616 0.171875 0.019230769230769232 0.016826923076923076
0 0.14423076923076922 0.2439903846153846 0.016826923076923076 0.028846153846153848
0 0.8185096153846154 0.16706730769230768 0.026442307692307692 0.03125
0 0.6682692307692307 0.18509615384615385 0.019230769230769232 0.019230769230769232
0 0.08774038461538461 0.25841346153846156 0.01201923076923077 0.014423076923076924
0 0.055288461538461536 0.265625 0.016826923076923076 0.019230769230769232
0 0.9387019230769231 0.15625 0.021634615384615384 0.02403846153846154
0 0.5120192307692307 0.2091346153846154 0.016826923076923076 0.02403846153846154
0 0.6189903846153846 0.20072115384615385 0.016826923076923076 0.028846153846153848
0 0.49278846153846156 0.21875 0.016826923076923076 0.019230769230769232
0 0.27283653846153844 0.24519230769230768 0.016826923076923076 0.028846153846153848
0 0.16706730769230768 0.25841346153846156 0.019230769230769232 0.019230769230769232
0 0.640625 0.203125 0.026442307692307692 0.03125
0 0.5396634615384616 0.21514423076923078 0.019230769230769232 0.019230769230769232
0 0.03485576923076923 0.2776442307692308 0.021634615384615384 0.02403846153846154
0 0.7283653846153846 0.19471153846153846 0.021634615384615384 0.028846153846153848
0 0.6382211538461539 0.004807692307692308 0.016826923076923076 0.009615384615384616
0 0.3954326923076923 0.23557692307692307 0.016826923076923076 0.02403846153846154
0 0.7740384615384616 0.18870192307692307 0.021634615384615384 0.028846153846153848
0 0.3245192307692308 0.24639423076923078 0.026442307692307692 0.026442307692307692
0 0.1201923076923077 0.27163461538461536 0.021634615384615384 0.02403846153846154
0 0.09495192307692307 0.2776442307692308 0.016826923076923076 0.028846153846153848
0 0.6009615384615384 0.21754807692307693 0.019230769230769232 0.019230769230769232
0 0.6682692307692307 0.2091346153846154 0.021634615384615384 0.028846153846153848
0 0.35096153846153844 0.24879807692307693 0.026442307692307692 0.036057692307692304
0 0.5793269230769231 0.22235576923076922 0.021634615384615384 0.028846153846153848
0 0.4699519230769231 0.23557692307692307 0.026442307692307692 0.03125
0 0.20793269230769232 0.2692307692307692 0.016826923076923076 0.019230769230769232
0 0.078125 0.2848557692307692 0.016826923076923076 0.028846153846153848
0 0.15745192307692307 0.2776442307692308 0.021634615384615384 0.028846153846153848
0 0.41586538461538464 0.2512019230769231 0.021634615384615384 0.028846153846153848
0 0.5973557692307693 0.010817307692307692 0.016826923076923076 0.021634615384615384
0 0.27403846153846156 0.04927884615384615 0.016826923076923076 0.016826923076923076
0 0.5216346153846154 0.23798076923076922 0.016826923076923076 0.02403846153846154
0 0.49399038461538464 0.2439903846153846 0.016826923076923076 0.019230769230769232
0 0.24158653846153846 0.27524038461538464 0.021634615384615384 0.02403846153846154
0 0.6069711538461539 0.22956730769230768 0.016826923076923076 0.028846153846153848
0 0.0625 0.29927884615384615 0.021634615384615384 0.02403846153846154
0 0.46033653846153844 0.2536057692307692 0.016826923076923076 0.02403846153846154
0 0.5360576923076923 0.2439903846153846 0.016826923076923076 0.02403846153846154
0 0.5120192307692307 0.24879807692307693 0.016826923076923076 0.019230769230769232
0 0.42788461538461536 0.25961538461538464 0.021634615384615384 0.02403846153846154
0 0.5600961538461539 0.24519230769230768 0.026442307692307692 0.026442307692307692
0 0.07091346153846154 0.30528846153846156 0.016826923076923076 0.02403846153846154
0 0.8545673076923077 0.2091346153846154 0.021634615384615384 0.02403846153846154
0 0.5901442307692307 0.24639423076923078 0.021634615384615384 0.02403846153846154
0 0.010817307692307692 0.3173076923076923 0.016826923076923076 0.02403846153846154
0 0.7139423076923077 0.234375 0.016826923076923076 0.02403846153846154
0 0.04927884615384615 0.3161057692307692 0.021634615384615384 0.02403846153846154
0 0.4338942307692308 0.2704326923076923 0.021634615384615384 0.02403846153846154
0 0.025240384615384616 0.32211538461538464 0.021634615384615384 0.02403846153846154
0 0.6826923076923077 0.2439903846153846 0.016826923076923076 0.02403846153846154
0 0.6322115384615384 0.25 0.016826923076923076 0.02403846153846154
0 0.7644230769230769 0.234375 0.026442307692307692 0.036057692307692304
0 0.734375 0.2403846153846154 0.021634615384615384 0.02403846153846154
0 0.5480769230769231 0.265625 0.016826923076923076 0.02403846153846154
0 0.5564903846153846 0.2644230769230769 0.016826923076923076 0.019230769230769232
0 0.6189903846153846 0.25841346153846156 0.026442307692307692 0.026442307692307692
0 0.49759615384615385 0.27403846153846156 0.019230769230769232 0.019230769230769232
0 0.3762019230769231 0.28846153846153844 0.016826923076923076 0.02403846153846154
0 0.6706730769230769 0.2548076923076923 0.021634615384615384 0.028846153846153848
0 0.4110576923076923 0.28725961538461536 0.016826923076923076 0.02403846153846154
0 0.8016826923076923 0.24158653846153846 0.026442307692307692 0.026442307692307692
0 0.6790865384615384 0.006009615384615385 0.016826923076923076 0.01201923076923077
0 0.21754807692307693 0.05889423076923077 0.016826923076923076 0.016826923076923076
0 0.1622596153846154 0.06850961538461539 0.01201923076923077 0.019230769230769232
0 0.4855769230769231 0.2800480769230769 0.016826923076923076 0.019230769230769232
0 0.5360576923076923 0.2764423076923077 0.016826923076923076 0.02403846153846154
0 0.4579326923076923 0.28846153846153844 0.021634615384615384 0.02403846153846154
0 0.5889423076923077 0.27524038461538464 0.016826923076923076 0.02403846153846154
0 0.30288461538461536 0.3173076923076923 0.016826923076923076 0.02403846153846154
0 0.5096153846153846 0.29447115384615385 0.016826923076923076 0.02403846153846154
0 0.009615384615384616 0.3557692307692308 0.019230769230769232 0.02403846153846154
0 0.5793269230769231 0.28725961538461536 0.021634615384615384 0.02403846153846154
0 0.7716346153846154 0.265625 0.026442307692307692 0.036057692307692304
0 0.38100961538461536 0.3137019230769231 0.016826923076923076 0.02403846153846154
0 0.2776442307692308 0.32572115384615385 0.021634615384615384 0.02403846153846154
0 0.7307692307692307 0.27283653846153844 0.021634615384615384 0.02403846153846154
0 0.7596153846153846 0.27403846153846156 0.016826923076923076 0.02403846153846154
0 0.84375 0.2644230769230769 0.026442307692307692 0.03125
0 0.9411057692307693 0.25240384615384615 0.021634615384615384 0.028846153846153848
0 0.5408653846153846 0.30408653846153844 0.019230769230769232 0.019230769230769232
0 0.8100961538461539 0.2776442307692308 0.021634615384615384 0.02403846153846154
0 0.39783653846153844 0.328125 0.016826923076923076 0.02403846153846154
0 0.30649038461538464 0.3401442307692308 0.021634615384615384 0.028846153846153848
0 0.32572115384615385 0.05048076923076923 0.016826923076923076 0.016826923076923076
0 0.1971153846153846 0.3557692307692308 0.016826923076923076 0.02403846153846154
0 0.45552884615384615 0.32572115384615385 0.021634615384615384 0.028846153846153848
0 0.41466346153846156 0.33413461538461536 0.019230769230769232 0.03365384615384615
0 0.09254807692307693 0.3737980769230769 0.019230769230769232 0.03365384615384615
0 0.010817307692307692 0.3870192307692308 0.016826923076923076 0.02403846153846154
0 0.625 0.015625 0.016826923076923076 0.019230769230769232
0 0.4182692307692308 0.040865384615384616 0.016826923076923076 0.019230769230769232
0 0.42788461538461536 0.3449519230769231 0.016826923076923076 0.02403846153846154
0 0.9543269230769231 0.28846153846153844 0.021634615384615384 0.028846153846153848
0 0.3269230769230769 0.36778846153846156 0.021634615384615384 0.02403846153846154
0 0.22355769230769232 0.38221153846153844 0.021634615384615384 0.02403846153846154
0 0.5228365384615384 0.359375 0.016826923076923076 0.028846153846153848
0 0.42908653846153844 0.375 0.021634615384615384 0.028846153846153848
0 0.9387019230769231 0.31490384615384615 0.021634615384615384 0.03365384615384615
0 0.8521634615384616 0.32572115384615385 0.021634615384615384 0.02403846153846154
0 0.5673076923076923 0.025240384615384616 0.016826923076923076 0.016826923076923076
0 0.3701923076923077 0.04927884615384615 0.016826923076923076 0.016826923076923076
0 0.3870192307692308 0.05048076923076923 0.019230769230769232 0.019230769230769232
0 0.33413461538461536 0.39903846153846156 0.021634615384615384 0.03365384615384615
0 0.8978365384615384 0.33774038461538464 0.021634615384615384 0.028846153846153848
0 0.003605769230769231 0.4519230769230769 0.007211538461538462 0.038461538461538464
0 0.6574519230769231 0.3701923076923077 0.019230769230769232 0.03365384615384615
0 0.3545673076923077 0.054086538461538464 0.016826923076923076 0.019230769230769232
0 0.6802884615384616 0.37259615384615385 0.026442307692307692 0.026442307692307692
0 0.8004807692307693 0.3629807692307692 0.021634615384615384 0.028846153846153848
0 0.21634615384615385 0.44350961538461536 0.021634615384615384 0.02403846153846154
0 0.44711538461538464 0.04567307692307692 0.016826923076923076 0.019230769230769232
0 0.4735576923076923 0.042067307692307696 0.016826923076923076 0.019230769230769232
0 0.5612980769230769 0.40384615384615385 0.026442307692307692 0.040865384615384616
0 0.45913461538461536 0.4170673076923077 0.021634615384615384 0.038461538461538464
0 0.35096153846153844 0.4411057692307692 0.026442307692307692 0.040865384615384616
0 0.6887019230769231 0.4014423076923077 0.026442307692307692 0.036057692307692304
0 0.8040865384615384 0.39302884615384615 0.026442307692307692 0.036057692307692304
0 0.25 0.46033653846153844 0.021634615384615384 0.028846153846153848
0 0.8846153846153846 0.3894230769230769 0.021634615384615384 0.03365384615384615
0 0.32211538461538464 0.46153846153846156 0.03125 0.040865384615384616
0 0.5733173076923077 0.03245192307692308 0.016826923076923076 0.016826923076923076
0 0.8545673076923077 0.4110576923076923 0.021634615384615384 0.028846153846153848
0 0.43990384615384615 0.4651442307692308 0.02403846153846154 0.04326923076923077
0 0.5649038461538461 0.4519230769230769 0.026442307692307692 0.040865384615384616
0 0.7427884615384616 0.013221153846153846 0.016826923076923076 0.016826923076923076
0 0.19471153846153846 0.08052884615384616 0.01201923076923077 0.014423076923076924
0 0.39302884615384615 0.057692307692307696 0.019230769230769232 0.019230769230769232
0 0.6105769230769231 0.45552884615384615 0.021634615384615384 0.028846153846153848
0 0.7079326923076923 0.4495192307692308 0.026442307692307692 0.040865384615384616
0 0.7271634615384616 0.4495192307692308 0.026442307692307692 0.036057692307692304
0 0.5396634615384616 0.47475961538461536 0.026442307692307692 0.036057692307692304
0 0.7391826923076923 0.015625 0.01201923076923077 0.02403846153846154
0 0.6466346153846154 0.026442307692307692 0.016826923076923076 0.02403846153846154
0 0.10216346153846154 0.5396634615384616 0.026442307692307692 0.040865384615384616
0 0.8016826923076923 0.453125 0.028846153846153848 0.04567307692307692
0 0.3762019230769231 0.5132211538461539 0.026442307692307692 0.03125
0 0.6766826923076923 0.4831730769230769 0.021634615384615384 0.03365384615384615
0 0.41346153846153844 0.057692307692307696 0.016826923076923076 0.02403846153846154
0 0.3425480769230769 0.5288461538461539 0.026442307692307692 0.040865384615384616
0 0.890625 0.003605769230769231 0.01201923076923077 0.007211538461538462
0 0.1814903846153846 0.0889423076923077 0.016826923076923076 0.019230769230769232
0 0.5024038461538461 0.04927884615384615 0.016826923076923076 0.019230769230769232
0 0.019230769230769232 0.5841346153846154 0.026442307692307692 0.040865384615384616
0 0.29447115384615385 0.5697115384615384 0.026442307692307692 0.040865384615384616
0 0.6646634615384616 0.5252403846153846 0.021634615384615384 0.028846153846153848
0 0.20192307692307693 0.039663461538461536 0.01201923076923077 0.014423076923076924
0 0.5576923076923077 0.04447115384615385 0.016826923076923076 0.019230769230769232
0 0.12139423076923077 0.6165865384615384 0.021634615384615384 0.03365384615384615
0 0.20552884615384615 0.6069711538461539 0.03365384615384615 0.04567307692307692
0 0.6622596153846154 0.5528846153846154 0.026442307692307692 0.03125
0 0.9158653846153846 0.5240384615384616 0.026442307692307692 0.040865384615384616
0 0.5721153846153846 0.5745192307692307 0.03365384615384615 0.04567307692307692
0 0.6658653846153846 0.5757211538461539 0.026442307692307692 0.03125
0 0.08533653846153846 0.6490384615384616 0.03365384615384615 0.04567307692307692
0 0.7584134615384616 0.5733173076923077 0.026442307692307692 0.040865384615384616
0 0.20072115384615385 0.6478365384615384 0.03125 0.040865384615384616
0 0.546875 0.6177884615384616 0.028846153846153848 0.04567307692307692
0 0.4411057692307692 0.6334134615384616 0.03365384615384615 0.052884615384615384
0 0.8557692307692307 0.018028846153846152 0.016826923076923076 0.02403846153846154
0 0.53125 0.057692307692307696 0.019230769230769232 0.019230769230769232
0 0.47475961538461536 0.640625 0.03365384615384615 0.052884615384615384
0 0.3076923076923077 0.6754807692307693 0.03125 0.040865384615384616
0 0.7067307692307693 0.036057692307692304 0.026442307692307692 0.026442307692307692
0 0.6610576923076923 0.04447115384615385 0.021634615384615384 0.02403846153846154
0 0.22235576923076922 0.10096153846153846 0.016826923076923076 0.019230769230769232
0 0.5504807692307693 0.7007211538461539 0.03365384615384615 0.04567307692307692
0 0.8425480769230769 0.026442307692307692 0.016826923076923076 0.016826923076923076
0 0.8894230769230769 0.021634615384615384 0.016826923076923076 0.016826923076923076
0 0.05048076923076923 0.7716346153846154 0.03365384615384615 0.05048076923076923
0 0.09615384615384616 0.7668269230769231 0.038461538461538464 0.057692307692307696
0 0.18269230769230768 0.11057692307692307 0.016826923076923076 0.016826923076923076
0 0.16105769230769232 0.7788461538461539 0.03365384615384615 0.04567307692307692
0 0.21754807692307693 0.040865384615384616 0.01201923076923077 0.014423076923076924
0 0.08774038461538461 0.8305288461538461 0.03365384615384615 0.05048076923076923
0 0.25600961538461536 0.8353365384615384 0.038461538461538464 0.052884615384615384
0 0.6766826923076923 0.055288461538461536 0.01201923076923077 0.028846153846153848
0 0.5757211538461539 0.07091346153846154 0.016826923076923076 0.02403846153846154
0 0.1971153846153846 0.8641826923076923 0.03365384615384615 0.05048076923076923
0 0.3161057692307692 0.8822115384615384 0.04326923076923077 0.04567307692307692
0 0.49399038461538464 0.8689903846153846 0.04807692307692308 0.06009615384615385
0 0.27884615384615385 0.11177884615384616 0.016826923076923076 0.016826923076923076
0 0.5853365384615384 0.07451923076923077 0.016826923076923076 0.019230769230769232
0 0.7079326923076923 0.8641826923076923 0.04326923076923077 0.055288461538461536
0 0.3233173076923077 0.11057692307692307 0.01201923076923077 0.019230769230769232
0 0.9146634615384616 0.040865384615384616 0.01201923076923077 0.014423076923076924
0 0.46033653846153844 0.09735576923076923 0.016826923076923076 0.02403846153846154
0 0.3269230769230769 0.9795673076923077 0.038461538461538464 0.040865384615384616
0 0.4110576923076923 0.9783653846153846 0.038461538461538464 0.04326923076923077
0 0.3125 0.11778846153846154 0.01201923076923077 0.02403846153846154
0 0.7788461538461539 0.06009615384615385 0.016826923076923076 0.02403846153846154
0 0.7584134615384616 0.0625 0.016826923076923076 0.019230769230769232
0 0.5360576923076923 0.09014423076923077 0.016826923076923076 0.02403846153846154
0 0.9350961538461539 0.04326923076923077 0.01201923076923077 0.019230769230769232
0 0.5180288461538461 0.09735576923076923 0.021634615384615384 0.02403846153846154
0 0.12379807692307693 0.14783653846153846 0.01201923076923077 0.014423076923076924
0 0.38341346153846156 0.11899038461538461 0.016826923076923076 0.02403846153846154
0 0.4050480769230769 0.11899038461538461 0.01201923076923077 0.019230769230769232
0 0.3161057692307692 0.03125 0.016826923076923076 0.016826923076923076
0 0.6850961538461539 0.08774038461538461 0.021634615384615384 0.02403846153846154
0 0.4855769230769231 0.11177884615384616 0.01201923076923077 0.02403846153846154
0 0.7163461538461539 0.09134615384615384 0.016826923076923076 0.02403846153846154
0 0.9170673076923077 0.07572115384615384 0.01201923076923077 0.014423076923076924
0 0.9447115384615384 0.07451923076923077 0.016826923076923076 0.016826923076923076
0 0.18629807692307693 0.16826923076923078 0.016826923076923076 0.019230769230769232
0 0.16826923076923078 0.17067307692307693 0.016826923076923076 0.02403846153846154
0 0.7283653846153846 0.10336538461538461 0.016826923076923076 0.019230769230769232
0 0.14783653846153846 0.17548076923076922 0.016826923076923076 0.02403846153846154
0 0.29447115384615385 0.15985576923076922 0.016826923076923076 0.016826923076923076
0 0.21033653846153846 0.16947115384615385 0.016826923076923076 0.019230769230769232
0 0.09014423076923077 0.18509615384615385 0.016826923076923076 0.019230769230769232
0 0.25600961538461536 0.17067307692307693 0.021634615384615384 0.028846153846153848
0 0.11899038461538461 0.18990384615384615 0.016826923076923076 0.019230769230769232
0 0.13822115384615385 0.19230769230769232 0.016826923076923076 0.02403846153846154
0 0.859375 0.10336538461538461 0.016826923076923076 0.019230769230769232
0 0.8822115384615384 0.10096153846153846 0.016826923076923076 0.019230769230769232
0 0.18870192307692307 0.18870192307692307 0.016826923076923076 0.02403846153846154
0 0.40024038461538464 0.16466346153846154 0.016826923076923076 0.019230769230769232
0 0.2764423076923077 0.18028846153846154 0.016826923076923076 0.02403846153846154
0 0.06610576923076923 0.20793269230769232 0.019230769230769232 0.019230769230769232
0 0.014423076923076924 0.21634615384615385 0.021634615384615384 0.02403846153846154
0 0.5408653846153846 0.15504807692307693 0.016826923076923076 0.028846153846153848
0 0.6983173076923077 0.140625 0.016826923076923076 0.019230769230769232
0 0.1141826923076923 0.21153846153846154 0.019230769230769232 0.019230769230769232
0 0.6778846153846154 0.14302884615384615 0.016826923076923076 0.028846153846153848
0 0.5144230769230769 0.1622596153846154 0.016826923076923076 0.019230769230769232
0 0.2091346153846154 0.20072115384615385 0.016826923076923076 0.019230769230769232
0 0.3016826923076923 0.038461538461538464 0.01201923076923077 0.014423076923076924
0 0.11538461538461539 0.06129807692307692 0.009615384615384616 0.009615384615384616
0 0.22355769230769232 0.20072115384615385 0.016826923076923076 0.02403846153846154
0 0.039663461538461536 0.22355769230769232 0.016826923076923076 0.02403846153846154
0 0.07451923076923077 0.22956730769230768 0.016826923076923076 0.02403846153846154
0 0.25 0.21394230769230768 0.01201923076923077 0.019230769230769232