0 0.953125 0.009615384615384616 0.016826923076923076 0.019230769230769232
0 0.8185096153846154 0.2848557692307692 0.016826923076923076 0.02403846153846154
0 0.8605769230769231 0.2824519230769231 0.019230769230769232 0.028846153846153848
0 0.9302884615384616 0.2776442307692308 0.019230769230769232 0.028846153846153848
0 0.6694711538461539 0.2980769230769231 0.019230769230769232 0.028846153846153848
0 0.19110576923076922 0.33653846153846156 0.019230769230769232 0.02403846153846154
0 0.6394230769230769 0.3076923076923077 0.019230769230769232 0.028846153846153848
0 0.3076923076923077 0.34134615384615385 0.019230769230769232 0.03365384615384615
0 0.16105769230769232 0.3557692307692308 0.019230769230769232 0.028846153846153848
0 0.5901442307692307 0.33052884615384615 0.019230769230769232 0.028846153846153848
0 0.27163461538461536 0.35336538461538464 0.02403846153846154 0.028846153846153848
0 0.12379807692307693 0.36658653846153844 0.019230769230769232 0.02403846153846154
0 0.7139423076923077 0.3317307692307692 0.019230769230769232 0.02403846153846154
0 0.05048076923076923 0.3786057692307692 0.019230769230769232 0.02403846153846154
0 0.7668269230769231 0.33052884615384615 0.019230769230769232 0.028846153846153848
0 0.6418269230769231 0.3389423076923077 0.02403846153846154 0.03365384615384615
0 0.9459134615384616 0.31850961538461536 0.019230769230769232 0.03365384615384615
0 0.8569711538461539 0.3245192307692308 0.019230769230769232 0.028846153846153848
0 0.10817307692307693 0.3762019230769231 0.019230769230769232 0.028846153846153848
0 0.8016826923076923 0.328125 0.02403846153846154 0.028846153846153848
0 0.09014423076923077 0.3786057692307692 0.019230769230769232 0.028846153846153848
0 0.9146634615384616 0.3233173076923077 0.02403846153846154 0.028846153846153848
0 0.5396634615384616 0.3485576923076923 0.019230769230769232 0.02403846153846154
0 0.4855769230769231 0.3605769230769231 0.02403846153846154 0.028846153846153848
0 0.02403846153846154 0.3954326923076923 0.019230769230769232 0.028846153846153848
0 0.3425480769230769 0.3762019230769231 0.019230769230769232 0.02403846153846154
0 0.5048076923076923 0.36658653846153844 0.019230769230769232 0.02403846153846154
0 0.7475961538461539 0.359375 0.02403846153846154 0.02403846153846154
0 0.59375 0.37740384615384615 0.019230769230769232 0.02403846153846154
0 0.6538461538461539 0.3737980769230769 0.019230769230769232 0.02403846153846154
0 0.05889423076923077 0.4254807692307692 0.02403846153846154 0.02403846153846154
0 0.1658653846153846 0.4182692307692308 0.019230769230769232 0.028846153846153848
0 0.6802884615384616 0.38221153846153844 0.019230769230769232 0.028846153846153848
0 0.7199519230769231 0.38461538461538464 0.02403846153846154 0.03365384615384615
0 0.2091346153846154 0.4206730769230769 0.019230769230769232 0.028846153846153848
0 0.0985576923076923 0.43028846153846156 0.019230769230769232 0.028846153846153848
0 0.07932692307692307 0.43149038461538464 0.016826923076923076 0.02403846153846154
0 0.7896634615384616 0.38461538461538464 0.02403846153846154 0.028846153846153848
0 0.9447115384615384 0.3762019230769231 0.019230769230769232 0.028846153846153848
0 0.5697115384615384 0.4026442307692308 0.019230769230769232 0.028846153846153848
0 0.13822115384615385 0.43990384615384615 0.02403846153846154 0.03365384615384615
0 0.84375 0.3954326923076923 0.02403846153846154 0.02403846153846154
0 0.8966346153846154 0.3942307692307692 0.02403846153846154 0.03365384615384615
0 0.7055288461538461 0.03125 0.019230769230769232 0.028846153846153848
0 0.6310096153846154 0.039663461538461536 0.019230769230769232 0.02403846153846154
0 0.15264423076923078 0.07572115384615384 0.02403846153846154 0.02403846153846154
0 0.12259615384615384 0.08052884615384616 0.019230769230769232 0.028846153846153848
0 0.030048076923076924 0.0889423076923077 0.019230769230769232 0.02403846153846154
0 0.7788461538461539 0.037259615384615384 0.02403846153846154 0.03365384615384615
0 0.6514423076923077 0.04567307692307692 0.019230769230769232 0.03365384615384615
0 0.06490384615384616 0.09134615384615384 0.02403846153846154 0.02403846153846154
0 0.24759615384615385 0.07932692307692307 0.02403846153846154 0.028846153846153848
0 0.28966346153846156 0.078125 0.019230769230769232 0.028846153846153848
0 0.671875 0.051682692307692304 0.02403846153846154 0.028846153846153848
0 0.5805288461538461 0.06009615384615385 0.019230769230769232 0.028846153846153848
0 0.38461538461538464 0.07451923076923077 0.019230769230769232 0.02403846153846154
0 0.3401442307692308 0.07692307692307693 0.019230769230769232 0.028846153846153848
0 0.203125 0.0889423076923077 0.019230769230769232 0.02403846153846154
0 0.44711538461538464 0.07211538461538461 0.019230769230769232 0.028846153846153848
0 0.8016826923076923 0.04807692307692308 0.02403846153846154 0.028846153846153848
0 0.04807692307692308 0.09975961538461539 0.02403846153846154 0.028846153846153848
0 0.8810096153846154 0.042067307692307696 0.02403846153846154 0.028846153846153848
0 0.6947115384615384 0.057692307692307696 0.019230769230769232 0.03365384615384615
0 0.14903846153846154 0.09615384615384616 0.019230769230769232 0.02403846153846154
0 0.8425480769230769 0.051682692307692304 0.019230769230769232 0.02403846153846154
0 0.6237980769230769 0.7764423076923077 0.016826923076923076 0.019230769230769232
0 0.35096153846153844 0.8028846153846154 0.019230769230769232 0.028846153846153848
0 0.5360576923076923 0.07692307692307693 0.019230769230769232 0.03365384615384615
0 0.39663461538461536 0.8161057692307693 0.02403846153846154 0.03365384615384615
0 0.1658653846153846 0.8317307692307693 0.019230769230769232 0.02403846153846154
0 0.4182692307692308 0.8257211538461539 0.019230769230769232 0.03365384615384615
0 0.515625 0.8197115384615384 0.019230769230769232 0.02403846153846154
0 0.46033653846153844 0.8257211538461539 0.026442307692307692 0.038461538461538464
0 0.08173076923076923 0.11177884615384616 0.019230769230769232 0.02403846153846154
0 0.6201923076923077 0.8197115384615384 0.019230769230769232 0.03365384615384615
0 0.25600961538461536 0.8533653846153846 0.019230769230769232 0.028846153846153848
0 0.5793269230769231 0.8377403846153846 0.019230769230769232 0.02403846153846154
0 0.18028846153846154 0.8677884615384616 0.02403846153846154 0.028846153846153848
0 0.5685096153846154 0.84375 0.016826923076923076 0.028846153846153848
0 0.7019230769230769 0.84375 0.019230769230769232 0.028846153846153848
0 0.7536057692307693 0.8425480769230769 0.019230769230769232 0.03365384615384615
0 0.3004807692307692 0.8737980769230769 0.019230769230769232 0.02403846153846154
0 0.07692307692307693 0.890625 0.019230769230769232 0.028846153846153848
0 0.12139423076923077 0.8882211538461539 0.02403846153846154 0.028846153846153848
0 0.7836538461538461 0.8413461538461539 0.02403846153846154 0.03365384615384615
0 0.34975961538461536 0.8713942307692307 0.02403846153846154 0.03365384615384615
0 0.6754807692307693 0.8497596153846154 0.019230769230769232 0.028846153846153848
0 0.9735576923076923 0.8305288461538461 0.02403846153846154 0.03365384615384615
0 0.19831730769230768 0.8846153846153846 0.02403846153846154 0.028846153846153848
0 0.7175480769230769 0.8485576923076923 0.02403846153846154 0.03365384615384615
0 0.38461538461538464 0.8737980769230769 0.02403846153846154 0.03365384615384615
0 0.234375 0.8870192307692307 0.02403846153846154 0.03365384615384615
0 0.49399038461538464 0.8713942307692307 0.026442307692307692 0.038461538461538464
0 0.057692307692307696 0.9098557692307693 0.028846153846153848 0.02403846153846154
0 0.45913461538461536 0.8834134615384616 0.02403846153846154 0.03365384615384615
0 0.8245192307692307 0.8605769230769231 0.019230769230769232 0.028846153846153848
0 0.6862980769230769 0.8701923076923077 0.02403846153846154 0.03365384615384615
0 0.30528846153846156 0.8990384615384616 0.02403846153846154 0.028846153846153848
0 0.8665865384615384 0.859375 0.019230769230769232 0.028846153846153848
0 0.3173076923076923 0.10216346153846154 0.016826923076923076 0.02403846153846154
0 0.9879807692307693 0.8581730769230769 0.02403846153846154 0.03365384615384615
0 0.20552884615384615 0.9146634615384616 0.021634615384615384 0.038461538461538464
0 0.24759615384615385 0.9110576923076923 0.019230769230769232 0.028846153846153848
0 0.8088942307692307 0.875 0.02403846153846154 0.03365384615384615
0 0.5973557692307693 0.8894230769230769 0.019230769230769232 0.028846153846153848
0 0.3581730769230769 0.90625 0.02403846153846154 0.03365384615384615
0 0.6502403846153846 0.890625 0.019230769230769232 0.028846153846153848
0 0.10336538461538461 0.9290865384615384 0.019230769230769232 0.028846153846153848
0 0.4230769230769231 0.90625 0.02403846153846154 0.03365384615384615
0 0.3161057692307692 0.9194711538461539 0.019230769230769232 0.028846153846153848
0 0.8822115384615384 0.8918269230769231 0.019230769230769232 0.028846153846153848
0 0.7692307692307693 0.9014423076923077 0.019230769230769232 0.028846153846153848
0 0.5817307692307693 0.9170673076923077 0.019230769230769232 0.03365384615384615
0 0.6189903846153846 0.9146634615384616 0.019230769230769232 0.028846153846153848
0 0.22235576923076922 0.9423076923076923 0.019230769230769232 0.028846153846153848
0 0.515625 0.9230769230769231 0.02403846153846154 0.028846153846153848
0 0.8137019230769231 0.9026442307692307 0.02403846153846154 0.03365384615384615
0 0.4795673076923077 0.9254807692307693 0.026442307692307692 0.038461538461538464
0 0.6959134615384616 0.9098557692307693 0.019230769230769232 0.028846153846153848
0 0.8605769230769231 0.06610576923076923 0.019230769230769232 0.028846153846153848
0 0.8365384615384616 0.9002403846153846 0.019230769230769232 0.028846153846153848
0 0.2620192307692308 0.9411057692307693 0.019230769230769232 0.019230769230769232
0 0.7235576923076923 0.9110576923076923 0.016826923076923076 0.028846153846153848
0 0.39783653846153844 0.9338942307692307 0.019230769230769232 0.028846153846153848
0 0.17668269230769232 0.9519230769230769 0.019230769230769232 0.028846153846153848
0 0.43990384615384615 0.9326923076923077 0.026442307692307692 0.038461538461538464
0 0.33533653846153844 0.9399038461538461 0.02403846153846154 0.03365384615384615
0 0.11177884615384616 0.9579326923076923 0.016826923076923076 0.03365384615384615
0 0.3629807692307692 0.9435096153846154 0.02403846153846154 0.03365384615384615
0 0.9002403846153846 0.9086538461538461 0.019230769230769232 0.028846153846153848
0 0.5456730769230769 0.9375 0.019230769230769232 0.028846153846153848
0 0.07451923076923077 0.9735576923076923 0.019230769230769232 0.02403846153846154
0 0.1346153846153846 0.9735576923076923 0.02403846153846154 0.028846153846153848
0 0.23197115384615385 0.9723557692307693 0.019230769230769232 0.03365384615384615
0 0.84375 0.9290865384615384 0.019230769230769232 0.028846153846153848
0 0.7740384615384616 0.9375 0.019230769230769232 0.028846153846153848
0 0.49278846153846156 0.9567307692307693 0.019230769230769232 0.028846153846153848
0 0.43990384615384615 0.9603365384615384 0.019230769230769232 0.028846153846153848
0 0.7439903846153846 0.9399038461538461 0.019230769230769232 0.03365384615384615
0 0.5252403846153846 0.9567307692307693 0.02403846153846154 0.028846153846153848
0 0.6009615384615384 0.9519230769230769 0.019230769230769232 0.03365384615384615
0 0.2704326923076923 0.9747596153846154 0.026442307692307692 0.038461538461538464
0 0.19230769230769232 0.9807692307692307 0.019230769230769232 0.028846153846153848
0 0.4170673076923077 0.9699519230769231 0.02403846153846154 0.028846153846153848
0 0.07091346153846154 0.9867788461538461 0.03125 0.026442307692307692
0 0.8834134615384616 0.9375 0.019230769230769232 0.03365384615384615
0 0.375 0.9723557692307693 0.019230769230769232 0.028846153846153848
0 0.8137019230769231 0.9447115384615384 0.019230769230769232 0.028846153846153848
0 0.6875 0.953125 0.019230769230769232 0.03365384615384615
0 0.5552884615384616 0.9627403846153846 0.016826923076923076 0.02403846153846154
0 0.17067307692307693 0.9867788461538461 0.019230769230769232 0.026442307692307692
0 0.6346153846153846 0.9663461538461539 0.016826923076923076 0.028846153846153848
0 0.4987980769230769 0.9855769230769231 0.019230769230769232 0.02403846153846154
0 0.7151442307692307 0.96875 0.019230769230769232 0.03365384615384615
0 0.5757211538461539 0.9819711538461539 0.019230769230769232 0.019230769230769232
0 0.34615384615384615 0.9915865384615384 0.019230769230769232 0.016826923076923076
0 0.6081730769230769 0.9795673076923077 0.019230769230769232 0.019230769230769232
0 0.7536057692307693 0.96875 0.02403846153846154 0.019230769230769232
0 0.7908653846153846 0.9663461538461539 0.02403846153846154 0.019230769230769232
0 0.8305288461538461 0.9663461538461539 0.028846153846153848 0.016826923076923076
0 0.6382211538461539 0.9795673076923077 0.02403846153846154 0.016826923076923076
0 0.5336538461538461 0.9891826923076923 0.019230769230769232 0.019230769230769232
0 0.11298076923076923 0.12620192307692307 0.019230769230769232 0.028846153846153848
0 0.4206730769230769 0.9963942307692307 0.014423076923076924 0.007211538461538462
0 0.06850961538461539 0.12860576923076922 0.019230769230769232 0.02403846153846154
0 0.609375 0.09375 0.019230769230769232 0.028846153846153848
0 0.8317307692307693 0.078125 0.019230769230769232 0.028846153846153848
0 0.010817307692307692 0.13822115384615385 0.019230769230769232 0.028846153846153848
0 0.021634615384615384 0.13701923076923078 0.02403846153846154 0.03365384615384615
0 0.7103365384615384 0.0889423076923077 0.019230769230769232 0.02403846153846154
0 0.6201923076923077 0.09735576923076923 0.02403846153846154 0.03365384615384615
0 0.49278846153846156 0.10697115384615384 0.019230769230769232 0.02403846153846154
0 0.20793269230769232 0.12980769230769232 0.019230769230769232 0.028846153846153848
0 0.9459134615384616 0.078125 0.019230769230769232 0.02403846153846154
0 0.2932692307692308 0.12620192307692307 0.02403846153846154 0.028846153846153848
0 0.25841346153846156 0.12860576923076922 0.019230769230769232 0.028846153846153848
0 0.3605769230769231 0.12139423076923077 0.019230769230769232 0.02403846153846154
0 0.4338942307692308 0.11899038461538461 0.019230769230769232 0.028846153846153848
0 0.7451923076923077 0.09735576923076923 0.019230769230769232 0.02403846153846154
0 0.6778846153846154 0.10216346153846154 0.019230769230769232 0.028846153846153848
0 0.39663461538461536 0.12139423076923077 0.019230769230769232 0.02403846153846154
0 0.328125 0.1310096153846154 0.019230769230769232 0.02403846153846154
0 0.8978365384615384 0.09615384615384616 0.019230769230769232 0.02403846153846154
0 0.8161057692307693 0.11177884615384616 0.019230769230769232 0.028846153846153848
0 0.6454326923076923 0.12379807692307693 0.019230769230769232 0.02403846153846154
0 0.5973557692307693 0.12740384615384615 0.019230769230769232 0.019230769230769232
0 0.7019230769230769 0.13341346153846154 0.019230769230769232 0.028846153846153848
0 0.7668269230769231 0.12860576923076922 0.019230769230769232 0.02403846153846154
0 0.9074519230769231 0.12139423076923077 0.02403846153846154 0.028846153846153848
0 0.7524038461538461 0.1346153846153846 0.016826923076923076 0.019230769230769232
0 0.7572115384615384 0.004807692307692308 0.019230769230769232 0.009615384615384616
0 0.9651442307692307 0.12379807692307693 0.021634615384615384 0.04326923076923077
0 0.20432692307692307 0.1778846153846154 0.019230769230769232 0.03365384615384615
0 0.4110576923076923 0.16466346153846154 0.02403846153846154 0.028846153846153848
0 0.33774038461538464 0.17067307692307693 0.019230769230769232 0.02403846153846154
0 0.6430288461538461 0.14903846153846154 0.019230769230769232 0.02403846153846154
0 0.23197115384615385 0.18028846153846154 0.02403846153846154 0.03365384615384615
0 0.4387019230769231 0.1658653846153846 0.02403846153846154 0.03365384615384615
0 0.5012019230769231 0.16105769230769232 0.021634615384615384 0.038461538461538464
0 0.5456730769230769 0.15865384615384615 0.019230769230769232 0.03365384615384615
0 0.3798076923076923 0.16947115384615385 0.02403846153846154 0.028846153846153848
0 0.4831730769230769 0.1622596153846154 0.028846153846153848 0.03365384615384615
0 0.27163461538461536 0.1778846153846154 0.02403846153846154 0.028846153846153848
0 0.8978365384615384 0.13581730769230768 0.019230769230769232 0.02403846153846154
0 0.29927884615384615 0.18269230769230768 0.019230769230769232 0.028846153846153848
0 0.8004807692307693 0.15144230769230768 0.019230769230769232 0.028846153846153848
0 0.5925480769230769 0.17067307692307693 0.019230769230769232 0.028846153846153848
0 0.5805288461538461 0.17908653846153846 0.016826923076923076 0.019230769230769232
0 0.8112980769230769 0.17668269230769232 0.019230769230769232 0.03365384615384615
0 0.9206730769230769 0.16947115384615385 0.02403846153846154 0.03365384615384615
0 0.31009615384615385 0.21394230769230768 0.019230769230769232 0.03365384615384615
0 0.6586538461538461 0.18990384615384615 0.019230769230769232 0.02403846153846154
0 0.24158653846153846 0.21995192307692307 0.02403846153846154 0.028846153846153848
0 0.3449519230769231 0.2127403846153846 0.02403846153846154 0.028846153846153848
0 0.9639423076923077 0.16947115384615385 0.019230769230769232 0.028846153846153848
0 0.6045673076923077 0.1971153846153846 0.02403846153846154 0.028846153846153848
0 0.013221153846153846 0.23918269230769232 0.019230769230769232 0.03365384615384615
0 0.07091346153846154 0.234375 0.02403846153846154 0.03365384615384615
0 0.5372596153846154 0.20432692307692307 0.019230769230769232 0.03365384615384615
0 0.036057692307692304 0.23918269230769232 0.019230769230769232 0.028846153846153848
0 0.8305288461538461 0.18389423076923078 0.016826923076923076 0.019230769230769232
0 0.49399038461538464 0.20793269230769232 0.019230769230769232 0.03365384615384615
0 0.3798076923076923 0.21754807692307693 0.019230769230769232 0.019230769230769232
0 0.6995192307692307 0.19831730769230768 0.019230769230769232 0.028846153846153848
0 0.8774038461538461 0.1875 0.02403846153846154 0.028846153846153848
0 0.21514423076923078 0.234375 0.019230769230769232 0.028846153846153848
0 0.5673076923076923 0.2091346153846154 0.019230769230769232 0.03365384615384615
0 0.625 0.20552884615384615 0.028846153846153848 0.03365384615384615
0 0.12259615384615384 0.24759615384615385 0.019230769230769232 0.028846153846153848
0 0.40625 0.23317307692307693 0.019230769230769232 0.028846153846153848
0 0.2668269230769231 0.25600961538461536 0.019230769230769232 0.019230769230769232
0 0.08052884615384616 0.27884615384615385 0.019230769230769232 0.02403846153846154
0 0.5036057692307693 0.2512019230769231 0.019230769230769232 0.03365384615384615
0 0.8449519230769231 0.22716346153846154 0.019230769230769232 0.028846153846153848
0 0.8846153846153846 0.22716346153846154 0.02403846153846154 0.02403846153846154
0 0.1141826923076923 0.28125 0.02403846153846154 0.03365384615384615
0 0.014423076923076924 0.29086538461538464 0.026442307692307692 0.038461538461538464
0 0.17908653846153846 0.28365384615384615 0.02403846153846154 0.02403846153846154
0 0.7487980769230769 0.2439903846153846 0.02403846153846154 0.028846153846153848
0 0.5805288461538461 0.2620192307692308 0.019230769230769232 0.028846153846153848
0 0.3641826923076923 0.2764423076923077 0.019230769230769232 0.028846153846153848
0 0.27403846153846156 0.2860576923076923 0.019230769230769232 0.02403846153846154
0 0.3245192307692308 0.2824519230769231 0.019230769230769232 0.02403846153846154
0 0.7139423076923077 0.2692307692307692 0.019230769230769232 0.02403846153846154
0 0.7439903846153846 0.27163461538461536 0.019230769230769232 0.03365384615384615
0 0.34615384615384615 0.3004807692307692 0.02403846153846154 0.02403846153846154
0 0.5384615384615384 0.28846153846153844 0.019230769230769232 0.03365384615384615
0 0.22115384615384615 0.3112980769230769 0.02403846153846154 0.028846153846153848
0 0.0673076923076923 0.32211538461538464 0.02403846153846154 0.02403846153846154
0 0.28846153846153844 0.3088942307692308 0.019230769230769232 0.02403846153846154
0 0.46033653846153844 0.29927884615384615 0.02403846153846154 0.02403846153846154
0 0.13942307692307693 0.32211538461538464 0.019230769230769232 0.02403846153846154
0 0.5685096153846154 0.2932692307692308 0.02403846153846154 0.028846153846153848
0 0.10697115384615384 0.3245192307692308 0.019230769230769232 0.02403846153846154
0 0.8978365384615384 0.27163461538461536 0.019230769230769232 0.028846153846153848