0 0.057692307692307696 0.3449519230769231 0.02283653846153846 0.018028846153846152
0 0.140625 0.34975961538461536 0.018028846153846152 0.03245192307692308
0 0.025240384615384616 0.34975961538461536 0.03245192307692308 0.03245192307692308
0 0.01201923076923077 0.3545673076923077 0.02283653846153846 0.055288461538461536
0 0.296875 0.359375 0.018028846153846152 0.02283653846153846
0 0.2403846153846154 0.3629807692307692 0.027644230769230768 0.03245192307692308
0 0.057692307692307696 0.3629807692307692 0.02283653846153846 0.027644230769230768
0 0.09495192307692307 0.36778846153846156 0.03245192307692308 0.055288461538461536
0 0.265625 0.3701923076923077 0.02283653846153846 0.02283653846153846
0 0.1201923076923077 0.37259615384615385 0.03245192307692308 0.055288461538461536
0 0.31009615384615385 0.375 0.02283653846153846 0.037259615384615384
0 0.1622596153846154 0.3798076923076923 0.018028846153846152 0.027644230769230768
0 0.21754807692307693 0.3798076923076923 0.018028846153846152 0.02283653846153846
0 0.4375 0.3798076923076923 0.046875 0.046875
0 0.5805288461538461 0.38221153846153844 0.02283653846153846 0.03245192307692308
0 0.19230769230769232 0.38461538461538464 0.014423076923076924 0.037259615384615384
0 0.40024038461538464 0.3870192307692308 0.037259615384615384 0.02283653846153846
0 0.17307692307692307 0.3894230769230769 0.014423076923076924 0.03245192307692308
0 0.5276442307692307 0.3894230769230769 0.027644230769230768 0.037259615384615384
0 0.6550480769230769 0.3894230769230769 0.03245192307692308 0.02283653846153846
0 0.4855769230769231 0.390625 0.027644230769230768 0.03245192307692308
0 0.7872596153846154 0.390625 0.018028846153846152 0.027644230769230768
0 0.46033653846153844 0.39302884615384615 0.027644230769230768 0.037259615384615384
0 0.609375 0.3954326923076923 0.037259615384615384 0.037259615384615384
0 0.2776442307692308 0.3954326923076923 0.018028846153846152 0.037259615384615384
0 0.7199519230769231 0.3954326923076923 0.02283653846153846 0.037259615384615384
0 0.7572115384615384 0.3954326923076923 0.014423076923076924 0.02283653846153846
0 0.03485576923076923 0.39783653846153844 0.046875 0.07451923076923077
0 0.22956730769230768 0.40024038461538464 0.03245192307692308 0.05048076923076923
0 0.8100961538461539 0.4026442307692308 0.018028846153846152 0.02283653846153846
0 0.8401442307692307 0.4026442307692308 0.018028846153846152 0.02283653846153846
0 0.7704326923076923 0.4026442307692308 0.018028846153846152 0.018028846153846152
0 0.328125 0.4050480769230769 0.037259615384615384 0.06490384615384616
0 0.9603365384615384 0.4050480769230769 0.03245192307692308 0.05048076923076923
0 0.140625 0.41225961538461536 0.027644230769230768 0.05048076923076923
0 0.890625 0.41466346153846156 0.018028846153846152 0.03245192307692308
0 0.16947115384615385 0.41466346153846156 0.03245192307692308 0.046875
0 0.5721153846153846 0.4170673076923077 0.027644230769230768 0.037259615384615384
0 0.7127403846153846 0.4170673076923077 0.037259615384615384 0.05048076923076923
0 0.9831730769230769 0.41947115384615385 0.03365384615384615 0.06009615384615385
0 0.6201923076923077 0.41947115384615385 0.046875 0.046875
0 0.7427884615384616 0.421875 0.02283653846153846 0.037259615384615384
0 0.4579326923076923 0.421875 0.037259615384615384 0.05048076923076923
0 0.1971153846153846 0.4230769230769231 0.03245192307692308 0.037259615384615384
0 0.265625 0.4254807692307692 0.02283653846153846 0.03245192307692308
0 0.8798076923076923 0.4254807692307692 0.02283653846153846 0.03245192307692308
0 0.9495192307692307 0.42788461538461536 0.02283653846153846 0.042067307692307696
0 0.7980769230769231 0.42788461538461536 0.03245192307692308 0.046875
0 0.9146634615384616 0.4326923076923077 0.018028846153846152 0.02283653846153846
0 0.3894230769230769 0.4326923076923077 0.037259615384615384 0.055288461538461536
0 0.8329326923076923 0.43509615384615385 0.03245192307692308 0.037259615384615384
0 0.6574519230769231 0.43509615384615385 0.037259615384615384 0.055288461538461536
0 0.109375 0.43990384615384615 0.03245192307692308 0.05048076923076923
0 0.6899038461538461 0.4423076923076923 0.037259615384615384 0.05048076923076923
0 0.4170673076923077 0.44471153846153844 0.042067307692307696 0.07451923076923077
0 0.8149038461538461 0.44711538461538464 0.018028846153846152 0.03245192307692308
0 0.7355769230769231 0.4519230769230769 0.03245192307692308 0.05048076923076923
0 0.8677884615384616 0.4519230769230769 0.018028846153846152 0.03245192307692308
0 0.5072115384615384 0.453125 0.06009615384615385 0.08774038461538461
0 0.765625 0.4579326923076923 0.037259615384615384 0.06009615384615385
0 0.22956730769230768 0.4651442307692308 0.055288461538461536 0.06971153846153846
0 0.9098557692307693 0.4651442307692308 0.018028846153846152 0.03245192307692308
0 0.17307692307692307 0.4699519230769231 0.037259615384615384 0.06490384615384616
0 0.31490384615384615 0.4699519230769231 0.06971153846153846 0.08774038461538461
0 0.5649038461538461 0.4723557692307692 0.037259615384615384 0.05048076923076923
0 0.4423076923076923 0.4855769230769231 0.07451923076923077 0.09254807692307693
0 0.0673076923076923 0.4951923076923077 0.046875 0.07451923076923077
0 0.6274038461538461 0.49759615384615385 0.055288461538461536 0.06971153846153846
0 0.1346153846153846 0.5 0.05048076923076923 0.07451923076923077
0 0.20192307692307693 0.7776442307692307 0.06971153846153846 0.08774038461538461