0 0.10859375 0.2453125 0.025 0.0390625
0 0.0328125 0.271875 0.0359375 0.059375
0 0.06640625 0.26640625 0.0296875 0.0484375
0 0.25703125 0.25703125 0.0390625 0.0546875
0 0.29296875 0.25859375 0.028125 0.0359375
0 0.325 0.25546875 0.03125 0.053125
0 0.37734375 0.24765625 0.0296875 0.0484375
0 0.0078125 0.31484375 0.015625 0.0546875
0 0.42109375 0.25234375 0.0296875 0.0484375
0 0.4640625 0.2453125 0.040625 0.059375
0 0.11328125 0.303125 0.0328125 0.040625
0 0.21796875 0.2890625 0.034375 0.0453125
0 0.190625 0.29609375 0.03125 0.0578125
0 0.52734375 0.24453125 0.0359375 0.0546875
0 0.503125 0.25625 0.0296875 0.0453125
0 0.16328125 0.309375 0.0359375 0.059375
0 0.290625 0.30390625 0.034375 0.0453125
0 0.1375 0.33046875 0.0390625 0.05
0 0.7859375 0.2484375 0.0453125 0.0875
0 0.82578125 0.24921875 0.0375 0.06875
0 0.22265625 0.34453125 0.040625 0.059375
0 0.47890625 0.30859375 0.0359375 0.0546875
0 0.8640625 0.25 0.0453125 0.0875
0 0.07734375 0.3796875 0.034375 0.0453125
0 0.11953125 0.37265625 0.0453125 0.065625
0 0.42421875 0.3296875 0.0421875 0.0734375
0 0.1453125 0.37578125 0.03125 0.053125
0 0.00859375 0.4046875 0.0171875 0.078125
0 0.2625 0.36171875 0.0515625 0.0703125
0 0.63046875 0.30625 0.071875 0.0921875
0 0.55390625 0.3203125 0.0484375 0.0796875
0 0.36015625 0.35625 0.0515625 0.04375
0 0.928125 0.27109375 0.0390625 0.0734375
0 0.68359375 0.31171875 0.046875 0.075
0 0.315625 0.371875 0.04375 0.078125
0 0.53046875 0.33984375 0.0546875 0.0984375
0 0.9515625 0.2875 0.0453125 0.0875
0 0.45546875 0.37109375 0.046875 0.075
0 0.08984375 0.440625 0.053125 0.0578125
0 0.3390625 0.40390625 0.03125 0.0578125
0 0.5046875 0.3796875 0.05625 0.1015625
0 0.75546875 0.34921875 0.0625 0.1125
0 0.16484375 0.44296875 0.046875 0.0703125
0 0.42578125 0.41640625 0.0484375 0.0796875
0 0.234375 0.45234375 0.0390625 0.078125
0 0.846875 0.3671875 0.0609375 0.071875
0 0.37734375 0.44921875 0.0625 0.08125
0 0.26328125 0.46953125 0.05625 0.0765625
0 0.0765625 0.5015625 0.065625 0.103125
0 0.62421875 0.4265625 0.065625 0.1078125
0 0.19921875 0.51015625 0.0640625 0.0953125
0 0.03828125 0.5546875 0.0765625 0.10625
0 0.93984375 0.4375 0.06875 0.1265625
0 0.31328125 0.53671875 0.0578125 0.0578125
0 0.54453125 0.5 0.065625 0.103125
0 0.18515625 0.56875 0.0890625 0.0859375
0 0.8890625 0.47109375 0.0640625 0.1
0 0.3359375 0.60078125 0.0671875 0.0859375
0 0.85 0.53125 0.071875 0.11875
0 0.45546875 0.6171875 0.084375 0.134375
0 0.56640625 0.73984375 0.1109375 0.1609375