0 0.796875 0.1971153846153846 0.03245192307692308 0.055288461538461536
0 0.8629807692307693 0.21033653846153846 0.042067307692307696 0.06971153846153846
0 0.4855769230769231 0.22235576923076922 0.046875 0.07451923076923077
0 0.6670673076923077 0.24759615384615385 0.03245192307692308 0.05048076923076923
0 0.7295673076923077 0.24759615384615385 0.037259615384615384 0.055288461538461536
0 0.9122596153846154 0.25240384615384615 0.05048076923076923 0.09254807692307693
0 0.2620192307692308 0.2548076923076923 0.02283653846153846 0.03245192307692308
0 0.6201923076923077 0.25961538461538464 0.042067307692307696 0.078125
0 0.5300480769230769 0.25961538461538464 0.03245192307692308 0.06971153846153846
0 0.6826923076923077 0.2704326923076923 0.027644230769230768 0.046875
0 0.30528846153846156 0.2704326923076923 0.037259615384615384 0.06971153846153846
0 0.23557692307692307 0.27283653846153844 0.05048076923076923 0.08774038461538461
0 0.07211538461538461 0.27524038461538464 0.07451923076923077 0.09735576923076923
0 0.4579326923076923 0.2776442307692308 0.05048076923076923 0.078125
0 0.3954326923076923 0.2920673076923077 0.078125 0.12980769230769232
0 0.15985576923076922 0.30288461538461536 0.02283653846153846 0.027644230769230768
0 0.6526442307692307 0.3076923076923077 0.046875 0.078125
0 0.7596153846153846 0.31490384615384615 0.046875 0.10216346153846154
0 0.1971153846153846 0.31971153846153844 0.042067307692307696 0.08774038461538461
0 0.578125 0.31971153846153844 0.06490384615384616 0.12980769230769232
0 0.33533653846153844 0.3269230769230769 0.03245192307692308 0.055288461538461536
0 0.8425480769230769 0.3329326923076923 0.07451923076923077 0.1201923076923077
0 0.49038461538461536 0.33533653846153844 0.07451923076923077 0.11538461538461539
0 0.7079326923076923 0.33533653846153844 0.06490384615384616 0.10697115384615384
0 0.2848557692307692 0.3545673076923077 0.06490384615384616 0.11538461538461539
0 0.03245192307692308 0.35697115384615385 0.06490384615384616 0.10697115384615384
0 0.6346153846153846 0.35697115384615385 0.05048076923076923 0.07451923076923077
0 0.9495192307692307 0.3701923076923077 0.06971153846153846 0.1201923076923077
0 0.8004807692307693 0.38221153846153844 0.046875 0.09254807692307693
0 0.13942307692307693 0.390625 0.0829326923076923 0.14783653846153846
0 0.052884615384615384 0.41225961538461536 0.07451923076923077 0.1201923076923077