0 0.990625 0.16796875 0.01875 0.1734375
0 0.74375 0.159375 0.0734375 0.1578125
0 0.13984375 0.1265625 0.071875 0.14375
0 0.25390625 0.15078125 0.08125 0.15
0 0.69453125 0.03359375 0.0578125 0.0421875
0 0.63515625 0.2515625 0.0625 0.134375
0 0.8859375 0.3109375 0.0765625 0.1484375
0 0.44453125 0.28359375 0.065625 0.125
0 0.059375 0.27578125 0.078125 0.153125
0 0.98125 0.3890625 0.0375 0.16875
0 0.3125 0.36015625 0.0640625 0.1515625
0 0.82734375 0.065625 0.0578125 0.0828125
0 0.94375 0.078125 0.084375 0.08125
0 0.7453125 0.45859375 0.0671875 0.14375
0 0.159375 0.4171875 0.08125 0.140625
0 0.54296875 0.453125 0.0609375 0.125
0 0.9109375 0.55703125 0.071875 0.14375
0 0.38984375 0.51171875 0.075 0.125
0 0.0171875 0.534375 0.034375 0.15
0 0.2328125 0.57890625 0.075 0.175
0 0.646875 0.621875 0.0609375 0.1296875
0 0.7890625 0.65078125 0.071875 0.134375
0 0.52578125 0.68125 0.0671875 0.1390625
0 0.40859375 0.06015625 0.05625 0.11875
0 0.58515625 0.0796875 0.0671875 0.14375
0 0.07265625 0.73203125 0.08125 0.1453125
0 0.88828125 0.8109375 0.071875 0.1484375
0 0.7953125 0.81796875 0.071875 0.1484375
0 0.65703125 0.825 0.06875 0.153125
0 0.375 0.821875 0.0765625 0.1484375
0 0.490625 0.90625 0.0765625 0.1484375
0 0.175 0.925 0.109375 0.096875