0 0.86796875 0.09296875 0.0140625 0.0140625
0 0.609375 0.11171875 0.015625 0.0234375
0 0.66015625 0.11484375 0.0203125 0.0234375
0 0.88984375 0.115625 0.015625 0.028125
0 0.6125 0.13515625 0.025 0.0296875
0 0.5890625 0.140625 0.0203125 0.0328125
0 0.97578125 0.12890625 0.025 0.0328125
0 0.51953125 0.14765625 0.0140625 0.01875
0 0.6890625 0.14140625 0.028125 0.0203125
0 0.55234375 0.1484375 0.015625 0.028125
0 0.94609375 0.1375 0.025 0.0328125
0 0.85546875 0.146875 0.01875 0.01875
0 0.759375 0.15703125 0.0203125 0.0328125
0 0.384375 0.17265625 0.0140625 0.01875
0 0.73828125 0.1625 0.0203125 0.028125
0 0.3953125 0.17421875 0.01875 0.01875
0 0.77265625 0.1640625 0.01875 0.01875
0 0.8265625 0.16171875 0.0203125 0.0328125
0 0.65703125 0.16796875 0.0296875 0.025
0 0.55078125 0.1734375 0.0203125 0.028125
0 0.35234375 0.18046875 0.0203125 0.028125
0 0.45859375 0.18203125 0.0203125 0.0234375
0 0.9046875 0.16640625 0.0203125 0.0375
0 0.859375 0.1703125 0.0203125 0.028125
0 0.971875 0.16640625 0.01875 0.01875
0 0.690625 0.178125 0.0296875 0.0328125
0 0.43359375 0.1875 0.025 0.025
0 0.8875 0.1734375 0.0203125 0.028125
0 0.4984375 0.1875 0.025 0.0375
0 0.2296875 0.2015625 0.0203125 0.028125
0 0.9453125 0.17890625 0.0203125 0.0234375
0 0.38828125 0.20078125 0.0296875 0.0296875
0 0.653125 0.19140625 0.025 0.0375
0 0.7734375 0.18984375 0.025 0.0328125
0 0.59609375 0.2 0.0296875 0.0328125
0 0.3625 0.2109375 0.01875 0.01875
0 0.31640625 0.2125 0.0296875 0.0375
0 0.41328125 0.21171875 0.0203125 0.0234375
0 0.93203125 0.1953125 0.0203125 0.028125
0 0.9734375 0.19453125 0.0203125 0.0328125
0 0.25625 0.21953125 0.025 0.0296875
0 0.45546875 0.21484375 0.0203125 0.028125
0 0.34140625 0.21875 0.0140625 0.0140625
0 0.2171875 0.23125 0.01875 0.01875
0 0.634375 0.21953125 0.0296875 0.0375
0 0.39609375 0.2296875 0.015625 0.028125
0 0.1203125 0.23984375 0.0296875 0.0296875
0 0.8125 0.215625 0.0296875 0.0328125
0 0.04140625 0.2421875 0.0203125 0.028125
0 0.37734375 0.2328125 0.01875 0.01875
0 0.178125 0.2421875 0.025 0.0296875
0 0.1015625 0.24765625 0.0296875 0.0328125
0 0.1546875 0.2453125 0.0296875 0.0375
0 0.57421875 0.23046875 0.0296875 0.0421875
0 0.0765625 0.2484375 0.025 0.0375
0 0.92109375 0.22109375 0.025 0.0375
0 0.76171875 0.22890625 0.015625 0.0328125
0 0.47890625 0.24140625 0.025 0.0328125
0 0.35703125 0.2453125 0.025 0.046875
0 0.77734375 0.2328125 0.0203125 0.0375
0 0.38515625 0.2515625 0.025 0.025
0 0.43125 0.25234375 0.025 0.0328125
0 0.0171875 0.26875 0.0296875 0.0296875
0 0.22734375 0.26171875 0.025 0.0296875
0 0.13984375 0.26484375 0.0140625 0.01875
0 0.11171875 0.26796875 0.025 0.0328125
0 0.6625 0.24921875 0.0375 0.0375
0 0.7046875 0.25 0.0296875 0.046875
0 0.87109375 0.2484375 0.0390625 0.0609375
0 0.0984375 0.28984375 0.0296875 0.0328125
0 0.1890625 0.28671875 0.0203125 0.0421875
0 0.165625 0.2875 0.0296875 0.0375
0 0.0546875 0.29375 0.025 0.0328125
0 0.00703125 0.2984375 0.0140625 0.046875
0 0.134375 0.29921875 0.0296875 0.0375
0 0.77421875 0.27734375 0.025 0.0421875
0 0.384375 0.29296875 0.0296875 0.0375
0 0.5578125 0.28671875 0.0328125 0.0421875
0 0.91796875 0.2765625 0.034375 0.046875
0 0.678125 0.28515625 0.0296875 0.0515625
0 0.23125 0.30546875 0.0375 0.0421875
0 0.615625 0.30390625 0.0375 0.0296875
0 0.71171875 0.31640625 0.0390625 0.05625
0 0.85234375 0.31875 0.0375 0.0328125
0 0.95703125 0.31484375 0.0390625 0.05625
0 0.66015625 0.32578125 0.025 0.0421875
0 0.3953125 0.3375 0.034375 0.046875
0 0.040625 0.34921875 0.034375 0.046875
0 0.6265625 0.33125 0.0375 0.0296875
0 0.771875 0.3265625 0.034375 0.0515625
0 0.3671875 0.34296875 0.034375 0.0515625
0 0.09453125 0.36328125 0.04375 0.075
0 0.1484375 0.36171875 0.034375 0.05625
0 0.0140625 0.37109375 0.028125 0.0609375
0 0.925 0.34140625 0.0375 0.025
0 0.57890625 0.36015625 0.0296875 0.0515625
0 0.98125 0.3578125 0.0296875 0.0515625
0 0.72421875 0.36953125 0.0328125 0.0375
0 0.85859375 0.3671875 0.04375 0.046875
0 0.68359375 0.37578125 0.0421875 0.0375
0 0.6375 0.37734375 0.034375 0.065625
0 0.76953125 0.3796875 0.0375 0.0375
0 0.1171875 0.4140625 0.0390625 0.084375
0 0.9359375 0.38515625 0.04375 0.046875
0 0.7515625 0.3984375 0.0328125 0.025
0 0.1703125 0.41875 0.0484375 0.0484375
0 0.13671875 0.42890625 0.034375 0.065625
0 0.21953125 0.428125 0.04375 0.0703125
0 0.26171875 0.42734375 0.0625 0.0859375
0 0.83046875 0.41171875 0.0484375 0.053125
0 0.6734375 0.41953125 0.025 0.0296875
0 0.58359375 0.425 0.04375 0.065625
0 0.90078125 0.41640625 0.0390625 0.0609375
0 0.025 0.446875 0.05 0.08125
0 0.31015625 0.44140625 0.0421875 0.0375
0 0.76640625 0.42578125 0.0375 0.0328125
0 0.1515625 0.459375 0.0484375 0.0484375
0 0.98359375 0.4296875 0.03125 0.0703125
0 0.71171875 0.44453125 0.0578125 0.0765625
0 0.834375 0.46015625 0.0484375 0.0765625
0 0.2953125 0.47890625 0.05625 0.04375
0 0.765625 0.46953125 0.034375 0.0515625
0 0.8046875 0.47265625 0.053125 0.0671875
0 0.6171875 0.4796875 0.0375 0.0375
0 0.13671875 0.49609375 0.05625 0.034375
0 0.96484375 0.46953125 0.053125 0.0859375
0 0.3484375 0.49140625 0.04375 0.0515625
0 0.17578125 0.49921875 0.0296875 0.0328125
0 0.6796875 0.484375 0.0296875 0.046875
0 0.8765625 0.48203125 0.0390625 0.075
0 0.21953125 0.5078125 0.04375 0.046875
0 0.06015625 0.515625 0.0578125 0.090625
0 0.5859375 0.49921875 0.04375 0.046875
0 0.29453125 0.51875 0.0375 0.0421875
0 0.09375 0.52578125 0.034375 0.0890625
0 0.38046875 0.52265625 0.0375 0.0421875
0 0.70234375 0.51640625 0.04375 0.065625
0 0.01484375 0.540625 0.0296875 0.05625
0 0.5796875 0.525 0.0296875 0.0328125
0 0.91484375 0.515625 0.05 0.0984375
0 0.82265625 0.52109375 0.075 0.04375
0 0.14296875 0.55625 0.04375 0.05625
0 0.40703125 0.54921875 0.053125 0.0484375
0 0.33125 0.559375 0.053125 0.0625
0 0.25703125 0.5640625 0.04375 0.075
0 0.2015625 0.5796875 0.0578125 0.0765625
0 0.7296875 0.5828125 0.0625 0.0859375
0 0.459375 0.5921875 0.0484375 0.0578125
0 0.646875 0.58984375 0.053125 0.090625
0 0.60703125 0.59296875 0.0390625 0.0890625
0 0.96328125 0.58046875 0.0734375 0.1140625
0 0.34140625 0.60234375 0.0609375 0.0296875
0 0.80390625 0.58828125 0.04375 0.065625
0 0.87578125 0.590625 0.04375 0.0609375
0 0.17265625 0.6203125 0.0375 0.0421875
0 0.03671875 0.63203125 0.059375 0.1078125
0 0.51640625 0.62421875 0.0421875 0.0375
0 0.08359375 0.64921875 0.034375 0.084375
0 0.5484375 0.6375 0.0390625 0.046875
0 0.11875 0.65703125 0.0734375 0.11875
0 0.3296875 0.6546875 0.053125 0.0484375
0 0.74375 0.646875 0.0515625 0.04375
0 0.28984375 0.66484375 0.071875 0.053125
0 0.39453125 0.6609375 0.0625 0.08125
0 0.7 0.65234375 0.04375 0.05625
0 0.46875 0.6609375 0.0625 0.0765625
0 0.20546875 0.6859375 0.0671875 0.090625
0 0.81875 0.671875 0.0640625 0.1078125
0 0.77265625 0.6734375 0.0484375 0.071875
0 0.05546875 0.70546875 0.0421875 0.0296875
0 0.58828125 0.6890625 0.053125 0.071875
0 0.178125 0.71328125 0.034375 0.075
0 0.6484375 0.7015625 0.08125 0.08125
0 0.10078125 0.73359375 0.05625 0.04375
0 0.021875 0.74140625 0.03125 0.0703125
0 0.3109375 0.7359375 0.053125 0.0765625
0 0.47734375 0.73203125 0.0390625 0.0796875
0 0.97734375 0.72109375 0.0453125 0.1171875
0 0.75859375 0.73203125 0.0546875 0.1125
0 0.42265625 0.74609375 0.0765625 0.08125
0 0.0625 0.76796875 0.071875 0.0625
0 0.71328125 0.759375 0.0875 0.1375
0 0.1328125 0.79765625 0.0765625 0.053125
0 0.628125 0.78046875 0.0625 0.0578125
0 0.80390625 0.78125 0.0828125 0.1140625
0 0.17890625 0.8078125 0.040625 0.09375
0 0.90625 0.78203125 0.0921875 0.128125
0 0.0390625 0.8171875 0.0578125 0.0671875
0 0.5203125 0.8234375 0.0875 0.109375
0 0.115625 0.83984375 0.0921875 0.1
0 0.375 0.84765625 0.1015625 0.1234375
0 0.965625 0.83515625 0.0390625 0.0890625
0 0.0828125 0.878125 0.071875 0.0859375
0 0.0390625 0.8796875 0.053125 0.0765625
0 0.19140625 0.8765625 0.04375 0.0796875
0 0.98671875 0.8484375 0.0265625 0.09375
0 0.6515625 0.8609375 0.1 0.1046875
0 0.2515625 0.87890625 0.1 0.0734375
0 0.35234375 0.89453125 0.084375 0.0390625