0 0.8341346153846154 0.09495192307692307 0.026442307692307692 0.038461538461538464
0 0.47716346153846156 0.10817307692307693 0.03125 0.04326923076923077
0 0.5360576923076923 0.11057692307692307 0.026442307692307692 0.036057692307692304
0 0.9146634615384616 0.09735576923076923 0.036057692307692304 0.04567307692307692
0 0.6177884615384616 0.109375 0.03365384615384615 0.038461538461538464
0 0.27524038461538464 0.12740384615384615 0.026442307692307692 0.036057692307692304
0 0.5685096153846154 0.11899038461538461 0.026442307692307692 0.038461538461538464
0 0.3137019230769231 0.13221153846153846 0.028846153846153848 0.04567307692307692
0 0.10697115384615384 0.14302884615384615 0.028846153846153848 0.036057692307692304
0 0.41466346153846156 0.13581730769230768 0.028846153846153848 0.04567307692307692
0 0.16826923076923078 0.15384615384615385 0.03365384615384615 0.036057692307692304
0 0.9771634615384616 0.12740384615384615 0.021634615384615384 0.04567307692307692
0 0.3401442307692308 0.16346153846153846 0.028846153846153848 0.04326923076923077
0 0.21153846153846154 0.026442307692307692 0.019230769230769232 0.03365384615384615
0 0.5625 0.18629807692307693 0.03125 0.04326923076923077
0 0.16706730769230768 0.203125 0.026442307692307692 0.04326923076923077
0 0.6442307692307693 0.19831730769230768 0.03365384615384615 0.04807692307692308
0 0.30528846153846156 0.026442307692307692 0.03125 0.040865384615384616
0 0.037259615384615384 0.23197115384615385 0.02403846153846154 0.04567307692307692
0 0.34375 0.22355769230769232 0.03125 0.040865384615384616
0 0.2800480769230769 0.23076923076923078 0.03125 0.05048076923076923
0 0.4879807692307692 0.22716346153846154 0.028846153846153848 0.04567307692307692
0 0.4206730769230769 0.22956730769230768 0.026442307692307692 0.04326923076923077
0 0.10697115384615384 0.24278846153846154 0.026442307692307692 0.036057692307692304
0 0.8605769230769231 0.21995192307692307 0.028846153846153848 0.04567307692307692
0 0.953125 0.21875 0.036057692307692304 0.04326923076923077
0 0.37259615384615385 0.027644230769230768 0.03125 0.040865384615384616
0 0.7776442307692307 0.23197115384615385 0.03365384615384615 0.04567307692307692
0 0.18028846153846154 0.25721153846153844 0.028846153846153848 0.04807692307692308
0 0.5168269230769231 0.25 0.03125 0.04807692307692308
0 0.14182692307692307 0.26802884615384615 0.028846153846153848 0.04567307692307692
0 0.8954326923076923 0.24759615384615385 0.036057692307692304 0.04567307692307692
0 0.08173076923076923 0.27884615384615385 0.026442307692307692 0.040865384615384616
0 0.02403846153846154 0.2860576923076923 0.021634615384615384 0.05048076923076923
0 0.5985576923076923 0.265625 0.021634615384615384 0.036057692307692304
0 0.8473557692307693 0.265625 0.028846153846153848 0.038461538461538464
0 0.6790865384615384 0.2860576923076923 0.021634615384615384 0.036057692307692304
0 0.2283653846153846 0.30288461538461536 0.03365384615384615 0.028846153846153848
0 0.7548076923076923 0.2920673076923077 0.028846153846153848 0.040865384615384616
0 0.828125 0.29447115384615385 0.026442307692307692 0.038461538461538464
0 0.6538461538461539 0.3016826923076923 0.028846153846153848 0.038461538461538464
0 0.3545673076923077 0.3125 0.036057692307692304 0.040865384615384616
0 0.5084134615384616 0.3125 0.026442307692307692 0.02403846153846154
0 0.7908653846153846 0.30408653846153844 0.028846153846153848 0.036057692307692304
0 0.9579326923076923 0.3004807692307692 0.02403846153846154 0.036057692307692304
0 0.0733173076923077 0.33413461538461536 0.03125 0.04326923076923077
0 0.40024038461538464 0.32572115384615385 0.04326923076923077 0.040865384615384616
0 0.31850961538461536 0.3293269230769231 0.036057692307692304 0.038461538461538464
0 0.23076923076923078 0.3389423076923077 0.026442307692307692 0.04567307692307692
0 0.28365384615384615 0.33774038461538464 0.028846153846153848 0.04326923076923077
0 0.006009615384615385 0.35216346153846156 0.01201923076923077 0.055288461538461536
0 0.13341346153846154 0.3557692307692308 0.026442307692307692 0.028846153846153848
0 0.7055288461538461 0.33774038461538464 0.028846153846153848 0.028846153846153848
0 0.15384615384615385 0.359375 0.03365384615384615 0.040865384615384616
0 0.5144230769230769 0.34975961538461536 0.028846153846153848 0.040865384615384616
0 0.9747596153846154 0.33774038461538464 0.026442307692307692 0.026442307692307692
0 0.3473557692307692 0.3641826923076923 0.036057692307692304 0.04807692307692308
0 0.40625 0.36658653846153844 0.03125 0.036057692307692304
0 0.20552884615384615 0.37259615384615385 0.028846153846153848 0.04807692307692308
0 0.29927884615384615 0.3701923076923077 0.03365384615384615 0.03365384615384615
0 0.796875 0.35336538461538464 0.036057692307692304 0.040865384615384616
0 0.65625 0.3641826923076923 0.03365384615384615 0.052884615384615384
0 0.46875 0.3798076923076923 0.02403846153846154 0.052884615384615384
0 0.6959134615384616 0.38100961538461536 0.03125 0.052884615384615384
0 0.3762019230769231 0.3954326923076923 0.03125 0.04326923076923077
0 0.9819711538461539 0.37740384615384615 0.03125 0.052884615384615384
0 0.29927884615384615 0.4074519230769231 0.036057692307692304 0.055288461538461536
0 0.453125 0.40865384615384615 0.036057692307692304 0.057692307692307696
0 0.7992788461538461 0.4050480769230769 0.028846153846153848 0.052884615384615384
0 0.17548076923076922 0.43149038461538464 0.028846153846153848 0.04567307692307692
0 0.1141826923076923 0.43509615384615385 0.028846153846153848 0.04807692307692308
0 0.5637019230769231 0.4206730769230769 0.036057692307692304 0.05048076923076923
0 0.6514423076923077 0.42427884615384615 0.038461538461538464 0.052884615384615384
0 0.6009615384615384 0.43149038461538464 0.036057692307692304 0.052884615384615384
0 0.23918269230769232 0.44471153846153844 0.036057692307692304 0.040865384615384616
0 0.7295673076923077 0.43509615384615385 0.03125 0.052884615384615384
0 0.765625 0.43509615384615385 0.038461538461538464 0.0625
0 0.9603365384615384 0.4326923076923077 0.03125 0.04567307692307692
0 0.8725961538461539 0.4362980769230769 0.03365384615384615 0.038461538461538464
0 0.28125 0.46634615384615385 0.03365384615384615 0.04567307692307692
0 0.3786057692307692 0.4735576923076923 0.036057692307692304 0.055288461538461536
0 0.8473557692307693 0.4579326923076923 0.03365384615384615 0.057692307692307696
0 0.7944711538461539 0.46634615384615385 0.038461538461538464 0.038461538461538464
0 0.3076923076923077 0.48677884615384615 0.040865384615384616 0.04807692307692308
0 0.43149038461538464 0.4879807692307692 0.036057692307692304 0.057692307692307696
0 0.9194711538461539 0.4723557692307692 0.038461538461538464 0.055288461538461536
0 0.9879807692307693 0.47475961538461536 0.021634615384615384 0.057692307692307696
0 0.5600961538461539 0.49038461538461536 0.036057692307692304 0.04326923076923077
0 0.17067307692307693 0.5108173076923077 0.036057692307692304 0.057692307692307696
0 0.6802884615384616 0.49759615384615385 0.038461538461538464 0.06971153846153846
0 0.20673076923076922 0.5144230769230769 0.03365384615384615 0.038461538461538464
0 0.078125 0.5216346153846154 0.038461538461538464 0.057692307692307696
0 0.27884615384615385 0.5180288461538461 0.03365384615384615 0.055288461538461536
0 0.6382211538461539 0.5072115384615384 0.036057692307692304 0.0673076923076923
0 0.24158653846153846 0.5204326923076923 0.03125 0.052884615384615384
0 0.5456730769230769 0.5180288461538461 0.036057692307692304 0.028846153846153848
0 0.9627403846153846 0.5048076923076923 0.038461538461538464 0.028846153846153848
0 0.03245192307692308 0.5408653846153846 0.036057692307692304 0.055288461538461536
0 0.3088942307692308 0.5336538461538461 0.036057692307692304 0.05048076923076923
0 0.12860576923076922 0.5456730769230769 0.03365384615384615 0.036057692307692304
0 0.36177884615384615 0.5492788461538461 0.04567307692307692 0.07451923076923077
0 0.4387019230769231 0.5480769230769231 0.038461538461538464 0.055288461538461536
0 0.5 0.5552884615384616 0.03365384615384615 0.06009615384615385
0 0.8100961538461539 0.5456730769230769 0.04807692307692308 0.04326923076923077
0 0.9567307692307693 0.5480769230769231 0.038461538461538464 0.052884615384615384
0 0.5324519230769231 0.5673076923076923 0.057692307692307696 0.07451923076923077
0 0.25240384615384615 0.578125 0.04807692307692308 0.0625
0 0.3954326923076923 0.5745192307692307 0.038461538461538464 0.06490384615384616
0 0.20072115384615385 0.5829326923076923 0.038461538461538464 0.04807692307692308
0 0.47596153846153844 0.578125 0.038461538461538464 0.06971153846153846
0 0.12740384615384615 0.5997596153846154 0.040865384615384616 0.06009615384615385
0 0.7223557692307693 0.5841346153846154 0.04807692307692308 0.06971153846153846
0 0.5961538461538461 0.6033653846153846 0.036057692307692304 0.06009615384615385
0 0.18509615384615385 0.6189903846153846 0.040865384615384616 0.055288461538461536
0 0.42427884615384615 0.6105769230769231 0.04567307692307692 0.06971153846153846
0 0.7956730769230769 0.5985576923076923 0.055288461538461536 0.055288461538461536
0 0.6826923076923077 0.6153846153846154 0.04807692307692308 0.07211538461538461
0 0.009615384615384616 0.640625 0.01201923076923077 0.05048076923076923
0 0.9350961538461539 0.6129807692307693 0.036057692307692304 0.06009615384615385
0 0.29927884615384615 0.6370192307692307 0.04807692307692308 0.06971153846153846
0 0.22956730769230768 0.6454326923076923 0.04567307692307692 0.07451923076923077
0 0.5709134615384616 0.6370192307692307 0.04326923076923077 0.07211538461538461
0 0.16466346153846154 0.6694711538461539 0.04567307692307692 0.0625
0 0.9711538461538461 0.6418269230769231 0.052884615384615384 0.07451923076923077
0 0.2800480769230769 0.6670673076923077 0.040865384615384616 0.07692307692307693
0 0.8088942307692307 0.6730769230769231 0.04567307692307692 0.0625
0 0.5360576923076923 0.6923076923076923 0.04326923076923077 0.0673076923076923
0 0.13341346153846154 0.7247596153846154 0.04567307692307692 0.08653846153846154
0 0.6850961538461539 0.7103365384615384 0.05048076923076923 0.0625
0 0.4567307692307692 0.7235576923076923 0.052884615384615384 0.06971153846153846
0 0.0985576923076923 0.020432692307692308 0.016826923076923076 0.014423076923076924
0 0.1502403846153846 0.020432692307692308 0.016826923076923076 0.016826923076923076
0 0.3713942307692308 0.08653846153846154 0.026442307692307692 0.040865384615384616
0 0.7355769230769231 0.0733173076923077 0.028846153846153848 0.04807692307692308
0 0.9771634615384616 0.06610576923076923 0.019230769230769232 0.040865384615384616
0 0.6947115384615384 0.0889423076923077 0.03125 0.052884615384615384
0 0.10697115384615384 0.11057692307692307 0.026442307692307692 0.026442307692307692