0 0.8609375 0.1203125 0.0359375 0.0625
0 0.71328125 0.1328125 0.0359375 0.0484375
0 0.1921875 0.17734375 0.0265625 0.0421875
0 0.41640625 0.16171875 0.0265625 0.0515625
0 0.6375 0.146875 0.03125 0.053125
0 0.33984375 0.16953125 0.03125 0.053125
0 0.78671875 0.15234375 0.03125 0.0390625
0 0.9421875 0.1484375 0.03125 0.04375
0 0.484375 0.18046875 0.03125 0.0484375
0 0.5125 0.18359375 0.0265625 0.0421875
0 0.5671875 0.19140625 0.0359375 0.053125
0 0.11015625 0.23046875 0.03125 0.0578125
0 0.3859375 0.22265625 0.0359375 0.0625
0 0.41796875 0.22421875 0.03125 0.0578125
0 0.7875 0.1984375 0.03125 0.053125
0 0.16875 0.2421875 0.0359375 0.0578125
0 0.2546875 0.23828125 0.03125 0.053125
0 0.646875 0.2203125 0.03125 0.0578125
0 0.325 0.24765625 0.0328125 0.0625
0 0.4671875 0.2375 0.0265625 0.0515625
0 0.19140625 0.259375 0.03125 0.053125
0 0.8484375 0.21328125 0.03125 0.0578125
0 0.69921875 0.2234375 0.0296875 0.034375
0 0.1421875 0.26484375 0.0359375 0.0484375
0 0.61640625 0.26953125 0.0359375 0.0578125
0 0.5328125 0.275 0.0359375 0.0578125
0 0.7828125 0.26640625 0.0359375 0.0484375
0 0.7046875 0.28359375 0.0359375 0.053125
0 0.9734375 0.271875 0.0265625 0.046875
0 0.9203125 0.278125 0.0359375 0.0578125
0 0.4765625 0.33515625 0.03125 0.04375
0 0.6109375 0.328125 0.0359375 0.0578125
0 0.39921875 0.35625 0.0265625 0.05625
0 0.0390625 0.3859375 0.040625 0.0578125
0 0.684375 0.35 0.0359375 0.0625
0 0.76171875 0.35390625 0.0359375 0.0484375
0 0.14921875 0.39921875 0.0359375 0.053125
0 0.83984375 0.35078125 0.03125 0.0578125
0 0.3234375 0.3890625 0.03125 0.0484375
0 0.24921875 0.396875 0.03125 0.0484375
0 0.91015625 0.3578125 0.03125 0.053125
0 0.975 0.35546875 0.0265625 0.05625
0 0.10234375 0.41875 0.03125 0.053125
0 0.46328125 0.4078125 0.03125 0.0484375
0 0.19140625 0.428125 0.021875 0.0421875
0 0.9734375 0.40625 0.0359375 0.0671875
0 0.91640625 0.415625 0.0359375 0.053125
0 0.8265625 0.42421875 0.03125 0.04375
0 0.7625 0.4328125 0.0359375 0.0578125
0 0.58828125 0.459375 0.034375 0.034375
0 0.37421875 0.496875 0.034375 0.04375
0 0.4578125 0.49375 0.0359375 0.053125
0 0.5859375 0.49375 0.0359375 0.0625
0 0.8359375 0.48359375 0.040625 0.0625
0 0.96796875 0.47890625 0.03125 0.0390625
0 0.74296875 0.496875 0.040625 0.0625
0 0.6703125 0.51171875 0.0265625 0.046875
0 0.384375 0.53359375 0.0359375 0.053125
0 0.296875 0.5484375 0.03125 0.053125
0 0.88671875 0.52421875 0.0296875 0.034375
0 0.9640625 0.528125 0.03125 0.0484375
0 0.51484375 0.5734375 0.0328125 0.0671875
0 0.09453125 0.603125 0.0265625 0.0421875
0 0.24140625 0.5921875 0.03125 0.04375
0 0.8796875 0.55 0.04375 0.034375
0 0.80078125 0.5578125 0.040625 0.053125
0 0.13359375 0.60703125 0.03125 0.04375
0 0.44140625 0.59296875 0.03125 0.053125
0 0.596875 0.58203125 0.03125 0.04375
0 0.20625 0.61171875 0.0359375 0.0484375
0 0.36796875 0.60625 0.03125 0.0484375
0 0.728125 0.5859375 0.0359375 0.053125
0 0.8796875 0.58203125 0.0359375 0.0578125
0 0.465625 0.63671875 0.040625 0.053125
0 0.14921875 0.66171875 0.03125 0.04375
0 0.70390625 0.625 0.0359375 0.053125
0 0.31328125 0.65703125 0.03125 0.0578125
0 0.0875 0.67265625 0.0265625 0.046875
0 0.071875 0.67890625 0.0265625 0.0421875
0 0.2203125 0.67578125 0.0265625 0.0421875
0 0.38203125 0.67265625 0.0328125 0.0625
0 0.93671875 0.640625 0.040625 0.0578125
0 0.5421875 0.66875 0.040625 0.053125
0 0.61796875 0.665625 0.03125 0.0484375
0 0.803125 0.659375 0.0359375 0.0578125
0 0.30546875 0.71328125 0.03125 0.053125
0 0.14375 0.7453125 0.03125 0.0578125
0 0.44609375 0.72890625 0.0265625 0.046875
0 0.1953125 0.09453125 0.0375 0.071875
0 0.3828125 0.78671875 0.03125 0.0578125
0 0.33984375 0.1046875 0.0265625 0.046875
0 0.03046875 0.1265625 0.0265625 0.0515625
0 0.60625 0.0953125 0.03125 0.04375
0 0.43125 0.1078125 0.0265625 0.0375
0 0.50078125 0.10546875 0.03125 0.0484375
0 0.09609375 0.1359375 0.03125 0.053125
0 0.73359375 0.09140625 0.03125 0.0390625