0 0.3425480769230769 0.21875 0.004807692307692308 0.009615384615384616
0 0.140625 0.2283653846153846 0.004807692307692308 0.004807692307692308
0 0.1201923076923077 0.23197115384615385 0.004807692307692308 0.004807692307692308
0 0.18509615384615385 0.2283653846153846 0.004807692307692308 0.004807692307692308
0 0.1310096153846154 0.23197115384615385 0.004807692307692308 0.004807692307692308
0 0.14783653846153846 0.23076923076923078 0.004807692307692308 0.004807692307692308
0 0.08052884615384616 0.234375 0.004807692307692308 0.004807692307692308
0 0.08774038461538461 0.23677884615384615 0.004807692307692308 0.004807692307692308
0 0.0985576923076923 0.23557692307692307 0.004807692307692308 0.009615384615384616
0 0.25 0.2283653846153846 0.004807692307692308 0.009615384615384616
0 0.2980769230769231 0.2247596153846154 0.009615384615384616 0.004807692307692308
0 0.28365384615384615 0.2283653846153846 0.004807692307692308 0.004807692307692308
0 0.19110576923076922 0.23317307692307693 0.004807692307692308 0.004807692307692308
0 0.24278846153846154 0.23076923076923078 0.004807692307692308 0.004807692307692308
0 0.09254807692307693 0.2403846153846154 0.004807692307692308 0.004807692307692308
0 0.040865384615384616 0.2439903846153846 0.004807692307692308 0.004807692307692308
0 0.3161057692307692 0.22956730769230768 0.004807692307692308 0.004807692307692308
0 0.10096153846153846 0.2403846153846154 0.004807692307692308 0.004807692307692308
0 0.10576923076923077 0.2403846153846154 0.004807692307692308 0.004807692307692308
0 0.23317307692307693 0.23317307692307693 0.004807692307692308 0.009615384615384616
0 0.2536057692307692 0.23197115384615385 0.004807692307692308 0.004807692307692308
0 0.27283653846153844 0.23197115384615385 0.004807692307692308 0.009615384615384616
0 0.003605769230769231 0.24759615384615385 0.007211538461538462 0.019230769230769232
0 0.21033653846153846 0.23677884615384615 0.004807692307692308 0.004807692307692308
0 0.13581730769230768 0.24158653846153846 0.004807692307692308 0.009615384615384616
0 0.2860576923076923 0.23317307692307693 0.009615384615384616 0.009615384615384616
0 0.35096153846153844 0.22956730769230768 0.009615384615384616 0.009615384615384616
0 0.09495192307692307 0.24278846153846154 0.004807692307692308 0.009615384615384616
0 0.1658653846153846 0.23918269230769232 0.009615384615384616 0.009615384615384616
0 0.1875 0.23798076923076922 0.004807692307692308 0.009615384615384616
0 0.0733173076923077 0.24639423076923078 0.009615384615384616 0.014423076923076924
0 0.21995192307692307 0.23918269230769232 0.009615384615384616 0.014423076923076924
0 0.03365384615384615 0.24879807692307693 0.004807692307692308 0.004807692307692308
0 0.47115384615384615 0.22596153846153846 0.009615384615384616 0.014423076923076924
0 0.26802884615384615 0.23918269230769232 0.004807692307692308 0.009615384615384616
0 0.12620192307692307 0.24639423076923078 0.004807692307692308 0.014423076923076924
0 0.1778846153846154 0.2439903846153846 0.004807692307692308 0.014423076923076924
0 0.24278846153846154 0.2403846153846154 0.009615384615384616 0.009615384615384616
0 0.9278846153846154 0.20432692307692307 0.019230769230769232 0.019230769230769232
0 0.037259615384615384 0.2512019230769231 0.004807692307692308 0.004807692307692308
0 0.15985576923076922 0.24759615384615385 0.004807692307692308 0.009615384615384616
0 0.11899038461538461 0.24879807692307693 0.004807692307692308 0.009615384615384616
0 0.46274038461538464 0.23076923076923078 0.014423076923076924 0.014423076923076924
0 0.056490384615384616 0.25240384615384615 0.004807692307692308 0.004807692307692308
0 0.14903846153846154 0.24759615384615385 0.009615384615384616 0.014423076923076924
0 0.3137019230769231 0.23918269230769232 0.009615384615384616 0.009615384615384616
0 0.640625 0.22235576923076922 0.009615384615384616 0.014423076923076924
0 0.0889423076923077 0.2512019230769231 0.004807692307692308 0.009615384615384616
0 0.20432692307692307 0.24519230769230768 0.004807692307692308 0.014423076923076924
0 0.21153846153846154 0.2439903846153846 0.009615384615384616 0.009615384615384616
0 0.039663461538461536 0.25600961538461536 0.009615384615384616 0.009615384615384616
0 0.23197115384615385 0.24519230769230768 0.009615384615384616 0.009615384615384616
0 0.33413461538461536 0.2403846153846154 0.009615384615384616 0.009615384615384616
0 0.44350961538461536 0.234375 0.009615384615384616 0.014423076923076924
0 0.43028846153846156 0.23798076923076922 0.014423076923076924 0.014423076923076924
0 0.06129807692307692 0.25721153846153844 0.004807692307692308 0.004807692307692308
0 0.18870192307692307 0.25 0.004807692307692308 0.014423076923076924
0 0.13942307692307693 0.25240384615384615 0.004807692307692308 0.014423076923076924
0 0.5204326923076923 0.23317307692307693 0.014423076923076924 0.019230769230769232
0 0.34375 0.2439903846153846 0.009615384615384616 0.014423076923076924
0 0.07211538461538461 0.25721153846153844 0.009615384615384616 0.009615384615384616
0 0.47596153846153844 0.23677884615384615 0.014423076923076924 0.014423076923076924
0 0.16947115384615385 0.2548076923076923 0.009615384615384616 0.014423076923076924
0 0.3762019230769231 0.2439903846153846 0.009615384615384616 0.014423076923076924
0 0.014423076923076924 0.26322115384615385 0.009615384615384616 0.014423076923076924
0 0.3088942307692308 0.24759615384615385 0.009615384615384616 0.009615384615384616
0 0.021634615384615384 0.26322115384615385 0.004807692307692308 0.009615384615384616
0 0.41947115384615385 0.24158653846153846 0.014423076923076924 0.014423076923076924
0 0.8557692307692307 0.22115384615384615 0.014423076923076924 0.019230769230769232
0 0.5516826923076923 0.23677884615384615 0.009615384615384616 0.014423076923076924
0 0.1141826923076923 0.2608173076923077 0.009615384615384616 0.009615384615384616
0 0.5913461538461539 0.23557692307692307 0.014423076923076924 0.014423076923076924
0 0.6466346153846154 0.23197115384615385 0.014423076923076924 0.019230769230769232
0 0.8725961538461539 0.22235576923076922 0.014423076923076924 0.014423076923076924
0 0.1045673076923077 0.26322115384615385 0.009615384615384616 0.014423076923076924
0 0.40384615384615385 0.24759615384615385 0.009615384615384616 0.009615384615384616
0 0.6598557692307693 0.234375 0.019230769230769232 0.019230769230769232
0 0.09134615384615384 0.2644230769230769 0.014423076923076924 0.014423076923076924
0 0.20432692307692307 0.25841346153846156 0.009615384615384616 0.014423076923076924
0 0.23918269230769232 0.25841346153846156 0.004807692307692308 0.004807692307692308
0 0.9699519230769231 0.21995192307692307 0.014423076923076924 0.02403846153846154
0 0.5649038461538461 0.24158653846153846 0.014423076923076924 0.014423076923076924
0 0.7115384615384616 0.234375 0.009615384615384616 0.02403846153846154
0 0.19471153846153846 0.2608173076923077 0.004807692307692308 0.014423076923076924
0 0.23197115384615385 0.25841346153846156 0.014423076923076924 0.014423076923076924
0 0.36899038461538464 0.2512019230769231 0.009615384615384616 0.014423076923076924
0 0.7211538461538461 0.23317307692307693 0.014423076923076924 0.02403846153846154
0 0.6322115384615384 0.2403846153846154 0.014423076923076924 0.02403846153846154
0 0.6045673076923077 0.2439903846153846 0.014423076923076924 0.019230769230769232
0 0.052884615384615384 0.27283653846153844 0.009615384615384616 0.014423076923076924
0 0.33653846153846156 0.25841346153846156 0.009615384615384616 0.014423076923076924
0 0.3942307692307692 0.25721153846153844 0.009615384615384616 0.014423076923076924
0 0.9591346153846154 0.2283653846153846 0.019230769230769232 0.02403846153846154
0 0.4098557692307692 0.25721153846153844 0.014423076923076924 0.019230769230769232
0 0.24519230769230768 0.26802884615384615 0.014423076923076924 0.014423076923076924
0 0.6742788461538461 0.24519230769230768 0.014423076923076924 0.019230769230769232
0 0.16346153846153846 0.27163461538461536 0.014423076923076924 0.019230769230769232
0 0.32091346153846156 0.2644230769230769 0.009615384615384616 0.014423076923076924
0 0.3798076923076923 0.2608173076923077 0.009615384615384616 0.014423076923076924
0 0.43149038461538464 0.25841346153846156 0.009615384615384616 0.014423076923076924
0 0.8149038461538461 0.23798076923076922 0.014423076923076924 0.014423076923076924
0 0.7439903846153846 0.24158653846153846 0.014423076923076924 0.02403846153846154
0 0.23798076923076922 0.26802884615384615 0.009615384615384616 0.019230769230769232
0 0.46153846153846156 0.25600961538461536 0.014423076923076924 0.019230769230769232
0 0.5096153846153846 0.2536057692307692 0.019230769230769232 0.02403846153846154
0 0.5240384615384616 0.2536057692307692 0.014423076923076924 0.019230769230769232
0 0.19110576923076922 0.27283653846153844 0.009615384615384616 0.014423076923076924
0 0.921875 0.234375 0.019230769230769232 0.03365384615384615
0 0.5673076923076923 0.2536057692307692 0.014423076923076924 0.019230769230769232
0 0.8641826923076923 0.23798076923076922 0.019230769230769232 0.02403846153846154
0 0.26802884615384615 0.2692307692307692 0.009615384615384616 0.014423076923076924
0 0.35336538461538464 0.2644230769230769 0.014423076923076924 0.02403846153846154
0 0.6165865384615384 0.2512019230769231 0.014423076923076924 0.02403846153846154
0 0.2980769230769231 0.2704326923076923 0.014423076923076924 0.014423076923076924
0 0.4230769230769231 0.26322115384615385 0.014423076923076924 0.019230769230769232
0 0.8016826923076923 0.24639423076923078 0.019230769230769232 0.02403846153846154
0 0.9086538461538461 0.2403846153846154 0.014423076923076924 0.02403846153846154
0 0.2860576923076923 0.27283653846153844 0.014423076923076924 0.014423076923076924
0 0.20793269230769232 0.2764423076923077 0.009615384615384616 0.014423076923076924
0 0.5576923076923077 0.25841346153846156 0.014423076923076924 0.019230769230769232
0 0.055288461538461536 0.2848557692307692 0.009615384615384616 0.014423076923076924
0 0.7620192307692307 0.24759615384615385 0.014423076923076924 0.02403846153846154
0 0.15264423076923078 0.2800480769230769 0.014423076923076924 0.02403846153846154
0 0.31009615384615385 0.27403846153846156 0.014423076923076924 0.019230769230769232
0 0.5877403846153846 0.25961538461538464 0.014423076923076924 0.02403846153846154
0 0.5300480769230769 0.26322115384615385 0.009615384615384616 0.02403846153846154
0 0.1201923076923077 0.2848557692307692 0.019230769230769232 0.019230769230769232
0 0.5480769230769231 0.26322115384615385 0.014423076923076924 0.019230769230769232
0 0.5 0.265625 0.014423076923076924 0.02403846153846154
0 0.4411057692307692 0.26802884615384615 0.014423076923076924 0.014423076923076924
0 0.8774038461538461 0.24519230769230768 0.014423076923076924 0.019230769230769232
0 0.26322115384615385 0.2800480769230769 0.014423076923076924 0.019230769230769232
0 0.23798076923076922 0.28365384615384615 0.014423076923076924 0.019230769230769232
0 0.38822115384615385 0.2764423076923077 0.019230769230769232 0.02403846153846154
0 0.45552884615384615 0.27524038461538464 0.014423076923076924 0.019230769230769232
0 0.8161057692307693 0.25600961538461536 0.014423076923076924 0.02403846153846154
0 0.8954326923076923 0.2548076923076923 0.019230769230769232 0.028846153846153848
0 0.09375 0.2956730769230769 0.019230769230769232 0.02403846153846154
0 0.47596153846153844 0.2764423076923077 0.009615384615384616 0.019230769230769232
0 0.31490384615384615 0.2848557692307692 0.014423076923076924 0.014423076923076924
0 0.7776442307692307 0.26322115384615385 0.02403846153846154 0.02403846153846154
0 0.33052884615384615 0.2860576923076923 0.019230769230769232 0.02403846153846154
0 0.22115384615384615 0.2920673076923077 0.019230769230769232 0.028846153846153848
0 0.2920673076923077 0.28846153846153844 0.009615384615384616 0.019230769230769232
0 0.06370192307692307 0.30288461538461536 0.014423076923076924 0.02403846153846154
0 0.6129807692307693 0.2764423076923077 0.014423076923076924 0.019230769230769232
0 0.36177884615384615 0.2920673076923077 0.014423076923076924 0.02403846153846154
0 0.46875 0.2860576923076923 0.014423076923076924 0.02403846153846154
0 0.4014423076923077 0.28966346153846156 0.014423076923076924 0.02403846153846154
0 0.3137019230769231 0.29447115384615385 0.014423076923076924 0.019230769230769232
0 0.5420673076923077 0.2824519230769231 0.019230769230769232 0.02403846153846154
0 0.4423076923076923 0.28725961538461536 0.019230769230769232 0.02403846153846154
0 0.16706730769230768 0.30408653846153844 0.019230769230769232 0.02403846153846154
0 0.30649038461538464 0.296875 0.014423076923076924 0.014423076923076924
0 0.6622596153846154 0.28365384615384615 0.014423076923076924 0.019230769230769232
0 0.3870192307692308 0.3004807692307692 0.019230769230769232 0.02403846153846154
0 0.6971153846153846 0.28365384615384615 0.014423076923076924 0.02403846153846154
0 0.027644230769230768 0.32091346153846156 0.019230769230769232 0.02403846153846154
0 0.5240384615384616 0.2956730769230769 0.019230769230769232 0.02403846153846154
0 0.6346153846153846 0.28966346153846156 0.019230769230769232 0.03365384615384615
0 0.29927884615384615 0.3076923076923077 0.019230769230769232 0.02403846153846154
0 0.4891826923076923 0.2980769230769231 0.019230769230769232 0.02403846153846154
0 0.22596153846153846 0.31490384615384615 0.014423076923076924 0.02403846153846154
0 0.34975961538461536 0.3076923076923077 0.019230769230769232 0.028846153846153848
0 0.12259615384615384 0.32211538461538464 0.028846153846153848 0.02403846153846154
0 0.1778846153846154 0.31971153846153844 0.019230769230769232 0.02403846153846154
0 0.24278846153846154 0.3161057692307692 0.014423076923076924 0.019230769230769232
0 0.09254807692307693 0.3269230769230769 0.019230769230769232 0.028846153846153848
0 0.9711538461538461 0.2800480769230769 0.019230769230769232 0.02403846153846154
0 0.19591346153846154 0.32572115384615385 0.019230769230769232 0.02403846153846154
0 0.4026442307692308 0.31490384615384615 0.019230769230769232 0.02403846153846154
0 0.5805288461538461 0.30528846153846156 0.009615384615384616 0.019230769230769232
0 0.5709134615384616 0.3112980769230769 0.014423076923076924 0.02403846153846154
0 0.2548076923076923 0.3269230769230769 0.019230769230769232 0.02403846153846154
0 0.01201923076923077 0.3473557692307692 0.02403846153846154 0.03365384615384615
0 0.036057692307692304 0.35096153846153844 0.019230769230769232 0.028846153846153848
0 0.1045673076923077 0.3581730769230769 0.019230769230769232 0.028846153846153848
0 0.1310096153846154 0.35697115384615385 0.019230769230769232 0.028846153846153848
0 0.19110576923076922 0.3581730769230769 0.02403846153846154 0.02403846153846154
0 0.08774038461538461 0.36899038461538464 0.02403846153846154 0.028846153846153848
0 0.007211538461538462 0.375 0.014423076923076924 0.038461538461538464
0 0.9543269230769231 0.33653846153846156 0.019230769230769232 0.038461538461538464
0 0.0985576923076923 0.3954326923076923 0.02403846153846154 0.028846153846153848
0 0.05889423076923077 0.4050480769230769 0.02403846153846154 0.028846153846153848
0 0.007211538461538462 0.40865384615384615 0.014423076923076924 0.038461538461538464
0 0.9795673076923077 0.36177884615384615 0.021634615384615384 0.05048076923076923
0 0.8846153846153846 0.36899038461538464 0.036057692307692304 0.052884615384615384
0 0.9122596153846154 0.390625 0.04567307692307692 0.057692307692307696
0 0.9855769230769231 0.39783653846153844 0.01201923076923077 0.03365384615384615
0 0.8533653846153846 0.41947115384615385 0.052884615384615384 0.052884615384615384
0 0.5877403846153846 0.45072115384615385 0.05048076923076923 0.07211538461538461
0 0.453125 0.46274038461538464 0.06009615384615385 0.07692307692307693
0 0.1658653846153846 0.4831730769230769 0.04567307692307692 0.052884615384615384
0 0.8401442307692307 0.4495192307692308 0.040865384615384616 0.052884615384615384
0 0.12139423076923077 0.4963942307692308 0.038461538461538464 0.04326923076923077
0 0.7836538461538461 0.4651442307692308 0.04567307692307692 0.057692307692307696
0 0.984375 0.46033653846153844 0.03125 0.0673076923076923
0 0.5444711538461539 0.49278846153846156 0.04567307692307692 0.0673076923076923
0 0.40384615384615385 0.5228365384615384 0.052884615384615384 0.0625
0 0.23557692307692307 0.5348557692307693 0.028846153846153848 0.038461538461538464
0 0.2127403846153846 0.5504807692307693 0.028846153846153848 0.038461538461538464
0 0.09254807692307693 0.5661057692307693 0.040865384615384616 0.052884615384615384
0 0.13942307692307693 0.5637019230769231 0.04326923076923077 0.04326923076923077
0 0.051682692307692304 0.5745192307692307 0.0625 0.04567307692307692
0 0.7668269230769231 0.5360576923076923 0.052884615384615384 0.0673076923076923
0 0.28125 0.5721153846153846 0.06490384615384616 0.08653846153846154
0 0.1935096153846154 0.625 0.0625 0.07211538461538461
0 0.3954326923076923 0.6153846153846154 0.07451923076923077 0.09134615384615384
0 0.04927884615384615 0.6490384615384616 0.08413461538461539 0.10576923076923077
0 0.8978365384615384 0.6550480769230769 0.10336538461538461 0.13942307692307693
0 0.8413461538461539 0.8028846153846154 0.14182692307692307 0.1466346153846154