0 0.9435096153846154 0.18629807692307693 0.019230769230769232 0.028846153846153848
0 0.8774038461538461 0.17548076923076922 0.021634615384615384 0.026442307692307692
0 0.6598557692307693 0.03365384615384615 0.026442307692307692 0.03125
0 0.7872596153846154 0.16826923076923078 0.019230769230769232 0.028846153846153848
0 0.31971153846153844 0.10336538461538461 0.021634615384615384 0.03125
0 0.546875 0.14182692307692307 0.026442307692307692 0.036057692307692304
0 0.546875 0.015625 0.016826923076923076 0.019230769230769232
0 0.8461538461538461 0.19831730769230768 0.026442307692307692 0.036057692307692304
0 0.5913461538461539 0.15745192307692307 0.026442307692307692 0.036057692307692304
0 0.6634615384615384 0.171875 0.03125 0.03125
0 0.6394230769230769 0.18269230769230768 0.026442307692307692 0.036057692307692304
0 0.453125 0.007211538461538462 0.016826923076923076 0.014423076923076924
0 0.25721153846153844 0.12740384615384615 0.026442307692307692 0.036057692307692304
0 0.8473557692307693 0.22355769230769232 0.016826923076923076 0.016826923076923076
0 0.8269230769230769 0.22355769230769232 0.02403846153846154 0.038461538461538464
0 0.8810096153846154 0.234375 0.021634615384615384 0.026442307692307692
0 0.5769230769230769 0.19110576923076922 0.016826923076923076 0.019230769230769232
0 0.9122596153846154 0.24639423076923078 0.026442307692307692 0.03125
0 0.7956730769230769 0.23076923076923078 0.026442307692307692 0.036057692307692304
0 0.8425480769230769 0.2403846153846154 0.021634615384615384 0.03125
0 0.7512019230769231 0.22596153846153846 0.026442307692307692 0.03125
0 0.46153846153846156 0.18509615384615385 0.02403846153846154 0.036057692307692304
0 0.8653846153846154 0.2512019230769231 0.021634615384615384 0.03125
0 0.5588942307692307 0.203125 0.026442307692307692 0.03125
0 0.12259615384615384 0.13341346153846154 0.02403846153846154 0.036057692307692304
0 0.9819711538461539 0.09134615384615384 0.021634615384615384 0.026442307692307692
0 0.38221153846153844 0.007211538461538462 0.02403846153846154 0.014423076923076924
0 0.41346153846153844 0.1875 0.021634615384615384 0.026442307692307692
0 0.6057692307692307 0.23076923076923078 0.021634615384615384 0.026442307692307692
0 0.9122596153846154 0.28125 0.026442307692307692 0.036057692307692304
0 0.515625 0.22115384615384615 0.03125 0.036057692307692304
0 0.5637019230769231 0.24158653846153846 0.026442307692307692 0.036057692307692304
0 0.7776442307692307 0.06370192307692307 0.016826923076923076 0.02403846153846154
0 0.12259615384615384 0.18269230769230768 0.026442307692307692 0.03125
0 0.5985576923076923 0.25961538461538464 0.028846153846153848 0.040865384615384616
0 0.6802884615384616 0.27524038461538464 0.026442307692307692 0.026442307692307692
0 0.35336538461538464 0.22355769230769232 0.026442307692307692 0.036057692307692304
0 0.8233173076923077 0.2980769230769231 0.028846153846153848 0.040865384615384616
0 0.8725961538461539 0.3076923076923077 0.021634615384615384 0.026442307692307692
0 0.37740384615384615 0.234375 0.026442307692307692 0.036057692307692304
0 0.9675480769230769 0.33052884615384615 0.03125 0.026442307692307692
0 0.78125 0.30649038461538464 0.026442307692307692 0.036057692307692304
0 0.055288461538461536 0.19230769230769232 0.021634615384615384 0.04326923076923077
0 0.4495192307692308 0.25721153846153844 0.03125 0.036057692307692304
0 0.6346153846153846 0.28846153846153844 0.021634615384615384 0.03125
0 0.9951923076923077 0.3473557692307692 0.009615384615384616 0.026442307692307692
0 0.7307692307692307 0.30649038461538464 0.026442307692307692 0.03125
0 0.8665865384615384 0.3329326923076923 0.026442307692307692 0.036057692307692304
0 0.5072115384615384 0.28125 0.03125 0.03125
0 0.8894230769230769 0.0829326923076923 0.016826923076923076 0.02403846153846154
0 0.16346153846153846 0.22596153846153846 0.03365384615384615 0.04567307692307692
0 0.23918269230769232 0.2403846153846154 0.02403846153846154 0.036057692307692304
0 0.3954326923076923 0.265625 0.02403846153846154 0.036057692307692304
0 0.07211538461538461 0.21394230769230768 0.026442307692307692 0.036057692307692304
0 0.9675480769230769 0.3557692307692308 0.021634615384615384 0.026442307692307692
0 0.7680288461538461 0.3269230769230769 0.026442307692307692 0.036057692307692304
0 0.6358173076923077 0.3137019230769231 0.026442307692307692 0.03125
0 0.5528846153846154 0.3004807692307692 0.026442307692307692 0.03125
0 0.31490384615384615 0.2644230769230769 0.016826923076923076 0.02403846153846154
0 0.25721153846153844 0.25721153846153844 0.028846153846153848 0.04567307692307692
0 0.4699519230769231 0.29086538461538464 0.03125 0.036057692307692304
0 0.8846153846153846 0.35697115384615385 0.026442307692307692 0.036057692307692304
0 0.42788461538461536 0.28846153846153844 0.03125 0.03125
0 0.4855769230769231 0.30288461538461536 0.021634615384615384 0.03125
0 0.3701923076923077 0.2848557692307692 0.03365384615384615 0.040865384615384616
0 0.07451923076923077 0.2403846153846154 0.03365384615384615 0.04567307692307692
0 0.5913461538461539 0.32211538461538464 0.026442307692307692 0.026442307692307692
0 0.7427884615384616 0.3557692307692308 0.026442307692307692 0.03125
0 0.6310096153846154 0.33774038461538464 0.021634615384615384 0.03125
0 0.19230769230769232 0.27163461538461536 0.03365384615384615 0.05048076923076923
0 0.6009615384615384 0.33653846153846156 0.028846153846153848 0.040865384615384616
0 0.5504807692307693 0.33052884615384615 0.02403846153846154 0.036057692307692304
0 0.3088942307692308 0.002403846153846154 0.016826923076923076 0.004807692307692308
0 0.4543269230769231 0.31490384615384615 0.02403846153846154 0.036057692307692304
0 0.9735576923076923 0.40024038461538464 0.026442307692307692 0.036057692307692304
0 0.5336538461538461 0.3317307692307692 0.03365384615384615 0.040865384615384616
0 0.33413461538461536 0.29927884615384615 0.026442307692307692 0.036057692307692304
0 0.9338942307692307 0.39663461538461536 0.03365384615384615 0.040865384615384616
0 0.6490384615384616 0.3545673076923077 0.028846153846153848 0.040865384615384616
0 0.5853365384615384 0.3473557692307692 0.026442307692307692 0.03125
0 0.7848557692307693 0.3786057692307692 0.026442307692307692 0.03125
0 0.5096153846153846 0.3449519230769231 0.028846153846153848 0.04567307692307692
0 0.8689903846153846 0.40384615384615385 0.028846153846153848 0.040865384615384616
0 0.5504807692307693 0.3581730769230769 0.026442307692307692 0.036057692307692304
0 0.609375 0.37259615384615385 0.03125 0.036057692307692304
0 0.46033653846153844 0.3485576923076923 0.026442307692307692 0.036057692307692304
0 0.5721153846153846 0.36899038461538464 0.026442307692307692 0.03125
0 0.2127403846153846 0.3161057692307692 0.026442307692307692 0.036057692307692304
0 0.07692307692307693 0.29447115384615385 0.026442307692307692 0.036057692307692304
0 0.8341346153846154 0.41947115384615385 0.03365384615384615 0.04567307692307692
0 0.37740384615384615 0.34615384615384615 0.03125 0.036057692307692304
0 0.4387019230769231 0.359375 0.028846153846153848 0.040865384615384616
0 0.1778846153846154 0.3245192307692308 0.03125 0.036057692307692304
0 0.5973557692307693 0.39903846153846156 0.026442307692307692 0.036057692307692304
0 0.06490384615384616 0.32091346153846156 0.03365384615384615 0.04567307692307692
0 0.9098557692307693 0.4567307692307692 0.03365384615384615 0.05048076923076923
0 0.2644230769230769 0.35697115384615385 0.036057692307692304 0.036057692307692304
0 0.7451923076923077 0.4326923076923077 0.028846153846153848 0.05048076923076923
0 0.4098557692307692 0.019230769230769232 0.026442307692307692 0.036057692307692304
0 0.48677884615384615 0.3942307692307692 0.028846153846153848 0.04567307692307692
0 0.49759615384615385 0.4014423076923077 0.021634615384615384 0.03125
0 0.5228365384615384 0.41466346153846156 0.038461538461538464 0.040865384615384616
0 0.3942307692307692 0.4014423076923077 0.026442307692307692 0.03125
0 0.7944711538461539 0.4735576923076923 0.028846153846153848 0.040865384615384616
0 0.08774038461538461 0.3641826923076923 0.03125 0.036057692307692304
0 0.23317307692307693 0.3918269230769231 0.03365384615384615 0.05048076923076923
0 0.7151442307692307 0.47115384615384615 0.028846153846153848 0.05048076923076923
0 0.025240384615384616 0.36658653846153844 0.028846153846153848 0.07211538461538461
0 0.32572115384615385 0.41466346153846156 0.03365384615384615 0.04567307692307692
0 0.4579326923076923 0.43990384615384615 0.02403846153846154 0.036057692307692304
0 0.22716346153846154 0.004807692307692308 0.021634615384615384 0.009615384615384616
0 0.39903846153846156 0.4387019230769231 0.026442307692307692 0.03125
0 0.5985576923076923 0.4723557692307692 0.026442307692307692 0.026442307692307692
0 0.8665865384615384 0.5228365384615384 0.03365384615384615 0.04567307692307692
0 0.5120192307692307 0.47115384615384615 0.03125 0.03125
0 0.3858173076923077 0.4567307692307692 0.03125 0.036057692307692304
0 0.671875 0.5012019230769231 0.028846153846153848 0.04567307692307692
0 0.4362980769230769 0.46875 0.03365384615384615 0.05048076923076923
0 0.28846153846153844 0.4483173076923077 0.02403846153846154 0.038461538461538464
0 0.8305288461538461 0.5396634615384616 0.03365384615384615 0.040865384615384616
0 0.5504807692307693 0.5012019230769231 0.03365384615384615 0.04567307692307692
0 0.0673076923076923 0.4362980769230769 0.04567307692307692 0.055288461538461536
0 0.921875 0.5745192307692307 0.03365384615384615 0.05048076923076923
0 0.3737980769230769 0.4951923076923077 0.03365384615384615 0.04567307692307692
0 0.890625 0.0625 0.016826923076923076 0.016826923076923076
0 0.6875 0.5625 0.03125 0.052884615384615384
0 0.31490384615384615 0.5180288461538461 0.038461538461538464 0.04567307692307692
0 0.22115384615384615 0.5036057692307693 0.038461538461538464 0.05048076923076923
0 0.515625 0.5492788461538461 0.026442307692307692 0.036057692307692304
0 0.7439903846153846 0.5877403846153846 0.028846153846153848 0.04567307692307692
0 0.5949519230769231 0.5661057692307693 0.040865384615384616 0.055288461538461536
0 0.1466346153846154 0.49759615384615385 0.036057692307692304 0.055288461538461536
0 0.7115384615384616 0.5997596153846154 0.028846153846153848 0.04567307692307692
0 0.48677884615384615 0.5709134615384616 0.04326923076923077 0.052884615384615384
0 0.8774038461538461 0.11177884615384616 0.016826923076923076 0.02403846153846154
0 0.5733173076923077 0.6009615384615384 0.03365384615384615 0.04567307692307692
0 0.6766826923076923 0.6262019230769231 0.03365384615384615 0.04567307692307692
0 0.5853365384615384 0.6430288461538461 0.04326923076923077 0.04807692307692308
0 0.8425480769230769 0.6887019230769231 0.05048076923076923 0.055288461538461536
0 0.3894230769230769 0.625 0.04326923076923077 0.052884615384615384
0 0.42908653846153844 0.6454326923076923 0.040865384615384616 0.055288461538461536
0 0.8076923076923077 0.11057692307692307 0.026442307692307692 0.03125
0 0.7307692307692307 0.7415865384615384 0.04807692307692308 0.04807692307692308
0 0.9206730769230769 0.0673076923076923 0.019230769230769232 0.016826923076923076
0 0.4098557692307692 0.7463942307692307 0.040865384615384616 0.055288461538461536
0 0.35096153846153844 0.8677884615384616 0.04807692307692308 0.04807692307692308
0 0.11177884615384616 0.026442307692307692 0.01201923076923077 0.016826923076923076
0 0.890625 0.15865384615384615 0.021634615384615384 0.026442307692307692