0 0.7091346153846154 0.28125 0.03365384615384615 0.028846153846153848
0 0.8209134615384616 0.3137019230769231 0.03125 0.05048076923076923
0 0.12379807692307693 0.3389423076923077 0.02403846153846154 0.02403846153846154
0 0.3870192307692308 0.3389423076923077 0.036057692307692304 0.057692307692307696
0 0.13942307692307693 0.3762019230769231 0.021634615384615384 0.05048076923076923
0 0.6610576923076923 0.37740384615384615 0.040865384615384616 0.06009615384615385
0 0.25 0.39302884615384615 0.04807692307692308 0.06009615384615385
0 0.2920673076923077 0.39302884615384615 0.036057692307692304 0.06490384615384616
0 0.1935096153846154 0.40024038461538464 0.03125 0.057692307692307696
0 0.4170673076923077 0.39903846153846156 0.038461538461538464 0.07211538461538461
0 0.5600961538461539 0.4014423076923077 0.026442307692307692 0.04807692307692308
0 0.49399038461538464 0.41466346153846156 0.03125 0.06490384615384616
0 0.9627403846153846 0.4098557692307692 0.03365384615384615 0.03365384615384615
0 0.16466346153846154 0.4266826923076923 0.028846153846153848 0.055288461538461536
0 0.33052884615384615 0.42427884615384615 0.04567307692307692 0.0625
0 0.9278846153846154 0.4230769230769231 0.02403846153846154 0.057692307692307696
0 0.8966346153846154 0.4254807692307692 0.026442307692307692 0.040865384615384616
0 0.7632211538461539 0.43509615384615385 0.04326923076923077 0.07692307692307693
0 0.4579326923076923 0.45072115384615385 0.036057692307692304 0.06971153846153846
0 0.5997596153846154 0.4483173076923077 0.026442307692307692 0.057692307692307696
0 0.8389423076923077 0.4483173076923077 0.04567307692307692 0.0889423076923077
0 0.6646634615384616 0.46153846153846156 0.036057692307692304 0.0625
0 0.08052884615384616 0.4735576923076923 0.036057692307692304 0.0673076923076923
0 0.22235576923076922 0.4735576923076923 0.04326923076923077 0.055288461538461536
0 0.5769230769230769 0.4795673076923077 0.040865384615384616 0.0625
0 0.27524038461538464 0.4879807692307692 0.028846153846153848 0.06009615384615385
0 0.140625 0.5132211538461539 0.03125 0.04807692307692308
0 0.32572115384615385 0.5420673076923077 0.03365384615384615 0.06009615384615385
0 0.921875 0.546875 0.03125 0.057692307692307696