0 0.803125 0.94296875 0.103125 0.0984375
0 0.45078125 0.0734375 0.028125 0.028125
0 0.6296875 0.1109375 0.025 0.034375
0 0.2171875 0.03671875 0.0296875 0.0359375
0 0.56484375 0.10703125 0.028125 0.028125
0 0.53515625 0.103125 0.0234375 0.0265625
0 0.78671875 0.1546875 0.01875 0.025
0 0.30625 0.06328125 0.028125 0.0328125
0 0.4703125 0.0953125 0.03125 0.05
0 0.50390625 0.10234375 0.0296875 0.040625
0 0.32890625 0.0703125 0.0296875 0.0359375
0 0.4390625 0.09921875 0.034375 0.0375
0 0.2546875 0.06328125 0.034375 0.0421875
0 0.71328125 0.15703125 0.0359375 0.0453125
0 0.571875 0.1296875 0.025 0.0390625
0 0.5515625 0.12578125 0.0296875 0.040625
0 0.12890625 0.053125 0.0234375 0.0265625
0 0.72890625 0.16953125 0.034375 0.0375
0 0.7734375 0.18515625 0.0234375 0.0265625
0 0.3890625 0.1109375 0.03125 0.0453125
0 0.2140625 0.07890625 0.0296875 0.040625
0 0.496875 0.1390625 0.028125 0.0328125
0 0.1859375 0.078125 0.034375 0.0375
0 0.68984375 0.1765625 0.028125 0.0328125
0 0.671875 0.17265625 0.0234375 0.03125
0 0.40859375 0.12421875 0.03125 0.0453125
0 0.609375 0.165625 0.028125 0.0328125
0 0.27734375 0.10703125 0.034375 0.0421875
0 0.478125 0.15078125 0.034375 0.0421875
0 0.51484375 0.15859375 0.0328125 0.0328125
0 0.29765625 0.11875 0.0234375 0.03125
0 0.4453125 0.1515625 0.0390625 0.046875
0 0.33125 0.1296875 0.0296875 0.040625
0 0.23515625 0.11328125 0.034375 0.0375
0 0.35078125 0.13828125 0.028125 0.0328125
0 0.36875 0.14453125 0.028125 0.0328125
0 0.21875 0.1171875 0.028125 0.0328125
0 0.78515625 0.06484375 0.0328125 0.0328125
0 0.58203125 0.190625 0.034375 0.0421875
0 0.140625 0.1046875 0.0296875 0.040625
0 0.171875 0.11328125 0.0296875 0.0359375
0 0.71484375 0.21875 0.0390625 0.0421875
0 0.8328125 0.24609375 0.028125 0.0328125
0 0.309375 0.14453125 0.025 0.0390625
0 0.65078125 0.21328125 0.034375 0.0375
0 0.546875 0.1953125 0.0328125 0.0328125
0 0.09765625 0.10859375 0.034375 0.0421875
0 0.425 0.00703125 0.028125 0.0140625
0 0.22265625 0.13984375 0.0171875 0.0203125
0 0.36875 0.16796875 0.0234375 0.03125
0 0.28125 0.15390625 0.028125 0.0328125
0 0.39375 0.175 0.034375 0.0375
0 0.765625 0.25 0.0296875 0.0359375
0 0.18828125 0.13984375 0.034375 0.0421875
0 0.4125 0.18359375 0.03125 0.0453125
0 0.7921875 0.26953125 0.0390625 0.0421875
0 0.83984375 0.28046875 0.034375 0.0421875
0 0.13359375 0.14296875 0.034375 0.0421875
0 0.3734375 0.1921875 0.0265625 0.0234375
0 0.1546875 0.15 0.034375 0.0421875
0 0.5078125 0.21796875 0.028125 0.0328125
0 0.54140625 0.22734375 0.0390625 0.0421875
0 0.6890625 0.2578125 0.0234375 0.03125
0 0.315625 0.1859375 0.0296875 0.0359375
0 0.3359375 0.1921875 0.0296875 0.0359375
0 0.21484375 0.17109375 0.03125 0.0453125
0 0.42890625 0.2125 0.0359375 0.05
0 0.61640625 0.2515625 0.034375 0.0421875
0 0.65078125 0.2578125 0.0453125 0.0515625
0 0.58671875 0.2453125 0.034375 0.0421875
0 0.1890625 0.1703125 0.0296875 0.0359375
0 0.24453125 0.18828125 0.0296875 0.0359375
0 0.5234375 0.24296875 0.0359375 0.0453125
0 0.70625 0.28515625 0.05 0.0578125
0 0.265625 0.2046875 0.034375 0.0375
0 0.81875 0.33125 0.046875 0.065625
0 0.5625 0.03125 0.0234375 0.0265625
0 0.896875 0.35078125 0.0484375 0.0484375
0 0.059375 0.19453125 0.028125 0.053125
0 0.3453125 0.25234375 0.0375 0.0546875
0 0.065625 0.20078125 0.03125 0.05
0 0.1828125 0.22578125 0.0375 0.0546875
0 0.84921875 0.35546875 0.0359375 0.0453125
0 0.50078125 0.28984375 0.046875 0.0609375
0 0.7734375 0.34296875 0.0375 0.034375
0 0.596875 0.315625 0.05 0.0578125
0 0.94921875 0.384375 0.028125 0.028125
0 0.3171875 0.2640625 0.0375 0.0546875
0 0.43125 0.2859375 0.0375 0.0375
0 0.54921875 0.30859375 0.0453125 0.05625
0 0.2890625 0.26328125 0.0359375 0.05
0 0.6453125 0.33515625 0.046875 0.0609375
0 0.71875 0.35859375 0.0546875 0.059375
0 0.2046875 0.25859375 0.0359375 0.05
0 0.96171875 0.40625 0.0234375 0.03125
0 0.37578125 0.2921875 0.046875 0.0609375
0 0.26328125 0.27265625 0.040625 0.05625
0 0.609375 0.33984375 0.0484375 0.0484375
0 0.88515625 0.3984375 0.0453125 0.0515625
0 0.74921875 0.38125 0.05 0.053125
0 0.98203125 0.43046875 0.0359375 0.0484375
0 0.4125 0.31796875 0.0453125 0.0515625
0 0.66484375 0.3671875 0.0578125 0.05
0 0.83984375 0.40390625 0.04375 0.046875
0 0.45078125 0.328125 0.0328125 0.0328125
0 0.92578125 0.4203125 0.053125 0.071875
0 0.3375 0.30625 0.034375 0.0421875
0 0.12890625 0.2765625 0.0421875 0.065625
0 0.53046875 0.35703125 0.0390625 0.0421875
0 0.55234375 0.36640625 0.0296875 0.040625
0 0.8671875 0.09921875 0.0234375 0.03125
0 0.59765625 0.046875 0.028125 0.0328125
0 0.94609375 0.44765625 0.0390625 0.0640625
0 0.44375 0.35 0.0421875 0.034375
0 0.85546875 0.43203125 0.0421875 0.034375
0 0.99453125 0.46484375 0.0109375 0.0390625
0 0.315625 0.33203125 0.05 0.053125
0 0.64296875 0.05546875 0.0234375 0.03125
0 0.7734375 0.428125 0.0609375 0.0640625
0 0.69765625 0.415625 0.05 0.053125
0 0.25390625 0.334375 0.046875 0.04375
0 0.31640625 0.00234375 0.0171875 0.0046875
0 0.39921875 0.36484375 0.0515625 0.0671875
0 0.4390625 0.375 0.03125 0.0453125
0 0.1703125 0.32734375 0.0515625 0.0625
0 0.540625 0.03828125 0.0234375 0.03125
0 0.5078125 0.03203125 0.028125 0.0328125
0 0.96328125 0.48203125 0.05 0.0796875
0 0.7375 0.440625 0.0390625 0.046875
0 0.6421875 0.42421875 0.0578125 0.071875
0 0.8171875 0.4578125 0.04375 0.046875
0 0.6703125 0.43671875 0.040625 0.05625
0 0.30546875 0.371875 0.0390625 0.046875
0 0.8515625 0.10078125 0.028125 0.028125
0 0.51171875 0.41484375 0.040625 0.06875
0 0.98125 0.5109375 0.0375 0.084375
0 0.68515625 0.45546875 0.0453125 0.05625
0 0.23046875 0.371875 0.046875 0.065625
0 0.915625 0.50546875 0.046875 0.065625
0 0.54453125 0.43984375 0.0546875 0.08125
0 0.83125 0.49609375 0.0578125 0.0765625
0 0.10390625 0.3546875 0.0375 0.0546875
0 0.7796875 0.49296875 0.053125 0.071875
0 0.371875 0.41640625 0.0421875 0.0609375
0 0.26953125 0.40078125 0.040625 0.0515625
0 0.8703125 0.525 0.0421875 0.0390625
0 0.7109375 0.49375 0.046875 0.065625
0 0.19765625 0.40625 0.0546875 0.08125
0 0.409375 0.44765625 0.0546875 0.08125
0 0.58359375 0.48515625 0.0421875 0.065625
0 0.3375 0.4375 0.046875 0.0609375
0 0.453125 0.46484375 0.0578125 0.0765625
0 0.746875 0.52890625 0.065625 0.0875
0 0.30546875 0.44296875 0.0578125 0.0765625
0 0.50625 0.49140625 0.0515625 0.0671875
0 0.23515625 0.00703125 0.0359375 0.0140625
0 0.87890625 0.578125 0.0671875 0.096875
0 0.6171875 0.52734375 0.0578125 0.0765625
0 0.65625 0.5421875 0.0484375 0.0703125
0 0.28125 0.00859375 0.025 0.0171875
0 0.32578125 0.0109375 0.0234375 0.021875
0 0.69609375 0.559375 0.0546875 0.0546875
0 0.53984375 0.54765625 0.053125 0.071875
0 0.42109375 0.54140625 0.0609375 0.06875
0 0.69921875 0.6046875 0.0578125 0.05
0 0.95703125 0.671875 0.05 0.0796875
0 0.20390625 0.00625 0.0296875 0.0125
0 0.79296875 0.10859375 0.0234375 0.03125
0 0.5703125 0.61484375 0.065625 0.0703125
0 0.68359375 0.0875 0.025 0.034375
0 0.83515625 0.66875 0.065625 0.0875
0 0.02265625 0.5109375 0.0453125 0.121875
0 0.646875 0.653125 0.046875 0.0609375
0 0.3984375 0.6078125 0.0671875 0.096875
0 0.540625 0.0625 0.0296875 0.0359375
0 0.70078125 0.09609375 0.025 0.034375
0 0.3125 0.628125 0.0671875 0.096875
0 0.85 0.7375 0.0625 0.078125
0 0.20234375 0.61171875 0.084375 0.121875
0 0.04921875 0.5890625 0.075 0.115625
0 0.5640625 0.715625 0.06875 0.109375
0 0.709375 0.74609375 0.0859375 0.13125
0 0.409375 0.04609375 0.034375 0.0421875
0 0.9328125 0.79453125 0.05625 0.15625
0 0.46875 0.7109375 0.0875 0.1125
0 0.6265625 0.74453125 0.08125 0.103125
0 0.64921875 0.0953125 0.025 0.034375
0 0.84140625 0.81875 0.0734375 0.084375
0 0.6046875 0.0984375 0.0296875 0.0359375