0 0.253125 0.32421875 0.03125 0.0453125
0 0.33515625 0.31953125 0.0453125 0.075
0 0.1578125 0.378125 0.05 0.0578125
0 0.2515625 0.3640625 0.0453125 0.05625
0 0.48125 0.34375 0.0453125 0.05625
0 0.86171875 0.2859375 0.0453125 0.075
0 0.5640625 0.353125 0.053125 0.071875
0 0.16640625 0.45859375 0.046875 0.065625
0 0.2875 0.4515625 0.046875 0.0609375
0 0.91328125 0.33203125 0.0546875 0.08125
0 0.5984375 0.4125 0.0421875 0.065625
0 0.3796875 0.4859375 0.05 0.075
0 0.70859375 0.01484375 0.0421875 0.0296875
0 0.19453125 0.540625 0.053125 0.071875
0 0.05078125 0.60390625 0.053125 0.071875
0 0.62265625 0.50234375 0.04375 0.0703125
0 0.496875 0.0453125 0.0390625 0.0640625
0 0.82109375 0.00703125 0.0390625 0.0140625
0 0.396875 0.5765625 0.046875 0.065625
0 0.61015625 0.0328125 0.0421875 0.0609375
0 0.4296875 0.68125 0.0390625 0.0640625
0 0.65546875 0.65859375 0.0453125 0.0796875
0 0.5828125 0.684375 0.0546875 0.08125
0 0.5015625 0.7734375 0.05 0.075
0 0.39140625 0.8 0.05 0.075
0 0.1015625 0.15078125 0.0359375 0.05
0 0.72734375 0.8234375 0.05 0.0796875
0 0.44609375 0.12578125 0.0421875 0.0609375
0 0.53515625 0.11328125 0.040625 0.05625
0 0.046875 0.20859375 0.0375 0.059375
0 0.86875 0.05546875 0.0375 0.059375
0 0.6171875 0.10703125 0.0421875 0.0609375
0 0.67890625 0.13515625 0.0421875 0.0609375
0 0.43828125 0.19375 0.0375 0.059375
0 0.5328125 0.18046875 0.04375 0.0703125
0 0.3140625 0.23671875 0.0421875 0.0609375
0 0.65 0.17890625 0.04375 0.0703125
0 0.090625 0.09375 0.0359375 0.05
0 0.825 0.15625 0.046875 0.065625
0 0.06640625 0.3203125 0.0421875 0.0609375
0 0.41796875 0.25859375 0.046875 0.0609375
0 0.57890625 0.2375 0.0421875 0.0609375
0 0.69296875 0.23203125 0.046875 0.0609375