0 0.7079326923076923 0.0829326923076923 0.040865384615384616 0.06009615384615385
0 0.013221153846153846 0.21514423076923078 0.026442307692307692 0.055288461538461536
0 0.43509615384615385 0.15144230769230768 0.04567307692307692 0.055288461538461536
0 0.6454326923076923 0.125 0.038461538461538464 0.05048076923076923
0 0.9278846153846154 0.0829326923076923 0.026442307692307692 0.036057692307692304
0 0.8221153846153846 0.10216346153846154 0.03365384615384615 0.05048076923076923
0 0.078125 0.21995192307692307 0.040865384615384616 0.06009615384615385
0 0.16947115384615385 0.21514423076923078 0.04807692307692308 0.06971153846153846
0 0.21153846153846154 0.21754807692307693 0.04807692307692308 0.06971153846153846
0 0.9206730769230769 0.10697115384615384 0.036057692307692304 0.055288461538461536
0 0.35096153846153844 0.19951923076923078 0.040865384615384616 0.06009615384615385
0 0.25 0.22355769230769232 0.04567307692307692 0.06490384615384616
0 0.5973557692307693 0.16826923076923078 0.036057692307692304 0.055288461538461536
0 0.7259615384615384 0.15264423076923078 0.03365384615384615 0.04567307692307692
0 0.41225961538461536 0.20192307692307693 0.05048076923076923 0.06490384615384616
0 0.2980769230769231 0.23076923076923078 0.04567307692307692 0.06490384615384616
0 0.6442307692307693 0.17908653846153846 0.040865384615384616 0.055288461538461536
0 0.018028846153846152 0.28966346153846156 0.036057692307692304 0.07451923076923077
0 0.7572115384615384 0.17067307692307693 0.04567307692307692 0.06490384615384616
0 0.890625 0.15264423076923078 0.04807692307692308 0.06971153846153846
0 0.08052884615384616 0.2932692307692308 0.040865384615384616 0.055288461538461536
0 0.8040865384615384 0.18028846153846154 0.038461538461538464 0.05048076923076923
0 0.34615384615384615 0.25240384615384615 0.038461538461538464 0.05048076923076923
0 0.7451923076923077 0.19831730769230768 0.040865384615384616 0.06009615384615385
0 0.109375 0.29927884615384615 0.040865384615384616 0.06009615384615385
0 0.46033653846153844 0.24639423076923078 0.04567307692307692 0.055288461538461536
0 0.5372596153846154 0.23557692307692307 0.04326923076923077 0.052884615384615384
0 0.5997596153846154 0.23076923076923078 0.040865384615384616 0.06009615384615385
0 0.14302884615384615 0.30288461538461536 0.040865384615384616 0.06009615384615385
0 0.6430288461538461 0.23677884615384615 0.040865384615384616 0.055288461538461536
0 0.20673076923076922 0.3088942307692308 0.04567307692307692 0.055288461538461536
0 0.32572115384615385 0.2932692307692308 0.04567307692307692 0.06009615384615385
0 0.49399038461538464 0.26802884615384615 0.040865384615384616 0.055288461538461536
0 0.07572115384615384 0.33653846153846156 0.036057692307692304 0.06009615384615385
0 0.7295673076923077 0.23798076923076922 0.04567307692307692 0.06009615384615385
0 0.05048076923076923 0.34615384615384615 0.040865384615384616 0.06009615384615385
0 0.2439903846153846 0.31971153846153844 0.038461538461538464 0.05048076923076923
0 0.8485576923076923 0.22716346153846154 0.040865384615384616 0.055288461538461536
0 0.3870192307692308 0.30528846153846156 0.038461538461538464 0.04567307692307692
0 0.8076923076923077 0.2403846153846154 0.040865384615384616 0.06009615384615385
0 0.018028846153846152 0.36899038461538464 0.036057692307692304 0.05048076923076923
0 0.4026442307692308 0.3161057692307692 0.040865384615384616 0.055288461538461536
0 0.9278846153846154 0.24278846153846154 0.04567307692307692 0.055288461538461536
0 0.6105769230769231 0.3076923076923077 0.040865384615384616 0.038461538461538464
0 0.11778846153846154 0.38341346153846156 0.04807692307692308 0.052884615384615384
0 0.7632211538461539 0.2824519230769231 0.04567307692307692 0.038461538461538464
0 0.23076923076923078 0.3713942307692308 0.04807692307692308 0.07451923076923077
0 0.33533653846153844 0.359375 0.038461538461538464 0.04567307692307692
0 0.390625 0.3581730769230769 0.05048076923076923 0.06009615384615385
0 0.04447115384615385 0.421875 0.05048076923076923 0.06009615384615385
0 0.5420673076923077 0.35096153846153844 0.04326923076923077 0.04807692307692308
0 0.43028846153846156 0.36899038461538464 0.040865384615384616 0.055288461538461536
0 0.6129807692307693 0.34134615384615385 0.038461538461538464 0.05048076923076923
0 0.7259615384615384 0.32572115384615385 0.055288461538461536 0.057692307692307696
0 0.9603365384615384 0.28846153846153844 0.026442307692307692 0.036057692307692304
0 0.765625 0.32211538461538464 0.038461538461538464 0.05048076923076923
0 0.14543269230769232 0.41947115384615385 0.055288461538461536 0.0625
0 0.8341346153846154 0.33052884615384615 0.04326923076923077 0.052884615384615384
0 0.9074519230769231 0.31850961538461536 0.04326923076923077 0.052884615384615384
0 0.5120192307692307 0.38341346153846156 0.05048076923076923 0.06490384615384616
0 0.5625 0.3798076923076923 0.05048076923076923 0.055288461538461536
0 0.8557692307692307 0.34975961538461536 0.04567307692307692 0.06009615384615385
0 0.03485576923076923 0.47716346153846156 0.040865384615384616 0.055288461538461536
0 0.26802884615384615 0.4579326923076923 0.04567307692307692 0.06009615384615385
0 0.3233173076923077 0.45072115384615385 0.04567307692307692 0.06490384615384616
0 0.7596153846153846 0.38341346153846156 0.05048076923076923 0.06009615384615385
0 0.4110576923076923 0.4387019230769231 0.055288461538461536 0.0625
0 0.2283653846153846 0.4723557692307692 0.04807692307692308 0.06971153846153846
0 0.6911057692307693 0.40625 0.04567307692307692 0.055288461538461536
0 0.0673076923076923 0.5048076923076923 0.040865384615384616 0.06490384615384616
0 0.1814903846153846 0.4891826923076923 0.038461538461538464 0.05048076923076923
0 0.015625 0.5240384615384616 0.03125 0.08173076923076923
0 0.43990384615384615 0.46033653846153844 0.040865384615384616 0.055288461538461536
0 0.5685096153846154 0.4411057692307692 0.040865384615384616 0.06009615384615385
0 0.4831730769230769 0.4579326923076923 0.04567307692307692 0.06490384615384616
0 0.8052884615384616 0.41346153846153844 0.04567307692307692 0.06009615384615385
0 0.16105769230769232 0.5180288461538461 0.04567307692307692 0.055288461538461536
0 0.6790865384615384 0.44350961538461536 0.04567307692307692 0.06009615384615385
0 0.8894230769230769 0.41225961538461536 0.036057692307692304 0.055288461538461536
0 0.2776442307692308 0.5192307692307693 0.04567307692307692 0.06490384615384616
0 0.39663461538461536 0.5012019230769231 0.04807692307692308 0.06971153846153846
0 0.921875 0.4254807692307692 0.040865384615384616 0.06490384615384616
0 0.0673076923076923 0.578125 0.04807692307692308 0.06971153846153846
0 0.17067307692307693 0.5805288461538461 0.04567307692307692 0.06009615384615385
0 0.9122596153846154 0.4675480769230769 0.04807692307692308 0.06971153846153846
0 0.8100961538461539 0.49399038461538464 0.03365384615384615 0.0673076923076923
0 0.8894230769230769 0.4807692307692308 0.052884615384615384 0.06971153846153846
0 0.7884615384615384 0.5012019230769231 0.052884615384615384 0.06971153846153846
0 0.6682692307692307 0.5552884615384616 0.04567307692307692 0.06490384615384616
0 0.38221153846153844 0.5997596153846154 0.052884615384615384 0.07451923076923077
0 0.27163461538461536 0.6370192307692307 0.05048076923076923 0.06490384615384616
0 0.056490384615384616 0.671875 0.052884615384615384 0.07451923076923077
0 0.9759615384615384 0.5348557692307693 0.04807692307692308 0.055288461538461536
0 0.49399038461538464 0.6225961538461539 0.052884615384615384 0.06971153846153846
0 0.8161057692307693 0.5973557692307693 0.04807692307692308 0.07451923076923077
0 0.1778846153846154 0.7007211538461539 0.052884615384615384 0.06971153846153846
0 0.8966346153846154 0.59375 0.040865384615384616 0.06490384615384616
0 0.9879807692307693 0.5817307692307693 0.02403846153846154 0.08173076923076923
0 0.7283653846153846 0.6262019230769231 0.04807692307692308 0.04807692307692308
0 0.14423076923076922 0.7512019230769231 0.06009615384615385 0.07692307692307693
0 0.5769230769230769 0.6826923076923077 0.04326923076923077 0.04807692307692308
0 0.3954326923076923 0.7139423076923077 0.0625 0.08173076923076923
0 0.6298076923076923 0.6814903846153846 0.040865384615384616 0.06009615384615385
0 0.7235576923076923 0.6694711538461539 0.055288461538461536 0.0673076923076923
0 0.8762019230769231 0.6514423076923077 0.057692307692307696 0.08173076923076923
0 0.31009615384615385 0.75 0.057692307692307696 0.08173076923076923
0 0.9326923076923077 0.6610576923076923 0.055288461538461536 0.0625
0 0.5841346153846154 0.7295673076923077 0.055288461538461536 0.07211538461538461
0 0.21875 0.8125 0.06009615384615385 0.07211538461538461
0 0.3713942307692308 0.8112980769230769 0.055288461538461536 0.07211538461538461