0 0.7896634615384616 0.006009615384615385 0.013221153846153846 0.01201923076923077
0 0.22596153846153846 0.057692307692307696 0.016826923076923076 0.016826923076923076
0 0.20432692307692307 0.578125 0.030048076923076924 0.042067307692307696
0 0.859375 0.5793269230769231 0.027644230769230768 0.030048076923076924
0 0.3605769230769231 0.05889423076923077 0.018028846153846152 0.021634615384615384
0 0.5336538461538461 0.05889423076923077 0.019230769230769232 0.02283653846153846
0 0.3737980769230769 0.05889423076923077 0.015625 0.016826923076923076
0 0.12740384615384615 0.5829326923076923 0.040865384615384616 0.039663461538461536
0 0.4723557692307692 0.05889423076923077 0.021634615384615384 0.020432692307692308
0 0.7475961538461539 0.05889423076923077 0.019230769230769232 0.019230769230769232
0 0.8365384615384616 0.59375 0.03485576923076923 0.04567307692307692
0 0.2668269230769231 0.59375 0.03485576923076923 0.036057692307692304
0 0.7259615384615384 0.5973557692307693 0.03125 0.03365384615384615
0 0.7692307692307693 0.5985576923076923 0.02283653846153846 0.038461538461538464
0 0.014423076923076924 0.5985576923076923 0.028846153846153848 0.028846153846153848
0 0.7427884615384616 0.5997596153846154 0.028846153846153848 0.038461538461538464
0 0.1935096153846154 0.6069711538461539 0.037259615384615384 0.03365384615384615
0 0.17908653846153846 0.609375 0.021634615384615384 0.03125
0 0.2764423076923077 0.6105769230769231 0.030048076923076924 0.042067307692307696
0 0.6418269230769231 0.6117788461538461 0.03365384615384615 0.04447115384615385
0 0.9639423076923077 0.6117788461538461 0.036057692307692304 0.05048076923076923
0 0.014423076923076924 0.06129807692307692 0.019230769230769232 0.019230769230769232
0 0.9098557692307693 0.6117788461538461 0.03245192307692308 0.042067307692307696
0 0.7355769230769231 0.0625 0.013221153846153846 0.020432692307692308
0 0.025240384615384616 0.6177884615384616 0.03365384615384615 0.03485576923076923
0 0.765625 0.0625 0.020432692307692308 0.02403846153846154
0 0.2920673076923077 0.0625 0.013221153846153846 0.020432692307692308
0 0.20432692307692307 0.0625 0.027644230769230768 0.025240384615384616
0 0.8617788461538461 0.6358173076923077 0.037259615384615384 0.04447115384615385
0 0.8882211538461539 0.6370192307692307 0.03365384615384615 0.042067307692307696
0 0.875 0.06370192307692307 0.014423076923076924 0.018028846153846152
0 0.7524038461538461 0.6418269230769231 0.03365384615384615 0.03485576923076923
0 0.23557692307692307 0.6478365384615384 0.030048076923076924 0.036057692307692304
0 0.06009615384615385 0.6574519230769231 0.03245192307692308 0.03485576923076923
0 0.8509615384615384 0.06610576923076923 0.015625 0.016826923076923076
0 0.24759615384615385 0.06610576923076923 0.018028846153846152 0.02403846153846154
0 0.39663461538461536 0.0673076923076923 0.015625 0.013221153846153846
0 0.7451923076923077 0.007211538461538462 0.01201923076923077 0.014423076923076924
0 0.9723557692307693 0.06850961538461539 0.015625 0.020432692307692308
0 0.7680288461538461 0.6887019230769231 0.03485576923076923 0.038461538461538464
0 0.014423076923076924 0.6887019230769231 0.027644230769230768 0.036057692307692304
0 0.3137019230769231 0.6887019230769231 0.04326923076923077 0.039663461538461536
0 0.22956730769230768 0.06971153846153846 0.015625 0.021634615384615384
0 0.046875 0.06971153846153846 0.018028846153846152 0.016826923076923076
0 0.0985576923076923 0.6983173076923077 0.039663461538461536 0.042067307692307696
0 0.8942307692307693 0.07091346153846154 0.018028846153846152 0.030048076923076924
0 0.12860576923076922 0.07091346153846154 0.019230769230769232 0.016826923076923076
0 0.10096153846153846 0.07091346153846154 0.015625 0.02283653846153846
0 0.9771634615384616 0.7115384615384616 0.039663461538461536 0.04927884615384615
0 0.5745192307692307 0.07091346153846154 0.015625 0.020432692307692308
0 0.01201923076923077 0.07211538461538461 0.02283653846153846 0.027644230769230768
0 0.8786057692307693 0.7151442307692307 0.03125 0.03245192307692308
0 0.17067307692307693 0.07211538461538461 0.02283653846153846 0.026442307692307692
0 0.07572115384615384 0.07211538461538461 0.016826923076923076 0.02403846153846154
0 0.8185096153846154 0.7259615384615384 0.03245192307692308 0.04567307692307692
0 0.018028846153846152 0.7319711538461539 0.03485576923076923 0.046875
0 0.6418269230769231 0.7367788461538461 0.03245192307692308 0.036057692307692304
0 0.8076923076923077 0.07451923076923077 0.02283653846153846 0.02403846153846154
0 0.18990384615384615 0.7391826923076923 0.030048076923076924 0.037259615384615384
0 0.1045673076923077 0.007211538461538462 0.016826923076923076 0.014423076923076924
0 0.055288461538461536 0.7536057692307693 0.03245192307692308 0.04447115384615385
0 0.21875 0.7536057692307693 0.02403846153846154 0.03485576923076923
0 0.5961538461538461 0.7560096153846154 0.036057692307692304 0.054086538461538464
0 0.7139423076923077 0.7572115384615384 0.039663461538461536 0.04807692307692308
0 0.21754807692307693 0.07692307692307693 0.026442307692307692 0.025240384615384616
0 0.9206730769230769 0.765625 0.03125 0.04447115384615385
0 0.1658653846153846 0.7680288461538461 0.036057692307692304 0.046875
0 0.34134615384615385 0.7716346153846154 0.030048076923076924 0.042067307692307696
0 0.5216346153846154 0.078125 0.020432692307692308 0.02403846153846154
0 0.6814903846153846 0.7920673076923077 0.039663461538461536 0.042067307692307696
0 0.8786057692307693 0.7956730769230769 0.03485576923076923 0.040865384615384616
0 0.29927884615384615 0.8004807692307693 0.037259615384615384 0.04326923076923077
0 0.5697115384615384 0.008413461538461538 0.020432692307692308 0.015625
0 0.7608173076923077 0.008413461538461538 0.015625 0.015625
0 0.45552884615384615 0.008413461538461538 0.020432692307692308 0.015625
0 0.23918269230769232 0.8028846153846154 0.03125 0.04807692307692308
0 0.78125 0.8052884615384616 0.039663461538461536 0.04807692307692308
0 0.2620192307692308 0.08052884615384616 0.021634615384615384 0.027644230769230768
0 0.4879807692307692 0.08173076923076923 0.020432692307692308 0.021634615384615384
0 0.640625 0.8221153846153846 0.03365384615384615 0.052884615384615384
0 0.7079326923076923 0.8233173076923077 0.030048076923076924 0.04447115384615385
0 0.3629807692307692 0.0829326923076923 0.020432692307692308 0.020432692307692308
0 0.28125 0.0829326923076923 0.018028846153846152 0.019230769230769232
0 0.9903846153846154 0.0829326923076923 0.01201923076923077 0.016826923076923076
0 0.040865384615384616 0.8293269230769231 0.04807692307692308 0.04927884615384615
0 0.12139423076923077 0.08413461538461539 0.014423076923076924 0.020432692307692308
0 0.39783653846153844 0.08413461538461539 0.018028846153846152 0.02403846153846154
0 0.14543269230769232 0.8401442307692307 0.039663461538461536 0.04326923076923077
0 0.26802884615384615 0.8401442307692307 0.028846153846153848 0.038461538461538464
0 0.37740384615384615 0.8461538461538461 0.042067307692307696 0.05889423076923077
0 0.5757211538461539 0.8485576923076923 0.03245192307692308 0.05048076923076923
0 0.23677884615384615 0.8521634615384616 0.03485576923076923 0.042067307692307696
0 0.7451923076923077 0.08533653846153846 0.018028846153846152 0.021634615384615384
0 0.8846153846153846 0.08533653846153846 0.015625 0.019230769230769232
0 0.0829326923076923 0.008413461538461538 0.018028846153846152 0.016826923076923076
0 0.5348557692307693 0.008413461538461538 0.026442307692307692 0.016826923076923076
0 0.3004807692307692 0.8641826923076923 0.027644230769230768 0.04567307692307692
0 0.8689903846153846 0.08774038461538461 0.019230769230769232 0.027644230769230768
0 0.8978365384615384 0.08774038461538461 0.014423076923076924 0.021634615384615384
0 0.9663461538461539 0.8846153846153846 0.03245192307692308 0.038461538461538464
0 0.8846153846153846 0.8870192307692307 0.04326923076923077 0.038461538461538464
0 0.24278846153846154 0.8918269230769231 0.03245192307692308 0.04927884615384615
0 0.7475961538461539 0.8930288461538461 0.037259615384615384 0.040865384615384616
0 0.052884615384615384 0.09014423076923077 0.026442307692307692 0.02283653846153846
0 0.15625 0.09014423076923077 0.021634615384615384 0.021634615384615384
0 0.6971153846153846 0.8978365384615384 0.039663461538461536 0.05048076923076923
0 0.010817307692307692 0.8990384615384616 0.021634615384615384 0.042067307692307696
0 0.07572115384615384 0.90625 0.042067307692307696 0.051682692307692304
0 0.6033653846153846 0.9074519230769231 0.028846153846153848 0.03365384615384615
0 0.4567307692307692 0.09134615384615384 0.013221153846153846 0.015625
0 0.28846153846153844 0.9146634615384616 0.03485576923076923 0.055288461538461536
0 0.5877403846153846 0.009615384615384616 0.015625 0.019230769230769232
0 0.9014423076923077 0.009615384615384616 0.018028846153846152 0.019230769230769232
0 0.8329326923076923 0.9206730769230769 0.03245192307692308 0.042067307692307696
0 0.8401442307692307 0.09254807692307693 0.02283653846153846 0.027644230769230768
0 0.3245192307692308 0.09254807692307693 0.02283653846153846 0.021634615384615384
0 0.5673076923076923 0.09254807692307693 0.015625 0.02283653846153846
0 0.09975961538461539 0.9278846153846154 0.040865384615384616 0.05048076923076923
0 0.6274038461538461 0.9362980769230769 0.039663461538461536 0.04567307692307692
0 0.13942307692307693 0.9362980769230769 0.03245192307692308 0.038461538461538464
0 0.8677884615384616 0.9375 0.03485576923076923 0.046875
0 0.9326923076923077 0.9423076923076923 0.037259615384615384 0.05048076923076923
0 0.7271634615384616 0.09495192307692307 0.02403846153846154 0.02283653846153846
0 0.7403846153846154 0.9519230769230769 0.046875 0.04807692307692308
0 0.9194711538461539 0.09615384615384616 0.014423076923076924 0.025240384615384616
0 0.5564903846153846 0.9639423076923077 0.04326923076923077 0.039663461538461536
0 0.3870192307692308 0.09615384615384616 0.020432692307692308 0.02403846153846154
0 0.9771634615384616 0.09735576923076923 0.016826923076923076 0.026442307692307692
0 0.037259615384615384 0.009615384615384616 0.021634615384615384 0.019230769230769232
0 0.9086538461538461 0.9735576923076923 0.04447115384615385 0.042067307692307696
0 0.14783653846153846 0.9795673076923077 0.04567307692307692 0.037259615384615384
0 0.1935096153846154 0.09975961538461539 0.02283653846153846 0.027644230769230768
0 0.44711538461538464 0.09975961538461539 0.019230769230769232 0.02283653846153846
0 0.53125 0.10216346153846154 0.019230769230769232 0.027644230769230768
0 0.47836538461538464 0.010817307692307692 0.015625 0.019230769230769232
0 0.12259615384615384 0.010817307692307692 0.018028846153846152 0.020432692307692308
0 0.030048076923076924 0.10336538461538461 0.020432692307692308 0.026442307692307692
0 0.29927884615384615 0.10576923076923077 0.019230769230769232 0.02403846153846154
0 0.828125 0.10576923076923077 0.025240384615384616 0.027644230769230768
0 0.4807692307692308 0.10576923076923077 0.025240384615384616 0.027644230769230768
0 0.22115384615384615 0.10697115384615384 0.025240384615384616 0.030048076923076924
0 0.859375 0.10817307692307693 0.021634615384615384 0.021634615384615384
0 0.3449519230769231 0.10817307692307693 0.018028846153846152 0.021634615384615384
0 0.016826923076923076 0.010817307692307692 0.020432692307692308 0.021634615384615384
0 0.9507211538461539 0.010817307692307692 0.021634615384615384 0.021634615384615384
0 0.3581730769230769 0.109375 0.02283653846153846 0.021634615384615384
0 0.9639423076923077 0.109375 0.019230769230769232 0.02403846153846154
0 0.12740384615384615 0.11057692307692307 0.020432692307692308 0.025240384615384616
0 0.2776442307692308 0.11057692307692307 0.027644230769230768 0.025240384615384616
0 0.40024038461538464 0.11057692307692307 0.021634615384615384 0.025240384615384616
0 0.16947115384615385 0.11177884615384616 0.025240384615384616 0.028846153846153848
0 0.2512019230769231 0.11177884615384616 0.030048076923076924 0.02403846153846154
0 0.23197115384615385 0.11298076923076923 0.027644230769230768 0.02403846153846154
0 0.4254807692307692 0.11778846153846154 0.020432692307692308 0.026442307692307692
0 0.9050480769230769 0.11899038461538461 0.018028846153846152 0.02283653846153846
0 0.13822115384615385 0.01201923076923077 0.015625 0.019230769230769232
0 0.7487980769230769 0.12139423076923077 0.021634615384615384 0.019230769230769232
0 0.5 0.12259615384615384 0.021634615384615384 0.021634615384615384
0 0.9326923076923077 0.12259615384615384 0.021634615384615384 0.021634615384615384
0 0.5132211538461539 0.013221153846153846 0.025240384615384616 0.02403846153846154
0 0.8473557692307693 0.013221153846153846 0.018028846153846152 0.02283653846153846
0 0.9254807692307693 0.013221153846153846 0.018028846153846152 0.025240384615384616
0 0.054086538461538464 0.12620192307692307 0.019230769230769232 0.019230769230769232
0 0.4567307692307692 0.12860576923076922 0.016826923076923076 0.020432692307692308
0 0.9807692307692307 0.12860576923076922 0.02283653846153846 0.028846153846153848
0 0.8834134615384616 0.12980769230769232 0.015625 0.021634615384615384
0 0.20072115384615385 0.1310096153846154 0.025240384615384616 0.027644230769230768
0 0.2536057692307692 0.013221153846153846 0.02283653846153846 0.015625
0 0.8004807692307693 0.13221153846153846 0.019230769230769232 0.02283653846153846
0 0.01201923076923077 0.13221153846153846 0.015625 0.02283653846153846
0 0.47475961538461536 0.13221153846153846 0.014423076923076924 0.016826923076923076
0 0.14543269230769232 0.13341346153846154 0.020432692307692308 0.02403846153846154
0 0.3581730769230769 0.1346153846153846 0.020432692307692308 0.025240384615384616
0 0.22716346153846154 0.13701923076923078 0.020432692307692308 0.027644230769230768
0 0.9915865384615384 0.13822115384615385 0.016826923076923076 0.021634615384615384
0 0.328125 0.13822115384615385 0.025240384615384616 0.026442307692307692
0 0.5216346153846154 0.13822115384615385 0.020432692307692308 0.02283653846153846
0 0.7560096153846154 0.13822115384615385 0.02283653846153846 0.028846153846153848
0 0.8665865384615384 0.140625 0.018028846153846152 0.025240384615384616
0 0.4831730769230769 0.140625 0.018028846153846152 0.021634615384615384
0 0.5204326923076923 0.140625 0.02283653846153846 0.018028846153846152
0 0.9194711538461539 0.140625 0.02283653846153846 0.021634615384615384
0 0.046875 0.140625 0.018028846153846152 0.021634615384615384
0 0.7740384615384616 0.14302884615384615 0.021634615384615384 0.026442307692307692
0 0.28365384615384615 0.14302884615384615 0.014423076923076924 0.02283653846153846
0 0.44350961538461536 0.14423076923076922 0.025240384615384616 0.02283653846153846
0 0.2536057692307692 0.1466346153846154 0.025240384615384616 0.019230769230769232
0 0.44350961538461536 0.014423076923076924 0.016826923076923076 0.018028846153846152
0 0.03365384615384615 0.1502403846153846 0.016826923076923076 0.02283653846153846
0 0.7367788461538461 0.15264423076923078 0.027644230769230768 0.02283653846153846
0 0.7872596153846154 0.15504807692307693 0.020432692307692308 0.02403846153846154
0 0.2980769230769231 0.15504807692307693 0.021634615384615384 0.02283653846153846
0 0.9002403846153846 0.15625 0.020432692307692308 0.02403846153846154
0 0.5132211538461539 0.15745192307692307 0.021634615384615384 0.030048076923076924
0 0.8064903846153846 0.15865384615384615 0.020432692307692308 0.021634615384615384
0 0.39663461538461536 0.15865384615384615 0.030048076923076924 0.028846153846153848
0 0.140625 0.15865384615384615 0.02283653846153846 0.03125
0 0.9507211538461539 0.15985576923076922 0.025240384615384616 0.025240384615384616
0 0.9795673076923077 0.16105769230769232 0.015625 0.02403846153846154
0 0.8341346153846154 0.16105769230769232 0.027644230769230768 0.02403846153846154
0 0.234375 0.16346153846153846 0.018028846153846152 0.03245192307692308
0 0.484375 0.16466346153846154 0.019230769230769232 0.025240384615384616
0 0.2548076923076923 0.1658653846153846 0.020432692307692308 0.02403846153846154
0 0.7860576923076923 0.16706730769230768 0.02283653846153846 0.02403846153846154
0 0.8617788461538461 0.16706730769230768 0.025240384615384616 0.03485576923076923
0 0.9927884615384616 0.16826923076923078 0.013221153846153846 0.02403846153846154
0 0.71875 0.16947115384615385 0.02403846153846154 0.015625
0 0.4050480769230769 0.018028846153846152 0.018028846153846152 0.02283653846153846
0 0.7307692307692307 0.17307692307692307 0.02283653846153846 0.02283653846153846
0 0.3641826923076923 0.17427884615384615 0.027644230769230768 0.027644230769230768
0 0.5192307692307693 0.17427884615384615 0.021634615384615384 0.02283653846153846
0 0.12259615384615384 0.17668269230769232 0.018028846153846152 0.025240384615384616
0 0.7427884615384616 0.18028846153846154 0.020432692307692308 0.026442307692307692
0 0.08653846153846154 0.1814903846153846 0.02283653846153846 0.021634615384615384
0 0.21153846153846154 0.18389423076923078 0.025240384615384616 0.027644230769230768
0 0.8269230769230769 0.18389423076923078 0.02283653846153846 0.02283653846153846
0 0.04927884615384615 0.18389423076923078 0.018028846153846152 0.02403846153846154
0 0.4014423076923077 0.18509615384615385 0.027644230769230768 0.027644230769230768
0 0.3449519230769231 0.18509615384615385 0.021634615384615384 0.025240384615384616
0 0.7091346153846154 0.18629807692307693 0.028846153846153848 0.026442307692307692
0 0.18389423076923078 0.1875 0.025240384615384616 0.027644230769230768
0 0.7704326923076923 0.19110576923076922 0.03245192307692308 0.03365384615384615
0 0.10697115384615384 0.19110576923076922 0.027644230769230768 0.027644230769230768
0 0.36177884615384615 0.19110576923076922 0.020432692307692308 0.019230769230769232
0 0.46153846153846156 0.19230769230769232 0.02283653846153846 0.027644230769230768
0 0.019230769230769232 0.19230769230769232 0.025240384615384616 0.027644230769230768
0 0.4411057692307692 0.19471153846153846 0.016826923076923076 0.021634615384615384
0 0.3004807692307692 0.19471153846153846 0.025240384615384616 0.021634615384615384
0 0.06610576923076923 0.1971153846153846 0.025240384615384616 0.028846153846153848
0 0.9639423076923077 0.19831730769230768 0.020432692307692308 0.02403846153846154
0 0.2439903846153846 0.19951923076923078 0.025240384615384616 0.030048076923076924
0 0.8485576923076923 0.20192307692307693 0.020432692307692308 0.030048076923076924
0 0.265625 0.20432692307692307 0.025240384615384616 0.026442307692307692
0 0.8125 0.20552884615384615 0.020432692307692308 0.021634615384615384
0 0.35096153846153844 0.20673076923076922 0.021634615384615384 0.021634615384615384
0 0.3076923076923077 0.20793269230769232 0.020432692307692308 0.020432692307692308
0 0.7115384615384616 0.21033653846153846 0.02283653846153846 0.02403846153846154
0 0.42788461538461536 0.21033653846153846 0.025240384615384616 0.026442307692307692
0 0.7620192307692307 0.2127403846153846 0.018028846153846152 0.02403846153846154
0 0.3894230769230769 0.21754807692307693 0.026442307692307692 0.03125
0 0.020432692307692308 0.21995192307692307 0.025240384615384616 0.030048076923076924
0 0.22115384615384615 0.22115384615384615 0.020432692307692308 0.02403846153846154
0 0.040865384615384616 0.22115384615384615 0.026442307692307692 0.02283653846153846
0 0.9206730769230769 0.22235576923076922 0.018028846153846152 0.019230769230769232
0 0.96875 0.22716346153846154 0.03245192307692308 0.030048076923076924
0 0.13701923076923078 0.2283653846153846 0.02283653846153846 0.02403846153846154
0 0.42788461538461536 0.2283653846153846 0.02283653846153846 0.026442307692307692
0 0.05889423076923077 0.02283653846153846 0.013221153846153846 0.018028846153846152
0 0.35697115384615385 0.22956730769230768 0.027644230769230768 0.03365384615384615
0 0.3088942307692308 0.23197115384615385 0.03485576923076923 0.026442307692307692
0 0.07091346153846154 0.23197115384615385 0.025240384615384616 0.030048076923076924
0 0.7836538461538461 0.23317307692307693 0.030048076923076924 0.030048076923076924
0 0.8341346153846154 0.23317307692307693 0.025240384615384616 0.025240384615384616
0 0.7728365384615384 0.02403846153846154 0.02283653846153846 0.02283653846153846
0 0.890625 0.02403846153846154 0.02283653846153846 0.030048076923076924
0 0.09975961538461539 0.02403846153846154 0.02283653846153846 0.025240384615384616
0 0.26322115384615385 0.234375 0.019230769230769232 0.020432692307692308
0 0.4891826923076923 0.234375 0.025240384615384616 0.03245192307692308
0 0.7163461538461539 0.23557692307692307 0.026442307692307692 0.03125
0 0.8858173076923077 0.23557692307692307 0.020432692307692308 0.030048076923076924
0 0.9014423076923077 0.23677884615384615 0.018028846153846152 0.02403846153846154
0 0.984375 0.24158653846153846 0.027644230769230768 0.030048076923076924
0 0.33052884615384615 0.24158653846153846 0.020432692307692308 0.03125
0 0.21514423076923078 0.2439903846153846 0.025240384615384616 0.030048076923076924
0 0.16466346153846154 0.24519230769230768 0.02283653846153846 0.02283653846153846
0 0.7680288461538461 0.24759615384615385 0.02283653846153846 0.027644230769230768
0 0.8581730769230769 0.24759615384615385 0.027644230769230768 0.027644230769230768
0 0.046875 0.25 0.02403846153846154 0.027644230769230768
0 0.8137019230769231 0.2512019230769231 0.02283653846153846 0.025240384615384616
0 0.12620192307692307 0.25240384615384615 0.027644230769230768 0.03365384615384615
0 0.2644230769230769 0.25600961538461536 0.02283653846153846 0.02403846153846154
0 0.3016826923076923 0.2608173076923077 0.020432692307692308 0.026442307692307692
0 0.4050480769230769 0.2608173076923077 0.020432692307692308 0.021634615384615384
0 0.4170673076923077 0.2608173076923077 0.020432692307692308 0.02403846153846154
0 0.9507211538461539 0.26322115384615385 0.027644230769230768 0.02403846153846154
0 0.14302884615384615 0.026442307692307692 0.018028846153846152 0.018028846153846152
0 0.7163461538461539 0.26322115384615385 0.02403846153846154 0.016826923076923076
0 0.2247596153846154 0.26322115384615385 0.020432692307692308 0.027644230769230768
0 0.875 0.2644230769230769 0.040865384615384616 0.03365384615384615
0 0.16105769230769232 0.26802884615384615 0.028846153846153848 0.03485576923076923
0 0.06490384615384616 0.2692307692307692 0.025240384615384616 0.03125
0 0.20192307692307693 0.2704326923076923 0.026442307692307692 0.027644230769230768
0 0.8100961538461539 0.2704326923076923 0.027644230769230768 0.028846153846153848
0 0.8377403846153846 0.27163461538461536 0.02283653846153846 0.030048076923076924
0 0.9086538461538461 0.27403846153846156 0.027644230769230768 0.03365384615384615
0 0.4579326923076923 0.27524038461538464 0.025240384615384616 0.030048076923076924
0 0.7259615384615384 0.2764423076923077 0.02283653846153846 0.02403846153846154
0 0.36899038461538464 0.27884615384615385 0.021634615384615384 0.019230769230769232
0 0.21514423076923078 0.028846153846153848 0.018028846153846152 0.019230769230769232
0 0.3161057692307692 0.2860576923076923 0.02283653846153846 0.028846153846153848
0 0.010817307692307692 0.28725961538461536 0.021634615384615384 0.028846153846153848
0 0.1201923076923077 0.28846153846153844 0.03485576923076923 0.03245192307692308
0 0.9495192307692307 0.28846153846153844 0.03485576923076923 0.039663461538461536
0 0.8545673076923077 0.28846153846153844 0.021634615384615384 0.028846153846153848
0 0.3401442307692308 0.29086538461538464 0.016826923076923076 0.026442307692307692
0 0.21754807692307693 0.2920673076923077 0.027644230769230768 0.03125
0 0.6899038461538461 0.2920673076923077 0.027644230769230768 0.026442307692307692
0 0.36177884615384615 0.29927884615384615 0.020432692307692308 0.027644230769230768
0 0.41947115384615385 0.29927884615384615 0.02283653846153846 0.025240384615384616
0 0.27163461538461536 0.3016826923076923 0.030048076923076924 0.03125
0 0.5841346153846154 0.030048076923076924 0.014423076923076924 0.021634615384615384
0 0.8966346153846154 0.30408653846153844 0.02283653846153846 0.021634615384615384
0 0.4699519230769231 0.30528846153846156 0.026442307692307692 0.028846153846153848
0 0.41947115384615385 0.03125 0.025240384615384616 0.021634615384615384
0 0.7872596153846154 0.31009615384615385 0.027644230769230768 0.03365384615384615
0 0.8509615384615384 0.3125 0.027644230769230768 0.03485576923076923
0 0.09134615384615384 0.3137019230769231 0.027644230769230768 0.036057692307692304
0 0.25600961538461536 0.03125 0.018028846153846152 0.02403846153846154
0 0.1201923076923077 0.3161057692307692 0.025240384615384616 0.027644230769230768
0 0.9927884615384616 0.3161057692307692 0.014423076923076924 0.03245192307692308
0 0.8473557692307693 0.03245192307692308 0.018028846153846152 0.021634615384615384
0 0.8257211538461539 0.32211538461538464 0.02283653846153846 0.030048076923076924
0 0.2127403846153846 0.3233173076923077 0.025240384615384616 0.027644230769230768
0 0.7980769230769231 0.3245192307692308 0.025240384615384616 0.03125
0 0.18990384615384615 0.03245192307692308 0.02283653846153846 0.025240384615384616
0 0.9543269230769231 0.03245192307692308 0.015625 0.019230769230769232
0 0.9014423076923077 0.32572115384615385 0.02283653846153846 0.03245192307692308
0 0.15144230769230768 0.3269230769230769 0.02283653846153846 0.025240384615384616
0 0.014423076923076924 0.328125 0.027644230769230768 0.03485576923076923
0 0.4206730769230769 0.328125 0.027644230769230768 0.030048076923076924
0 0.7067307692307693 0.3329326923076923 0.018028846153846152 0.026442307692307692
0 0.8858173076923077 0.33413461538461536 0.02403846153846154 0.03365384615384615
0 0.7235576923076923 0.3389423076923077 0.027644230769230768 0.03245192307692308
0 0.3088942307692308 0.3401442307692308 0.025240384615384616 0.02283653846153846
0 0.22355769230769232 0.34134615384615385 0.02283653846153846 0.03125
0 0.46153846153846156 0.3449519230769231 0.027644230769230768 0.03485576923076923
0 0.7764423076923077 0.34615384615384615 0.025240384615384616 0.03365384615384615
0 0.12980769230769232 0.34615384615384615 0.03245192307692308 0.027644230769230768
0 0.19951923076923078 0.34615384615384615 0.019230769230769232 0.021634615384615384
0 0.171875 0.3473557692307692 0.025240384615384616 0.03245192307692308
0 0.38461538461538464 0.3473557692307692 0.027644230769230768 0.030048076923076924
0 0.35216346153846156 0.35216346153846156 0.027644230769230768 0.025240384615384616
0 0.9362980769230769 0.3545673076923077 0.03125 0.03125
0 0.9771634615384616 0.359375 0.027644230769230768 0.03125
0 0.8689903846153846 0.036057692307692304 0.019230769230769232 0.02403846153846154
0 0.44591346153846156 0.036057692307692304 0.018028846153846152 0.013221153846153846
0 0.040865384615384616 0.3605769230769231 0.030048076923076924 0.03365384615384615
0 0.3161057692307692 0.36177884615384615 0.026442307692307692 0.039663461538461536
0 0.8257211538461539 0.36538461538461536 0.027644230769230768 0.030048076923076924
0 0.28846153846153844 0.36538461538461536 0.028846153846153848 0.030048076923076924
0 0.25961538461538464 0.36658653846153844 0.030048076923076924 0.03485576923076923
0 0.7475961538461539 0.3701923076923077 0.025240384615384616 0.038461538461538464
0 0.15625 0.037259615384615384 0.018028846153846152 0.02403846153846154
0 0.125 0.37259615384615385 0.025240384615384616 0.027644230769230768
0 0.7055288461538461 0.3737980769230769 0.025240384615384616 0.030048076923076924
0 0.026442307692307692 0.037259615384615384 0.019230769230769232 0.027644230769230768
0 0.19951923076923078 0.3798076923076923 0.030048076923076924 0.03365384615384615
0 0.9290865384615384 0.38341346153846156 0.026442307692307692 0.036057692307692304
0 0.7728365384615384 0.38461538461538464 0.02283653846153846 0.03485576923076923
0 0.6790865384615384 0.3858173076923077 0.02283653846153846 0.03125
0 0.8245192307692307 0.3870192307692308 0.02283653846153846 0.03365384615384615
0 0.08052884615384616 0.38822115384615385 0.02283653846153846 0.026442307692307692
0 0.8581730769230769 0.3918269230769231 0.02283653846153846 0.027644230769230768
0 0.3858173076923077 0.3942307692307692 0.025240384615384616 0.03125
0 0.013221153846153846 0.39783653846153844 0.02403846153846154 0.028846153846153848
0 0.46033653846153844 0.039663461538461536 0.018028846153846152 0.019230769230769232
0 0.9807692307692307 0.40024038461538464 0.025240384615384616 0.03125
0 0.9026442307692307 0.40384615384615385 0.020432692307692308 0.03365384615384615
0 0.26322115384615385 0.40384615384615385 0.02283653846153846 0.030048076923076924
0 0.2091346153846154 0.40625 0.030048076923076924 0.03245192307692308
0 0.046875 0.40625 0.027644230769230768 0.030048076923076924
0 0.3701923076923077 0.4074519230769231 0.027644230769230768 0.03485576923076923
0 0.009615384615384616 0.040865384615384616 0.018028846153846152 0.027644230769230768
0 0.8798076923076923 0.040865384615384616 0.018028846153846152 0.016826923076923076
0 0.7668269230769231 0.41586538461538464 0.02403846153846154 0.036057692307692304
0 0.6670673076923077 0.4182692307692308 0.03245192307692308 0.030048076923076924
0 0.23798076923076922 0.41947115384615385 0.021634615384615384 0.025240384615384616
0 0.16826923076923078 0.41947115384615385 0.019230769230769232 0.02403846153846154
0 0.9254807692307693 0.042067307692307696 0.015625 0.015625
0 0.008413461538461538 0.421875 0.016826923076923076 0.016826923076923076
0 0.9014423076923077 0.42427884615384615 0.03485576923076923 0.03245192307692308
0 0.8293269230769231 0.42788461538461536 0.030048076923076924 0.039663461538461536
0 0.28846153846153844 0.42788461538461536 0.020432692307692308 0.02403846153846154
0 0.7451923076923077 0.42908653846153844 0.030048076923076924 0.028846153846153848
0 0.27283653846153844 0.04447115384615385 0.015625 0.019230769230769232
0 0.16826923076923078 0.44591346153846156 0.027644230769230768 0.03485576923076923
0 0.13822115384615385 0.4495192307692308 0.03485576923076923 0.036057692307692304
0 0.9699519230769231 0.04567307692307692 0.013221153846153846 0.019230769230769232
0 0.39302884615384615 0.453125 0.030048076923076924 0.03245192307692308
0 0.3329326923076923 0.453125 0.026442307692307692 0.03125
0 0.2980769230769231 0.4543269230769231 0.026442307692307692 0.03125
0 0.234375 0.4543269230769231 0.037259615384615384 0.039663461538461536
0 0.8461538461538461 0.46033653846153844 0.03245192307692308 0.04447115384615385
0 0.6586538461538461 0.46033653846153844 0.026442307692307692 0.03245192307692308
0 0.016826923076923076 0.4639423076923077 0.027644230769230768 0.036057692307692304
0 0.25961538461538464 0.46634615384615385 0.027644230769230768 0.039663461538461536
0 0.9603365384615384 0.046875 0.020432692307692308 0.02283653846153846
0 0.5108173076923077 0.046875 0.020432692307692308 0.02403846153846154
0 0.34615384615384615 0.04807692307692308 0.02283653846153846 0.020432692307692308
0 0.8930288461538461 0.47596153846153844 0.03245192307692308 0.04447115384615385
0 0.9002403846153846 0.04807692307692308 0.018028846153846152 0.013221153846153846
0 0.08653846153846154 0.4855769230769231 0.03245192307692308 0.03125
0 0.32572115384615385 0.04927884615384615 0.020432692307692308 0.021634615384615384
0 0.18509615384615385 0.49278846153846156 0.02283653846153846 0.03485576923076923
0 0.6538461538461539 0.4963942307692308 0.037259615384615384 0.039663461538461536
0 0.9915865384615384 0.04927884615384615 0.016826923076923076 0.02403846153846154
0 0.78125 0.4987980769230769 0.030048076923076924 0.03485576923076923
0 0.8221153846153846 0.5024038461538461 0.020432692307692308 0.026442307692307692
0 0.33774038461538464 0.5072115384615384 0.030048076923076924 0.038461538461538464
0 0.4495192307692308 0.05048076923076923 0.018028846153846152 0.020432692307692308
0 0.02283653846153846 0.5120192307692307 0.027644230769230768 0.04447115384615385
0 0.7307692307692307 0.5132211538461539 0.028846153846153848 0.030048076923076924
0 0.5444711538461539 0.051682692307692304 0.014423076923076924 0.019230769230769232
0 0.8473557692307693 0.5144230769230769 0.037259615384615384 0.04447115384615385
0 0.5612980769230769 0.052884615384615384 0.016826923076923076 0.016826923076923076
0 0.6177884615384616 0.5216346153846154 0.025240384615384616 0.03485576923076923
0 0.07211538461538461 0.5228365384615384 0.037259615384615384 0.036057692307692304
0 0.9519230769230769 0.5240384615384616 0.027644230769230768 0.03365384615384615
0 0.21875 0.53125 0.027644230769230768 0.042067307692307696
0 0.14903846153846154 0.5324519230769231 0.03485576923076923 0.04326923076923077
0 0.7211538461538461 0.5348557692307693 0.021634615384615384 0.028846153846153848
0 0.3088942307692308 0.5360576923076923 0.02403846153846154 0.036057692307692304
0 0.6670673076923077 0.5372596153846154 0.025240384615384616 0.038461538461538464
0 0.36177884615384615 0.5384615384615384 0.025240384615384616 0.03485576923076923
0 0.3449519230769231 0.5516826923076923 0.02283653846153846 0.042067307692307696
0 0.4891826923076923 0.055288461538461536 0.018028846153846152 0.018028846153846152
0 0.1466346153846154 0.055288461538461536 0.019230769230769232 0.021634615384615384
0 0.4206730769230769 0.055288461538461536 0.018028846153846152 0.018028846153846152
0 0.6310096153846154 0.5612980769230769 0.037259615384615384 0.040865384615384616
0 0.8112980769230769 0.5649038461538461 0.036057692307692304 0.04567307692307692
0 0.39663461538461536 0.056490384615384616 0.018028846153846152 0.018028846153846152
0 0.09254807692307693 0.5697115384615384 0.03245192307692308 0.039663461538461536