0 0.76171875 0.2734375 0.025 0.04375
0 0.81015625 0.265625 0.03125 0.053125
0 0.2109375 0.3609375 0.01875 0.0296875
0 0.49453125 0.31796875 0.0234375 0.03125
0 0.6640625 0.29140625 0.025 0.0484375
0 0.91796875 0.25078125 0.0296875 0.0484375
0 0.65 0.29609375 0.0171875 0.025
0 0.13828125 0.37734375 0.028125 0.0359375
0 0.78046875 0.275 0.03125 0.053125
0 0.575 0.31015625 0.025 0.0390625
0 0.31015625 0.35234375 0.0234375 0.034375
0 0.60546875 0.30546875 0.0203125 0.0390625
0 0.4546875 0.33125 0.0234375 0.03125
0 0.3859375 0.3421875 0.021875 0.0265625
0 0.26015625 0.36484375 0.01875 0.0296875
0 0.6265625 0.30703125 0.021875 0.0265625
0 0.9484375 0.25546875 0.03125 0.053125
0 0.43046875 0.33984375 0.0234375 0.034375
0 0.85859375 0.2796875 0.025 0.0390625
0 0.64609375 0.31328125 0.01875 0.0296875
0 0.36953125 0.35703125 0.025 0.0390625
0 0.621875 0.31953125 0.0234375 0.03125
0 0.11640625 0.39921875 0.028125 0.040625
0 0.73125 0.3046875 0.0375 0.0640625
0 0.51875 0.33828125 0.025 0.0390625
0 0.04140625 0.415625 0.021875 0.0265625
0 0.06875 0.4109375 0.025 0.0484375
0 0.2171875 0.3875 0.0171875 0.025
0 0.28125 0.37734375 0.0171875 0.025
0 0.82578125 0.29609375 0.0359375 0.0546875
0 0.16328125 0.40078125 0.03125 0.028125
0 0.70234375 0.315625 0.025 0.0390625
0 0.34375 0.371875 0.0234375 0.034375
0 0.8015625 0.3015625 0.0296875 0.0453125
0 0.0046875 0.42890625 0.009375 0.0484375
0 0.85234375 0.29609375 0.0359375 0.0546875
0 0.9140625 0.2890625 0.03125 0.053125
0 0.25625 0.39296875 0.0265625 0.0265625
0 0.5625 0.34453125 0.0234375 0.03125
0 0.0140625 0.43359375 0.028125 0.040625
0 0.41875 0.371875 0.0328125 0.0359375
0 0.625 0.34140625 0.028125 0.0359375
0 0.8921875 0.29921875 0.034375 0.05
0 0.453125 0.36875 0.021875 0.0265625
0 0.06015625 0.43125 0.028125 0.0359375
0 0.19140625 0.4125 0.0328125 0.040625
0 0.24375 0.4046875 0.0234375 0.03125
0 0.584375 0.353125 0.0265625 0.0265625
0 0.47578125 0.37734375 0.0203125 0.04375
0 0.27890625 0.40859375 0.0296875 0.0484375
0 0.103125 0.4359375 0.0171875 0.025
0 0.0484375 0.44765625 0.021875 0.0265625
0 0.215625 0.42109375 0.0234375 0.034375
0 0.490625 0.3796875 0.021875 0.0265625
0 0.55703125 0.36953125 0.025 0.04375
0 0.72578125 0.3421875 0.0375 0.06875
0 0.14453125 0.434375 0.021875 0.0265625
0 0.3078125 0.4109375 0.0265625 0.021875
0 0.1828125 0.43359375 0.028125 0.040625
0 0.44296875 0.3921875 0.021875 0.0265625
0 0.1578125 0.43984375 0.0234375 0.03125
0 0.6125 0.3671875 0.0234375 0.034375
0 0.684375 0.3609375 0.034375 0.0453125
0 0.021875 0.4703125 0.0328125 0.040625
0 0.46328125 0.40078125 0.028125 0.0359375
0 0.046875 0.46640625 0.021875 0.0265625
0 0.06796875 0.46328125 0.0234375 0.03125
0 0.7875 0.34921875 0.0296875 0.0484375
0 0.00859375 0.478125 0.0171875 0.053125
0 0.7671875 0.3546875 0.0265625 0.053125
0 0.86640625 0.3390625 0.040625 0.0640625
0 0.39765625 0.415625 0.025 0.0484375
0 0.71484375 0.365625 0.0359375 0.0546875
0 0.40703125 0.41640625 0.0171875 0.046875
0 0.31328125 0.43125 0.025 0.04375
0 0.375 0.421875 0.025 0.0390625
0 0.340625 0.42734375 0.0296875 0.0453125
0 0.121875 0.4640625 0.0375 0.040625
0 0.09609375 0.46796875 0.025 0.04375
0 0.51953125 0.403125 0.025 0.0390625
0 0.425 0.42734375 0.034375 0.05
0 0.49375 0.41640625 0.028125 0.040625
0 0.36171875 0.43984375 0.01875 0.0296875
0 0.1671875 0.4703125 0.0328125 0.040625
0 0.2171875 0.4625 0.025 0.0390625
0 0.23671875 0.4640625 0.034375 0.0453125
0 0.29921875 0.459375 0.028125 0.03125
0 0.5375 0.42578125 0.0296875 0.0484375
0 0.1953125 0.4828125 0.03125 0.053125
0 0.56328125 0.42421875 0.0328125 0.0359375
0 0.08828125 0.50390625 0.034375 0.0453125
0 0.00859375 0.51875 0.0171875 0.034375
0 0.77421875 0.39765625 0.0328125 0.0359375
0 0.4203125 0.45859375 0.0296875 0.0484375
0 0.04140625 0.51875 0.0328125 0.040625
0 0.521875 0.4453125 0.034375 0.05
0 0.0671875 0.5171875 0.034375 0.0453125
0 0.12421875 0.5078125 0.034375 0.05
0 0.0296875 0.5234375 0.0390625 0.0546875
0 0.36171875 0.47265625 0.0296875 0.0453125
0 0.74453125 0.4171875 0.0390625 0.05
0 0.9515625 0.3890625 0.04375 0.05625
0 0.27265625 0.4984375 0.0359375 0.0546875
0 0.22421875 0.50625 0.0359375 0.059375
0 0.3109375 0.50390625 0.034375 0.05
0 0.57890625 0.46640625 0.034375 0.05
0 0.7390625 0.440625 0.0390625 0.05
0 0.87421875 0.41953125 0.0453125 0.065625
0 0.89765625 0.4203125 0.0359375 0.0546875
0 0.065625 0.5546875 0.0359375 0.0546875
0 0.40625 0.50078125 0.028125 0.0359375
0 0.80234375 0.440625 0.05625 0.0765625
0 0.3453125 0.5171875 0.0359375 0.0546875
0 0.18671875 0.55 0.04375 0.0515625
0 0.371875 0.5203125 0.0296875 0.0453125
0 0.9453125 0.4390625 0.046875 0.075
0 0.85859375 0.4578125 0.0296875 0.0484375
0 0.04765625 0.58828125 0.0296875 0.0453125
0 0.76640625 0.4765625 0.0359375 0.0546875
0 0.16953125 0.5734375 0.0390625 0.05
0 0.44296875 0.5375 0.0375 0.0640625
0 0.14375 0.5875 0.0390625 0.0546875
0 0.6734375 0.503125 0.03125 0.0578125
0 0.47734375 0.55 0.0328125 0.0625
0 0.415625 0.5625 0.034375 0.0765625
0 0.39140625 0.57109375 0.0390625 0.0546875
0 0.59375 0.54375 0.0375 0.0640625
0 0.5 0.55859375 0.028125 0.0625
0 0.646875 0.5375 0.040625 0.0640625
0 0.74453125 0.521875 0.034375 0.0453125
0 0.30234375 0.615625 0.046875 0.046875
0 0.53203125 0.584375 0.0375 0.06875
0 0.1984375 0.63984375 0.0578125 0.08125
0 0.45546875 0.6015625 0.0421875 0.06875
0 0.06953125 0.66875 0.0390625 0.0546875
0 0.575 0.590625 0.046875 0.0703125
0 0.04296875 0.68984375 0.0453125 0.065625
0 0.315625 0.653125 0.0359375 0.0359375
0 0.98984375 0.5609375 0.0203125 0.096875
0 0.3890625 0.65859375 0.04375 0.05625
0 0.89765625 0.5828125 0.0640625 0.0953125
0 0.30859375 0.68515625 0.04375 0.0515625
0 0.69375 0.64296875 0.0515625 0.075
0 0.9515625 0.6015625 0.053125 0.084375
0 0.17578125 0.74375 0.0625 0.0859375
0 0.05234375 0.7796875 0.0390625 0.078125
0 0.309375 0.74375 0.0609375 0.0765625
0 0.8109375 0.66875 0.053125 0.084375
0 0.55546875 0.71328125 0.05 0.065625
0 0.20546875 0.77109375 0.0484375 0.0796875
0 0.990625 0.66484375 0.01875 0.0796875
0 0.70234375 0.73046875 0.0453125 0.0921875
0 0.64921875 0.74609375 0.0546875 0.0890625
0 0.89609375 0.709375 0.0734375 0.096875
0 0.84375 0.7203125 0.059375 0.0890625
0 0.44375 0.79296875 0.0546875 0.0671875
0 0.76640625 0.76484375 0.0875 0.125
0 0.22734375 0.87890625 0.06875 0.1
0 0.56640625 0.8296875 0.053125 0.084375
0 0.115625 0.91640625 0.0640625 0.1
0 0.3140625 0.8921875 0.053125 0.084375
0 0.509375 0.86875 0.0703125 0.0734375
0 0.42890625 0.91015625 0.0484375 0.084375
0 0.39765625 0.9171875 0.05 0.0890625
0 0.1796875 0.9515625 0.059375 0.09375
0 0.9421875 0.83359375 0.065625 0.1078125
0 0.6640625 0.884375 0.065625 0.1078125
0 0.89609375 0.8828125 0.06875 0.0953125
0 0.10703125 0.98203125 0.0765625 0.0359375
0 0.165625 0.97890625 0.065625 0.0421875
0 0.53671875 0.953125 0.0859375 0.09375
0 0.31796875 0.978125 0.0703125 0.04375
0 0.88984375 0.11953125 0.01875 0.0296875
0 0.87421875 0.12421875 0.0234375 0.034375
0 0.90390625 0.11953125 0.01875 0.0296875
0 0.9265625 0.11875 0.01875 0.0296875
0 0.825 0.14140625 0.021875 0.0265625
0 0.85546875 0.14375 0.025 0.04375
0 0.72421875 0.1671875 0.0125 0.0203125
0 0.69296875 0.17890625 0.0125 0.0203125
0 0.73203125 0.17265625 0.0171875 0.025
0 0.7578125 0.1734375 0.0125 0.0203125
0 0.9015625 0.15078125 0.025 0.0390625
0 0.915625 0.1484375 0.025 0.0390625
0 0.66875 0.1890625 0.0171875 0.0203125
0 0.80390625 0.1703125 0.0234375 0.034375
0 0.71015625 0.18515625 0.0171875 0.0203125
0 0.884375 0.1625 0.0296875 0.0453125
0 0.9375 0.15625 0.025 0.04375
0 0.640625 0.203125 0.0125 0.0203125
0 0.77109375 0.1828125 0.021875 0.0265625
0 0.74765625 0.1859375 0.01875 0.0296875
0 0.60859375 0.20859375 0.0125 0.0203125
0 0.7 0.19375 0.0171875 0.0203125
0 0.6546875 0.203125 0.0171875 0.025
0 0.7921875 0.18125 0.025 0.0390625
0 0.540625 0.22109375 0.0125 0.025
0 0.4421875 0.2390625 0.0109375 0.015625
0 0.6234375 0.215625 0.0171875 0.025
0 0.578125 0.225 0.025 0.0390625
0 0.3796875 0.25859375 0.015625 0.015625
0 0.403125 0.2578125 0.0109375 0.015625
0 0.68359375 0.21328125 0.0171875 0.025
0 0.421875 0.25703125 0.0109375 0.015625
0 0.83125 0.1921875 0.0265625 0.021875
0 0.27578125 0.284375 0.025 0.0390625
0 0.85 0.19375 0.0234375 0.03125
0 0.54140625 0.24296875 0.021875 0.0265625
0 0.3015625 0.2828125 0.0125 0.0203125
0 0.9125 0.18828125 0.025 0.0390625
0 0.51015625 0.25234375 0.0171875 0.025
0 0.61953125 0.23515625 0.0171875 0.025
0 0.44140625 0.265625 0.0171875 0.025
0 0.8921875 0.196875 0.0234375 0.03125
0 0.46015625 0.26484375 0.0171875 0.025
0 0.36015625 0.28125 0.0171875 0.025
0 0.3828125 0.27734375 0.0125 0.0203125
0 0.7125 0.22734375 0.0171875 0.025
0 0.14296875 0.31796875 0.0171875 0.025
0 0.4109375 0.275 0.0125 0.0203125
0 0.696875 0.23203125 0.01875 0.034375
0 0.1640625 0.31640625 0.021875 0.0265625
0 0.77734375 0.221875 0.028125 0.03125
0 0.3359375 0.2921875 0.0171875 0.025
0 0.23984375 0.30703125 0.0171875 0.025
0 0.43046875 0.27890625 0.0171875 0.025
0 0.94609375 0.19765625 0.0234375 0.034375
0 0.74609375 0.234375 0.0296875 0.0484375
0 0.00234375 0.3515625 0.0046875 0.025
0 0.609375 0.25546875 0.0125 0.025
0 0.0375 0.34609375 0.021875 0.0265625
0 0.925 0.20546875 0.0234375 0.03125
0 0.1953125 0.3234375 0.0171875 0.0203125
0 0.28515625 0.31171875 0.0234375 0.03125
0 0.38359375 0.3 0.0171875 0.0203125
0 0.57109375 0.2703125 0.0234375 0.034375
0 0.59921875 0.26796875 0.0171875 0.025
0 0.43671875 0.29609375 0.0171875 0.025
0 0.225 0.3296875 0.021875 0.0265625
0 0.85625 0.2296875 0.03125 0.028125
0 0.6734375 0.26171875 0.0234375 0.034375
0 0.125 0.3484375 0.0234375 0.034375
0 0.065625 0.3578125 0.021875 0.0265625
0 0.515625 0.2890625 0.0171875 0.025
0 0.69375 0.26015625 0.025 0.0484375
0 0.47265625 0.2953125 0.01875 0.0296875
0 0.0859375 0.35703125 0.01875 0.034375
0 0.1046875 0.35625 0.025 0.0390625
0 0.5 0.29375 0.0171875 0.025
0 0.31484375 0.325 0.0125 0.025
0 0.02265625 0.37421875 0.028125 0.0359375
0 0.33359375 0.325 0.0171875 0.025
0 0.6328125 0.27734375 0.0234375 0.03125
0 0.4625 0.30703125 0.0171875 0.0203125
0 0.24765625 0.340625 0.0171875 0.025
0 0.83046875 0.2484375 0.0296875 0.0453125
0 0.88984375 0.24140625 0.028125 0.040625
0 0.353125 0.32890625 0.0234375 0.03125
0 0.54765625 0.29765625 0.0171875 0.025
0 0.86328125 0.24765625 0.0375 0.040625
0 0.00703125 0.38359375 0.0140625 0.0265625
0 0.1828125 0.36015625 0.0234375 0.034375
0 0.15703125 0.3640625 0.0296875 0.0453125
0 0.671875 0.2828125 0.0203125 0.04375
0 0.1984375 0.36015625 0.028125 0.0359375