0 0.09375 0.6959134615384616 0.038461538461538464 0.04326923076923077
0 0.9735576923076923 0.765625 0.021634615384615384 0.04326923076923077
0 0.171875 0.7091346153846154 0.038461538461538464 0.040865384615384616
0 0.38341346153846156 0.7247596153846154 0.040865384615384616 0.038461538461538464
0 0.7668269230769231 0.7548076923076923 0.038461538461538464 0.052884615384615384
0 0.8762019230769231 0.765625 0.040865384615384616 0.040865384615384616
0 0.7896634615384616 0.7596153846153846 0.016826923076923076 0.036057692307692304
0 0.8389423076923077 0.7680288461538461 0.036057692307692304 0.036057692307692304
0 0.6201923076923077 0.7572115384615384 0.04567307692307692 0.04567307692307692
0 0.703125 0.765625 0.04567307692307692 0.040865384615384616
0 0.3701923076923077 0.7439903846153846 0.04326923076923077 0.036057692307692304
0 0.5721153846153846 0.7632211538461539 0.04567307692307692 0.04326923076923077
0 0.453125 0.7668269230769231 0.05048076923076923 0.04567307692307692
0 0.6069711538461539 0.7908653846153846 0.04326923076923077 0.04807692307692308
0 0.020432692307692308 0.7560096153846154 0.040865384615384616 0.055288461538461536
0 0.46875 0.7908653846153846 0.04326923076923077 0.052884615384615384
0 0.9603365384615384 0.8293269230769231 0.038461538461538464 0.040865384615384616
0 0.18509615384615385 0.7752403846153846 0.04567307692307692 0.04326923076923077
0 0.6658653846153846 0.8197115384615384 0.036057692307692304 0.04807692307692308
0 0.17067307692307693 0.7860576923076923 0.036057692307692304 0.036057692307692304
0 0.4014423076923077 0.8040865384615384 0.038461538461538464 0.04567307692307692
0 0.8100961538461539 0.8509615384615384 0.036057692307692304 0.04326923076923077
0 0.27163461538461536 0.8149038461538461 0.05048076923076923 0.04807692307692308
0 0.6947115384615384 0.8461538461538461 0.036057692307692304 0.04807692307692308
0 0.140625 0.8257211538461539 0.04567307692307692 0.055288461538461536
0 0.6334134615384616 0.8605769230769231 0.04567307692307692 0.052884615384615384
0 0.4639423076923077 0.8509615384615384 0.0625 0.04326923076923077
0 0.18990384615384615 0.8497596153846154 0.057692307692307696 0.057692307692307696
0 0.4879807692307692 0.8858173076923077 0.052884615384615384 0.052884615384615384
0 0.4495192307692308 0.8882211538461539 0.038461538461538464 0.06009615384615385
0 0.10216346153846154 0.8762019230769231 0.0625 0.0625
0 0.3485576923076923 0.8966346153846154 0.055288461538461536 0.055288461538461536
0 0.15264423076923078 0.8894230769230769 0.055288461538461536 0.04807692307692308
0 0.2127403846153846 0.15625 0.019230769230769232 0.021634615384615384
0 0.9170673076923077 0.21153846153846154 0.019230769230769232 0.021634615384615384
0 0.8653846153846154 0.2091346153846154 0.014423076923076924 0.014423076923076924
0 0.9387019230769231 0.21634615384615385 0.021634615384615384 0.021634615384615384
0 0.8798076923076923 0.21394230769230768 0.016826923076923076 0.021634615384615384
0 0.9711538461538461 0.2247596153846154 0.016826923076923076 0.016826923076923076
0 0.8545673076923077 0.22115384615384615 0.014423076923076924 0.019230769230769232
0 0.9050480769230769 0.22596153846153846 0.019230769230769232 0.016826923076923076
0 0.9819711538461539 0.23076923076923078 0.016826923076923076 0.021634615384615384
0 0.859375 0.22956730769230768 0.021634615384615384 0.021634615384615384
0 0.8293269230769231 0.2800480769230769 0.021634615384615384 0.021634615384615384
0 0.8930288461538461 0.2848557692307692 0.019230769230769232 0.02403846153846154
0 0.8016826923076923 0.2824519230769231 0.014423076923076924 0.016826923076923076
0 0.9747596153846154 0.2980769230769231 0.021634615384615384 0.021634615384615384
0 0.6694711538461539 0.2800480769230769 0.016826923076923076 0.019230769230769232
0 0.7764423076923077 0.28966346153846156 0.02403846153846154 0.021634615384615384
0 0.9362980769230769 0.30288461538461536 0.02403846153846154 0.021634615384615384
0 0.6526442307692307 0.2860576923076923 0.016826923076923076 0.019230769230769232
0 0.3870192307692308 0.26802884615384615 0.02403846153846154 0.021634615384615384
0 0.6334134615384616 0.28846153846153844 0.014423076923076924 0.016826923076923076
0 0.3389423076923077 0.27163461538461536 0.021634615384615384 0.021634615384615384
0 0.671875 0.296875 0.014423076923076924 0.019230769230769232
0 0.5168269230769231 0.31971153846153844 0.01201923076923077 0.014423076923076924
0 0.7199519230769231 0.33653846153846156 0.016826923076923076 0.014423076923076924
0 0.7055288461538461 0.3389423076923077 0.01201923076923077 0.016826923076923076
0 0.6862980769230769 0.33653846153846156 0.019230769230769232 0.014423076923076924
0 0.6694711538461539 0.33653846153846156 0.009615384615384616 0.009615384615384616
0 0.5276442307692307 0.3269230769230769 0.021634615384615384 0.021634615384615384
0 0.6141826923076923 0.33533653846153844 0.016826923076923076 0.019230769230769232
0 0.7475961538461539 0.3449519230769231 0.014423076923076924 0.021634615384615384
0 0.9627403846153846 0.36177884615384615 0.02403846153846154 0.021634615384615384
0 0.8545673076923077 0.35336538461538464 0.021634615384615384 0.021634615384615384
0 0.9098557692307693 0.359375 0.021634615384615384 0.021634615384615384
0 0.6814903846153846 0.34375 0.016826923076923076 0.014423076923076924
0 0.8918269230769231 0.3581730769230769 0.021634615384615384 0.026442307692307692
0 0.7752403846153846 0.35096153846153844 0.014423076923076924 0.016826923076923076
0 0.640625 0.3425480769230769 0.019230769230769232 0.021634615384615384
0 0.6225961538461539 0.34134615384615385 0.014423076923076924 0.014423076923076924
0 0.7896634615384616 0.3545673076923077 0.014423076923076924 0.01201923076923077
0 0.7560096153846154 0.35216346153846156 0.014423076923076924 0.016826923076923076
0 0.6574519230769231 0.3449519230769231 0.014423076923076924 0.016826923076923076
0 0.59375 0.34134615384615385 0.019230769230769232 0.021634615384615384
0 0.5757211538461539 0.34134615384615385 0.016826923076923076 0.021634615384615384
0 0.8137019230769231 0.3581730769230769 0.019230769230769232 0.019230769230769232
0 0.6658653846153846 0.3485576923076923 0.01201923076923077 0.016826923076923076
0 0.5576923076923077 0.3425480769230769 0.019230769230769232 0.019230769230769232
0 0.7355769230769231 0.3557692307692308 0.021634615384615384 0.021634615384615384
0 0.9987980769230769 0.375 0.002403846153846154 0.014423076923076924
0 0.9242788461538461 0.36899038461538464 0.019230769230769232 0.014423076923076924
0 0.90625 0.36778846153846156 0.016826923076923076 0.016826923076923076
0 0.7199519230769231 0.3545673076923077 0.014423076923076924 0.014423076923076924
0 0.6899038461538461 0.3545673076923077 0.021634615384615384 0.019230769230769232
0 0.4891826923076923 0.3401442307692308 0.019230769230769232 0.021634615384615384
0 0.4795673076923077 0.3401442307692308 0.007211538461538462 0.01201923076923077
0 0.9447115384615384 0.3737980769230769 0.019230769230769232 0.019230769230769232
0 0.6213942307692307 0.35096153846153844 0.014423076923076924 0.016826923076923076
0 0.7067307692307693 0.359375 0.01201923076923077 0.016826923076923076
0 0.7740384615384616 0.36538461538461536 0.01201923076923077 0.019230769230769232
0 0.7896634615384616 0.36778846153846156 0.021634615384615384 0.019230769230769232
0 0.8341346153846154 0.3713942307692308 0.019230769230769232 0.019230769230769232
0 0.5528846153846154 0.35336538461538464 0.01201923076923077 0.016826923076923076
0 0.8461538461538461 0.3737980769230769 0.014423076923076924 0.021634615384615384
0 0.9807692307692307 0.38341346153846156 0.019230769230769232 0.019230769230769232
0 0.6346153846153846 0.3605769230769231 0.019230769230769232 0.021634615384615384
0 0.6670673076923077 0.3641826923076923 0.014423076923076924 0.016826923076923076
0 0.7644230769230769 0.3737980769230769 0.016826923076923076 0.019230769230769232
0 0.9663461538461539 0.3918269230769231 0.019230769230769232 0.016826923076923076
0 0.9975961538461539 0.3954326923076923 0.004807692307692308 0.021634615384615384
0 0.5973557692307693 0.36658653846153844 0.016826923076923076 0.016826923076923076
0 0.6814903846153846 0.3762019230769231 0.019230769230769232 0.021634615384615384
0 0.5829326923076923 0.3701923076923077 0.021634615384615384 0.02403846153846154
0 0.051682692307692304 0.35336538461538464 0.014423076923076924 0.014423076923076924
0 0.015625 0.3557692307692308 0.009615384615384616 0.009615384615384616
0 0.02283653846153846 0.38341346153846156 0.019230769230769232 0.028846153846153848
0 0.05889423076923077 0.390625 0.021634615384615384 0.021634615384615384
0 0.09254807692307693 0.39783653846153844 0.021634615384615384 0.021634615384615384
0 0.7704326923076923 0.453125 0.016826923076923076 0.021634615384615384
0 0.9507211538461539 0.4651442307692308 0.026442307692307692 0.02403846153846154
0 0.4795673076923077 0.48677884615384615 0.021634615384615384 0.021634615384615384
0 0.5264423076923077 0.49038461538461536 0.019230769230769232 0.019230769230769232
0 0.40865384615384615 0.4831730769230769 0.019230769230769232 0.021634615384615384
0 0.7151442307692307 0.5048076923076923 0.019230769230769232 0.019230769230769232
0 0.5817307692307693 0.4963942307692308 0.014423076923076924 0.016826923076923076
0 0.07451923076923077 0.46153846153846156 0.021634615384615384 0.021634615384615384
0 0.6574519230769231 0.5024038461538461 0.016826923076923076 0.016826923076923076
0 0.006009615384615385 0.4579326923076923 0.01201923076923077 0.026442307692307692
0 0.1310096153846154 0.4675480769230769 0.02403846153846154 0.028846153846153848
0 0.015625 0.45913461538461536 0.016826923076923076 0.021634615384615384
0 0.6947115384615384 0.5060096153846154 0.019230769230769232 0.021634615384615384
0 0.21033653846153846 0.47475961538461536 0.02403846153846154 0.021634615384615384
0 0.03245192307692308 0.46274038461538464 0.016826923076923076 0.019230769230769232
0 0.5637019230769231 0.5012019230769231 0.016826923076923076 0.01201923076923077
0 0.5432692307692307 0.5 0.016826923076923076 0.014423076923076924
0 0.11658653846153846 0.4699519230769231 0.009615384615384616 0.016826923076923076
0 0.4579326923076923 0.49399038461538464 0.019230769230769232 0.021634615384615384
0 0.49759615384615385 0.4987980769230769 0.02403846153846154 0.019230769230769232
0 0.27403846153846156 0.4831730769230769 0.021634615384615384 0.021634615384615384
0 0.7463942307692307 0.515625 0.016826923076923076 0.016826923076923076
0 0.7259615384615384 0.515625 0.02403846153846154 0.026442307692307692
0 0.39783653846153844 0.49278846153846156 0.021634615384615384 0.021634615384615384
0 0.9362980769230769 0.5300480769230769 0.016826923076923076 0.021634615384615384
0 0.6430288461538461 0.5108173076923077 0.02403846153846154 0.019230769230769232
0 0.6153846153846154 0.5096153846153846 0.021634615384615384 0.019230769230769232
0 0.32091346153846156 0.4891826923076923 0.026442307692307692 0.026442307692307692
0 0.6742788461538461 0.5144230769230769 0.019230769230769232 0.019230769230769232
0 0.9495192307692307 0.5348557692307693 0.019230769230769232 0.014423076923076924
0 0.7644230769230769 0.5228365384615384 0.021634615384615384 0.021634615384615384
0 0.23317307692307693 0.4879807692307692 0.02403846153846154 0.026442307692307692
0 0.25600961538461536 0.49038461538461536 0.028846153846153848 0.028846153846153848
0 0.5576923076923077 0.5120192307692307 0.014423076923076924 0.019230769230769232
0 0.037259615384615384 0.47596153846153844 0.02403846153846154 0.019230769230769232
0 0.5697115384615384 0.5144230769230769 0.021634615384615384 0.016826923076923076
0 0.4699519230769231 0.5072115384615384 0.021634615384615384 0.02403846153846154
0 0.6947115384615384 0.5228365384615384 0.019230769230769232 0.014423076923076924
0 0.5048076923076923 0.5108173076923077 0.019230769230769232 0.019230769230769232
0 0.7908653846153846 0.5324519230769231 0.021634615384615384 0.028846153846153848
0 0.6045673076923077 0.5192307692307693 0.021634615384615384 0.019230769230769232
0 0.8125 0.5360576923076923 0.021634615384615384 0.02403846153846154
0 0.8088942307692307 0.5360576923076923 0.019230769230769232 0.02403846153846154
0 0.8822115384615384 0.5420673076923077 0.016826923076923076 0.02403846153846154
0 0.8629807692307693 0.5408653846153846 0.026442307692307692 0.028846153846153848
0 0.9699519230769231 0.5480769230769231 0.02403846153846154 0.02403846153846154
0 0.40865384615384615 0.5096153846153846 0.02403846153846154 0.026442307692307692
0 0.5216346153846154 0.5180288461538461 0.021634615384615384 0.014423076923076924
0 0.47836538461538464 0.5168269230769231 0.021634615384615384 0.021634615384615384
0 0.421875 0.5120192307692307 0.01201923076923077 0.019230769230769232
0 0.6502403846153846 0.5288461538461539 0.021634615384615384 0.021634615384615384
0 0.8954326923076923 0.546875 0.019230769230769232 0.021634615384615384
0 0.2764423076923077 0.5048076923076923 0.026442307692307692 0.026442307692307692
0 0.5276442307692307 0.5252403846153846 0.021634615384615384 0.009615384615384616
0 0.5733173076923077 0.5276442307692307 0.021634615384615384 0.019230769230769232
0 0.015625 0.49158653846153844 0.026442307692307692 0.02403846153846154
0 0.953125 0.5564903846153846 0.019230769230769232 0.014423076923076924
0 0.625 0.5360576923076923 0.021634615384615384 0.021634615384615384
0 0.2403846153846154 0.5120192307692307 0.028846153846153848 0.03125
0 0.030048076923076924 0.5 0.021634615384615384 0.007211538461538462
0 0.34375 0.5240384615384616 0.028846153846153848 0.026442307692307692
0 0.5985576923076923 0.5420673076923077 0.02403846153846154 0.02403846153846154
0 0.5240384615384616 0.5372596153846154 0.02403846153846154 0.019230769230769232
0 0.7163461538461539 0.5516826923076923 0.026442307692307692 0.02403846153846154
0 0.6790865384615384 0.5480769230769231 0.014423076923076924 0.01201923076923077
0 0.28725961538461536 0.5228365384615384 0.03365384615384615 0.021634615384615384
0 0.38822115384615385 0.5300480769230769 0.019230769230769232 0.026442307692307692
0 0.04447115384615385 0.5084134615384616 0.019230769230769232 0.01201923076923077
0 0.9615384615384616 0.5721153846153846 0.021634615384615384 0.02403846153846154
0 0.9819711538461539 0.5733173076923077 0.021634615384615384 0.026442307692307692
0 0.7800480769230769 0.5600961538461539 0.03125 0.021634615384615384
0 0.8774038461538461 0.5673076923076923 0.028846153846153848 0.021634615384615384
0 0.47836538461538464 0.5408653846153846 0.026442307692307692 0.026442307692307692
0 0.3701923076923077 0.5348557692307693 0.021634615384615384 0.026442307692307692
0 0.06009615384615385 0.5132211538461539 0.019230769230769232 0.019230769230769232
0 0.5396634615384616 0.5456730769230769 0.028846153846153848 0.02403846153846154
0 0.9399038461538461 0.5745192307692307 0.021634615384615384 0.02403846153846154
0 0.02283653846153846 0.5108173076923077 0.026442307692307692 0.021634615384615384
0 0.8293269230769231 0.5673076923076923 0.026442307692307692 0.021634615384615384
0 0.6177884615384616 0.5528846153846154 0.026442307692307692 0.02403846153846154
0 0.31850961538461536 0.5336538461538461 0.026442307692307692 0.028846153846153848
0 0.6610576923076923 0.5564903846153846 0.026442307692307692 0.026442307692307692
0 0.4050480769230769 0.5396634615384616 0.021634615384615384 0.02403846153846154
0 0.16947115384615385 0.5252403846153846 0.026442307692307692 0.02403846153846154
0 0.6899038461538461 0.5637019230769231 0.028846153846153848 0.019230769230769232
0 0.6814903846153846 0.5661057692307693 0.019230769230769232 0.03125
0 0.5540865384615384 0.5564903846153846 0.028846153846153848 0.021634615384615384
0 0.28725961538461536 0.5384615384615384 0.02403846153846154 0.014423076923076924
0 0.04567307692307692 0.5216346153846154 0.02403846153846154 0.014423076923076924
0 0.20673076923076922 0.5348557692307693 0.028846153846153848 0.02403846153846154
0 0.26802884615384615 0.5408653846153846 0.021634615384615384 0.016826923076923076
0 0.14423076923076922 0.5324519230769231 0.026442307692307692 0.021634615384615384
0 0.8701923076923077 0.5853365384615384 0.021634615384615384 0.026442307692307692
0 0.5060096153846154 0.5588942307692307 0.028846153846153848 0.026442307692307692
0 0.11177884615384616 0.5360576923076923 0.021634615384615384 0.016826923076923076
0 0.3954326923076923 0.5552884615384616 0.026442307692307692 0.019230769230769232
0 0.078125 0.5348557692307693 0.028846153846153848 0.026442307692307692
0 0.8269230769230769 0.5865384615384616 0.03125 0.021634615384615384
0 0.43149038461538464 0.5600961538461539 0.026442307692307692 0.03125
0 0.6021634615384616 0.5733173076923077 0.028846153846153848 0.026442307692307692
0 0.8004807692307693 0.5877403846153846 0.021634615384615384 0.019230769230769232
0 0.8858173076923077 0.59375 0.036057692307692304 0.026442307692307692
0 0.7752403846153846 0.5877403846153846 0.026442307692307692 0.028846153846153848
0 0.04807692307692308 0.5372596153846154 0.026442307692307692 0.014423076923076924
0 0.9819711538461539 0.6033653846153846 0.02403846153846154 0.028846153846153848
0 0.6911057692307693 0.5841346153846154 0.021634615384615384 0.028846153846153848
0 0.025240384615384616 0.5384615384615384 0.026442307692307692 0.028846153846153848
0 0.7367788461538461 0.5889423076923077 0.02403846153846154 0.03365384615384615
0 0.6514423076923077 0.5853365384615384 0.026442307692307692 0.026442307692307692
0 0.09615384615384616 0.5480769230769231 0.016826923076923076 0.021634615384615384
0 0.7247596153846154 0.5913461538461539 0.026442307692307692 0.03365384615384615
0 0.5108173076923077 0.5769230769230769 0.02403846153846154 0.038461538461538464
0 0.609375 0.5853365384615384 0.02403846153846154 0.014423076923076924
0 0.2439903846153846 0.5588942307692307 0.026442307692307692 0.03365384615384615
0 0.5264423076923077 0.5805288461538461 0.02403846153846154 0.03125
0 0.2692307692307692 0.5625 0.021634615384615384 0.026442307692307692
0 0.3942307692307692 0.5709134615384616 0.028846153846153848 0.02403846153846154
0 0.2932692307692308 0.5649038461538461 0.028846153846153848 0.036057692307692304
0 0.13221153846153846 0.5540865384615384 0.03125 0.03125
0 0.546875 0.5829326923076923 0.02403846153846154 0.028846153846153848
0 0.8052884615384616 0.6021634615384616 0.036057692307692304 0.028846153846153848
0 0.7055288461538461 0.5961538461538461 0.021634615384615384 0.02403846153846154
0 0.03485576923076923 0.5516826923076923 0.026442307692307692 0.01201923076923077
0 0.875 0.6117788461538461 0.038461538461538464 0.02403846153846154
0 0.9435096153846154 0.6177884615384616 0.038461538461538464 0.03125
0 0.078125 0.5625 0.028846153846153848 0.028846153846153848
0 0.21033653846153846 0.5709134615384616 0.03125 0.026442307692307692
0 0.5805288461538461 0.5973557692307693 0.021634615384615384 0.021634615384615384
0 0.9819711538461539 0.6262019230769231 0.021634615384615384 0.036057692307692304
0 0.41586538461538464 0.5865384615384616 0.03125 0.03365384615384615
0 0.390625 0.5865384615384616 0.02403846153846154 0.036057692307692304
0 0.6189903846153846 0.6021634615384616 0.021634615384615384 0.02403846153846154
0 0.4699519230769231 0.5925480769230769 0.028846153846153848 0.03365384615384615
0 0.5997596153846154 0.6057692307692307 0.028846153846153848 0.021634615384615384
0 0.8173076923076923 0.6225961538461539 0.036057692307692304 0.03125
0 0.11057692307692307 0.5745192307692307 0.036057692307692304 0.036057692307692304
0 0.002403846153846154 0.5649038461538461 0.004807692307692308 0.02403846153846154
0 0.33774038461538464 0.5913461538461539 0.014423076923076924 0.021634615384615384
0 0.8389423076923077 0.6274038461538461 0.021634615384615384 0.02403846153846154
0 0.6622596153846154 0.6153846153846154 0.026442307692307692 0.03365384615384615
0 0.030048076923076924 0.5721153846153846 0.036057692307692304 0.028846153846153848
0 0.29447115384615385 0.5913461538461539 0.028846153846153848 0.026442307692307692
0 0.23557692307692307 0.5877403846153846 0.026442307692307692 0.03365384615384615
0 0.3245192307692308 0.5949519230769231 0.026442307692307692 0.014423076923076924
0 0.953125 0.6394230769230769 0.028846153846153848 0.03125
0 0.2439903846153846 0.5889423076923077 0.028846153846153848 0.01201923076923077
0 0.8882211538461539 0.6358173076923077 0.028846153846153848 0.026442307692307692
0 0.7127403846153846 0.6237980769230769 0.04326923076923077 0.03125
0 0.5865384615384616 0.6153846153846154 0.028846153846153848 0.026442307692307692
0 0.19471153846153846 0.5889423076923077 0.026442307692307692 0.028846153846153848
0 0.17067307692307693 0.5877403846153846 0.028846153846153848 0.038461538461538464
0 0.35697115384615385 0.6009615384615384 0.036057692307692304 0.040865384615384616
0 0.5180288461538461 0.6141826923076923 0.028846153846153848 0.026442307692307692
0 0.4519230769230769 0.6141826923076923 0.03125 0.028846153846153848
0 0.9735576923076923 0.6526442307692307 0.03125 0.03125
0 0.640625 0.6298076923076923 0.036057692307692304 0.028846153846153848
0 0.23798076923076922 0.6021634615384616 0.028846153846153848 0.019230769230769232
0 0.2608173076923077 0.6045673076923077 0.026442307692307692 0.021634615384615384
0 0.2127403846153846 0.6021634615384616 0.028846153846153848 0.028846153846153848
0 0.3161057692307692 0.6129807692307693 0.036057692307692304 0.03365384615384615
0 0.4891826923076923 0.6262019230769231 0.028846153846153848 0.028846153846153848
0 0.28725961538461536 0.6129807692307693 0.028846153846153848 0.021634615384615384
0 0.4170673076923077 0.6225961538461539 0.03365384615384615 0.02403846153846154
0 0.006009615384615385 0.5961538461538461 0.01201923076923077 0.03365384615384615
0 0.8305288461538461 0.6586538461538461 0.03125 0.036057692307692304
0 0.9134615384615384 0.6646634615384616 0.028846153846153848 0.03365384615384615
0 0.765625 0.65625 0.03365384615384615 0.038461538461538464
0 0.8497596153846154 0.6634615384615384 0.026442307692307692 0.03365384615384615
0 0.24519230769230768 0.6201923076923077 0.03365384615384615 0.021634615384615384
0 0.6009615384615384 0.6478365384615384 0.036057692307692304 0.03365384615384615
0 0.671875 0.6586538461538461 0.036057692307692304 0.028846153846153848
0 0.19230769230769232 0.6262019230769231 0.036057692307692304 0.036057692307692304
0 0.7319711538461539 0.6670673076923077 0.03365384615384615 0.028846153846153848
0 0.43028846153846156 0.6454326923076923 0.02403846153846154 0.026442307692307692
0 0.5228365384615384 0.6538461538461539 0.036057692307692304 0.036057692307692304
0 0.3425480769230769 0.6430288461538461 0.03365384615384615 0.036057692307692304
0 0.12620192307692307 0.6322115384615384 0.03125 0.038461538461538464
0 0.4110576923076923 0.6538461538461539 0.028846153846153848 0.03365384615384615
0 0.38100961538461536 0.6538461538461539 0.026442307692307692 0.019230769230769232
0 0.09615384615384616 0.6346153846153846 0.028846153846153848 0.036057692307692304
0 0.96875 0.6959134615384616 0.036057692307692304 0.03125
0 0.24639423076923078 0.6454326923076923 0.028846153846153848 0.03125
0 0.0733173076923077 0.6346153846153846 0.021634615384615384 0.040865384615384616
0 0.17908653846153846 0.6430288461538461 0.03125 0.03365384615384615
0 0.052884615384615384 0.6334134615384616 0.028846153846153848 0.03365384615384615
0 0.8016826923076923 0.6899038461538461 0.04326923076923077 0.03125
0 0.3016826923076923 0.6634615384615384 0.038461538461538464 0.04326923076923077
0 0.44591346153846156 0.6754807692307693 0.038461538461538464 0.038461538461538464
0 0.28125 0.6646634615384616 0.038461538461538464 0.036057692307692304
0 0.9723557692307693 0.7139423076923077 0.03125 0.03365384615384615
0 0.15625 0.65625 0.04326923076923077 0.03365384615384615
0 0.7992788461538461 0.7055288461538461 0.03365384615384615 0.038461538461538464
0 0.7283653846153846 0.703125 0.040865384615384616 0.04326923076923077
0 0.8858173076923077 0.7163461538461539 0.036057692307692304 0.036057692307692304
0 0.6959134615384616 0.7055288461538461 0.028846153846153848 0.04326923076923077
0 0.37740384615384615 0.6838942307692307 0.03125 0.038461538461538464
0 0.6370192307692307 0.7103365384615384 0.03365384615384615 0.03365384615384615
0 0.0733173076923077 0.6730769230769231 0.036057692307692304 0.04326923076923077
0 0.7283653846153846 0.7235576923076923 0.038461538461538464 0.04567307692307692
0 0.5 0.7067307692307693 0.040865384615384616 0.04567307692307692
0 0.5685096153846154 0.7127403846153846 0.038461538461538464 0.04326923076923077
0 0.039663461538461536 0.6778846153846154 0.03365384615384615 0.038461538461538464
0 0.3485576923076923 0.703125 0.021634615384615384 0.028846153846153848
0 0.28365384615384615 0.6995192307692307 0.03365384615384615 0.036057692307692304
0 0.12379807692307693 0.6899038461538461 0.038461538461538464 0.04326923076923077
0 0.65625 0.7283653846153846 0.036057692307692304 0.036057692307692304