0 0.9435096153846154 0.33533653846153844 0.01201923076923077 0.01201923076923077
0 0.65625 0.29927884615384615 0.009615384615384616 0.007211538461538462
0 0.7884615384615384 0.32091346153846156 0.009615384615384616 0.007211538461538462
0 0.6466346153846154 0.2980769230769231 0.009615384615384616 0.007211538461538462
0 0.6899038461538461 0.30528846153846156 0.004807692307692308 0.004807692307692308
0 0.7079326923076923 0.31009615384615385 0.004807692307692308 0.004807692307692308
0 0.7836538461538461 0.32211538461538464 0.004807692307692308 0.004807692307692308
0 0.5588942307692307 0.28725961538461536 0.009615384615384616 0.007211538461538462
0 0.47716346153846156 0.27403846153846156 0.004807692307692308 0.004807692307692308
0 0.41346153846153844 0.26322115384615385 0.01201923076923077 0.016826923076923076
0 0.6694711538461539 0.30649038461538464 0.004807692307692308 0.004807692307692308
0 0.390625 0.2620192307692308 0.009615384615384616 0.007211538461538462
0 0.5564903846153846 0.28846153846153844 0.007211538461538462 0.009615384615384616
0 0.4519230769230769 0.27163461538461536 0.004807692307692308 0.004807692307692308
0 0.4567307692307692 0.27524038461538464 0.004807692307692308 0.004807692307692308
0 0.3389423076923077 0.25721153846153844 0.004807692307692308 0.004807692307692308
0 0.578125 0.29447115384615385 0.004807692307692308 0.004807692307692308
0 0.33052884615384615 0.2548076923076923 0.004807692307692308 0.004807692307692308
0 0.3233173076923077 0.2548076923076923 0.004807692307692308 0.004807692307692308
0 0.3112980769230769 0.25240384615384615 0.01201923076923077 0.016826923076923076
0 0.28966346153846156 0.24879807692307693 0.009615384615384616 0.007211538461538462
0 0.5673076923076923 0.2956730769230769 0.01201923076923077 0.01201923076923077
0 0.3485576923076923 0.2608173076923077 0.007211538461538462 0.009615384615384616
0 0.6862980769230769 0.3137019230769231 0.004807692307692308 0.004807692307692308
0 0.23918269230769232 0.24278846153846154 0.01201923076923077 0.01201923076923077
0 0.22956730769230768 0.24158653846153846 0.01201923076923077 0.01201923076923077
0 0.40024038461538464 0.2692307692307692 0.01201923076923077 0.01201923076923077
0 0.5649038461538461 0.296875 0.007211538461538462 0.009615384615384616
0 0.4362980769230769 0.2764423076923077 0.004807692307692308 0.004807692307692308
0 0.20432692307692307 0.2403846153846154 0.01201923076923077 0.016826923076923076
0 0.04807692307692308 0.21754807692307693 0.016826923076923076 0.016826923076923076
0 0.38341346153846156 0.27403846153846156 0.01201923076923077 0.016826923076923076
0 0.4567307692307692 0.2848557692307692 0.004807692307692308 0.004807692307692308
0 0.3942307692307692 0.27524038461538464 0.009615384615384616 0.007211538461538462
0 0.9795673076923077 0.3701923076923077 0.016826923076923076 0.016826923076923076
0 0.42788461538461536 0.28365384615384615 0.007211538461538462 0.009615384615384616
0 0.15144230769230768 0.2403846153846154 0.016826923076923076 0.019230769230769232
0 0.3161057692307692 0.2692307692307692 0.01201923076923077 0.016826923076923076
0 0.11658653846153846 0.23677884615384615 0.016826923076923076 0.016826923076923076
0 0.9963942307692307 0.390625 0.007211538461538462 0.016826923076923076
0 0.8197115384615384 0.36538461538461536 0.016826923076923076 0.016826923076923076
0 0.13341346153846154 0.25721153846153844 0.016826923076923076 0.019230769230769232
0 0.9747596153846154 0.390625 0.021634615384615384 0.026442307692307692
0 0.75 0.359375 0.026442307692307692 0.026442307692307692
0 0.8088942307692307 0.36899038461538464 0.016826923076923076 0.016826923076923076
0 0.8930288461538461 0.3870192307692308 0.021634615384615384 0.026442307692307692
0 0.9939903846153846 0.4074519230769231 0.01201923076923077 0.016826923076923076
0 0.953125 0.4026442307692308 0.016826923076923076 0.019230769230769232
0 0.8185096153846154 0.38341346153846156 0.021634615384615384 0.026442307692307692
0 0.9254807692307693 0.4050480769230769 0.016826923076923076 0.02403846153846154
0 0.9362980769230769 0.41466346153846156 0.026442307692307692 0.036057692307692304
0 0.8473557692307693 0.4026442307692308 0.021634615384615384 0.03125
0 0.7524038461538461 0.38822115384615385 0.026442307692307692 0.03125
0 0.9915865384615384 0.4266826923076923 0.016826923076923076 0.03125
0 0.9086538461538461 0.41466346153846156 0.026442307692307692 0.021634615384615384
0 0.4699519230769231 0.3485576923076923 0.026442307692307692 0.026442307692307692
0 0.8233173076923077 0.40625 0.026442307692307692 0.03125
0 0.9747596153846154 0.4326923076923077 0.021634615384615384 0.026442307692307692
0 0.6358173076923077 0.3798076923076923 0.026442307692307692 0.026442307692307692
0 0.5985576923076923 0.375 0.021634615384615384 0.026442307692307692
0 0.6862980769230769 0.38822115384615385 0.026442307692307692 0.03125
0 0.7163461538461539 0.39783653846153844 0.026442307692307692 0.026442307692307692
0 0.7884615384615384 0.4098557692307692 0.02403846153846154 0.036057692307692304
0 0.8533653846153846 0.42427884615384615 0.03125 0.036057692307692304
0 0.23557692307692307 0.3317307692307692 0.028846153846153848 0.040865384615384616
0 0.3545673076923077 0.35336538461538464 0.026442307692307692 0.036057692307692304
0 0.9014423076923077 0.43990384615384615 0.03125 0.036057692307692304
0 0.5961538461538461 0.390625 0.026442307692307692 0.036057692307692304
0 0.7163461538461539 0.41225961538461536 0.026442307692307692 0.026442307692307692
0 0.6514423076923077 0.4050480769230769 0.026442307692307692 0.03125
0 0.8173076923076923 0.4338942307692308 0.026442307692307692 0.036057692307692304
0 0.7536057692307693 0.4230769230769231 0.03125 0.036057692307692304
0 0.3713942307692308 0.36538461538461536 0.03365384615384615 0.05048076923076923
0 0.5288461538461539 0.39302884615384615 0.026442307692307692 0.036057692307692304
0 0.4639423076923077 0.390625 0.038461538461538464 0.04567307692307692
0 0.20673076923076922 0.34975961538461536 0.038461538461538464 0.04567307692307692
0 0.9567307692307693 0.47115384615384615 0.03125 0.036057692307692304
0 0.7079326923076923 0.4495192307692308 0.028846153846153848 0.040865384615384616
0 0.3076923076923077 0.38822115384615385 0.038461538461538464 0.04567307692307692
0 0.15625 0.36658653846153844 0.021634615384615384 0.026442307692307692
0 0.5240384615384616 0.4254807692307692 0.04326923076923077 0.052884615384615384
0 0.5889423076923077 0.4387019230769231 0.03365384615384615 0.040865384615384616
0 0.8725961538461539 0.4855769230769231 0.03365384615384615 0.04567307692307692
0 0.2764423076923077 0.3942307692307692 0.03365384615384615 0.05048076923076923
0 0.8112980769230769 0.4855769230769231 0.028846153846153848 0.040865384615384616
0 0.9891826923076923 0.5240384615384616 0.021634615384615384 0.052884615384615384
0 0.9651442307692307 0.5228365384615384 0.04326923076923077 0.052884615384615384
0 0.11899038461538461 0.390625 0.04567307692307692 0.06009615384615385
0 0.921875 0.5192307692307693 0.040865384615384616 0.055288461538461536
0 0.40024038461538464 0.45913461538461536 0.04326923076923077 0.052884615384615384
0 0.8245192307692307 0.5252403846153846 0.04326923076923077 0.04807692307692308
0 0.15985576923076922 0.4387019230769231 0.05048076923076923 0.06490384615384616
0 0.22596153846153846 0.4519230769230769 0.04567307692307692 0.055288461538461536
0 0.48197115384615385 0.515625 0.03365384615384615 0.04567307692307692
0 0.44711538461538464 0.5288461538461539 0.05048076923076923 0.055288461538461536
0 0.7572115384615384 0.5877403846153846 0.04567307692307692 0.055288461538461536
0 0.6574519230769231 0.5733173076923077 0.05048076923076923 0.055288461538461536
0 0.29927884615384615 0.5240384615384616 0.040865384615384616 0.055288461538461536
0 0.18269230769230768 0.5084134615384616 0.04567307692307692 0.06490384615384616
0 0.5024038461538461 0.5757211538461539 0.04807692307692308 0.06971153846153846
0 0.8978365384615384 0.640625 0.0625 0.08173076923076923
0 0.32211538461538464 0.5709134615384616 0.052884615384615384 0.06971153846153846
0 0.8076923076923077 0.6502403846153846 0.06009615384615385 0.0673076923076923
0 0.03245192307692308 0.5432692307692307 0.057692307692307696 0.055288461538461536
0 0.625 0.6418269230769231 0.07211538461538461 0.08653846153846154
0 0.4423076923076923 0.6129807692307693 0.0625 0.08173076923076923
0 0.7716346153846154 0.7043269230769231 0.06009615384615385 0.07211538461538461
0 0.019230769230769232 0.59375 0.038461538461538464 0.07211538461538461
0 0.21995192307692307 0.6358173076923077 0.0673076923076923 0.08653846153846154
0 0.7692307692307693 0.7512019230769231 0.0625 0.0889423076923077
0 0.27884615384615385 0.6995192307692307 0.09134615384615384 0.11778846153846154
0 0.01201923076923077 0.7055288461538461 0.02403846153846154 0.0985576923076923
0 0.07932692307692307 0.7295673076923077 0.08173076923076923 0.0985576923076923
0 0.42427884615384615 0.8473557692307693 0.08173076923076923 0.09375