0 0.7067307692307693 0.4387019230769231 0.019230769230769232 0.02403846153846154
0 0.5817307692307693 0.4362980769230769 0.009615384615384616 0.014423076923076924
0 0.390625 0.4266826923076923 0.004807692307692308 0.014423076923076924
0 0.46875 0.4362980769230769 0.004807692307692308 0.004807692307692308
0 0.6442307692307693 0.44471153846153844 0.004807692307692308 0.004807692307692308
0 0.640625 0.44471153846153844 0.004807692307692308 0.004807692307692308
0 0.5240384615384616 0.4387019230769231 0.004807692307692308 0.004807692307692308
0 0.5012019230769231 0.4375 0.004807692307692308 0.004807692307692308
0 0.44591346153846156 0.43509615384615385 0.004807692307692308 0.004807692307692308
0 0.39903846153846156 0.43509615384615385 0.004807692307692308 0.009615384615384616
0 0.3858173076923077 0.43149038461538464 0.004807692307692308 0.004807692307692308
0 0.6754807692307693 0.4519230769230769 0.004807692307692308 0.004807692307692308
0 0.5504807692307693 0.44471153846153844 0.004807692307692308 0.004807692307692308
0 0.44591346153846156 0.43990384615384615 0.004807692307692308 0.004807692307692308
0 0.6201923076923077 0.4483173076923077 0.004807692307692308 0.004807692307692308
0 0.5108173076923077 0.4423076923076923 0.004807692307692308 0.004807692307692308
0 0.40865384615384615 0.43990384615384615 0.004807692307692308 0.009615384615384616
0 0.5444711538461539 0.4495192307692308 0.009615384615384616 0.004807692307692308
0 0.7427884615384616 0.46033653846153844 0.009615384615384616 0.004807692307692308
0 0.671875 0.45552884615384615 0.004807692307692308 0.004807692307692308
0 0.5600961538461539 0.45072115384615385 0.004807692307692308 0.004807692307692308
0 0.7319711538461539 0.45913461538461536 0.004807692307692308 0.004807692307692308
0 0.5144230769230769 0.4483173076923077 0.004807692307692308 0.004807692307692308
0 0.6622596153846154 0.45552884615384615 0.004807692307692308 0.004807692307692308
0 0.5324519230769231 0.4483173076923077 0.004807692307692308 0.004807692307692308
0 0.6117788461538461 0.4579326923076923 0.004807692307692308 0.004807692307692308
0 0.5649038461538461 0.45552884615384615 0.004807692307692308 0.004807692307692308
0 0.5180288461538461 0.453125 0.004807692307692308 0.004807692307692308
0 0.49038461538461536 0.4519230769230769 0.004807692307692308 0.004807692307692308
0 0.7680288461538461 0.46634615384615385 0.004807692307692308 0.004807692307692308
0 0.6850961538461539 0.46153846153846156 0.004807692307692308 0.004807692307692308
0 0.4254807692307692 0.4495192307692308 0.004807692307692308 0.009615384615384616
0 0.5649038461538461 0.45552884615384615 0.004807692307692308 0.004807692307692308
0 0.5600961538461539 0.45552884615384615 0.004807692307692308 0.004807692307692308
0 0.5048076923076923 0.4519230769230769 0.004807692307692308 0.004807692307692308
0 0.48197115384615385 0.45072115384615385 0.004807692307692308 0.004807692307692308
0 0.5504807692307693 0.4543269230769231 0.004807692307692308 0.004807692307692308
0 0.7524038461538461 0.46634615384615385 0.009615384615384616 0.009615384615384616
0 0.6502403846153846 0.46033653846153844 0.009615384615384616 0.009615384615384616
0 0.4495192307692308 0.45072115384615385 0.004807692307692308 0.009615384615384616
0 0.36538461538461536 0.44591346153846156 0.004807692307692308 0.009615384615384616
0 0.7271634615384616 0.4651442307692308 0.004807692307692308 0.009615384615384616
0 0.4543269230769231 0.45072115384615385 0.004807692307692308 0.009615384615384616
0 0.43990384615384615 0.4519230769230769 0.004807692307692308 0.004807692307692308
0 0.6021634615384616 0.46274038461538464 0.004807692307692308 0.009615384615384616
0 0.4675480769230769 0.4543269230769231 0.004807692307692308 0.004807692307692308
0 0.46274038461538464 0.453125 0.004807692307692308 0.004807692307692308
0 0.7752403846153846 0.4699519230769231 0.009615384615384616 0.004807692307692308
0 0.7379807692307693 0.4699519230769231 0.009615384615384616 0.009615384615384616
0 0.43028846153846156 0.4519230769230769 0.004807692307692308 0.004807692307692308
0 0.375 0.4519230769230769 0.004807692307692308 0.009615384615384616
0 0.36177884615384615 0.4483173076923077 0.004807692307692308 0.004807692307692308
0 0.8088942307692307 0.4735576923076923 0.004807692307692308 0.009615384615384616
0 0.7451923076923077 0.46875 0.004807692307692308 0.004807692307692308
0 0.5276442307692307 0.4567307692307692 0.004807692307692308 0.004807692307692308
0 0.625 0.46153846153846156 0.004807692307692308 0.004807692307692308
0 0.5504807692307693 0.4579326923076923 0.004807692307692308 0.004807692307692308
0 0.07451923076923077 0.4375 0.004807692307692308 0.004807692307692308
0 0.7680288461538461 0.4723557692307692 0.004807692307692308 0.009615384615384616
0 0.5420673076923077 0.46033653846153844 0.004807692307692308 0.009615384615384616
0 0.0673076923076923 0.43509615384615385 0.009615384615384616 0.009615384615384616
0 0.6201923076923077 0.46634615384615385 0.004807692307692308 0.004807692307692308
0 0.38221153846153844 0.4519230769230769 0.009615384615384616 0.009615384615384616
0 0.10216346153846154 0.43990384615384615 0.004807692307692308 0.004807692307692308
0 0.7584134615384616 0.4735576923076923 0.004807692307692308 0.004807692307692308
0 0.5649038461538461 0.4639423076923077 0.004807692307692308 0.004807692307692308
0 0.8557692307692307 0.47836538461538464 0.014423076923076924 0.02403846153846154
0 0.109375 0.43990384615384615 0.009615384615384616 0.004807692307692308
0 0.7980769230769231 0.47596153846153844 0.009615384615384616 0.004807692307692308
0 0.8713942307692307 0.4795673076923077 0.009615384615384616 0.014423076923076924
0 0.5372596153846154 0.46274038461538464 0.014423076923076924 0.014423076923076924
0 0.5 0.46033653846153844 0.014423076923076924 0.014423076923076924
0 0.48197115384615385 0.46153846153846156 0.004807692307692308 0.009615384615384616
0 0.43990384615384615 0.4567307692307692 0.004807692307692308 0.004807692307692308
0 0.4026442307692308 0.45552884615384615 0.004807692307692308 0.014423076923076924
0 0.7439903846153846 0.47596153846153844 0.004807692307692308 0.009615384615384616
0 0.5096153846153846 0.46274038461538464 0.004807692307692308 0.009615384615384616
0 0.4098557692307692 0.4579326923076923 0.009615384615384616 0.009615384615384616
0 0.9290865384615384 0.4855769230769231 0.014423076923076924 0.019230769230769232
0 0.7788461538461539 0.47716346153846156 0.009615384615384616 0.009615384615384616
0 0.48677884615384615 0.4639423076923077 0.004807692307692308 0.004807692307692308
0 0.046875 0.4387019230769231 0.004807692307692308 0.009615384615384616
0 0.0829326923076923 0.4411057692307692 0.004807692307692308 0.009615384615384616
0 0.7836538461538461 0.4795673076923077 0.009615384615384616 0.014423076923076924
0 0.5168269230769231 0.4639423076923077 0.009615384615384616 0.009615384615384616
0 0.7512019230769231 0.47836538461538464 0.009615384615384616 0.004807692307692308
0 0.6286057692307693 0.4723557692307692 0.004807692307692308 0.004807692307692308
0 0.71875 0.47716346153846156 0.009615384615384616 0.014423076923076924
0 0.9591346153846154 0.49158653846153844 0.019230769230769232 0.019230769230769232
0 0.7307692307692307 0.47716346153846156 0.004807692307692308 0.014423076923076924
0 0.4266826923076923 0.4639423076923077 0.009615384615384616 0.009615384615384616
0 0.3858173076923077 0.4639423076923077 0.009615384615384616 0.014423076923076924
0 0.46153846153846156 0.4675480769230769 0.014423076923076924 0.014423076923076924
0 0.4387019230769231 0.4639423076923077 0.004807692307692308 0.009615384615384616
0 0.09254807692307693 0.4483173076923077 0.004807692307692308 0.004807692307692308
0 0.6586538461538461 0.47836538461538464 0.009615384615384616 0.014423076923076924
0 0.3737980769230769 0.46274038461538464 0.004807692307692308 0.004807692307692308
0 0.3641826923076923 0.4651442307692308 0.004807692307692308 0.009615384615384616
0 0.8257211538461539 0.48677884615384615 0.009615384615384616 0.014423076923076924
0 0.9483173076923077 0.4963942307692308 0.014423076923076924 0.019230769230769232
0 0.41346153846153844 0.4651442307692308 0.009615384615384616 0.014423076923076924
0 0.47836538461538464 0.47115384615384615 0.009615384615384616 0.009615384615384616
0 0.7512019230769231 0.4855769230769231 0.009615384615384616 0.009615384615384616
0 0.9759615384615384 0.5 0.014423076923076924 0.02403846153846154
0 0.5588942307692307 0.47836538461538464 0.014423076923076924 0.014423076923076924
0 0.9879807692307693 0.5048076923076923 0.02403846153846154 0.04326923076923077
0 0.8064903846153846 0.4951923076923077 0.009615384615384616 0.014423076923076924
0 0.640625 0.48677884615384615 0.009615384615384616 0.014423076923076924
0 0.7536057692307693 0.49278846153846156 0.004807692307692308 0.014423076923076924
0 0.6262019230769231 0.4855769230769231 0.009615384615384616 0.014423076923076924
0 0.8798076923076923 0.5024038461538461 0.009615384615384616 0.019230769230769232
0 0.6189903846153846 0.4855769230769231 0.004807692307692308 0.004807692307692308
0 0.5480769230769231 0.48197115384615385 0.009615384615384616 0.014423076923076924
0 0.578125 0.4855769230769231 0.004807692307692308 0.019230769230769232
0 0.4206730769230769 0.47836538461538464 0.014423076923076924 0.009615384615384616
0 0.9302884615384616 0.5048076923076923 0.019230769230769232 0.028846153846153848
0 0.8173076923076923 0.4987980769230769 0.014423076923076924 0.019230769230769232
0 0.7644230769230769 0.5 0.009615384615384616 0.019230769230769232
0 0.38341346153846156 0.4795673076923077 0.014423076923076924 0.019230769230769232
0 0.8497596153846154 0.5036057692307693 0.014423076923076924 0.019230769230769232
0 0.65625 0.49278846153846156 0.014423076923076924 0.02403846153846154
0 0.4387019230769231 0.4807692307692308 0.014423076923076924 0.02403846153846154
0 0.5649038461538461 0.4963942307692308 0.019230769230769232 0.03365384615384615
0 0.6045673076923077 0.4963942307692308 0.014423076923076924 0.019230769230769232
0 0.7079326923076923 0.5084134615384616 0.019230769230769232 0.02403846153846154
0 0.9627403846153846 0.5192307692307693 0.019230769230769232 0.028846153846153848
0 0.7475961538461539 0.5132211538461539 0.014423076923076924 0.019230769230769232
0 0.7295673076923077 0.5096153846153846 0.014423076923076924 0.02403846153846154
0 0.421875 0.4963942307692308 0.019230769230769232 0.028846153846153848
0 0.8197115384615384 0.5192307692307693 0.019230769230769232 0.02403846153846154
0 0.31009615384615385 0.49038461538461536 0.019230769230769232 0.019230769230769232
0 0.8028846153846154 0.5180288461538461 0.02403846153846154 0.02403846153846154
0 0.9110576923076923 0.5240384615384616 0.019230769230769232 0.02403846153846154
0 0.8762019230769231 0.5240384615384616 0.016826923076923076 0.028846153846153848
0 0.5528846153846154 0.5120192307692307 0.014423076923076924 0.019230769230769232
0 0.9915865384615384 0.5324519230769231 0.014423076923076924 0.02403846153846154
0 0.45552884615384615 0.5096153846153846 0.02403846153846154 0.03365384615384615
0 0.47836538461538464 0.5144230769230769 0.016826923076923076 0.03365384615384615
0 0.49399038461538464 0.5180288461538461 0.019230769230769232 0.028846153846153848
0 0.6141826923076923 0.5216346153846154 0.019230769230769232 0.02403846153846154
0 0.32572115384615385 0.5084134615384616 0.02403846153846154 0.028846153846153848
0 0.7536057692307693 0.5336538461538461 0.019230769230769232 0.02403846153846154
0 0.7692307692307693 0.5348557692307693 0.014423076923076924 0.02403846153846154
0 0.5144230769230769 0.5240384615384616 0.02403846153846154 0.038461538461538464
0 0.7872596153846154 0.5456730769230769 0.02403846153846154 0.03365384615384615
0 0.2536057692307692 0.5240384615384616 0.028846153846153848 0.038461538461538464
0 0.8846153846153846 0.5600961538461539 0.03365384615384615 0.03365384615384615
0 0.9050480769230769 0.5612980769230769 0.019230769230769232 0.03365384615384615
0 0.9855769230769231 0.5649038461538461 0.02403846153846154 0.04326923076923077
0 0.6322115384615384 0.5492788461538461 0.028846153846153848 0.038461538461538464
0 0.8377403846153846 0.5661057692307693 0.02403846153846154 0.03365384615384615
0 0.3954326923076923 0.5516826923076923 0.028846153846153848 0.03365384615384615
0 0.7211538461538461 0.5793269230769231 0.02403846153846154 0.03365384615384615
0 0.4519230769230769 0.5697115384615384 0.02403846153846154 0.04326923076923077
0 0.9723557692307693 0.6033653846153846 0.04807692307692308 0.057692307692307696
0 0.18629807692307693 0.5637019230769231 0.040865384615384616 0.0625
0 0.7752403846153846 0.6045673076923077 0.02403846153846154 0.03365384615384615
0 0.8112980769230769 0.6237980769230769 0.036057692307692304 0.04807692307692308
0 0.8810096153846154 0.6334134615384616 0.036057692307692304 0.0625
0 0.3641826923076923 0.6129807692307693 0.040865384615384616 0.057692307692307696
0 0.06850961538461539 0.6141826923076923 0.06009615384615385 0.08173076923076923
0 0.21033653846153846 0.6286057692307693 0.05048076923076923 0.07692307692307693
0 0.24519230769230768 0.6346153846153846 0.055288461538461536 0.07692307692307693
0 0.44350961538461536 0.6550480769230769 0.055288461538461536 0.08653846153846154
0 0.5769230769230769 0.75 0.055288461538461536 0.09615384615384616
0 0.7199519230769231 0.7992788461538461 0.05048076923076923 0.07692307692307693
0 0.8629807692307693 0.8245192307692307 0.08173076923076923 0.14423076923076922