0 0.1328125 0.58203125 0.01875 0.028125
0 0.00390625 0.5859375 0.0078125 0.01875
0 0.01484375 0.590625 0.0140625 0.0140625
0 0.29921875 0.60078125 0.01875 0.0421875
0 0.09140625 0.596875 0.0234375 0.0421875
0 0.1234375 0.59765625 0.0140625 0.01875
0 0.109375 0.59921875 0.009375 0.028125
0 0.19765625 0.60078125 0.0140625 0.01875
0 0.32890625 0.6125 0.0140625 0.01875
0 0.35390625 0.61328125 0.0140625 0.01875
0 0.56484375 0.61640625 0.009375 0.0140625
0 0.42578125 0.61640625 0.0140625 0.0234375
0 0.0484375 0.61015625 0.0375 0.075
0 0.21953125 0.61328125 0.0140625 0.028125
0 0.278125 0.61640625 0.0140625 0.0375
0 0.58359375 0.621875 0.0140625 0.0234375
0 0.37265625 0.6203125 0.0140625 0.0328125
0 0.61796875 0.6296875 0.0140625 0.01875
0 0.38671875 0.62734375 0.0296875 0.0515625
0 0.01640625 0.62578125 0.0296875 0.046875
0 0.8265625 0.63984375 0.01875 0.01875
0 0.8796875 0.64375 0.01875 0.028125
0 0.18515625 0.63359375 0.0296875 0.046875
0 0.35625 0.63671875 0.01875 0.0375
0 0.5 0.6390625 0.0140625 0.01875
0 0.4671875 0.640625 0.0140625 0.0234375
0 0.67109375 0.64453125 0.01875 0.028125
0 0.48125 0.64140625 0.01875 0.0328125
0 0.240625 0.63671875 0.0328125 0.075
0 0.15078125 0.6375 0.0375 0.0703125
0 0.32421875 0.640625 0.0234375 0.0421875
0 0.446875 0.6453125 0.0140625 0.028125
0 0.715625 0.65 0.01875 0.0421875
0 0.69453125 0.6515625 0.0296875 0.046875
0 0.78203125 0.653125 0.0234375 0.0375
0 0.6484375 0.653125 0.028125 0.0421875
0 0.97109375 0.66171875 0.0328125 0.0421875
0 0.59453125 0.6546875 0.0140625 0.0234375
0 0.1015625 0.64609375 0.0203125 0.046875
0 0.86484375 0.66171875 0.0140625 0.028125
0 0.73046875 0.659375 0.01875 0.0421875
0 0.75390625 0.66171875 0.0328125 0.0609375
0 0.809375 0.6625 0.028125 0.0421875
0 0.33828125 0.65390625 0.01875 0.0328125
0 0.578125 0.65859375 0.0140625 0.0234375
0 0.603125 0.65859375 0.0234375 0.0375
0 0.90625 0.67109375 0.046875 0.0796875
0 0.52890625 0.66484375 0.0296875 0.0609375
0 0.30703125 0.66796875 0.025 0.046875
0 0.5546875 0.67421875 0.0296875 0.05625
0 0.87890625 0.68203125 0.025 0.046875
0 0.42734375 0.6765625 0.0375 0.0796875
0 0.48203125 0.71328125 0.05625 0.0703125
0 0.8265625 0.753125 0.0671875 0.0984375
0 0.1390625 0.7484375 0.0578125 0.1078125