0 0.0985576923076923 0.21514423076923078 0.057692307692307696 0.07692307692307693
0 0.8076923076923077 0.3425480769230769 0.04567307692307692 0.07932692307692307
0 0.6081730769230769 0.3137019230769231 0.04807692307692308 0.07451923076923077
0 0.9194711538461539 0.3713942307692308 0.04326923076923077 0.06971153846153846
0 0.9951923076923077 0.3918269230769231 0.009615384615384616 0.09615384615384616
0 0.8425480769230769 0.36778846153846156 0.06009615384615385 0.08173076923076923
0 0.9110576923076923 0.09735576923076923 0.03125 0.05048076923076923
0 0.9699519230769231 0.4074519230769231 0.040865384615384616 0.055288461538461536
0 0.7091346153846154 0.36778846153846156 0.04326923076923077 0.06971153846153846
0 0.29086538461538464 0.3004807692307692 0.057692307692307696 0.07692307692307693
0 0.44591346153846156 0.3401442307692308 0.06490384615384616 0.10096153846153846
0 0.8317307692307693 0.4170673076923077 0.055288461538461536 0.0889423076923077
0 0.8605769230769231 0.09375 0.021634615384615384 0.038461538461538464
0 0.7151442307692307 0.06850961538461539 0.03125 0.05048076923076923
0 0.3173076923076923 0.3557692307692308 0.07932692307692307 0.1201923076923077
0 0.05048076923076923 0.3112980769230769 0.06490384615384616 0.10817307692307693
0 0.6802884615384616 0.0673076923076923 0.036057692307692304 0.05048076923076923
0 0.5721153846153846 0.04807692307692308 0.03125 0.057692307692307696
0 0.5168269230769231 0.40625 0.09375 0.12740384615384615
0 0.9362980769230769 0.4879807692307692 0.07451923076923077 0.10096153846153846
0 0.15985576923076922 0.36177884615384615 0.09134615384615384 0.1346153846153846
0 0.41947115384615385 0.02403846153846154 0.026442307692307692 0.04807692307692308
0 0.6730769230769231 0.4675480769230769 0.07211538461538461 0.07932692307692307
0 0.35336538461538464 0.41346153846153844 0.07932692307692307 0.1201923076923077
0 0.6430288461538461 0.06490384615384616 0.036057692307692304 0.05048076923076923
0 0.7560096153846154 0.0889423076923077 0.036057692307692304 0.05048076923076923
0 0.7259615384615384 0.0829326923076923 0.03125 0.05048076923076923
0 0.9627403846153846 0.125 0.03125 0.05048076923076923
0 0.6382211538461539 0.5697115384615384 0.09134615384615384 0.10817307692307693
0 0.36538461538461536 0.027644230769230768 0.03125 0.052884615384615384
0 0.9375 0.6947115384615384 0.0985576923076923 0.18509615384615385
0 0.3161057692307692 0.025240384615384616 0.036057692307692304 0.05048076923076923
0 0.46153846153846156 0.051682692307692304 0.038461538461538464 0.06971153846153846
0 0.22235576923076922 0.019230769230769232 0.036057692307692304 0.038461538461538464
0 0.24879807692307693 0.02403846153846154 0.03125 0.04807692307692308
0 0.8677884615384616 0.12860576923076922 0.03125 0.05048076923076923
0 0.5384615384615384 0.06971153846153846 0.02403846153846154 0.040865384615384616
0 0.5721153846153846 0.7211538461538461 0.11057692307692307 0.1466346153846154
0 0.35096153846153844 0.039663461538461536 0.036057692307692304 0.055288461538461536
0 0.9951923076923077 0.15745192307692307 0.009615384615384616 0.040865384615384616
0 0.6538461538461539 0.7632211538461539 0.11298076923076923 0.16105769230769232
0 0.484375 0.0673076923076923 0.04326923076923077 0.06490384615384616
0 0.8064903846153846 0.8365384615384616 0.10817307692307693 0.16826923076923078
0 0.8798076923076923 0.14302884615384615 0.03125 0.05048076923076923
0 0.5973557692307693 0.09375 0.03125 0.05048076923076923
0 0.7319711538461539 0.12259615384615384 0.026442307692307692 0.05048076923076923
0 0.8100961538461539 0.13581730769230768 0.028846153846153848 0.040865384615384616
0 0.056490384615384616 0.8425480769230769 0.11298076923076923 0.17548076923076922
0 0.6610576923076923 0.11658653846153846 0.036057692307692304 0.055288461538461536
0 0.2980769230769231 0.06009615384615385 0.03125 0.05048076923076923
0 0.41225961538461536 0.08774038461538461 0.038461538461538464 0.07451923076923077
0 0.9158653846153846 0.18028846153846154 0.026442307692307692 0.026442307692307692
0 0.09735576923076923 0.05048076923076923 0.03125 0.052884615384615384
0 0.3245192307692308 0.09615384615384616 0.03125 0.052884615384615384
0 0.18990384615384615 0.06971153846153846 0.026442307692307692 0.05048076923076923
0 0.6778846153846154 0.15745192307692307 0.036057692307692304 0.055288461538461536
0 0.8269230769230769 0.18629807692307693 0.02403846153846154 0.040865384615384616
0 0.30288461538461536 0.09375 0.036057692307692304 0.06009615384615385
0 0.22596153846153846 0.08052884615384616 0.036057692307692304 0.06009615384615385
0 0.6069711538461539 0.1502403846153846 0.03125 0.052884615384615384
0 0.24759615384615385 0.08653846153846154 0.04807692307692308 0.06490384615384616
0 0.17307692307692307 0.07572115384615384 0.04326923076923077 0.06971153846153846
0 0.6454326923076923 0.03245192307692308 0.026442307692307692 0.03125
0 0.5252403846153846 0.013221153846153846 0.021634615384615384 0.026442307692307692
0 0.8461538461538461 0.06850961538461539 0.021634615384615384 0.03365384615384615
0 0.7163461538461539 0.18269230769230768 0.036057692307692304 0.055288461538461536
0 0.8954326923076923 0.21514423076923078 0.03125 0.052884615384615384
0 0.7475961538461539 0.18870192307692307 0.04567307692307692 0.055288461538461536
0 0.9711538461538461 0.23317307692307693 0.036057692307692304 0.055288461538461536
0 0.7956730769230769 0.20673076923076922 0.036057692307692304 0.055288461538461536
0 0.46274038461538464 0.1502403846153846 0.038461538461538464 0.06971153846153846
0 0.8509615384615384 0.22596153846153846 0.03125 0.052884615384615384
0 0.9399038461538461 0.08774038461538461 0.021634615384615384 0.038461538461538464
0 0.4254807692307692 0.008413461538461538 0.03365384615384615 0.016826923076923076
0 0.3425480769230769 0.140625 0.04567307692307692 0.055288461538461536
0 0.9014423076923077 0.23918269230769232 0.04326923076923077 0.06490384615384616
0 0.6153846153846154 0.1935096153846154 0.038461538461538464 0.06490384615384616
0 0.19591346153846154 0.12139423076923077 0.036057692307692304 0.05048076923076923
0 0.8353365384615384 0.23918269230769232 0.03125 0.05048076923076923
0 0.9723557692307693 0.27283653846153844 0.036057692307692304 0.05048076923076923
0 0.11538461538461539 0.1201923076923077 0.038461538461538464 0.06490384615384616
0 0.14903846153846154 0.13341346153846154 0.04326923076923077 0.06971153846153846
0 0.5300480769230769 0.19951923076923078 0.036057692307692304 0.06009615384615385
0 0.29086538461538464 0.15745192307692307 0.040865384615384616 0.06009615384615385
0 0.484375 0.019230769230769232 0.040865384615384616 0.038461538461538464
0 0.765625 0.24519230769230768 0.05048076923076923 0.07932692307692307
0 0.22115384615384615 0.14903846153846154 0.03125 0.057692307692307696
0 0.9867788461538461 0.28725961538461536 0.026442307692307692 0.07451923076923077
0 0.5721153846153846 0.22355769230769232 0.06009615384615385 0.08413461538461539
0 0.6826923076923077 0.25 0.04326923076923077 0.06971153846153846
0 0.734375 0.2644230769230769 0.05048076923076923 0.07932692307692307
0 0.5396634615384616 0.02283653846153846 0.03125 0.04567307692307692
0 0.8149038461538461 0.0733173076923077 0.036057692307692304 0.055288461538461536
0 0.8641826923076923 0.30288461538461536 0.04567307692307692 0.055288461538461536
0 0.9651442307692307 0.3233173076923077 0.04326923076923077 0.06971153846153846
0 0.9194711538461539 0.31971153846153844 0.03125 0.05048076923076923
0 0.07211538461538461 0.17427884615384615 0.055288461538461536 0.08173076923076923
0 0.5913461538461539 0.036057692307692304 0.021634615384615384 0.03125
0 0.33413461538461536 0.22716346153846154 0.04567307692307692 0.07932692307692307
0 0.1814903846153846 0.19951923076923078 0.05048076923076923 0.07932692307692307
0 0.4639423076923077 0.25240384615384615 0.04807692307692308 0.07451923076923077
0 0.40384615384615385 0.2439903846153846 0.05048076923076923 0.0889423076923077
0 0.5120192307692307 0.27163461538461536 0.04807692307692308 0.06971153846153846
0 0.3004807692307692 0.23197115384615385 0.04326923076923077 0.07451923076923077