0 0.5625 0.109375 0.046875 0.06009615384615385
0 0.7524038461538461 0.109375 0.055288461538461536 0.07451923076923077
0 0.36778846153846156 0.12259615384615384 0.027644230769230768 0.055288461538461536
0 0.45552884615384615 0.12740384615384615 0.046875 0.055288461538461536
0 0.5300480769230769 0.12740384615384615 0.042067307692307696 0.06971153846153846
0 0.625 0.12740384615384615 0.046875 0.06971153846153846
0 0.3894230769230769 0.13942307692307693 0.046875 0.06971153846153846
0 0.009615384615384616 0.1622596153846154 0.018028846153846152 0.03245192307692308
0 0.30528846153846156 0.16466346153846154 0.042067307692307696 0.05048076923076923
0 0.890625 0.16947115384615385 0.06971153846153846 0.10216346153846154
0 0.5552884615384616 0.17548076923076922 0.046875 0.06971153846153846
0 0.055288461538461536 0.18028846153846154 0.027644230769230768 0.02283653846153846
0 0.09254807692307693 0.18269230769230768 0.027644230769230768 0.03245192307692308
0 0.8245192307692307 0.18269230769230768 0.0829326923076923 0.10697115384615384
0 0.25 0.19230769230769232 0.037259615384615384 0.06009615384615385
0 0.1346153846153846 0.1971153846153846 0.03245192307692308 0.046875
0 0.1778846153846154 0.19951923076923078 0.03245192307692308 0.05048076923076923
0 0.018028846153846152 0.20192307692307693 0.02283653846153846 0.03245192307692308
0 0.052884615384615384 0.20552884615384615 0.02283653846153846 0.037259615384615384
0 0.08774038461538461 0.21514423076923078 0.027644230769230768 0.037259615384615384
0 0.10697115384615384 0.21754807692307693 0.03245192307692308 0.037259615384615384
0 0.20192307692307693 0.22235576923076922 0.03245192307692308 0.046875
0 0.1622596153846154 0.22716346153846154 0.02283653846153846 0.037259615384615384
0 0.30288461538461536 0.22956730769230768 0.05048076923076923 0.06490384615384616
0 0.4050480769230769 0.23197115384615385 0.05048076923076923 0.078125
0 0.13942307692307693 0.2704326923076923 0.042067307692307696 0.06009615384615385
0 0.28725961538461536 0.2704326923076923 0.046875 0.06490384615384616
0 0.09735576923076923 0.27283653846153844 0.042067307692307696 0.055288461538461536
0 0.17548076923076922 0.2776442307692308 0.042067307692307696 0.06971153846153846
0 0.030048076923076924 0.2776442307692308 0.037259615384615384 0.05048076923076923
0 0.8221153846153846 0.2824519230769231 0.06009615384615385 0.078125
0 0.515625 0.2824519230769231 0.055288461538461536 0.08774038461538461
0 0.6694711538461539 0.29447115384615385 0.06490384615384616 0.09735576923076923
0 0.2776442307692308 0.33774038461538464 0.06009615384615385 0.055288461538461536
0 0.1346153846153846 0.35216346153846156 0.06971153846153846 0.078125
0 0.015625 0.38100961538461536 0.03125 0.026442307692307692
0 0.057692307692307696 0.3894230769230769 0.05048076923076923 0.06490384615384616
0 0.2644230769230769 0.4170673076923077 0.06009615384615385 0.08774038461538461
0 0.4050480769230769 0.43990384615384615 0.06971153846153846 0.10216346153846154
0 0.015625 0.4519230769230769 0.03125 0.08653846153846154
0 0.5528846153846154 0.4579326923076923 0.07451923076923077 0.11057692307692307
0 0.9759615384615384 0.45913461538461536 0.04807692307692308 0.10096153846153846
0 0.1875 0.4675480769230769 0.05048076923076923 0.06490384615384616
0 0.057692307692307696 0.47716346153846156 0.06490384615384616 0.078125
0 0.8149038461538461 0.5877403846153846 0.0829326923076923 0.11057692307692307
0 0.6394230769230769 0.5949519230769231 0.07451923076923077 0.11538461538461539
0 0.9603365384615384 0.5949519230769231 0.06971153846153846 0.11538461538461539
0 0.09495192307692307 0.06490384615384616 0.03245192307692308 0.037259615384615384
0 0.6177884615384616 0.06490384615384616 0.037259615384615384 0.046875
0 0.5348557692307693 0.0673076923076923 0.042067307692307696 0.06009615384615385
0 0.6670673076923077 0.07211538461538461 0.042067307692307696 0.055288461538461536
0 0.4651442307692308 0.08052884615384616 0.046875 0.06490384615384616
0 0.042067307692307696 0.09495192307692307 0.02283653846153846 0.03245192307692308