0 0.9639423076923077 0.12860576923076922 0.019230769230769232 0.02403846153846154
0 0.8954326923076923 0.12740384615384615 0.014423076923076924 0.028846153846153848
0 0.828125 0.12620192307692307 0.019230769230769232 0.02403846153846154
0 0.59375 0.015625 0.02403846153846154 0.028846153846153848
0 0.7379807692307693 0.1310096153846154 0.014423076923076924 0.028846153846153848
0 0.265625 0.13341346153846154 0.019230769230769232 0.028846153846153848
0 0.4963942307692308 0.13942307692307693 0.02403846153846154 0.03365384615384615
0 0.9951923076923077 0.15384615384615385 0.009615384615384616 0.028846153846153848
0 0.47836538461538464 0.014423076923076924 0.014423076923076924 0.019230769230769232
0 0.8004807692307693 0.15264423076923078 0.02403846153846154 0.03365384615384615
0 0.5432692307692307 0.14903846153846154 0.02403846153846154 0.03365384615384615
0 0.6165865384615384 0.15264423076923078 0.028846153846153848 0.028846153846153848
0 0.59375 0.1658653846153846 0.02403846153846154 0.03365384615384615
0 0.12860576923076922 0.009615384615384616 0.019230769230769232 0.019230769230769232
0 0.3858173076923077 0.013221153846153846 0.014423076923076924 0.02403846153846154
0 0.20793269230769232 0.16466346153846154 0.02403846153846154 0.03365384615384615
0 0.8064903846153846 0.1778846153846154 0.014423076923076924 0.014423076923076924
0 0.7860576923076923 0.18028846153846154 0.019230769230769232 0.038461538461538464
0 0.8413461538461539 0.18389423076923078 0.019230769230769232 0.02403846153846154
0 0.5336538461538461 0.18269230769230768 0.014423076923076924 0.019230769230769232
0 0.8737980769230769 0.19110576923076922 0.02403846153846154 0.028846153846153848
0 0.7560096153846154 0.19230769230769232 0.02403846153846154 0.03365384615384615
0 0.8028846153846154 0.19471153846153846 0.019230769230769232 0.028846153846153848
0 0.7103365384615384 0.1935096153846154 0.02403846153846154 0.028846153846153848
0 0.4170673076923077 0.1935096153846154 0.019230769230769232 0.03365384615384615
0 0.8269230769230769 0.203125 0.019230769230769232 0.028846153846153848
0 0.5168269230769231 0.1971153846153846 0.02403846153846154 0.028846153846153848
0 0.07451923076923077 0.18990384615384615 0.019230769230769232 0.03365384615384615
0 0.9206730769230769 0.027644230769230768 0.019230769230769232 0.02403846153846154
0 0.3137019230769231 0.016826923076923076 0.019230769230769232 0.03365384615384615
0 0.3701923076923077 0.203125 0.019230769230769232 0.02403846153846154
0 0.5673076923076923 0.21875 0.019230769230769232 0.02403846153846154
0 0.8774038461538461 0.22596153846153846 0.02403846153846154 0.03365384615384615
0 0.19110576923076922 0.014423076923076924 0.014423076923076924 0.02403846153846154
0 0.47716346153846156 0.22235576923076922 0.028846153846153848 0.03365384615384615
0 0.5276442307692307 0.234375 0.02403846153846154 0.03365384615384615
0 0.7139423076923077 0.028846153846153848 0.014423076923076924 0.02403846153846154
0 0.0829326923076923 0.23798076923076922 0.02403846153846154 0.028846153846153848
0 0.5649038461538461 0.24879807692307693 0.02403846153846154 0.038461538461538464
0 0.6478365384615384 0.25240384615384615 0.02403846153846154 0.02403846153846154
0 0.3173076923076923 0.24639423076923078 0.02403846153846154 0.03365384615384615
0 0.7920673076923077 0.2548076923076923 0.02403846153846154 0.038461538461538464
0 0.9711538461538461 0.03365384615384615 0.019230769230769232 0.028846153846153848
0 0.8425480769230769 0.25841346153846156 0.019230769230769232 0.02403846153846154
0 0.3425480769230769 0.2548076923076923 0.02403846153846154 0.03365384615384615
0 0.9387019230769231 0.2668269230769231 0.028846153846153848 0.02403846153846154
0 0.7512019230769231 0.2692307692307692 0.02403846153846154 0.03365384615384615
0 0.015625 0.25721153846153844 0.014423076923076924 0.04326923076923077
0 0.41586538461538464 0.2668269230769231 0.028846153846153848 0.03365384615384615
0 0.6033653846153846 0.27163461538461536 0.019230769230769232 0.028846153846153848
0 0.9783653846153846 0.27884615384615385 0.02403846153846154 0.02403846153846154
0 0.7007211538461539 0.2764423076923077 0.02403846153846154 0.028846153846153848
0 0.8389423076923077 0.28365384615384615 0.02403846153846154 0.03365384615384615
0 0.47596153846153844 0.2824519230769231 0.028846153846153848 0.028846153846153848
0 0.828125 0.03365384615384615 0.014423076923076924 0.02403846153846154
0 0.12860576923076922 0.2764423076923077 0.028846153846153848 0.04326923076923077
0 0.20552884615384615 0.2800480769230769 0.019230769230769232 0.03365384615384615
0 0.3641826923076923 0.2824519230769231 0.019230769230769232 0.03365384615384615
0 0.036057692307692304 0.2764423076923077 0.02403846153846154 0.03365384615384615
0 0.9435096153846154 0.2920673076923077 0.019230769230769232 0.02403846153846154
0 0.7415865384615384 0.29086538461538464 0.02403846153846154 0.03365384615384615
0 0.6081730769230769 0.296875 0.02403846153846154 0.028846153846153848
0 0.5240384615384616 0.29447115384615385 0.02403846153846154 0.028846153846153848
0 0.28365384615384615 0.2932692307692308 0.014423076923076924 0.02403846153846154
0 0.22596153846153846 0.2932692307692308 0.02403846153846154 0.04326923076923077
0 0.4411057692307692 0.296875 0.028846153846153848 0.03365384615384615
0 0.8605769230769231 0.30408653846153844 0.02403846153846154 0.03365384615384615
0 0.39903846153846156 0.3016826923076923 0.028846153846153848 0.028846153846153848
0 0.45913461538461536 0.30649038461538464 0.019230769230769232 0.028846153846153848
0 0.34134615384615385 0.30528846153846156 0.028846153846153848 0.038461538461538464
0 0.04326923076923077 0.3016826923076923 0.028846153846153848 0.04326923076923077
0 0.5661057692307693 0.3112980769230769 0.02403846153846154 0.02403846153846154
0 0.7211538461538461 0.3233173076923077 0.02403846153846154 0.028846153846153848
0 0.6081730769230769 0.32211538461538464 0.019230769230769232 0.028846153846153848
0 0.16346153846153846 0.3161057692307692 0.028846153846153848 0.04807692307692308
0 0.578125 0.3233173076923077 0.02403846153846154 0.038461538461538464
0 0.5264423076923077 0.3245192307692308 0.019230769230769232 0.03365384615384615
0 0.2403846153846154 0.027644230769230768 0.014423076923076924 0.019230769230769232
0 0.42908653846153844 0.3233173076923077 0.019230769230769232 0.03365384615384615
0 0.9543269230769231 0.33533653846153844 0.02403846153846154 0.03365384615384615
0 0.5096153846153846 0.328125 0.028846153846153848 0.038461538461538464
0 0.3088942307692308 0.3245192307692308 0.02403846153846154 0.03365384615384615
0 0.9146634615384616 0.33774038461538464 0.028846153846153848 0.038461538461538464
0 0.6274038461538461 0.33533653846153844 0.02403846153846154 0.038461538461538464
0 0.5625 0.33653846153846156 0.02403846153846154 0.028846153846153848
0 0.7644230769230769 0.3401442307692308 0.02403846153846154 0.028846153846153848
0 0.4879807692307692 0.3449519230769231 0.02403846153846154 0.04326923076923077
0 0.8521634615384616 0.35336538461538464 0.02403846153846154 0.038461538461538464
0 0.5300480769230769 0.35216346153846156 0.02403846153846154 0.03365384615384615
0 0.5901442307692307 0.3581730769230769 0.028846153846153848 0.03365384615384615
0 0.43990384615384615 0.3557692307692308 0.02403846153846154 0.03365384615384615
0 0.5528846153846154 0.3605769230769231 0.02403846153846154 0.028846153846153848
0 0.18990384615384615 0.35697115384615385 0.02403846153846154 0.03365384615384615
0 0.052884615384615384 0.3545673076923077 0.02403846153846154 0.03365384615384615
0 0.9939903846153846 0.375 0.01201923076923077 0.038461538461538464
0 0.8197115384615384 0.3737980769230769 0.028846153846153848 0.04326923076923077
0 0.35697115384615385 0.36538461538461536 0.028846153846153848 0.03365384615384615
0 0.41947115384615385 0.36899038461538464 0.02403846153846154 0.038461538461538464
0 0.15745192307692307 0.3713942307692308 0.028846153846153848 0.03365384615384615
0 0.5829326923076923 0.3858173076923077 0.02403846153846154 0.03365384615384615
0 0.04447115384615385 0.38221153846153844 0.028846153846153848 0.04326923076923077
0 0.9002403846153846 0.40024038461538464 0.028846153846153848 0.04807692307692308
0 0.24759615384615385 0.390625 0.03365384615384615 0.03365384615384615
0 0.7331730769230769 0.39903846153846156 0.02403846153846154 0.04807692307692308
0 0.34375 0.037259615384615384 0.02403846153846154 0.03365384615384615
0 0.47115384615384615 0.39783653846153844 0.02403846153846154 0.04326923076923077
0 0.4831730769230769 0.4026442307692308 0.019230769230769232 0.028846153846153848
0 0.5108173076923077 0.41225961538461536 0.03365384615384615 0.038461538461538464
0 0.38100961538461536 0.4170673076923077 0.02403846153846154 0.028846153846153848
0 0.7884615384615384 0.4326923076923077 0.02403846153846154 0.038461538461538464
0 0.0733173076923077 0.4230769230769231 0.028846153846153848 0.03365384615384615
0 0.22115384615384615 0.43028846153846156 0.028846153846153848 0.04807692307692308
0 0.7091346153846154 0.4411057692307692 0.02403846153846154 0.04807692307692308
0 0.010817307692307692 0.4338942307692308 0.019230769230769232 0.06971153846153846
0 0.3161057692307692 0.4387019230769231 0.028846153846153848 0.04326923076923077
0 0.45072115384615385 0.44591346153846156 0.019230769230769232 0.03365384615384615
0 0.16105769230769232 0.040865384615384616 0.019230769230769232 0.02403846153846154
0 0.3918269230769231 0.453125 0.02403846153846154 0.028846153846153848
0 0.59375 0.45913461538461536 0.02403846153846154 0.02403846153846154
0 0.8653846153846154 0.47115384615384615 0.028846153846153848 0.04326923076923077
0 0.5072115384615384 0.4699519230769231 0.028846153846153848 0.028846153846153848
0 0.3798076923076923 0.4723557692307692 0.028846153846153848 0.03365384615384615
0 0.6694711538461539 0.47716346153846156 0.02403846153846154 0.04326923076923077
0 0.4326923076923077 0.47836538461538464 0.028846153846153848 0.04807692307692308
0 0.2824519230769231 0.47836538461538464 0.019230769230769232 0.038461538461538464
0 0.8329326923076923 0.49399038461538464 0.028846153846153848 0.038461538461538464
0 0.5504807692307693 0.49399038461538464 0.028846153846153848 0.04326923076923077
0 0.0625 0.49759615384615385 0.038461538461538464 0.05048076923076923
0 0.9278846153846154 0.5144230769230769 0.028846153846153848 0.04807692307692308
0 0.375 0.5120192307692307 0.028846153846153848 0.04326923076923077
0 0.8257211538461539 0.013221153846153846 0.014423076923076924 0.014423076923076924
0 0.6947115384615384 0.5360576923076923 0.02403846153846154 0.05048076923076923
0 0.31850961538461536 0.5432692307692307 0.03365384615384615 0.04326923076923077
0 0.22355769230769232 0.5420673076923077 0.03365384615384615 0.04807692307692308
0 0.5216346153846154 0.546875 0.02403846153846154 0.03365384615384615
0 0.7536057692307693 0.5528846153846154 0.02403846153846154 0.04326923076923077
0 0.6033653846153846 0.5528846153846154 0.03365384615384615 0.05048076923076923
0 0.14903846153846154 0.546875 0.028846153846153848 0.05048076923076923
0 0.7235576923076923 0.5685096153846154 0.02403846153846154 0.04326923076923077
0 0.4963942307692308 0.5721153846153846 0.038461538461538464 0.04807692307692308
0 0.8197115384615384 0.06370192307692307 0.014423076923076924 0.02403846153846154
0 0.5865384615384616 0.5889423076923077 0.028846153846153848 0.04326923076923077
0 0.6935096153846154 0.6009615384615384 0.028846153846153848 0.04326923076923077
0 0.96875 0.015625 0.019230769230769232 0.014423076923076924
0 0.6045673076923077 0.6298076923076923 0.038461538461538464 0.04326923076923077
0 0.8653846153846154 0.6382211538461539 0.04326923076923077 0.05048076923076923
0 0.4074519230769231 0.6394230769230769 0.038461538461538464 0.04807692307692308
0 0.45072115384615385 0.6538461538461539 0.03365384615384615 0.05048076923076923
0 0.75 0.07211538461538461 0.02403846153846154 0.028846153846153848
0 0.7620192307692307 0.7079326923076923 0.04326923076923077 0.04326923076923077
0 0.8557692307692307 0.013221153846153846 0.019230769230769232 0.014423076923076924
0 0.44471153846153844 0.7560096153846154 0.03365384615384615 0.05048076923076923
0 0.4026442307692308 0.8858173076923077 0.04326923076923077 0.04326923076923077
0 0.04927884615384615 0.08413461538461539 0.009615384615384616 0.014423076923076924
0 0.8401442307692307 0.10817307692307693 0.019230769230769232 0.02403846153846154