0 0.2860576923076923 0.7355769230769231 0.0673076923076923 0.04567307692307692
0 0.6310096153846154 0.7560096153846154 0.09615384615384616 0.07211538461538461
0 0.3581730769230769 0.8305288461538461 0.09375 0.04326923076923077
0 0.13221153846153846 0.8665865384615384 0.11538461538461539 0.07692307692307693
0 0.9807692307692307 0.8233173076923077 0.038461538461538464 0.07932692307692307
0 0.7980769230769231 0.8425480769230769 0.11298076923076923 0.08173076923076923
0 0.6742788461538461 0.8713942307692307 0.15865384615384615 0.0889423076923077
0 0.3245192307692308 0.8978365384615384 0.13942307692307693 0.08653846153846154
0 0.6862980769230769 0.4338942307692308 0.004807692307692308 0.004807692307692308
0 0.5612980769230769 0.44711538461538464 0.009615384615384616 0.004807692307692308
0 0.6213942307692307 0.44350961538461536 0.009615384615384616 0.004807692307692308
0 0.5432692307692307 0.4483173076923077 0.009615384615384616 0.004807692307692308
0 0.5540865384615384 0.4495192307692308 0.009615384615384616 0.009615384615384616
0 0.5060096153846154 0.453125 0.009615384615384616 0.004807692307692308
0 0.4387019230769231 0.4567307692307692 0.009615384615384616 0.004807692307692308
0 0.453125 0.45913461538461536 0.009615384615384616 0.004807692307692308
0 0.4891826923076923 0.4567307692307692 0.004807692307692308 0.004807692307692308
0 0.6538461538461539 0.44471153846153844 0.009615384615384616 0.004807692307692308
0 0.5793269230769231 0.4495192307692308 0.009615384615384616 0.004807692307692308
0 0.4639423076923077 0.4579326923076923 0.014423076923076924 0.004807692307692308
0 0.5336538461538461 0.453125 0.009615384615384616 0.004807692307692308
0 0.5432692307692307 0.4543269230769231 0.009615384615384616 0.004807692307692308
0 0.671875 0.44591346153846156 0.009615384615384616 0.009615384615384616
0 0.5492788461538461 0.4543269230769231 0.009615384615384616 0.004807692307692308
0 0.7235576923076923 0.4423076923076923 0.004807692307692308 0.004807692307692308
0 0.6838942307692307 0.44471153846153844 0.009615384615384616 0.009615384615384616
0 0.5252403846153846 0.45552884615384615 0.009615384615384616 0.004807692307692308
0 0.44471153846153844 0.46153846153846156 0.014423076923076924 0.009615384615384616
0 0.20552884615384615 0.4807692307692308 0.009615384615384616 0.004807692307692308
0 0.2247596153846154 0.4795673076923077 0.014423076923076924 0.009615384615384616
0 0.5745192307692307 0.45552884615384615 0.009615384615384616 0.004807692307692308
0 0.5649038461538461 0.45552884615384615 0.009615384615384616 0.004807692307692308
0 0.4579326923076923 0.46274038461538464 0.014423076923076924 0.009615384615384616
0 0.6682692307692307 0.45072115384615385 0.009615384615384616 0.009615384615384616
0 0.6574519230769231 0.4519230769230769 0.009615384615384616 0.004807692307692308
0 0.7139423076923077 0.44711538461538464 0.009615384615384616 0.004807692307692308
0 0.6021634615384616 0.45552884615384615 0.009615384615384616 0.004807692307692308
0 0.18269230769230768 0.484375 0.019230769230769232 0.01201923076923077
0 0.48197115384615385 0.4639423076923077 0.009615384615384616 0.004807692307692308
0 0.5552884615384616 0.46153846153846156 0.009615384615384616 0.004807692307692308
0 0.4951923076923077 0.4651442307692308 0.009615384615384616 0.004807692307692308
0 0.7367788461538461 0.4483173076923077 0.004807692307692308 0.004807692307692308
0 0.5805288461538461 0.45913461538461536 0.009615384615384616 0.004807692307692308
0 0.44711538461538464 0.46875 0.009615384615384616 0.009615384615384616
0 0.5252403846153846 0.46274038461538464 0.009615384615384616 0.004807692307692308
0 0.47716346153846156 0.46875 0.004807692307692308 0.004807692307692308
0 0.5456730769230769 0.4639423076923077 0.009615384615384616 0.004807692307692308
0 0.703125 0.453125 0.009615384615384616 0.004807692307692308
0 0.5901442307692307 0.46153846153846156 0.009615384615384616 0.004807692307692308
0 0.5348557692307693 0.4651442307692308 0.009615384615384616 0.004807692307692308
0 0.5649038461538461 0.46274038461538464 0.009615384615384616 0.004807692307692308
0 0.45072115384615385 0.47115384615384615 0.009615384615384616 0.004807692307692308
0 0.6454326923076923 0.4567307692307692 0.014423076923076924 0.004807692307692308
0 0.6322115384615384 0.4579326923076923 0.009615384615384616 0.004807692307692308
0 0.6875 0.4567307692307692 0.009615384615384616 0.004807692307692308
0 0.109375 0.49759615384615385 0.014423076923076924 0.004807692307692308
0 0.7620192307692307 0.4519230769230769 0.009615384615384616 0.004807692307692308
0 0.20072115384615385 0.49038461538461536 0.009615384615384616 0.004807692307692308
0 0.703125 0.45552884615384615 0.014423076923076924 0.004807692307692308
0 0.6622596153846154 0.45913461538461536 0.009615384615384616 0.004807692307692308
0 0.625 0.46153846153846156 0.009615384615384616 0.004807692307692308
0 0.7403846153846154 0.45552884615384615 0.009615384615384616 0.004807692307692308
0 0.515625 0.47115384615384615 0.009615384615384616 0.004807692307692308
0 0.4795673076923077 0.4735576923076923 0.014423076923076924 0.004807692307692308
0 0.4699519230769231 0.47475961538461536 0.009615384615384616 0.004807692307692308
0 0.4951923076923077 0.4723557692307692 0.009615384615384616 0.009615384615384616
0 0.7920673076923077 0.4519230769230769 0.014423076923076924 0.009615384615384616
0 0.46153846153846156 0.47716346153846156 0.009615384615384616 0.009615384615384616
0 0.7776442307692307 0.45552884615384615 0.009615384615384616 0.004807692307692308
0 0.19110576923076922 0.4963942307692308 0.009615384615384616 0.009615384615384616
0 0.5324519230769231 0.4723557692307692 0.019230769230769232 0.01201923076923077
0 0.17908653846153846 0.49759615384615385 0.019230769230769232 0.01201923076923077
0 0.7127403846153846 0.46033653846153844 0.009615384615384616 0.009615384615384616
0 0.09615384615384616 0.5024038461538461 0.014423076923076924 0.009615384615384616
0 0.7680288461538461 0.45552884615384615 0.009615384615384616 0.009615384615384616
0 0.6995192307692307 0.46033653846153844 0.009615384615384616 0.009615384615384616
0 0.5829326923076923 0.46875 0.009615384615384616 0.009615384615384616
0 0.4807692307692308 0.47596153846153844 0.004807692307692308 0.004807692307692308
0 0.13942307692307693 0.5 0.019230769230769232 0.01201923076923077
0 0.7596153846153846 0.45913461538461536 0.014423076923076924 0.009615384615384616
0 0.6875 0.4639423076923077 0.009615384615384616 0.009615384615384616
0 0.17067307692307693 0.5 0.014423076923076924 0.009615384615384616
0 0.11177884615384616 0.5048076923076923 0.014423076923076924 0.009615384615384616
0 0.6081730769230769 0.4699519230769231 0.009615384615384616 0.009615384615384616
0 0.5588942307692307 0.4735576923076923 0.009615384615384616 0.009615384615384616
0 0.4735576923076923 0.4795673076923077 0.009615384615384616 0.004807692307692308
0 0.7295673076923077 0.46153846153846156 0.014423076923076924 0.009615384615384616
0 0.5757211538461539 0.4723557692307692 0.009615384615384616 0.004807692307692308
0 0.6730769230769231 0.4675480769230769 0.014423076923076924 0.009615384615384616
0 0.6286057692307693 0.47115384615384615 0.014423076923076924 0.009615384615384616
0 0.5961538461538461 0.4723557692307692 0.014423076923076924 0.009615384615384616
0 0.7199519230769231 0.4639423076923077 0.009615384615384616 0.004807692307692308
0 0.5168269230769231 0.47836538461538464 0.009615384615384616 0.009615384615384616
0 0.5012019230769231 0.4795673076923077 0.009615384615384616 0.004807692307692308
0 0.4891826923076923 0.4807692307692308 0.004807692307692308 0.004807692307692308
0 0.45913461538461536 0.48197115384615385 0.009615384615384616 0.004807692307692308
0 0.20192307692307693 0.5 0.014423076923076924 0.009615384615384616
0 0.7427884615384616 0.46274038461538464 0.014423076923076924 0.009615384615384616
0 0.5216346153846154 0.4807692307692308 0.014423076923076924 0.004807692307692308
0 0.2247596153846154 0.5012019230769231 0.019230769230769232 0.016826923076923076
0 0.6141826923076923 0.4735576923076923 0.009615384615384616 0.004807692307692308
0 0.3641826923076923 0.49158653846153844 0.019230769230769232 0.016826923076923076
0 0.18990384615384615 0.5036057692307693 0.014423076923076924 0.009615384615384616
0 0.6394230769230769 0.4723557692307692 0.009615384615384616 0.004807692307692308
0 0.6009615384615384 0.47475961538461536 0.014423076923076924 0.009615384615384616
0 0.17307692307692307 0.5048076923076923 0.014423076923076924 0.004807692307692308
0 0.7019230769230769 0.4699519230769231 0.014423076923076924 0.004807692307692308
0 0.47596153846153844 0.4855769230769231 0.014423076923076924 0.009615384615384616
0 0.15985576923076922 0.5084134615384616 0.014423076923076924 0.009615384615384616
0 0.8353365384615384 0.46033653846153844 0.009615384615384616 0.009615384615384616
0 0.7163461538461539 0.46875 0.009615384615384616 0.004807692307692308
0 0.7908653846153846 0.4639423076923077 0.014423076923076924 0.009615384615384616
0 0.5733173076923077 0.4795673076923077 0.014423076923076924 0.009615384615384616
0 0.4987980769230769 0.484375 0.014423076923076924 0.009615384615384616
0 0.1346153846153846 0.5096153846153846 0.009615384615384616 0.009615384615384616
0 0.7367788461538461 0.46875 0.014423076923076924 0.009615384615384616
0 0.04447115384615385 0.5168269230769231 0.019230769230769232 0.01201923076923077
0 0.828125 0.46274038461538464 0.014423076923076924 0.004807692307692308
0 0.6466346153846154 0.47475961538461536 0.014423076923076924 0.009615384615384616
0 0.5492788461538461 0.48197115384615385 0.014423076923076924 0.009615384615384616
0 0.0673076923076923 0.515625 0.019230769230769232 0.01201923076923077
0 0.5192307692307693 0.484375 0.014423076923076924 0.009615384615384616
0 0.5132211538461539 0.484375 0.009615384615384616 0.009615384615384616
0 0.6189903846153846 0.47716346153846156 0.009615384615384616 0.009615384615384616
0 0.5865384615384616 0.48197115384615385 0.014423076923076924 0.009615384615384616
0 0.5384615384615384 0.4855769230769231 0.014423076923076924 0.009615384615384616
0 0.6358173076923077 0.47836538461538464 0.009615384615384616 0.009615384615384616
0 0.6117788461538461 0.4795673076923077 0.009615384615384616 0.004807692307692308
0 0.8040865384615384 0.46634615384615385 0.014423076923076924 0.009615384615384616
0 0.014423076923076924 0.5216346153846154 0.019230769230769232 0.016826923076923076
0 0.6538461538461539 0.47716346153846156 0.009615384615384616 0.009615384615384616
0 0.5288461538461539 0.4855769230769231 0.014423076923076924 0.009615384615384616
0 0.7668269230769231 0.46875 0.019230769230769232 0.016826923076923076
0 0.7608173076923077 0.4723557692307692 0.014423076923076924 0.014423076923076924
0 0.7007211538461539 0.47596153846153844 0.009615384615384616 0.004807692307692308
0 0.09495192307692307 0.5192307692307693 0.014423076923076924 0.009615384615384616
0 0.4495192307692308 0.49399038461538464 0.014423076923076924 0.009615384615384616
0 0.11538461538461539 0.5168269230769231 0.014423076923076924 0.009615384615384616
0 0.7283653846153846 0.47475961538461536 0.014423076923076924 0.009615384615384616
0 0.6838942307692307 0.47716346153846156 0.014423076923076924 0.004807692307692308
0 0.15985576923076922 0.5144230769230769 0.019230769230769232 0.016826923076923076
0 0.1346153846153846 0.515625 0.009615384615384616 0.009615384615384616
0 0.7163461538461539 0.47716346153846156 0.009615384615384616 0.004807692307692308
0 0.5144230769230769 0.49158653846153844 0.014423076923076924 0.004807692307692308
0 0.6310096153846154 0.4831730769230769 0.014423076923076924 0.004807692307692308
0 0.4879807692307692 0.49399038461538464 0.014423076923076924 0.009615384615384616
0 0.5564903846153846 0.4891826923076923 0.014423076923076924 0.009615384615384616
0 0.171875 0.515625 0.014423076923076924 0.009615384615384616
0 0.7391826923076923 0.47596153846153844 0.009615384615384616 0.004807692307692308
0 0.6141826923076923 0.484375 0.014423076923076924 0.009615384615384616
0 0.7956730769230769 0.47475961538461536 0.014423076923076924 0.009615384615384616
0 0.6069711538461539 0.4879807692307692 0.014423076923076924 0.009615384615384616
0 0.4699519230769231 0.49759615384615385 0.009615384615384616 0.009615384615384616
0 0.078125 0.5252403846153846 0.019230769230769232 0.01201923076923077
0 0.18028846153846154 0.5180288461538461 0.014423076923076924 0.009615384615384616
0 0.5829326923076923 0.49158653846153844 0.014423076923076924 0.009615384615384616
0 0.18990384615384615 0.5192307692307693 0.019230769230769232 0.016826923076923076
0 0.06129807692307692 0.5288461538461539 0.019230769230769232 0.01201923076923077
0 0.6622596153846154 0.48677884615384615 0.014423076923076924 0.009615384615384616
0 0.11057692307692307 0.5252403846153846 0.014423076923076924 0.009615384615384616
0 0.5673076923076923 0.49278846153846156 0.019230769230769232 0.01201923076923077
0 0.7127403846153846 0.4855769230769231 0.014423076923076924 0.009615384615384616
0 0.5480769230769231 0.4963942307692308 0.014423076923076924 0.009615384615384616
0 0.5228365384615384 0.4987980769230769 0.009615384615384616 0.009615384615384616
0 0.5120192307692307 0.4987980769230769 0.014423076923076924 0.009615384615384616
0 0.006009615384615385 0.5348557692307693 0.004807692307692308 0.014423076923076924
0 0.16105769230769232 0.5240384615384616 0.014423076923076924 0.009615384615384616
0 0.14182692307692307 0.5252403846153846 0.019230769230769232 0.01201923076923077
0 0.12620192307692307 0.5264423076923077 0.009615384615384616 0.009615384615384616
0 0.484375 0.5012019230769231 0.019230769230769232 0.01201923076923077
0 0.31009615384615385 0.5132211538461539 0.019230769230769232 0.019230769230769232
0 0.46033653846153844 0.5024038461538461 0.014423076923076924 0.009615384615384616
0 0.05889423076923077 0.53125 0.019230769230769232 0.01201923076923077
0 0.6850961538461539 0.48677884615384615 0.009615384615384616 0.009615384615384616
0 0.8341346153846154 0.47716346153846156 0.019230769230769232 0.016826923076923076
0 0.7151442307692307 0.4855769230769231 0.009615384615384616 0.009615384615384616
0 0.4495192307692308 0.5036057692307693 0.014423076923076924 0.009615384615384616
0 0.7247596153846154 0.48677884615384615 0.014423076923076924 0.009615384615384616
0 0.5949519230769231 0.4951923076923077 0.019230769230769232 0.016826923076923076
0 0.5348557692307693 0.5 0.014423076923076924 0.004807692307692308
0 0.10096153846153846 0.5300480769230769 0.014423076923076924 0.004807692307692308
0 0.8509615384615384 0.47836538461538464 0.019230769230769232 0.016826923076923076
0 0.6971153846153846 0.4891826923076923 0.014423076923076924 0.004807692307692308
0 0.6730769230769231 0.49278846153846156 0.014423076923076924 0.009615384615384616
0 0.578125 0.4987980769230769 0.014423076923076924 0.009615384615384616
0 0.5024038461538461 0.5048076923076923 0.014423076923076924 0.009615384615384616
0 0.17307692307692307 0.5276442307692307 0.019230769230769232 0.01201923076923077
0 0.021634615384615384 0.5384615384615384 0.014423076923076924 0.009615384615384616
0 0.9038461538461539 0.47596153846153844 0.02403846153846154 0.01201923076923077
0 0.04567307692307692 0.5360576923076923 0.019230769230769232 0.01201923076923077
0 0.03365384615384615 0.5372596153846154 0.019230769230769232 0.01201923076923077
0 0.6622596153846154 0.4963942307692308 0.014423076923076924 0.004807692307692308
0 0.8894230769230769 0.4795673076923077 0.014423076923076924 0.014423076923076924
0 0.7572115384615384 0.4891826923076923 0.014423076923076924 0.009615384615384616
0 0.6021634615384616 0.5 0.019230769230769232 0.01201923076923077
0 0.8653846153846154 0.48197115384615385 0.019230769230769232 0.01201923076923077
0 0.6322115384615384 0.49759615384615385 0.019230769230769232 0.01201923076923077
0 0.10096153846153846 0.5348557692307693 0.009615384615384616 0.004807692307692308
0 0.5576923076923077 0.5036057692307693 0.014423076923076924 0.009615384615384616
0 0.14182692307692307 0.5324519230769231 0.009615384615384616 0.004807692307692308
0 0.7704326923076923 0.49038461538461536 0.014423076923076924 0.009615384615384616
0 0.09134615384615384 0.5384615384615384 0.014423076923076924 0.004807692307692308
0 0.6454326923076923 0.5 0.014423076923076924 0.009615384615384616
0 0.4891826923076923 0.5108173076923077 0.014423076923076924 0.009615384615384616
0 0.8004807692307693 0.4891826923076923 0.019230769230769232 0.01201923076923077
0 0.703125 0.49759615384615385 0.019230769230769232 0.01201923076923077
0 0.11658653846153846 0.5384615384615384 0.014423076923076924 0.009615384615384616
0 0.7379807692307693 0.4951923076923077 0.014423076923076924 0.009615384615384616
0 0.5841346153846154 0.5060096153846154 0.019230769230769232 0.016826923076923076
0 0.16346153846153846 0.5360576923076923 0.014423076923076924 0.009615384615384616
0 0.057692307692307696 0.5432692307692307 0.019230769230769232 0.01201923076923077
0 0.7247596153846154 0.4963942307692308 0.019230769230769232 0.01201923076923077
0 0.8521634615384616 0.4879807692307692 0.014423076923076924 0.004807692307692308
0 0.7824519230769231 0.49278846153846156 0.014423076923076924 0.009615384615384616
0 0.5036057692307693 0.5120192307692307 0.014423076923076924 0.009615384615384616
0 0.7475961538461539 0.49759615384615385 0.019230769230769232 0.01201923076923077
0 0.3557692307692308 0.5240384615384616 0.019230769230769232 0.016826923076923076
0 0.014423076923076924 0.5480769230769231 0.014423076923076924 0.009615384615384616
0 0.8353365384615384 0.49158653846153844 0.019230769230769232 0.01201923076923077
0 0.6586538461538461 0.5048076923076923 0.019230769230769232 0.01201923076923077
0 0.18509615384615385 0.5372596153846154 0.014423076923076924 0.009615384615384616
0 0.9074519230769231 0.48677884615384615 0.014423076923076924 0.014423076923076924
0 0.5336538461538461 0.5132211538461539 0.019230769230769232 0.016826923076923076
0 0.46153846153846156 0.5180288461538461 0.014423076923076924 0.014423076923076924
0 0.796875 0.4951923076923077 0.019230769230769232 0.01201923076923077
0 0.13701923076923078 0.5408653846153846 0.019230769230769232 0.01201923076923077
0 0.025240384615384616 0.5492788461538461 0.014423076923076924 0.009615384615384616
0 0.09495192307692307 0.5444711538461539 0.019230769230769232 0.01201923076923077
0 0.7584134615384616 0.5 0.019230769230769232 0.01201923076923077
0 0.0625 0.5480769230769231 0.014423076923076924 0.004807692307692308
0 0.8954326923076923 0.49038461538461536 0.014423076923076924 0.014423076923076924
0 0.6935096153846154 0.5048076923076923 0.02403846153846154 0.016826923076923076
0 0.8846153846153846 0.49158653846153844 0.019230769230769232 0.016826923076923076
0 0.7355769230769231 0.5036057692307693 0.019230769230769232 0.01201923076923077
0 0.6033653846153846 0.5132211538461539 0.02403846153846154 0.01201923076923077
0 0.4807692307692308 0.5216346153846154 0.019230769230769232 0.007211538461538462
0 0.8521634615384616 0.4963942307692308 0.014423076923076924 0.014423076923076924
0 0.8665865384615384 0.49759615384615385 0.019230769230769232 0.016826923076923076
0 0.7139423076923077 0.5084134615384616 0.019230769230769232 0.01201923076923077
0 0.16947115384615385 0.5456730769230769 0.014423076923076924 0.009615384615384616
0 0.5216346153846154 0.5216346153846154 0.019230769230769232 0.016826923076923076
0 0.1971153846153846 0.5444711538461539 0.014423076923076924 0.009615384615384616
0 0.6610576923076923 0.5120192307692307 0.019230769230769232 0.01201923076923077
0 0.15745192307692307 0.546875 0.014423076923076924 0.009615384615384616
0 0.9591346153846154 0.49278846153846156 0.019230769230769232 0.016826923076923076
0 0.11177884615384616 0.5528846153846154 0.019230769230769232 0.01201923076923077
0 0.84375 0.5012019230769231 0.014423076923076924 0.014423076923076924
0 0.9819711538461539 0.49158653846153844 0.019230769230769232 0.016826923076923076
0 0.5588942307692307 0.5216346153846154 0.019230769230769232 0.01201923076923077
0 0.052884615384615384 0.5564903846153846 0.02403846153846154 0.016826923076923076
0 0.7956730769230769 0.5072115384615384 0.019230769230769232 0.016826923076923076
0 0.5420673076923077 0.5252403846153846 0.014423076923076924 0.009615384615384616
0 0.7632211538461539 0.5096153846153846 0.02403846153846154 0.019230769230769232
0 0.296875 0.5420673076923077 0.02403846153846154 0.016826923076923076
0 0.040865384615384616 0.5600961538461539 0.019230769230769232 0.016826923076923076
0 0.08413461538461539 0.5588942307692307 0.02403846153846154 0.016826923076923076
0 0.06850961538461539 0.5600961538461539 0.019230769230769232 0.01201923076923077
0 0.140625 0.5576923076923077 0.019230769230769232 0.016826923076923076
0 0.5853365384615384 0.5264423076923077 0.019230769230769232 0.01201923076923077
0 0.96875 0.5 0.02403846153846154 0.01201923076923077
0 0.4495192307692308 0.5360576923076923 0.02403846153846154 0.016826923076923076
0 0.9266826923076923 0.5024038461538461 0.014423076923076924 0.004807692307692308
0 0.8617788461538461 0.5072115384615384 0.019230769230769232 0.016826923076923076
0 0.6983173076923077 0.5180288461538461 0.02403846153846154 0.016826923076923076
0 0.9110576923076923 0.5036057692307693 0.014423076923076924 0.014423076923076924
0 0.021634615384615384 0.5661057692307693 0.019230769230769232 0.016826923076923076
0 0.7524038461538461 0.5168269230769231 0.019230769230769232 0.019230769230769232
0 0.6598557692307693 0.5240384615384616 0.014423076923076924 0.009615384615384616
0 0.6021634615384616 0.5276442307692307 0.014423076923076924 0.009615384615384616
0 0.4675480769230769 0.5372596153846154 0.019230769230769232 0.016826923076923076
0 0.010817307692307692 0.5697115384615384 0.009615384615384616 0.014423076923076924
0 0.8990384615384616 0.5072115384615384 0.019230769230769232 0.016826923076923076
0 0.17668269230769232 0.5576923076923077 0.019230769230769232 0.01201923076923077
0 0.16105769230769232 0.5588942307692307 0.009615384615384616 0.009615384615384616
0 0.6394230769230769 0.5252403846153846 0.019230769230769232 0.01201923076923077
0 0.2091346153846154 0.5552884615384616 0.019230769230769232 0.01201923076923077
0 0.12139423076923077 0.5612980769230769 0.019230769230769232 0.016826923076923076
0 0.1935096153846154 0.5588942307692307 0.019230769230769232 0.016826923076923076
0 0.7776442307692307 0.5180288461538461 0.02403846153846154 0.016826923076923076
0 0.5228365384615384 0.5360576923076923 0.02403846153846154 0.016826923076923076
0 0.8786057692307693 0.5108173076923077 0.019230769230769232 0.016826923076923076
0 0.1466346153846154 0.5649038461538461 0.028846153846153848 0.016826923076923076
0 0.7151442307692307 0.5252403846153846 0.014423076923076924 0.004807692307692308
0 0.6826923076923077 0.5264423076923077 0.02403846153846154 0.019230769230769232
0 0.5877403846153846 0.5336538461538461 0.019230769230769232 0.016826923076923076
0 0.9591346153846154 0.5072115384615384 0.028846153846153848 0.019230769230769232
0 0.09134615384615384 0.5709134615384616 0.019230769230769232 0.016826923076923076
0 0.17067307692307693 0.5649038461538461 0.019230769230769232 0.016826923076923076
0 0.9375 0.5120192307692307 0.019230769230769232 0.016826923076923076
0 0.9891826923076923 0.5084134615384616 0.019230769230769232 0.016826923076923076
0 0.5144230769230769 0.5408653846153846 0.02403846153846154 0.016826923076923076
0 0.6370192307692307 0.5324519230769231 0.02403846153846154 0.016826923076923076
0 0.6021634615384616 0.5348557692307693 0.019230769230769232 0.016826923076923076
0 0.078125 0.5721153846153846 0.02403846153846154 0.019230769230769232
0 0.02283653846153846 0.578125 0.019230769230769232 0.01201923076923077
0 0.8401442307692307 0.5204326923076923 0.02403846153846154 0.019230769230769232
0 0.6574519230769231 0.5336538461538461 0.019230769230769232 0.01201923076923077
0 0.8052884615384616 0.5228365384615384 0.019230769230769232 0.016826923076923076
0 0.046875 0.5757211538461539 0.014423076923076924 0.009615384615384616
0 0.8894230769230769 0.5168269230769231 0.02403846153846154 0.019230769230769232
0 0.1141826923076923 0.5721153846153846 0.019230769230769232 0.016826923076923076
0 0.5588942307692307 0.5432692307692307 0.019230769230769232 0.019230769230769232
0 0.44591346153846156 0.5516826923076923 0.028846153846153848 0.016826923076923076
0 0.0625 0.5793269230769231 0.028846153846153848 0.019230769230769232
0 0.7127403846153846 0.5336538461538461 0.02403846153846154 0.019230769230769232
0 0.9699519230769231 0.515625 0.028846153846153848 0.019230769230769232
0 0.03245192307692308 0.5853365384615384 0.02403846153846154 0.019230769230769232
0 0.6213942307692307 0.5444711538461539 0.028846153846153848 0.019230769230769232
0 0.24278846153846154 0.5733173076923077 0.028846153846153848 0.019230769230769232
0 0.5805288461538461 0.5492788461538461 0.028846153846153848 0.019230769230769232
0 0.5336538461538461 0.5528846153846154 0.02403846153846154 0.019230769230769232
0 0.7680288461538461 0.5372596153846154 0.03365384615384615 0.019230769230769232
0 0.21995192307692307 0.5745192307692307 0.028846153846153848 0.019230769230769232
0 0.9819711538461539 0.5240384615384616 0.028846153846153848 0.019230769230769232
0 0.640625 0.5480769230769231 0.028846153846153848 0.016826923076923076
0 0.8004807692307693 0.5372596153846154 0.028846153846153848 0.019230769230769232
0 0.0829326923076923 0.5865384615384616 0.02403846153846154 0.019230769230769232
0 0.9435096153846154 0.5288461538461539 0.019230769230769232 0.019230769230769232
0 0.6814903846153846 0.5480769230769231 0.03365384615384615 0.016826923076923076
0 0.9615384615384616 0.5276442307692307 0.028846153846153848 0.016826923076923076
0 0.8786057692307693 0.5336538461538461 0.028846153846153848 0.016826923076923076
0 0.109375 0.5877403846153846 0.028846153846153848 0.016826923076923076
0 0.125 0.5889423076923077 0.028846153846153848 0.019230769230769232
0 0.4026442307692308 0.5721153846153846 0.03365384615384615 0.019230769230769232
0 0.8485576923076923 0.5408653846153846 0.038461538461538464 0.016826923076923076
0 0.6574519230769231 0.5564903846153846 0.02403846153846154 0.016826923076923076
0 0.9206730769230769 0.5408653846153846 0.028846153846153848 0.019230769230769232
0 0.5072115384615384 0.5697115384615384 0.04807692307692308 0.021634615384615384
0 0.31971153846153844 0.5829326923076923 0.03365384615384615 0.019230769230769232
0 0.4495192307692308 0.5733173076923077 0.028846153846153848 0.016826923076923076
0 0.15384615384615385 0.5961538461538461 0.038461538461538464 0.03125
0 0.6778846153846154 0.5600961538461539 0.03365384615384615 0.019230769230769232
0 0.18389423076923078 0.5949519230769231 0.02403846153846154 0.019230769230769232
0 0.8930288461538461 0.5444711538461539 0.03365384615384615 0.019230769230769232
0 0.4699519230769231 0.5745192307692307 0.03365384615384615 0.019230769230769232
0 0.5973557692307693 0.5673076923076923 0.028846153846153848 0.019230769230769232
0 0.11298076923076923 0.6021634615384616 0.028846153846153848 0.019230769230769232
0 0.2091346153846154 0.5949519230769231 0.03365384615384615 0.02403846153846154
0 0.6370192307692307 0.5685096153846154 0.038461538461538464 0.03125
0 0.34375 0.5889423076923077 0.03365384615384615 0.019230769230769232
0 0.25600961538461536 0.5949519230769231 0.04326923076923077 0.03125
0 0.9699519230769231 0.5480769230769231 0.03365384615384615 0.028846153846153848
0 0.9855769230769231 0.5444711538461539 0.028846153846153848 0.03125
0 0.8473557692307693 0.5564903846153846 0.03365384615384615 0.019230769230769232
0 0.9098557692307693 0.5516826923076923 0.028846153846153848 0.019230769230769232
0 0.7019230769230769 0.5685096153846154 0.03365384615384615 0.02403846153846154
0 0.08533653846153846 0.6117788461538461 0.03365384615384615 0.02403846153846154
0 0.4411057692307692 0.5925480769230769 0.038461538461538464 0.026442307692307692
0 0.9375 0.5576923076923077 0.038461538461538464 0.021634615384615384
0 0.3173076923076923 0.6033653846153846 0.038461538461538464 0.026442307692307692
0 0.7379807692307693 0.5733173076923077 0.04326923076923077 0.03125
0 0.7908653846153846 0.5721153846153846 0.03365384615384615 0.028846153846153848
0 0.5961538461538461 0.5889423076923077 0.038461538461538464 0.026442307692307692
0 0.515625 0.59375 0.04326923076923077 0.03125
0 0.828125 0.5721153846153846 0.02403846153846154 0.019230769230769232
0 0.6658653846153846 0.5841346153846154 0.038461538461538464 0.03125
0 0.12259615384615384 0.6237980769230769 0.038461538461538464 0.03125
0 0.7716346153846154 0.578125 0.03365384615384615 0.03365384615384615
0 0.8605769230769231 0.5769230769230769 0.04326923076923077 0.021634615384615384
0 0.09134615384615384 0.6310096153846154 0.028846153846153848 0.01201923076923077
0 0.052884615384615384 0.6334134615384616 0.04326923076923077 0.03125
0 0.1658653846153846 0.6334134615384616 0.04567307692307692 0.040865384615384616
0 0.09495192307692307 0.6466346153846154 0.019230769230769232 0.02403846153846154
0 0.2704326923076923 0.6346153846153846 0.057692307692307696 0.040865384615384616
0 0.8569711538461539 0.5949519230769231 0.03365384615384615 0.028846153846153848
0 0.4639423076923077 0.625 0.04326923076923077 0.036057692307692304
0 0.11899038461538461 0.6538461538461539 0.04326923076923077 0.03125
0 0.6358173076923077 0.6177884615384616 0.04807692307692308 0.036057692307692304
0 0.3473557692307692 0.6382211538461539 0.052884615384615384 0.026442307692307692
0 0.06971153846153846 0.6574519230769231 0.04326923076923077 0.036057692307692304
0 0.8353365384615384 0.609375 0.052884615384615384 0.04567307692307692
0 0.6069711538461539 0.6298076923076923 0.04326923076923077 0.03125
0 0.5348557692307693 0.6382211538461539 0.052884615384615384 0.036057692307692304
0 0.6814903846153846 0.6358173076923077 0.052884615384615384 0.03125
0 0.8641826923076923 0.6225961538461539 0.04567307692307692 0.040865384615384616
0 0.9591346153846154 0.6189903846153846 0.052884615384615384 0.036057692307692304
0 0.35096153846153844 0.6658653846153846 0.05048076923076923 0.040865384615384616
0 0.21394230769230768 0.6802884615384616 0.0625 0.04567307692307692
0 0.6177884615384616 0.6538461538461539 0.04807692307692308 0.036057692307692304
0 0.2620192307692308 0.6814903846153846 0.057692307692307696 0.05048076923076923
0 0.4495192307692308 0.6730769230769231 0.057692307692307696 0.04567307692307692
0 0.1201923076923077 0.6995192307692307 0.0625 0.04567307692307692
0 0.5264423076923077 0.6790865384615384 0.052884615384615384 0.040865384615384616
0 0.8774038461538461 0.65625 0.052884615384615384 0.04567307692307692
0 0.5444711538461539 0.703125 0.0673076923076923 0.04567307692307692
0 0.17307692307692307 0.7355769230769231 0.08173076923076923 0.055288461538461536
0 0.04807692307692308 0.7475961538461539 0.06490384615384616 0.06971153846153846