0 0.6237980769230769 0.36899038461538464 0.1875 0.2403846153846154
0 0.24879807692307693 0.33653846153846156 0.18509615384615385 0.19951923076923078
0 0.7752403846153846 0.5480769230769231 0.19951923076923078 0.28365384615384615
0 0.1502403846153846 0.02283653846153846 0.12740384615384615 0.04567307692307692
0 0.96875 0.13341346153846154 0.0625 0.12259615384615384
0 0.36658653846153844 0.5637019230769231 0.25 0.29086538461538464
0 0.8004807692307693 0.10576923076923077 0.11298076923076923 0.1346153846153846
0 0.39783653846153844 0.0625 0.16105769230769232 0.125
0 0.3557692307692308 0.8100961538461539 0.28125 0.28846153846153844
0 0.7860576923076923 0.9387019230769231 0.24519230769230768 0.12259615384615384
0 0.65625 0.13221153846153846 0.17307692307692307 0.22355769230769232
0 0.7632211538461539 0.24759615384615385 0.13221153846153846 0.18990384615384615
0 0.26802884615384615 0.1622596153846154 0.18990384615384615 0.12740384615384615