0 0.7932692307692307 0.13701923076923078 0.021634615384615384 0.036057692307692304
0 0.8737980769230769 0.13942307692307693 0.036057692307692304 0.057692307692307696
0 0.8401442307692307 0.14423076923076922 0.03125 0.05048076923076923
0 0.6550480769230769 0.1935096153846154 0.040865384615384616 0.055288461538461536
0 0.6225961538461539 0.20673076923076922 0.028846153846153848 0.036057692307692304
0 0.5901442307692307 0.2127403846153846 0.03125 0.052884615384615384
0 0.5372596153846154 0.22235576923076922 0.028846153846153848 0.04567307692307692
0 0.921875 0.16947115384615385 0.038461538461538464 0.055288461538461536
0 0.49759615384615385 0.2403846153846154 0.03125 0.04807692307692308
0 0.4567307692307692 0.24759615384615385 0.040865384615384616 0.057692307692307696
0 0.8064903846153846 0.1935096153846154 0.03365384615384615 0.04326923076923077
0 0.703125 0.2127403846153846 0.03365384615384615 0.04567307692307692
0 0.7295673076923077 0.21153846153846154 0.03125 0.057692307692307696
0 0.39302884615384615 0.265625 0.03365384615384615 0.052884615384615384
0 0.4206730769230769 0.26802884615384615 0.03125 0.04567307692307692
0 0.7620192307692307 0.21394230769230768 0.036057692307692304 0.057692307692307696
0 0.6394230769230769 0.24879807692307693 0.028846153846153848 0.04326923076923077
0 0.7908653846153846 0.22596153846153846 0.036057692307692304 0.04807692307692308
0 0.1502403846153846 0.3485576923076923 0.04567307692307692 0.0889423076923077
0 0.11298076923076923 0.36177884615384615 0.036057692307692304 0.06490384615384616
0 0.7163461538461539 0.265625 0.040865384615384616 0.0625
0 0.46033653846153844 0.31009615384615385 0.036057692307692304 0.057692307692307696
0 0.07692307692307693 0.375 0.04326923076923077 0.08653846153846154
0 0.8653846153846154 0.2536057692307692 0.03365384615384615 0.04567307692307692
0 0.8221153846153846 0.2608173076923077 0.04567307692307692 0.0673076923076923
0 0.5204326923076923 0.3137019230769231 0.04326923076923077 0.07451923076923077
0 0.7992788461538461 0.27283653846153844 0.03125 0.052884615384615384
0 0.9507211538461539 0.2536057692307692 0.04567307692307692 0.07692307692307693
0 0.6814903846153846 0.2956730769230769 0.05048076923076923 0.07211538461538461
0 0.31490384615384615 0.3557692307692308 0.07211538461538461 0.09134615384615384
0 0.39302884615384615 0.3449519230769231 0.04567307692307692 0.07932692307692307
0 0.5889423076923077 0.31971153846153844 0.05048076923076923 0.040865384615384616
0 0.02283653846153846 0.41346153846153844 0.036057692307692304 0.06971153846153846
0 0.26802884615384615 0.37740384615384615 0.04807692307692308 0.07211538461538461
0 0.6346153846153846 0.32211538461538464 0.040865384615384616 0.07692307692307693
0 0.421875 0.359375 0.052884615384615384 0.09615384615384616
0 0.014423076923076924 0.4375 0.028846153846153848 0.08653846153846154
0 0.5012019230769231 0.3629807692307692 0.04807692307692308 0.07451923076923077
0 0.8701923076923077 0.31850961538461536 0.052884615384615384 0.057692307692307696
0 0.6225961538461539 0.3581730769230769 0.028846153846153848 0.057692307692307696
0 0.45913461538461536 0.3870192307692308 0.057692307692307696 0.10336538461538461
0 0.21033653846153846 0.43509615384615385 0.0625 0.11298076923076923
0 0.7992788461538461 0.34134615384615385 0.04567307692307692 0.06971153846153846
0 0.5456730769230769 0.39663461538461536 0.04807692307692308 0.07932692307692307
0 0.7367788461538461 0.375 0.036057692307692304 0.07451923076923077
0 0.12980769230769232 0.48197115384615385 0.06009615384615385 0.07211538461538461
0 0.6021634615384616 0.41466346153846156 0.0625 0.08173076923076923
0 0.7151442307692307 0.39783653846153844 0.055288461538461536 0.07692307692307693
0 0.9026442307692307 0.36899038461538464 0.0625 0.10096153846153846
0 0.35697115384615385 0.4675480769230769 0.06490384615384616 0.10576923076923077
0 0.7896634615384616 0.41586538461538464 0.0625 0.09134615384615384
0 0.9567307692307693 0.40865384615384615 0.07932692307692307 0.10817307692307693
0 0.06129807692307692 0.5757211538461539 0.0673076923076923 0.125
0 0.6887019230769231 0.47596153846153844 0.055288461538461536 0.055288461538461536
0 0.4567307692307692 0.5144230769230769 0.06490384615384616 0.10576923076923077
0 0.8197115384615384 0.46875 0.0889423076923077 0.08653846153846154
0 0.12139423076923077 0.59375 0.06490384615384616 0.09615384615384616
0 0.6875 0.5456730769230769 0.0673076923076923 0.08413461538461539
0 0.17908653846153846 0.6370192307692307 0.07211538461538461 0.11538461538461539
0 0.578125 0.5985576923076923 0.08413461538461539 0.13221153846153846
0 0.5120192307692307 0.75 0.10817307692307693 0.16105769230769232
0 0.08774038461538461 0.953125 0.06009615384615385 0.09375