0 0.5168269230769231 0.15625 0.04447115384615385 0.0673076923076923
0 0.3605769230769231 0.17668269230769232 0.055288461538461536 0.07091346153846154
0 0.265625 0.18389423076923078 0.04447115384615385 0.0673076923076923
0 0.7055288461538461 0.23197115384615385 0.04447115384615385 0.06490384615384616
0 0.8677884615384616 0.23317307692307693 0.051682692307692304 0.07211538461538461
0 0.4579326923076923 0.23557692307692307 0.03245192307692308 0.051682692307692304
0 0.5829326923076923 0.23677884615384615 0.04326923076923077 0.046875
0 0.41466346153846156 0.24879807692307693 0.040865384615384616 0.07572115384615384
0 0.234375 0.25961538461538464 0.04447115384615385 0.052884615384615384
0 0.3641826923076923 0.2620192307692308 0.04807692307692308 0.07692307692307693
0 0.5060096153846154 0.27524038461538464 0.04807692307692308 0.06490384615384616
0 0.31971153846153844 0.28365384615384615 0.04326923076923077 0.0733173076923077
0 0.609375 0.2860576923076923 0.04326923076923077 0.0673076923076923
0 0.65625 0.29447115384615385 0.055288461538461536 0.08173076923076923
0 0.5745192307692307 0.30408653846153844 0.039663461538461536 0.0625
0 0.7524038461538461 0.3088942307692308 0.04927884615384615 0.07211538461538461
0 0.8665865384615384 0.3233173076923077 0.04326923076923077 0.08533653846153846
0 0.08173076923076923 0.32572115384615385 0.051682692307692304 0.078125
0 0.45072115384615385 0.33533653846153844 0.052884615384615384 0.06971153846153846
0 0.25240384615384615 0.3425480769230769 0.04447115384615385 0.06971153846153846
0 0.828125 0.34975961538461536 0.038461538461538464 0.05889423076923077
0 0.17067307692307693 0.3581730769230769 0.05048076923076923 0.07091346153846154
0 0.4074519230769231 0.3641826923076923 0.06129807692307692 0.07572115384615384
0 0.4855769230769231 0.3858173076923077 0.05048076923076923 0.07692307692307693
0 0.6742788461538461 0.41466346153846156 0.04326923076923077 0.078125
0 0.3016826923076923 0.43028846153846156 0.052884615384615384 0.06490384615384616
0 0.7524038461538461 0.43990384615384615 0.04927884615384615 0.08173076923076923
0 0.6189903846153846 0.44711538461538464 0.051682692307692304 0.08533653846153846
0 0.8317307692307693 0.49278846153846156 0.04807692307692308 0.0829326923076923
0 0.19230769230769232 0.5012019230769231 0.06129807692307692 0.08173076923076923
0 0.44711538461538464 0.5204326923076923 0.06129807692307692 0.09975961538461539
0 0.41346153846153844 0.640625 0.06490384615384616 0.0733173076923077