0 0.19471153846153846 0.41466346153846156 0.018028846153846152 0.009615384615384616
0 0.1622596153846154 0.4170673076923077 0.009615384615384616 0.009615384615384616
0 0.30288461538461536 0.421875 0.014423076923076924 0.009615384615384616
0 0.6899038461538461 0.421875 0.009615384615384616 0.004807692307692308
0 0.7127403846153846 0.421875 0.009615384615384616 0.004807692307692308
0 0.21995192307692307 0.421875 0.004807692307692308 0.004807692307692308
0 0.40024038461538464 0.4230769230769231 0.009615384615384616 0.009615384615384616
0 0.1875 0.4230769230769231 0.014423076923076924 0.009615384615384616
0 0.6322115384615384 0.4230769230769231 0.009615384615384616 0.004807692307692308
0 0.6995192307692307 0.4230769230769231 0.014423076923076924 0.009615384615384616
0 0.5504807692307693 0.4254807692307692 0.014423076923076924 0.009615384615384616
0 0.3545673076923077 0.42788461538461536 0.009615384615384616 0.004807692307692308
0 0.578125 0.42788461538461536 0.009615384615384616 0.009615384615384616
0 0.5973557692307693 0.42788461538461536 0.014423076923076924 0.004807692307692308
0 0.37740384615384615 0.43028846153846156 0.014423076923076924 0.009615384615384616
0 0.6153846153846154 0.43028846153846156 0.014423076923076924 0.009615384615384616
0 0.3449519230769231 0.43028846153846156 0.004807692307692308 0.004807692307692308
0 0.2848557692307692 0.4326923076923077 0.009615384615384616 0.009615384615384616
0 0.48197115384615385 0.4326923076923077 0.014423076923076924 0.009615384615384616
0 0.19951923076923078 0.43509615384615385 0.014423076923076924 0.009615384615384616
0 0.052884615384615384 0.43509615384615385 0.014423076923076924 0.014423076923076924
0 0.25240384615384615 0.43509615384615385 0.014423076923076924 0.009615384615384616
0 0.6754807692307693 0.43509615384615385 0.009615384615384616 0.004807692307692308
0 0.7319711538461539 0.43509615384615385 0.009615384615384616 0.009615384615384616
0 0.2247596153846154 0.4375 0.014423076923076924 0.009615384615384616
0 0.46033653846153844 0.4375 0.014423076923076924 0.009615384615384616
0 0.5769230769230769 0.4375 0.014423076923076924 0.009615384615384616
0 0.31009615384615385 0.43990384615384615 0.009615384615384616 0.009615384615384616
0 0.03485576923076923 0.43990384615384615 0.018028846153846152 0.009615384615384616
0 0.26802884615384615 0.4423076923076923 0.014423076923076924 0.009615384615384616
0 0.10697115384615384 0.4423076923076923 0.014423076923076924 0.009615384615384616
0 0.18269230769230768 0.4423076923076923 0.018028846153846152 0.009615384615384616
0 0.22956730769230768 0.44471153846153844 0.014423076923076924 0.009615384615384616
0 0.7271634615384616 0.44471153846153844 0.014423076923076924 0.009615384615384616
0 0.37740384615384615 0.44471153846153844 0.014423076923076924 0.009615384615384616
0 0.6995192307692307 0.44471153846153844 0.009615384615384616 0.004807692307692308
0 0.7475961538461539 0.44711538461538464 0.014423076923076924 0.009615384615384616
0 0.1502403846153846 0.44711538461538464 0.018028846153846152 0.009615384615384616
0 0.43990384615384615 0.44711538461538464 0.018028846153846152 0.018028846153846152
0 0.19230769230769232 0.4495192307692308 0.018028846153846152 0.014423076923076924
0 0.3954326923076923 0.4495192307692308 0.014423076923076924 0.009615384615384616
0 0.375 0.4519230769230769 0.014423076923076924 0.009615384615384616
0 0.6430288461538461 0.4519230769230769 0.018028846153846152 0.014423076923076924
0 0.1201923076923077 0.453125 0.02283653846153846 0.009615384615384616
0 0.5829326923076923 0.453125 0.018028846153846152 0.014423076923076924
0 0.6105769230769231 0.453125 0.014423076923076924 0.009615384615384616
0 0.2403846153846154 0.453125 0.018028846153846152 0.014423076923076924
0 0.004807692307692308 0.453125 0.009615384615384616 0.009615384615384616
0 0.5204326923076923 0.453125 0.014423076923076924 0.009615384615384616
0 0.9627403846153846 0.453125 0.018028846153846152 0.014423076923076924
0 0.09014423076923077 0.453125 0.018028846153846152 0.009615384615384616
0 0.3329326923076923 0.45552884615384615 0.018028846153846152 0.014423076923076924
0 0.703125 0.45552884615384615 0.018028846153846152 0.014423076923076924
0 0.734375 0.45552884615384615 0.009615384615384616 0.004807692307692308
0 0.07211538461538461 0.45552884615384615 0.014423076923076924 0.004807692307692308
0 0.47716346153846156 0.4579326923076923 0.014423076923076924 0.009615384615384616
0 0.38461538461538464 0.4579326923076923 0.014423076923076924 0.009615384615384616
0 0.42788461538461536 0.46033653846153844 0.018028846153846152 0.014423076923076924
0 0.484375 0.46033653846153844 0.014423076923076924 0.009615384615384616
0 0.36538461538461536 0.46274038461538464 0.014423076923076924 0.009615384615384616
0 0.2776442307692308 0.46274038461538464 0.018028846153846152 0.014423076923076924
0 0.546875 0.46274038461538464 0.018028846153846152 0.014423076923076924
0 0.10216346153846154 0.46274038461538464 0.018028846153846152 0.009615384615384616
0 0.515625 0.4651442307692308 0.018028846153846152 0.014423076923076924
0 0.39783653846153844 0.4675480769230769 0.014423076923076924 0.014423076923076924
0 0.8954326923076923 0.4675480769230769 0.018028846153846152 0.009615384615384616
0 0.31009615384615385 0.4675480769230769 0.018028846153846152 0.014423076923076924
0 0.6346153846153846 0.4699519230769231 0.018028846153846152 0.014423076923076924
0 0.7199519230769231 0.4723557692307692 0.018028846153846152 0.014423076923076924
0 0.9819711538461539 0.47475961538461536 0.018028846153846152 0.014423076923076924
0 0.8401442307692307 0.47475961538461536 0.027644230769230768 0.014423076923076924
0 0.28725961538461536 0.4795673076923077 0.018028846153846152 0.014423076923076924
0 0.6995192307692307 0.4795673076923077 0.02283653846153846 0.014423076923076924
0 0.13701923076923078 0.4795673076923077 0.02283653846153846 0.009615384615384616
0 0.7752403846153846 0.4795673076923077 0.018028846153846152 0.018028846153846152
0 0.8100961538461539 0.4795673076923077 0.018028846153846152 0.014423076923076924
0 0.4879807692307692 0.4795673076923077 0.02283653846153846 0.018028846153846152
0 0.9050480769230769 0.4795673076923077 0.014423076923076924 0.014423076923076924
0 0.953125 0.4795673076923077 0.018028846153846152 0.014423076923076924
0 0.23557692307692307 0.48197115384615385 0.02283653846153846 0.014423076923076924
0 0.7572115384615384 0.48197115384615385 0.018028846153846152 0.014423076923076924
0 0.9350961538461539 0.484375 0.02283653846153846 0.018028846153846152
0 0.44471153846153844 0.484375 0.02283653846153846 0.018028846153846152
0 0.546875 0.484375 0.02283653846153846 0.014423076923076924
0 0.6526442307692307 0.4855769230769231 0.02283653846153846 0.014423076923076924
0 0.8269230769230769 0.4855769230769231 0.014423076923076924 0.014423076923076924
0 0.39783653846153844 0.4855769230769231 0.02283653846153846 0.014423076923076924
0 0.9771634615384616 0.4879807692307692 0.02283653846153846 0.014423076923076924
0 0.5048076923076923 0.4879807692307692 0.02283653846153846 0.014423076923076924
0 0.8653846153846154 0.4879807692307692 0.018028846153846152 0.018028846153846152
0 0.14302884615384615 0.4879807692307692 0.02283653846153846 0.014423076923076924
0 0.19951923076923078 0.49038461538461536 0.02283653846153846 0.014423076923076924
0 0.5949519230769231 0.49038461538461536 0.02283653846153846 0.018028846153846152
0 0.9026442307692307 0.49278846153846156 0.018028846153846152 0.018028846153846152
0 0.7199519230769231 0.4951923076923077 0.018028846153846152 0.014423076923076924
0 0.5252403846153846 0.4951923076923077 0.027644230769230768 0.018028846153846152
0 0.3329326923076923 0.5 0.02283653846153846 0.018028846153846152
0 0.4423076923076923 0.5 0.02283653846153846 0.018028846153846152
0 0.7896634615384616 0.5 0.02283653846153846 0.014423076923076924
0 0.9879807692307693 0.5096153846153846 0.02283653846153846 0.02283653846153846
0 0.48197115384615385 0.5096153846153846 0.02283653846153846 0.009615384615384616
0 0.08774038461538461 0.5120192307692307 0.027644230769230768 0.014423076923076924
0 0.2920673076923077 0.5144230769230769 0.027644230769230768 0.018028846153846152
0 0.6322115384615384 0.5180288461538461 0.02283653846153846 0.018028846153846152
0 0.9495192307692307 0.5252403846153846 0.02283653846153846 0.018028846153846152
0 0.9098557692307693 0.5300480769230769 0.03245192307692308 0.02283653846153846
0 0.027644230769230768 0.5324519230769231 0.037259615384615384 0.018028846153846152
0 0.09254807692307693 0.5348557692307693 0.037259615384615384 0.018028846153846152
0 0.4050480769230769 0.5372596153846154 0.02283653846153846 0.014423076923076924
0 0.8052884615384616 0.5420673076923077 0.03245192307692308 0.018028846153846152
0 0.7596153846153846 0.5444711538461539 0.037259615384615384 0.02283653846153846
0 0.30288461538461536 0.546875 0.042067307692307696 0.018028846153846152
0 0.5048076923076923 0.5480769230769231 0.042067307692307696 0.02283653846153846
0 0.9879807692307693 0.5480769230769231 0.02283653846153846 0.018028846153846152
0 0.2644230769230769 0.5552884615384616 0.037259615384615384 0.018028846153846152
0 0.5324519230769231 0.5552884615384616 0.027644230769230768 0.018028846153846152
0 0.055288461538461536 0.5576923076923077 0.042067307692307696 0.018028846153846152
0 0.4423076923076923 0.5576923076923077 0.027644230769230768 0.02283653846153846
0 0.018028846153846152 0.5588942307692307 0.036057692307692304 0.026442307692307692
0 0.09495192307692307 0.5625 0.042067307692307696 0.02283653846153846
0 0.6622596153846154 0.5673076923076923 0.042067307692307696 0.027644230769230768
0 0.7704326923076923 0.5697115384615384 0.027644230769230768 0.018028846153846152
0 0.2704326923076923 0.5721153846153846 0.02283653846153846 0.018028846153846152
0 0.5877403846153846 0.5745192307692307 0.042067307692307696 0.037259615384615384
0 0.32211538461538464 0.5745192307692307 0.037259615384615384 0.02283653846153846
0 0.6346153846153846 0.578125 0.037259615384615384 0.027644230769230768
0 0.8028846153846154 0.5805288461538461 0.055288461538461536 0.03245192307692308
0 0.8930288461538461 0.5829326923076923 0.05048076923076923 0.03245192307692308
0 0.2247596153846154 0.6069711538461539 0.06009615384615385 0.037259615384615384
0 0.6274038461538461 0.609375 0.055288461538461536 0.037259615384615384
0 0.36778846153846156 0.6177884615384616 0.055288461538461536 0.03245192307692308