0 0.5588942307692307 0.06370192307692307 0.03365384615384615 0.026442307692307692
0 0.5709134615384616 0.7163461538461539 0.07211538461538461 0.04326923076923077
0 0.09375 0.7692307692307693 0.07211538461538461 0.028846153846153848
0 0.3173076923076923 0.09134615384615384 0.040865384615384616 0.03125
0 0.8894230769230769 0.6923076923076923 0.0625 0.04326923076923077
0 0.3425480769230769 0.75 0.0625 0.04326923076923077
0 0.9651442307692307 0.6887019230769231 0.06971153846153846 0.06971153846153846
0 0.04326923076923077 0.796875 0.03125 0.036057692307692304
0 0.7884615384615384 0.042067307692307696 0.04567307692307692 0.03125
0 0.16947115384615385 0.7908653846153846 0.07451923076923077 0.052884615384615384
0 0.8293269230769231 0.040865384615384616 0.040865384615384616 0.03125
0 0.10216346153846154 0.8052884615384616 0.07451923076923077 0.04807692307692308
0 0.35216346153846156 0.09014423076923077 0.03365384615384615 0.026442307692307692
0 0.8689903846153846 0.7355769230769231 0.06009615384615385 0.052884615384615384
0 0.7620192307692307 0.7463942307692307 0.07451923076923077 0.052884615384615384
0 0.23677884615384615 0.8088942307692307 0.06490384615384616 0.04807692307692308
0 0.5949519230769231 0.06850961538461539 0.038461538461538464 0.026442307692307692
0 0.0625 0.8377403846153846 0.06490384615384616 0.055288461538461536
0 0.15264423076923078 0.8329326923076923 0.05048076923076923 0.036057692307692304
0 0.3798076923076923 0.09375 0.036057692307692304 0.03125
0 0.2091346153846154 0.8629807692307693 0.07451923076923077 0.04807692307692308
0 0.39903846153846156 0.09375 0.04567307692307692 0.036057692307692304
0 0.1310096153846154 0.8882211538461539 0.0673076923076923 0.04326923076923077
0 0.828125 0.828125 0.06971153846153846 0.052884615384615384
0 0.19591346153846154 0.038461538461538464 0.028846153846153848 0.021634615384615384
0 0.5637019230769231 0.8653846153846154 0.09134615384615384 0.04567307692307692
0 0.6971153846153846 0.8665865384615384 0.07932692307692307 0.055288461538461536
0 0.7572115384615384 0.8617788461538461 0.06009615384615385 0.04807692307692308
0 0.5901442307692307 0.8954326923076923 0.09134615384615384 0.055288461538461536
0 0.9651442307692307 0.8569711538461539 0.06971153846153846 0.06490384615384616
0 0.4387019230769231 0.9206730769230769 0.08173076923076923 0.055288461538461536
0 0.5132211538461539 0.9158653846153846 0.08173076923076923 0.05048076923076923
0 0.43990384615384615 0.10096153846153846 0.040865384615384616 0.03125
0 0.6346153846153846 0.08052884615384616 0.036057692307692304 0.03125
0 0.8653846153846154 0.05889423076923077 0.036057692307692304 0.036057692307692304
0 0.006009615384615385 0.15264423076923078 0.01201923076923077 0.021634615384615384
0 0.8882211538461539 0.05889423076923077 0.04567307692307692 0.03125
0 0.6670673076923077 0.0829326923076923 0.026442307692307692 0.028846153846153848
0 0.4879807692307692 0.10336538461538461 0.03365384615384615 0.026442307692307692
0 0.5072115384615384 0.10697115384615384 0.03365384615384615 0.026442307692307692
0 0.6802884615384616 0.0889423076923077 0.040865384615384616 0.040865384615384616
0 0.06850961538461539 0.15384615384615385 0.040865384615384616 0.03125
0 0.7451923076923077 0.08774038461538461 0.040865384615384616 0.03125
0 0.5300480769230769 0.11538461538461539 0.028846153846153848 0.021634615384615384
0 0.9435096153846154 0.0733173076923077 0.03125 0.036057692307692304
0 0.14783653846153846 0.046875 0.03365384615384615 0.026442307692307692
0 0.014423076923076924 0.171875 0.028846153846153848 0.026442307692307692
0 0.5673076923076923 0.11538461538461539 0.038461538461538464 0.021634615384615384
0 0.6322115384615384 0.11177884615384616 0.038461538461538464 0.019230769230769232
0 0.21033653846153846 0.15865384615384615 0.04326923076923077 0.021634615384615384
0 0.16105769230769232 0.16826923076923078 0.036057692307692304 0.03125
0 0.8257211538461539 0.0985576923076923 0.038461538461538464 0.021634615384615384
0 0.19951923076923078 0.17067307692307693 0.028846153846153848 0.026442307692307692
0 0.5961538461538461 0.12860576923076922 0.038461538461538464 0.026442307692307692
0 0.2283653846153846 0.171875 0.028846153846153848 0.026442307692307692
0 0.6310096153846154 0.12980769230769232 0.03365384615384615 0.026442307692307692
0 0.8930288461538461 0.10216346153846154 0.03365384615384615 0.026442307692307692
0 0.8461538461538461 0.11177884615384616 0.038461538461538464 0.026442307692307692
0 0.38221153846153844 0.025240384615384616 0.03365384615384615 0.016826923076923076
0 0.6778846153846154 0.13701923076923078 0.036057692307692304 0.03125
0 0.2512019230769231 0.18629807692307693 0.036057692307692304 0.03125
0 0.7800480769230769 0.13341346153846154 0.04326923076923077 0.019230769230769232
0 0.7139423076923077 0.140625 0.040865384615384616 0.036057692307692304
0 0.9098557692307693 0.1201923076923077 0.04567307692307692 0.036057692307692304
0 0.359375 0.18509615384615385 0.040865384615384616 0.03125
0 0.7247596153846154 0.003605769230769231 0.03125 0.007211538461538462
0 0.7355769230769231 0.14903846153846154 0.036057692307692304 0.03125
0 0.9483173076923077 0.12860576923076922 0.026442307692307692 0.03365384615384615
0 0.9555288461538461 0.13822115384615385 0.01201923076923077 0.02403846153846154
0 0.7908653846153846 0.15745192307692307 0.05048076923076923 0.03125
0 0.8137019230769231 0.16466346153846154 0.040865384615384616 0.03125
0 0.036057692307692304 0.24879807692307693 0.040865384615384616 0.036057692307692304
0 0.4266826923076923 0.2091346153846154 0.040865384615384616 0.03125
0 0.3449519230769231 0.21754807692307693 0.038461538461538464 0.021634615384615384
0 0.013221153846153846 0.2536057692307692 0.026442307692307692 0.026442307692307692
0 0.40625 0.22355769230769232 0.028846153846153848 0.026442307692307692
0 0.0625 0.25721153846153844 0.04567307692307692 0.03125
0 0.9074519230769231 0.17307692307692307 0.057692307692307696 0.02403846153846154
0 0.33413461538461536 0.23317307692307693 0.02403846153846154 0.019230769230769232
0 0.8509615384615384 0.17908653846153846 0.04567307692307692 0.03125
0 0.9074519230769231 0.1935096153846154 0.04567307692307692 0.036057692307692304
0 0.5264423076923077 0.2439903846153846 0.04326923076923077 0.026442307692307692
0 0.20072115384615385 0.2800480769230769 0.04326923076923077 0.021634615384615384
0 0.3449519230769231 0.2668269230769231 0.04807692307692308 0.019230769230769232
0 0.4855769230769231 0.25 0.036057692307692304 0.03125
0 0.5204326923076923 0.02283653846153846 0.019230769230769232 0.019230769230769232
0 0.6129807692307693 0.24158653846153846 0.05048076923076923 0.03125
0 0.01201923076923077 0.30649038461538464 0.02403846153846154 0.026442307692307692
0 0.9651442307692307 0.2091346153846154 0.016826923076923076 0.028846153846153848
0 0.19230769230769232 0.296875 0.04326923076923077 0.026442307692307692
0 0.03365384615384615 0.31850961538461536 0.028846153846153848 0.026442307692307692
0 0.3449519230769231 0.2860576923076923 0.03365384615384615 0.026442307692307692
0 0.375 0.28725961538461536 0.038461538461538464 0.026442307692307692
0 0.08533653846153846 0.3173076923076923 0.04807692307692308 0.019230769230769232
0 0.578125 0.2704326923076923 0.05048076923076923 0.036057692307692304
0 0.4182692307692308 0.29447115384615385 0.040865384615384616 0.03125
0 0.10216346153846154 0.33052884615384615 0.03365384615384615 0.016826923076923076
0 0.13221153846153846 0.3293269230769231 0.038461538461538464 0.014423076923076924
0 0.7764423076923077 0.006009615384615385 0.03365384615384615 0.01201923076923077
0 0.6995192307692307 0.27524038461538464 0.038461538461538464 0.021634615384615384
0 0.8798076923076923 0.25721153846153844 0.040865384615384616 0.036057692307692304
0 0.0673076923076923 0.3449519230769231 0.052884615384615384 0.03365384615384615
0 0.46153846153846156 0.31009615384615385 0.04807692307692308 0.026442307692307692
0 0.13942307692307693 0.3473557692307692 0.05048076923076923 0.03125
0 0.7175480769230769 0.29086538461538464 0.036057692307692304 0.03125
0 0.34134615384615385 0.04927884615384615 0.028846153846153848 0.026442307692307692
0 0.53125 0.028846153846153848 0.04326923076923077 0.026442307692307692
0 0.19831730769230768 0.35336538461538464 0.03365384615384615 0.016826923076923076
0 0.34615384615384615 0.3425480769230769 0.04326923076923077 0.019230769230769232
0 0.16826923076923078 0.3605769230769231 0.028846153846153848 0.026442307692307692
0 0.46875 0.33774038461538464 0.038461538461538464 0.026442307692307692
0 0.6814903846153846 0.3173076923076923 0.05048076923076923 0.03125
0 0.19951923076923078 0.3713942307692308 0.04326923076923077 0.026442307692307692
0 0.5829326923076923 0.02403846153846154 0.04326923076923077 0.026442307692307692
0 0.15865384615384615 0.3798076923076923 0.04326923076923077 0.019230769230769232
0 0.34975961538461536 0.36177884615384615 0.03125 0.03125
0 0.3737980769230769 0.04567307692307692 0.028846153846153848 0.026442307692307692
0 0.3858173076923077 0.36778846153846156 0.04567307692307692 0.03125
0 0.2512019230769231 0.3858173076923077 0.04807692307692308 0.021634615384615384
0 0.6418269230769231 0.3449519230769231 0.05048076923076923 0.03125
0 0.6911057692307693 0.3473557692307692 0.04567307692307692 0.036057692307692304
0 0.1658653846153846 0.4026442307692308 0.04326923076923077 0.026442307692307692
0 0.5384615384615384 0.36538461538461536 0.052884615384615384 0.03365384615384615
0 0.7403846153846154 0.35336538461538464 0.040865384615384616 0.040865384615384616
0 0.2692307692307692 0.40384615384615385 0.04567307692307692 0.03125
0 0.8365384615384616 0.007211538461538462 0.04326923076923077 0.014423076923076924
0 0.7115384615384616 0.3798076923076923 0.040865384615384616 0.03125
0 0.4326923076923077 0.41346153846153844 0.052884615384615384 0.03365384615384615
0 0.7572115384615384 0.3798076923076923 0.057692307692307696 0.03365384615384615
0 0.29927884615384615 0.43028846153846156 0.052884615384615384 0.028846153846153848
0 0.19110576923076922 0.07211538461538461 0.036057692307692304 0.03125
0 0.28365384615384615 0.453125 0.052884615384615384 0.02403846153846154
0 0.6033653846153846 0.43149038461538464 0.05048076923076923 0.036057692307692304
0 0.765625 0.41466346153846156 0.05048076923076923 0.036057692307692304
0 0.9026442307692307 0.008413461538461538 0.040865384615384616 0.016826923076923076
0 0.7331730769230769 0.421875 0.05048076923076923 0.036057692307692304
0 0.23677884615384615 0.47716346153846156 0.038461538461538464 0.021634615384615384
0 0.6814903846153846 0.4362980769230769 0.04567307692307692 0.036057692307692304
0 0.5625 0.45072115384615385 0.052884615384615384 0.03365384615384615
0 0.2848557692307692 0.4831730769230769 0.04807692307692308 0.026442307692307692
0 0.8834134615384616 0.008413461538461538 0.026442307692307692 0.016826923076923076
0 0.23677884615384615 0.5024038461538461 0.04326923076923077 0.026442307692307692
0 0.2860576923076923 0.5180288461538461 0.04567307692307692 0.03125
0 0.4230769230769231 0.05889423076923077 0.03365384615384615 0.026442307692307692
0 0.5901442307692307 0.49038461538461536 0.052884615384615384 0.03365384615384615
0 0.8016826923076923 0.47115384615384615 0.052884615384615384 0.038461538461538464
0 0.5408653846153846 0.001201923076923077 0.028846153846153848 0.002403846153846154
0 0.4387019230769231 0.5132211538461539 0.052884615384615384 0.028846153846153848
0 0.23197115384615385 0.078125 0.028846153846153848 0.026442307692307692
0 0.013221153846153846 0.5661057692307693 0.021634615384615384 0.028846153846153848
0 0.2512019230769231 0.5444711538461539 0.04567307692307692 0.03125
0 0.2956730769230769 0.5444711538461539 0.057692307692307696 0.02403846153846154
0 0.6370192307692307 0.515625 0.057692307692307696 0.028846153846153848
0 0.4254807692307692 0.5408653846153846 0.057692307692307696 0.03365384615384615
0 0.5805288461538461 0.5288461538461539 0.04567307692307692 0.040865384615384616
0 0.2956730769230769 0.5661057692307693 0.04567307692307692 0.036057692307692304
0 0.25961538461538464 0.5805288461538461 0.052884615384615384 0.03365384615384615
0 0.515625 0.5516826923076923 0.05048076923076923 0.036057692307692304
0 0.2620192307692308 0.08052884615384616 0.03365384615384615 0.026442307692307692
0 0.6538461538461539 0.5444711538461539 0.0673076923076923 0.03365384615384615
0 0.5060096153846154 0.051682692307692304 0.04567307692307692 0.03125
0 0.19951923076923078 0.6069711538461539 0.040865384615384616 0.03125
0 0.2439903846153846 0.6057692307692307 0.052884615384615384 0.02403846153846154
0 0.40625 0.5889423076923077 0.057692307692307696 0.04326923076923077
0 0.39903846153846156 0.06850961538461539 0.028846153846153848 0.021634615384615384
0 0.0733173076923077 0.6286057692307693 0.036057692307692304 0.03125
0 0.234375 0.6262019230769231 0.057692307692307696 0.02403846153846154
0 0.9411057692307693 0.014423076923076924 0.01201923076923077 0.028846153846153848
0 0.1045673076923077 0.6394230769230769 0.05048076923076923 0.03125
0 0.6310096153846154 0.5913461538461539 0.057692307692307696 0.038461538461538464
0 0.24519230769230768 0.6454326923076923 0.05048076923076923 0.036057692307692304
0 0.7632211538461539 0.03485576923076923 0.040865384615384616 0.03125
0 0.9951923076923077 0.5817307692307693 0.009615384615384616 0.028846153846153848
0 0.21754807692307693 0.6646634615384616 0.055288461538461536 0.04326923076923077
0 0.6213942307692307 0.6274038461538461 0.05048076923076923 0.040865384615384616
0 0.34375 0.65625 0.05048076923076923 0.040865384615384616
0 0.06370192307692307 0.6875 0.04807692307692308 0.026442307692307692
0 0.6838942307692307 0.6298076923076923 0.07211538461538461 0.04326923076923077
0 0.03245192307692308 0.6983173076923077 0.03125 0.040865384615384616
0 0.17548076923076922 0.6875 0.057692307692307696 0.04326923076923077
0 0.984375 0.6213942307692307 0.03125 0.04567307692307692
0 0.2764423076923077 0.6995192307692307 0.0625 0.04326923076923077
0 0.6478365384615384 0.6610576923076923 0.0673076923076923 0.04326923076923077
0 0.13581730769230768 0.7175480769230769 0.057692307692307696 0.038461538461538464
0 0.9435096153846154 0.6442307692307693 0.057692307692307696 0.04326923076923077
0 0.2860576923076923 0.09014423076923077 0.036057692307692304 0.03125
0 0.09975961538461539 0.7427884615384616 0.07211538461538461 0.03365384615384615