0 0.07692307692307693 0.1875 0.009615384615384616 0.02403846153846154
0 0.13221153846153846 0.18509615384615385 0.019230769230769232 0.028846153846153848
0 0.08413461538461539 0.1971153846153846 0.014423076923076924 0.02403846153846154
0 0.8617788461538461 0.171875 0.02403846153846154 0.028846153846153848
0 0.9110576923076923 0.17067307692307693 0.019230769230769232 0.009615384615384616
0 0.5168269230769231 0.18870192307692307 0.019230769230769232 0.009615384615384616
0 0.47115384615384615 0.19110576923076922 0.019230769230769232 0.019230769230769232
0 0.8966346153846154 0.17548076923076922 0.009615384615384616 0.009615384615384616
0 0.9411057692307693 0.17427884615384615 0.02403846153846154 0.038461538461538464
0 0.8822115384615384 0.17908653846153846 0.009615384615384616 0.014423076923076924
0 0.3545673076923077 0.19951923076923078 0.019230769230769232 0.028846153846153848
0 0.7944711538461539 0.18389423076923078 0.019230769230769232 0.019230769230769232
0 0.6586538461538461 0.19110576923076922 0.02403846153846154 0.014423076923076924
0 0.051682692307692304 0.21514423076923078 0.014423076923076924 0.009615384615384616
0 0.5420673076923077 0.19591346153846154 0.02403846153846154 0.03365384615384615
0 0.9639423076923077 0.18269230769230768 0.02403846153846154 0.028846153846153848
0 0.21875 0.2091346153846154 0.014423076923076924 0.009615384615384616
0 0.734375 0.19110576923076922 0.009615384615384616 0.009615384615384616
0 0.7163461538461539 0.19230769230769232 0.019230769230769232 0.019230769230769232
0 0.4266826923076923 0.20432692307692307 0.014423076923076924 0.014423076923076924
0 0.2536057692307692 0.21033653846153846 0.009615384615384616 0.014423076923076924
0 0.27403846153846156 0.2091346153846154 0.014423076923076924 0.02403846153846154
0 0.9170673076923077 0.1875 0.004807692307692308 0.02403846153846154
0 0.5264423076923077 0.20192307692307693 0.009615384615384616 0.019230769230769232
0 0.7512019230769231 0.1971153846153846 0.02403846153846154 0.02403846153846154
0 0.46875 0.20432692307692307 0.014423076923076924 0.019230769230769232
0 0.5841346153846154 0.20432692307692307 0.014423076923076924 0.019230769230769232
0 0.12980769230769232 0.22115384615384615 0.019230769230769232 0.019230769230769232
0 0.8822115384615384 0.19230769230769232 0.019230769230769232 0.02403846153846154
0 0.6286057692307693 0.20072115384615385 0.019230769230769232 0.014423076923076924
0 0.5997596153846154 0.20192307692307693 0.009615384615384616 0.014423076923076924
0 0.3329326923076923 0.21394230769230768 0.019230769230769232 0.028846153846153848
0 0.24278846153846154 0.21634615384615385 0.014423076923076924 0.009615384615384616
0 0.7764423076923077 0.20072115384615385 0.019230769230769232 0.03365384615384615
0 0.5180288461538461 0.20673076923076922 0.019230769230769232 0.028846153846153848
0 0.26802884615384615 0.21875 0.019230769230769232 0.014423076923076924
0 0.20072115384615385 0.21875 0.014423076923076924 0.019230769230769232
0 0.6129807692307693 0.20673076923076922 0.014423076923076924 0.014423076923076924
0 0.30528846153846156 0.21754807692307693 0.009615384615384616 0.014423076923076924
0 0.8413461538461539 0.19591346153846154 0.019230769230769232 0.028846153846153848
0 0.8293269230769231 0.19831730769230768 0.014423076923076924 0.02403846153846154
0 0.15745192307692307 0.22235576923076922 0.019230769230769232 0.02403846153846154
0 0.06009615384615385 0.22596153846153846 0.019230769230769232 0.03365384615384615
0 0.5673076923076923 0.20793269230769232 0.02403846153846154 0.03365384615384615
0 0.3858173076923077 0.21394230769230768 0.02403846153846154 0.02403846153846154
0 0.3173076923076923 0.21634615384615385 0.014423076923076924 0.03365384615384615
0 0.027644230769230768 0.23197115384615385 0.009615384615384616 0.02403846153846154
0 0.7704326923076923 0.203125 0.014423076923076924 0.019230769230769232
0 0.17307692307692307 0.22355769230769232 0.014423076923076924 0.028846153846153848
0 0.9038461538461539 0.19831730769230768 0.014423076923076924 0.028846153846153848
0 0.8112980769230769 0.20192307692307693 0.016826923076923076 0.038461538461538464
0 0.18990384615384615 0.22355769230769232 0.019230769230769232 0.019230769230769232
0 0.004807692307692308 0.22956730769230768 0.009615384615384616 0.019230769230769232
0 0.49038461538461536 0.21514423076923078 0.019230769230769232 0.02403846153846154
0 0.8605769230769231 0.20192307692307693 0.019230769230769232 0.03365384615384615
0 0.6454326923076923 0.2127403846153846 0.014423076923076924 0.019230769230769232
0 0.8004807692307693 0.20432692307692307 0.019230769230769232 0.02403846153846154
0 0.6826923076923077 0.21153846153846154 0.02403846153846154 0.038461538461538464
0 0.4326923076923077 0.21995192307692307 0.02403846153846154 0.019230769230769232
0 0.6550480769230769 0.21153846153846154 0.02403846153846154 0.028846153846153848
0 0.34975961538461536 0.22235576923076922 0.014423076923076924 0.019230769230769232
0 0.7403846153846154 0.21153846153846154 0.019230769230769232 0.02403846153846154
0 0.36538461538461536 0.22716346153846154 0.019230769230769232 0.028846153846153848
0 0.7223557692307693 0.21394230769230768 0.019230769230769232 0.028846153846153848
0 0.25 0.23076923076923078 0.009615384615384616 0.019230769230769232
0 0.11298076923076923 0.23798076923076922 0.014423076923076924 0.02403846153846154
0 0.040865384615384616 0.23798076923076922 0.019230769230769232 0.019230769230769232
0 0.7007211538461539 0.21514423076923078 0.014423076923076924 0.019230769230769232
0 0.6706730769230769 0.21634615384615385 0.009615384615384616 0.019230769230769232
0 0.21514423076923078 0.234375 0.014423076923076924 0.03365384615384615
0 0.41346153846153844 0.22956730769230768 0.014423076923076924 0.019230769230769232
0 0.578125 0.2247596153846154 0.019230769230769232 0.019230769230769232
0 0.23317307692307693 0.23677884615384615 0.014423076923076924 0.028846153846153848
0 0.4651442307692308 0.2283653846153846 0.02403846153846154 0.019230769230769232
0 0.6153846153846154 0.22355769230769232 0.009615384615384616 0.019230769230769232
0 0.5432692307692307 0.22596153846153846 0.02403846153846154 0.028846153846153848
0 0.30528846153846156 0.234375 0.019230769230769232 0.028846153846153848
0 0.1622596153846154 0.24158653846153846 0.019230769230769232 0.014423076923076924
0 0.5997596153846154 0.22596153846153846 0.014423076923076924 0.02403846153846154
0 0.5048076923076923 0.22956730769230768 0.019230769230769232 0.02403846153846154
0 0.6298076923076923 0.2247596153846154 0.019230769230769232 0.03365384615384615
0 0.26322115384615385 0.2403846153846154 0.019230769230769232 0.028846153846153848
0 0.004807692307692308 0.24759615384615385 0.009615384615384616 0.028846153846153848
0 0.13341346153846154 0.24519230769230768 0.019230769230769232 0.028846153846153848
0 0.9423076923076923 0.21634615384615385 0.014423076923076924 0.028846153846153848
0 0.013221153846153846 0.24879807692307693 0.019230769230769232 0.028846153846153848
0 0.9603365384615384 0.21514423076923078 0.02403846153846154 0.019230769230769232
0 0.3401442307692308 0.23918269230769232 0.014423076923076924 0.014423076923076924
0 0.08533653846153846 0.24879807692307693 0.014423076923076924 0.02403846153846154
0 0.19110576923076922 0.24879807692307693 0.019230769230769232 0.02403846153846154
0 0.40024038461538464 0.23918269230769232 0.02403846153846154 0.028846153846153848
0 0.43509615384615385 0.24278846153846154 0.028846153846153848 0.028846153846153848
0 0.5829326923076923 0.234375 0.019230769230769232 0.02403846153846154
0 0.7680288461538461 0.23076923076923078 0.019230769230769232 0.028846153846153848
0 0.16346153846153846 0.2548076923076923 0.009615384615384616 0.014423076923076924
0 0.8401442307692307 0.2283653846153846 0.014423076923076924 0.019230769230769232
0 0.2920673076923077 0.25 0.019230769230769232 0.02403846153846154
0 0.5192307692307693 0.2439903846153846 0.019230769230769232 0.028846153846153848
0 0.046875 0.2608173076923077 0.019230769230769232 0.028846153846153848
0 0.7283653846153846 0.23677884615384615 0.02403846153846154 0.028846153846153848
0 0.6670673076923077 0.23918269230769232 0.019230769230769232 0.028846153846153848
0 0.35216346153846156 0.25 0.019230769230769232 0.019230769230769232
0 0.8822115384615384 0.23677884615384615 0.02403846153846154 0.038461538461538464
0 0.8016826923076923 0.23918269230769232 0.019230769230769232 0.028846153846153848
0 0.33413461538461536 0.25841346153846156 0.019230769230769232 0.02403846153846154
0 0.5661057692307693 0.25 0.019230769230769232 0.03365384615384615
0 0.5060096153846154 0.2548076923076923 0.019230769230769232 0.028846153846153848
0 0.007211538461538462 0.27403846153846156 0.014423076923076924 0.02403846153846154
0 0.03365384615384615 0.27283653846153844 0.019230769230769232 0.02403846153846154
0 0.6995192307692307 0.25240384615384615 0.019230769230769232 0.028846153846153848
0 0.6346153846153846 0.2548076923076923 0.019230769230769232 0.028846153846153848
0 0.4639423076923077 0.2608173076923077 0.019230769230769232 0.028846153846153848
0 0.3870192307692308 0.26322115384615385 0.02403846153846154 0.028846153846153848
0 0.921875 0.24519230769230768 0.019230769230769232 0.028846153846153848
0 0.17908653846153846 0.2704326923076923 0.02403846153846154 0.028846153846153848
0 0.23677884615384615 0.27163461538461536 0.019230769230769232 0.03365384615384615
0 0.9519230769230769 0.24639423076923078 0.02403846153846154 0.02403846153846154
0 0.8341346153846154 0.25 0.019230769230769232 0.02403846153846154
0 0.1466346153846154 0.27403846153846156 0.02403846153846154 0.03365384615384615
0 0.2692307692307692 0.2704326923076923 0.019230769230769232 0.03365384615384615
0 0.08173076923076923 0.2800480769230769 0.014423076923076924 0.02403846153846154
0 0.42427884615384615 0.26802884615384615 0.014423076923076924 0.02403846153846154
0 0.359375 0.2692307692307692 0.02403846153846154 0.028846153846153848
0 0.5492788461538461 0.2620192307692308 0.02403846153846154 0.028846153846153848
0 0.5288461538461539 0.2692307692307692 0.019230769230769232 0.014423076923076924
0 0.0673076923076923 0.28725961538461536 0.019230769230769232 0.028846153846153848
0 0.32572115384615385 0.28365384615384615 0.019230769230769232 0.028846153846153848
0 0.7067307692307693 0.26802884615384615 0.02403846153846154 0.03365384615384615
0 0.30288461538461536 0.2824519230769231 0.019230769230769232 0.02403846153846154
0 0.6538461538461539 0.27163461538461536 0.019230769230769232 0.019230769230769232
0 0.5925480769230769 0.2764423076923077 0.02403846153846154 0.02403846153846154
0 0.003605769230769231 0.2956730769230769 0.007211538461538462 0.03365384615384615
0 0.5132211538461539 0.2800480769230769 0.014423076923076924 0.014423076923076924
0 0.18990384615384615 0.2932692307692308 0.02403846153846154 0.028846153846153848
0 0.7980769230769231 0.27163461538461536 0.009615384615384616 0.028846153846153848
0 0.7776442307692307 0.27524038461538464 0.02403846153846154 0.02403846153846154
0 0.025240384615384616 0.29927884615384615 0.019230769230769232 0.009615384615384616
0 0.9627403846153846 0.27283653846153844 0.02403846153846154 0.02403846153846154
0 0.6081730769230769 0.2860576923076923 0.019230769230769232 0.014423076923076924
0 0.8125 0.27884615384615385 0.019230769230769232 0.03365384615384615
0 0.4326923076923077 0.29447115384615385 0.019230769230769232 0.019230769230769232
0 0.8798076923076923 0.27884615384615385 0.02403846153846154 0.038461538461538464
0 0.2403846153846154 0.30528846153846156 0.02403846153846154 0.019230769230769232
0 0.7475961538461539 0.28846153846153844 0.019230769230769232 0.038461538461538464
0 0.8449519230769231 0.28846153846153844 0.028846153846153848 0.028846153846153848
0 0.5300480769230769 0.296875 0.019230769230769232 0.03365384615384615
0 0.7379807692307693 0.2920673076923077 0.028846153846153848 0.038461538461538464
0 0.37740384615384615 0.3016826923076923 0.019230769230769232 0.03365384615384615
0 0.36538461538461536 0.30288461538461536 0.014423076923076924 0.02403846153846154
0 0.28966346153846156 0.30528846153846156 0.019230769230769232 0.02403846153846154
0 0.33533653846153844 0.30408653846153844 0.019230769230769232 0.03365384615384615
0 0.9350961538461539 0.28725961538461536 0.014423076923076924 0.02403846153846154
0 0.057692307692307696 0.31850961538461536 0.019230769230769232 0.014423076923076924
0 0.5997596153846154 0.296875 0.019230769230769232 0.019230769230769232
0 0.31971153846153844 0.30649038461538464 0.02403846153846154 0.019230769230769232
0 0.6899038461538461 0.2956730769230769 0.02403846153846154 0.03365384615384615
0 0.34975961538461536 0.3076923076923077 0.019230769230769232 0.03365384615384615
0 0.021634615384615384 0.31971153846153844 0.019230769230769232 0.02403846153846154
0 0.9507211538461539 0.28725961538461536 0.019230769230769232 0.02403846153846154
0 0.19831730769230768 0.3137019230769231 0.014423076923076924 0.014423076923076924
0 0.7908653846153846 0.29447115384615385 0.014423076923076924 0.028846153846153848
0 0.11899038461538461 0.31850961538461536 0.019230769230769232 0.028846153846153848
0 0.5048076923076923 0.3076923076923077 0.02403846153846154 0.03365384615384615
0 0.9074519230769231 0.29086538461538464 0.014423076923076924 0.019230769230769232
0 0.4579326923076923 0.3088942307692308 0.014423076923076924 0.03365384615384615
0 0.6598557692307693 0.3016826923076923 0.019230769230769232 0.03365384615384615
0 0.6382211538461539 0.30288461538461536 0.02403846153846154 0.03365384615384615
0 0.44591346153846156 0.3088942307692308 0.019230769230769232 0.02403846153846154
0 0.5408653846153846 0.30649038461538464 0.02403846153846154 0.03365384615384615
0 0.8209134615384616 0.29927884615384615 0.019230769230769232 0.019230769230769232
0 0.14903846153846154 0.32211538461538464 0.014423076923076924 0.028846153846153848
0 0.5625 0.3076923076923077 0.028846153846153848 0.028846153846153848
0 0.08653846153846154 0.3269230769230769 0.019230769230769232 0.03365384615384615
0 0.9146634615384616 0.2956730769230769 0.019230769230769232 0.019230769230769232
0 0.006009615384615385 0.3269230769230769 0.01201923076923077 0.028846153846153848
0 0.18629807692307693 0.3233173076923077 0.014423076923076924 0.02403846153846154
0 0.6201923076923077 0.3076923076923077 0.014423076923076924 0.02403846153846154
0 0.2764423076923077 0.31971153846153844 0.019230769230769232 0.04326923076923077
0 0.7776442307692307 0.30288461538461536 0.02403846153846154 0.03365384615384615
0 0.39663461538461536 0.3161057692307692 0.028846153846153848 0.04326923076923077
0 0.17427884615384615 0.328125 0.009615384615384616 0.02403846153846154
0 0.16105769230769232 0.3269230769230769 0.019230769230769232 0.038461538461538464
0 0.890625 0.30408653846153844 0.028846153846153848 0.03365384615384615
0 0.41346153846153844 0.3173076923076923 0.02403846153846154 0.038461538461538464
0 0.4795673076923077 0.3161057692307692 0.028846153846153848 0.028846153846153848
0 0.234375 0.3269230769230769 0.019230769230769232 0.03365384615384615
0 0.30408653846153844 0.3245192307692308 0.019230769230769232 0.03365384615384615
0 0.06370192307692307 0.33774038461538464 0.019230769230769232 0.03365384615384615
0 0.046875 0.33774038461538464 0.014423076923076924 0.02403846153846154
0 0.19591346153846154 0.33533653846153844 0.02403846153846154 0.028846153846153848
0 0.1045673076923077 0.33774038461538464 0.019230769230769232 0.028846153846153848
0 0.8569711538461539 0.3125 0.02403846153846154 0.028846153846153848
0 0.9795673076923077 0.31009615384615385 0.019230769230769232 0.03365384615384615
0 0.03125 0.3449519230769231 0.019230769230769232 0.028846153846153848
0 0.3137019230769231 0.3389423076923077 0.019230769230769232 0.019230769230769232
0 0.009615384615384616 0.35216346153846156 0.014423076923076924 0.02403846153846154
0 0.5985576923076923 0.3317307692307692 0.02403846153846154 0.03365384615384615
0 0.9495192307692307 0.3269230769230769 0.02403846153846154 0.038461538461538464
0 0.49399038461538464 0.3401442307692308 0.019230769230769232 0.02403846153846154
0 0.8269230769230769 0.328125 0.019230769230769232 0.03365384615384615
0 0.7764423076923077 0.3329326923076923 0.028846153846153848 0.028846153846153848
0 0.2127403846153846 0.3545673076923077 0.019230769230769232 0.02403846153846154
0 0.6466346153846154 0.3401442307692308 0.028846153846153848 0.02403846153846154
0 0.4375 0.3473557692307692 0.02403846153846154 0.03365384615384615
0 0.6959134615384616 0.3401442307692308 0.02403846153846154 0.038461538461538464
0 0.5276442307692307 0.3485576923076923 0.028846153846153848 0.03365384615384615
0 0.3701923076923077 0.35216346153846156 0.028846153846153848 0.009615384615384616
0 0.31490384615384615 0.35336538461538464 0.019230769230769232 0.028846153846153848
0 0.9290865384615384 0.33413461538461536 0.019230769230769232 0.03365384615384615
0 0.24759615384615385 0.3581730769230769 0.02403846153846154 0.03365384615384615
0 0.18509615384615385 0.3605769230769231 0.019230769230769232 0.03365384615384615
0 0.03245192307692308 0.36658653846153844 0.019230769230769232 0.02403846153846154
0 0.5697115384615384 0.3473557692307692 0.028846153846153848 0.02403846153846154
0 0.8990384615384616 0.33533653846153844 0.02403846153846154 0.03365384615384615
0 0.1045673076923077 0.36538461538461536 0.02403846153846154 0.028846153846153848
0 0.27283653846153844 0.3605769230769231 0.019230769230769232 0.028846153846153848
0 0.7932692307692307 0.34375 0.014423076923076924 0.02403846153846154
0 0.33533653846153844 0.3605769230769231 0.02403846153846154 0.03365384615384615
0 0.8629807692307693 0.34375 0.014423076923076924 0.028846153846153848
0 0.7223557692307693 0.34615384615384615 0.019230769230769232 0.03365384615384615
0 0.5024038461538461 0.3545673076923077 0.02403846153846154 0.02403846153846154
0 0.0625 0.3701923076923077 0.02403846153846154 0.02403846153846154
0 0.20072115384615385 0.3701923076923077 0.02403846153846154 0.03365384615384615
0 0.9146634615384616 0.3449519230769231 0.014423076923076924 0.03365384615384615
0 0.6730769230769231 0.35336538461538464 0.014423076923076924 0.02403846153846154
0 0.6129807692307693 0.35697115384615385 0.02403846153846154 0.019230769230769232
0 0.2776442307692308 0.3701923076923077 0.019230769230769232 0.03365384615384615
0 0.41225961538461536 0.36538461538461536 0.019230769230769232 0.03365384615384615
0 0.8305288461538461 0.35336538461538464 0.02403846153846154 0.019230769230769232
0 0.7704326923076923 0.3557692307692308 0.02403846153846154 0.028846153846153848
0 0.6502403846153846 0.3629807692307692 0.02403846153846154 0.014423076923076924
0 0.1622596153846154 0.37740384615384615 0.019230769230769232 0.038461538461538464
0 0.5877403846153846 0.36658653846153844 0.019230769230769232 0.019230769230769232
0 0.9771634615384616 0.35336538461538464 0.028846153846153848 0.019230769230769232
0 0.5649038461538461 0.36538461538461536 0.019230769230769232 0.014423076923076924
0 0.8798076923076923 0.3545673076923077 0.019230769230769232 0.03365384615384615
0 0.7524038461538461 0.359375 0.02403846153846154 0.03365384615384615
0 0.7079326923076923 0.3605769230769231 0.019230769230769232 0.03365384615384615
0 0.12980769230769232 0.3858173076923077 0.028846153846153848 0.02403846153846154
0 0.21995192307692307 0.3798076923076923 0.014423076923076924 0.019230769230769232
0 0.3545673076923077 0.37740384615384615 0.02403846153846154 0.03365384615384615
0 0.4230769230769231 0.3798076923076923 0.02403846153846154 0.02403846153846154
0 0.6298076923076923 0.3701923076923077 0.019230769230769232 0.028846153846153848
0 0.6105769230769231 0.3713942307692308 0.009615384615384616 0.009615384615384616
0 0.38461538461538464 0.38100961538461536 0.019230769230769232 0.03365384615384615
0 0.5084134615384616 0.3798076923076923 0.02403846153846154 0.019230769230769232
0 0.7295673076923077 0.3737980769230769 0.014423076923076924 0.014423076923076924
0 0.08413461538461539 0.39663461538461536 0.019230769230769232 0.03365384615384615
0 0.036057692307692304 0.39783653846153844 0.02403846153846154 0.02403846153846154
0 0.4495192307692308 0.38341346153846156 0.019230769230769232 0.03365384615384615
0 0.06610576923076923 0.40024038461538464 0.019230769230769232 0.019230769230769232
0 0.8233173076923077 0.3737980769230769 0.019230769230769232 0.028846153846153848
0 0.671875 0.38100961538461536 0.019230769230769232 0.014423076923076924
0 0.2283653846153846 0.39903846153846156 0.019230769230769232 0.019230769230769232
0 0.48197115384615385 0.3894230769230769 0.028846153846153848 0.038461538461538464
0 0.1466346153846154 0.4026442307692308 0.02403846153846154 0.02403846153846154
0 0.546875 0.3894230769230769 0.019230769230769232 0.02403846153846154
0 0.29086538461538464 0.39783653846153844 0.02403846153846154 0.03365384615384615
0 0.20432692307692307 0.40625 0.019230769230769232 0.03365384615384615
0 0.5685096153846154 0.390625 0.02403846153846154 0.028846153846153848
0 0.40384615384615385 0.39663461538461536 0.019230769230769232 0.019230769230769232
0 0.014423076923076924 0.4098557692307692 0.028846153846153848 0.028846153846153848
0 0.6370192307692307 0.390625 0.014423076923076924 0.03365384615384615
0 0.7668269230769231 0.3858173076923077 0.02403846153846154 0.03365384615384615
0 0.9807692307692307 0.3786057692307692 0.02403846153846154 0.04326923076923077
0 0.42908653846153844 0.39783653846153844 0.02403846153846154 0.03365384615384615
0 0.7235576923076923 0.3894230769230769 0.019230769230769232 0.028846153846153848
0 0.6514423076923077 0.3954326923076923 0.02403846153846154 0.04326923076923077
0 0.5913461538461539 0.39663461538461536 0.02403846153846154 0.03365384615384615
0 0.11658653846153846 0.41346153846153844 0.019230769230769232 0.03365384615384615
0 0.9411057692307693 0.38461538461538464 0.038461538461538464 0.052884615384615384
0 0.18389423076923078 0.41346153846153844 0.02403846153846154 0.038461538461538464
0 0.002403846153846154 0.4182692307692308 0.004807692307692308 0.028846153846153848
0 0.1310096153846154 0.41586538461538464 0.028846153846153848 0.019230769230769232
0 0.6141826923076923 0.4014423076923077 0.02403846153846154 0.04326923076923077
0 0.7463942307692307 0.3942307692307692 0.028846153846153848 0.038461538461538464
0 0.7932692307692307 0.3942307692307692 0.028846153846153848 0.05048076923076923
0 0.5108173076923077 0.4074519230769231 0.028846153846153848 0.038461538461538464
0 0.3557692307692308 0.41225961538461536 0.02403846153846154 0.038461538461538464
0 0.6935096153846154 0.4026442307692308 0.02403846153846154 0.04326923076923077
0 0.859375 0.39783653846153844 0.03365384615384615 0.04326923076923077
0 0.23798076923076922 0.421875 0.019230769230769232 0.038461538461538464
0 0.03485576923076923 0.43028846153846156 0.019230769230769232 0.03365384615384615
0 0.2620192307692308 0.4230769230769231 0.038461538461538464 0.0625
0 0.6682692307692307 0.40865384615384615 0.028846153846153848 0.04326923076923077
0 0.057692307692307696 0.4326923076923077 0.028846153846153848 0.038461538461538464
0 0.49278846153846156 0.4170673076923077 0.019230769230769232 0.028846153846153848
0 0.018028846153846152 0.4338942307692308 0.014423076923076924 0.028846153846153848
0 0.3329326923076923 0.4254807692307692 0.02403846153846154 0.03365384615384615
0 0.38221153846153844 0.4230769230769231 0.028846153846153848 0.04326923076923077
0 0.16947115384615385 0.43149038461538464 0.028846153846153848 0.03365384615384615
0 0.21754807692307693 0.42908653846153844 0.014423076923076924 0.03365384615384615
0 0.4026442307692308 0.4254807692307692 0.02403846153846154 0.038461538461538464
0 0.45552884615384615 0.42427884615384615 0.019230769230769232 0.04326923076923077
0 0.43990384615384615 0.42427884615384615 0.02403846153846154 0.028846153846153848
0 0.2980769230769231 0.4326923076923077 0.028846153846153848 0.038461538461538464
0 0.5324519230769231 0.42427884615384615 0.03365384615384615 0.04807692307692308
0 0.125 0.44591346153846156 0.02403846153846154 0.03365384615384615
0 0.009615384615384616 0.4519230769230769 0.016826923076923076 0.038461538461538464
0 0.078125 0.44711538461538464 0.02403846153846154 0.04326923076923077
0 0.5697115384615384 0.4326923076923077 0.02403846153846154 0.038461538461538464
0 0.17548076923076922 0.453125 0.03365384615384615 0.03365384615384615
0 0.5949519230769231 0.44591346153846156 0.028846153846153848 0.04807692307692308
0 0.32091346153846156 0.46153846153846156 0.02403846153846154 0.03365384615384615
0 0.10096153846153846 0.47475961538461536 0.028846153846153848 0.03365384615384615
0 0.34615384615384615 0.4723557692307692 0.028846153846153848 0.028846153846153848
0 0.19831730769230768 0.4807692307692308 0.019230769230769232 0.02403846153846154
0 0.3245192307692308 0.49158653846153844 0.019230769230769232 0.028846153846153848
0 0.33774038461538464 0.49399038461538464 0.019230769230769232 0.04326923076923077
0 0.21033653846153846 0.5 0.02403846153846154 0.038461538461538464
0 0.052884615384615384 0.515625 0.02403846153846154 0.038461538461538464
0 0.1778846153846154 0.5132211538461539 0.02403846153846154 0.04326923076923077
0 0.11057692307692307 0.5252403846153846 0.02403846153846154 0.03365384615384615
0 0.16105769230769232 0.5276442307692307 0.02403846153846154 0.03365384615384615
0 0.016826923076923076 0.5372596153846154 0.02403846153846154 0.03365384615384615
0 0.32091346153846156 0.5264423076923077 0.028846153846153848 0.04326923076923077