0 0.49759615384615385 0.10096153846153846 0.04567307692307692 0.06009615384615385
0 0.4026442307692308 0.15144230769230768 0.040865384615384616 0.052884615384615384
0 0.3173076923076923 0.171875 0.05048076923076923 0.0625
0 0.2091346153846154 0.20072115384615385 0.05048076923076923 0.0625
0 0.5757211538461539 0.13942307692307693 0.04567307692307692 0.055288461538461536
0 0.6021634615384616 0.1622596153846154 0.057692307692307696 0.057692307692307696
0 0.5528846153846154 0.18028846153846154 0.04567307692307692 0.052884615384615384
0 0.42788461538461536 0.21153846153846154 0.036057692307692304 0.055288461538461536
0 0.47836538461538464 0.20673076923076922 0.04326923076923077 0.04807692307692308
0 0.3737980769230769 0.23557692307692307 0.05048076923076923 0.0625
0 0.23076923076923078 0.265625 0.04567307692307692 0.06009615384615385
0 0.5492788461538461 0.234375 0.04567307692307692 0.055288461538461536
0 0.15144230769230768 0.3125 0.05048076923076923 0.052884615384615384
0 0.6538461538461539 0.22596153846153846 0.04567307692307692 0.055288461538461536
0 0.3125 0.28846153846153844 0.05048076923076923 0.0625
0 0.484375 0.26322115384615385 0.05048076923076923 0.057692307692307696
0 0.6177884615384616 0.24879807692307693 0.04567307692307692 0.055288461538461536
0 0.3786057692307692 0.29086538461538464 0.05048076923076923 0.052884615384615384
0 0.2439903846153846 0.3425480769230769 0.05048076923076923 0.057692307692307696
0 0.7019230769230769 0.27163461538461536 0.05048076923076923 0.0625
0 0.46033653846153844 0.3317307692307692 0.055288461538461536 0.057692307692307696
0 0.39663461538461536 0.3425480769230769 0.05048076923076923 0.057692307692307696
0 0.5841346153846154 0.31490384615384615 0.05048076923076923 0.057692307692307696
0 0.7307692307692307 0.3161057692307692 0.052884615384615384 0.0673076923076923
0 0.3425480769230769 0.38461538461538464 0.04326923076923077 0.04326923076923077
0 0.2536057692307692 0.4110576923076923 0.04567307692307692 0.055288461538461536
0 0.390625 0.4014423076923077 0.04567307692307692 0.055288461538461536
0 0.4699519230769231 0.39903846153846156 0.04567307692307692 0.052884615384615384
0 0.703125 0.38822115384615385 0.04567307692307692 0.055288461538461536
0 0.33533653846153844 0.45552884615384615 0.04567307692307692 0.055288461538461536
0 0.47115384615384615 0.4387019230769231 0.05048076923076923 0.0625
0 0.5264423076923077 0.44711538461538464 0.040865384615384616 0.052884615384615384
0 0.6225961538461539 0.4326923076923077 0.05048076923076923 0.057692307692307696
0 0.6923076923076923 0.4254807692307692 0.06009615384615385 0.07211538461538461
0 0.7596153846153846 0.41586538461538464 0.05048076923076923 0.0625
0 0.3942307692307692 0.4879807692307692 0.057692307692307696 0.07211538461538461
0 0.2512019230769231 0.515625 0.04567307692307692 0.055288461538461536
0 0.3076923076923077 0.5060096153846154 0.05048076923076923 0.0625
0 0.5697115384615384 0.46634615384615385 0.040865384615384616 0.055288461538461536
0 0.6995192307692307 0.4951923076923077 0.05048076923076923 0.0625
0 0.6418269230769231 0.515625 0.04567307692307692 0.055288461538461536
0 0.4567307692307692 0.5588942307692307 0.04567307692307692 0.055288461538461536
0 0.5204326923076923 0.5504807692307693 0.04567307692307692 0.06009615384615385
0 0.28365384615384615 0.625 0.052884615384615384 0.0673076923076923
0 0.6117788461538461 0.6165865384615384 0.055288461538461536 0.0625
0 0.4266826923076923 0.0733173076923077 0.036057692307692304 0.055288461538461536
0 0.5528846153846154 0.6682692307692307 0.05048076923076923 0.052884615384615384