0 0.22716346153846154 0.04447115384615385 0.019230769230769232 0.038461538461538464
0 0.4254807692307692 0.43028846153846156 0.038461538461538464 0.038461538461538464
0 0.27524038461538464 0.43028846153846156 0.028846153846153848 0.038461538461538464
0 0.9326923076923077 0.04447115384615385 0.02403846153846154 0.038461538461538464
0 0.8245192307692307 0.4326923076923077 0.04326923076923077 0.07451923076923077
0 0.8978365384615384 0.4326923076923077 0.019230769230769232 0.05048076923076923
0 0.23197115384615385 0.4375 0.038461538461538464 0.06009615384615385
0 0.10697115384615384 0.04447115384615385 0.02403846153846154 0.04326923076923077
0 0.3425480769230769 0.04447115384615385 0.02403846153846154 0.038461538461538464
0 0.3076923076923077 0.43990384615384615 0.05048076923076923 0.07692307692307693
0 0.36778846153846156 0.43990384615384615 0.038461538461538464 0.05048076923076923
0 0.7475961538461539 0.44471153846153844 0.05048076923076923 0.055288461538461536
0 0.5480769230769231 0.4495192307692308 0.03365384615384615 0.07692307692307693
0 0.7199519230769231 0.4519230769230769 0.02403846153846154 0.055288461538461536
0 0.9375 0.45552884615384615 0.028846153846153848 0.028846153846153848
0 0.030048076923076924 0.4651442307692308 0.04326923076923077 0.05048076923076923
0 0.578125 0.4675480769230769 0.04326923076923077 0.08653846153846154
0 0.49759615384615385 0.47475961538461536 0.04326923076923077 0.08173076923076923
0 0.19951923076923078 0.48197115384615385 0.04807692307692308 0.07692307692307693
0 0.46033653846153844 0.48197115384615385 0.04326923076923077 0.09615384615384616
0 0.41225961538461536 0.48197115384615385 0.03365384615384615 0.055288461538461536
0 0.6177884615384616 0.48197115384615385 0.03365384615384615 0.08653846153846154
0 0.5925480769230769 0.49278846153846156 0.028846153846153848 0.07692307692307693
0 0.05048076923076923 0.49278846153846156 0.055288461538461536 0.04807692307692308
0 0.7944711538461539 0.4951923076923077 0.04807692307692308 0.06490384615384616
0 0.0829326923076923 0.4951923076923077 0.038461538461538464 0.07451923076923077
0 0.8978365384615384 0.49759615384615385 0.038461538461538464 0.06490384615384616
0 0.921875 0.49759615384615385 0.04326923076923077 0.06009615384615385
0 0.9771634615384616 0.5024038461538461 0.04326923076923077 0.09134615384615384
0 0.6526442307692307 0.5024038461538461 0.055288461538461536 0.10576923076923077
0 0.2620192307692308 0.5072115384615384 0.05048076923076923 0.07692307692307693
0 0.3701923076923077 0.5144230769230769 0.04807692307692308 0.07692307692307693
0 0.04447115384615385 0.05048076923076923 0.019230769230769232 0.038461538461538464
0 0.7019230769230769 0.5204326923076923 0.038461538461538464 0.08173076923076923
0 0.9495192307692307 0.5396634615384616 0.03365384615384615 0.08653846153846154
0 0.7295673076923077 0.5396634615384616 0.04326923076923077 0.09615384615384616
0 0.31971153846153844 0.546875 0.04807692307692308 0.07451923076923077
0 0.046875 0.5552884615384616 0.055288461538461536 0.08653846153846154
0 0.2620192307692308 0.055288461538461536 0.02403846153846154 0.03365384615384615
0 0.057692307692307696 0.055288461538461536 0.014423076923076924 0.03365384615384615
0 0.42788461538461536 0.057692307692307696 0.019230769230769232 0.038461538461538464
0 0.2704326923076923 0.5973557692307693 0.06009615384615385 0.08653846153846154
0 0.5444711538461539 0.6045673076923077 0.055288461538461536 0.07692307692307693
0 0.9819711538461539 0.6358173076923077 0.036057692307692304 0.10817307692307693
0 0.030048076923076924 0.06490384615384616 0.028846153846153848 0.04326923076923077
0 0.3798076923076923 0.6394230769230769 0.05048076923076923 0.08653846153846154
0 0.13701923076923078 0.640625 0.16346153846153846 0.25961538461538464
0 0.6526442307692307 0.6454326923076923 0.04326923076923077 0.08653846153846154
0 0.49278846153846156 0.06490384615384616 0.019230769230769232 0.02403846153846154
0 0.2920673076923077 0.0673076923076923 0.019230769230769232 0.03365384615384615
0 0.5372596153846154 0.6730769230769231 0.05048076923076923 0.07692307692307693
0 0.5973557692307693 0.0673076923076923 0.02403846153846154 0.04326923076923077
0 0.8004807692307693 0.0673076923076923 0.02403846153846154 0.038461538461538464
0 0.5673076923076923 0.0673076923076923 0.02403846153846154 0.038461538461538464
0 0.3798076923076923 0.06971153846153846 0.02403846153846154 0.04326923076923077
0 0.8521634615384616 0.06971153846153846 0.028846153846153848 0.038461538461538464
0 0.6129807692307693 0.6971153846153846 0.08173076923076923 0.12980769230769232
0 0.6598557692307693 0.07211538461538461 0.02403846153846154 0.038461538461538464
0 0.2704326923076923 0.07211538461538461 0.028846153846153848 0.03365384615384615
0 0.1502403846153846 0.07451923076923077 0.02403846153846154 0.03365384615384615
0 0.6346153846153846 0.07451923076923077 0.02403846153846154 0.04326923076923077
0 0.4951923076923077 0.7620192307692307 0.08653846153846154 0.11057692307692307
0 0.9074519230769231 0.7644230769230769 0.18509615384615385 0.27403846153846156
0 0.09254807692307693 0.078125 0.02403846153846154 0.03365384615384615
0 0.5120192307692307 0.078125 0.02403846153846154 0.04326923076923077
0 0.22235576923076922 0.078125 0.02403846153846154 0.038461538461538464
0 0.7355769230769231 0.08052884615384616 0.02403846153846154 0.038461538461538464
0 0.8954326923076923 0.08052884615384616 0.028846153846153848 0.038461538461538464
0 0.49038461538461536 0.0829326923076923 0.019230769230769232 0.02403846153846154
0 0.328125 0.0829326923076923 0.019230769230769232 0.038461538461538464
0 0.578125 0.8629807692307693 0.21153846153846154 0.18990384615384615
0 0.6947115384615384 0.08533653846153846 0.02403846153846154 0.038461538461538464
0 0.36778846153846156 0.8870192307692307 0.08653846153846154 0.16346153846153846
0 0.7199519230769231 0.09254807692307693 0.02403846153846154 0.03365384615384615
0 0.5444711538461539 0.09254807692307693 0.02403846153846154 0.03365384615384615
0 0.953125 0.09495192307692307 0.019230769230769232 0.03365384615384615
0 0.7572115384615384 0.09495192307692307 0.02403846153846154 0.04326923076923077
0 0.09014423076923077 0.09975961538461539 0.02403846153846154 0.04326923076923077
0 0.6730769230769231 0.09975961538461539 0.02403846153846154 0.038461538461538464
0 0.5024038461538461 0.10216346153846154 0.02403846153846154 0.03365384615384615
0 0.03245192307692308 0.10216346153846154 0.028846153846153848 0.04326923076923077
0 0.140625 0.11057692307692307 0.028846153846153848 0.038461538461538464
0 0.5276442307692307 0.11298076923076923 0.028846153846153848 0.03365384615384615
0 0.28966346153846156 0.1201923076923077 0.028846153846153848 0.038461538461538464
0 0.19951923076923078 0.1201923076923077 0.028846153846153848 0.04807692307692308
0 0.6971153846153846 0.12740384615384615 0.02403846153846154 0.04326923076923077
0 0.8497596153846154 0.12740384615384615 0.019230769230769232 0.04326923076923077
0 0.7776442307692307 0.12980769230769232 0.019230769230769232 0.028846153846153848
0 0.4050480769230769 0.12980769230769232 0.028846153846153848 0.03365384615384615
0 0.6322115384615384 0.12980769230769232 0.028846153846153848 0.04807692307692308
0 0.7079326923076923 0.13701923076923078 0.02403846153846154 0.04326923076923077
0 0.5528846153846154 0.13701923076923078 0.02403846153846154 0.038461538461538464
0 0.4579326923076923 0.13701923076923078 0.02403846153846154 0.04807692307692308
0 0.5276442307692307 0.13942307692307693 0.02403846153846154 0.038461538461538464
0 0.35216346153846156 0.13942307692307693 0.02403846153846154 0.03365384615384615
0 0.8774038461538461 0.13942307692307693 0.02403846153846154 0.04807692307692308
0 0.25240384615384615 0.13942307692307693 0.028846153846153848 0.03365384615384615
0 0.3269230769230769 0.140625 0.02403846153846154 0.04326923076923077
0 0.15745192307692307 0.140625 0.028846153846153848 0.04326923076923077
0 0.49759615384615385 0.140625 0.028846153846153848 0.04326923076923077
0 0.5853365384615384 0.140625 0.019230769230769232 0.03365384615384615
0 0.38221153846153844 0.140625 0.02403846153846154 0.03365384615384615
0 0.7920673076923077 0.140625 0.019230769230769232 0.03365384615384615
0 0.6826923076923077 0.14302884615384615 0.02403846153846154 0.04326923076923077
0 0.9879807692307693 0.14302884615384615 0.02403846153846154 0.03365384615384615
0 0.9170673076923077 0.14302884615384615 0.02403846153846154 0.03365384615384615
0 0.22956730769230768 0.14543269230769232 0.028846153846153848 0.03365384615384615
0 0.8125 0.14543269230769232 0.019230769230769232 0.03365384615384615
0 0.7620192307692307 0.1502403846153846 0.028846153846153848 0.04807692307692308
0 0.9026442307692307 0.1502403846153846 0.019230769230769232 0.03365384615384615
0 0.3629807692307692 0.15745192307692307 0.02403846153846154 0.03365384615384615
0 0.30288461538461536 0.15985576923076922 0.02403846153846154 0.03365384615384615
0 0.27283653846153844 0.16706730769230768 0.02403846153846154 0.03365384615384615
0 0.39783653846153844 0.171875 0.028846153846153848 0.038461538461538464
0 0.5997596153846154 0.171875 0.028846153846153848 0.04807692307692308
0 0.13942307692307693 0.171875 0.028846153846153848 0.04326923076923077
0 0.9423076923076923 0.17307692307692307 0.02403846153846154 0.038461538461538464
0 0.078125 0.1778846153846154 0.02403846153846154 0.038461538461538464
0 0.5396634615384616 0.18028846153846154 0.019230769230769232 0.028846153846153848
0 0.2548076923076923 0.18028846153846154 0.02403846153846154 0.038461538461538464
0 0.8028846153846154 0.18269230769230768 0.02403846153846154 0.04807692307692308
0 0.8822115384615384 0.18269230769230768 0.019230769230769232 0.028846153846153848
0 0.1045673076923077 0.18269230769230768 0.02403846153846154 0.038461538461538464
0 0.6225961538461539 0.18269230769230768 0.02403846153846154 0.03365384615384615
0 0.49278846153846156 0.18509615384615385 0.019230769230769232 0.04326923076923077
0 0.44711538461538464 0.18509615384615385 0.02403846153846154 0.04326923076923077
0 0.23197115384615385 0.18509615384615385 0.028846153846153848 0.04807692307692308
0 0.9723557692307693 0.19230769230769232 0.02403846153846154 0.04326923076923077
0 0.46274038461538464 0.19230769230769232 0.019230769230769232 0.038461538461538464
0 0.20793269230769232 0.19230769230769232 0.019230769230769232 0.038461538461538464
0 0.7824519230769231 0.19230769230769232 0.02403846153846154 0.038461538461538464
0 0.2920673076923077 0.19471153846153846 0.028846153846153848 0.04326923076923077
0 0.3701923076923077 0.19471153846153846 0.028846153846153848 0.04326923076923077
0 0.06009615384615385 0.19471153846153846 0.019230769230769232 0.038461538461538464
0 0.9194711538461539 0.1971153846153846 0.03365384615384615 0.04807692307692308
0 0.8221153846153846 0.19951923076923078 0.03365384615384615 0.04326923076923077
0 0.01201923076923077 0.19951923076923078 0.014423076923076924 0.038461538461538464
0 0.640625 0.19951923076923078 0.02403846153846154 0.04807692307692308
0 0.5120192307692307 0.19951923076923078 0.02403846153846154 0.038461538461538464
0 0.8677884615384616 0.20192307692307693 0.028846153846153848 0.04326923076923077
0 0.734375 0.20192307692307693 0.02403846153846154 0.038461538461538464
0 0.7127403846153846 0.20192307692307693 0.028846153846153848 0.04326923076923077
0 0.9555288461538461 0.20192307692307693 0.028846153846153848 0.04326923076923077
0 0.5528846153846154 0.203125 0.02403846153846154 0.04326923076923077
0 0.8401442307692307 0.203125 0.02403846153846154 0.03365384615384615
0 0.6670673076923077 0.203125 0.02403846153846154 0.04326923076923077
0 0.5252403846153846 0.203125 0.02403846153846154 0.04326923076923077
0 0.16466346153846154 0.20552884615384615 0.028846153846153848 0.04807692307692308
0 0.046875 0.21033653846153846 0.028846153846153848 0.038461538461538464
0 0.07451923076923077 0.2127403846153846 0.02403846153846154 0.038461538461538464
0 0.7475961538461539 0.2127403846153846 0.028846153846153848 0.038461538461538464
0 0.3269230769230769 0.21995192307692307 0.03365384615384615 0.05048076923076923
0 0.8125 0.234375 0.028846153846153848 0.038461538461538464
0 0.009615384615384616 0.23798076923076922 0.009615384615384616 0.04326923076923077
0 0.6730769230769231 0.24759615384615385 0.028846153846153848 0.04807692307692308
0 0.45552884615384615 0.24759615384615385 0.019230769230769232 0.038461538461538464
0 0.5721153846153846 0.2548076923076923 0.02403846153846154 0.04326923076923077
0 0.04447115384615385 0.2548076923076923 0.028846153846153848 0.04326923076923077
0 0.125 0.2548076923076923 0.02403846153846154 0.04807692307692308
0 0.875 0.2548076923076923 0.03365384615384615 0.04326923076923077
0 0.49759615384615385 0.25721153846153844 0.028846153846153848 0.038461538461538464
0 0.7728365384615384 0.25721153846153844 0.019230769230769232 0.028846153846153848
0 0.2800480769230769 0.25721153846153844 0.02403846153846154 0.04326923076923077
0 0.9423076923076923 0.25721153846153844 0.02403846153846154 0.04807692307692308
0 0.7247596153846154 0.2620192307692308 0.02403846153846154 0.04326923076923077
0 0.75 0.2620192307692308 0.02403846153846154 0.04326923076923077
0 0.5973557692307693 0.2644230769230769 0.02403846153846154 0.038461538461538464
0 0.8076923076923077 0.2644230769230769 0.028846153846153848 0.04326923076923077
0 0.25721153846153844 0.265625 0.02403846153846154 0.02403846153846154
0 0.9651442307692307 0.2704326923076923 0.028846153846153848 0.04807692307692308
0 0.35697115384615385 0.2704326923076923 0.028846153846153848 0.038461538461538464
0 0.42788461538461536 0.2704326923076923 0.019230769230769232 0.04326923076923077
0 0.10216346153846154 0.27283653846153844 0.028846153846153848 0.028846153846153848
0 0.296875 0.27283653846153844 0.02403846153846154 0.04807692307692308
0 0.38221153846153844 0.27283653846153844 0.02403846153846154 0.038461538461538464
0 0.9074519230769231 0.27283653846153844 0.028846153846153848 0.038461538461538464
0 0.6971153846153846 0.27524038461538464 0.02403846153846154 0.028846153846153848
0 0.2247596153846154 0.27524038461538464 0.028846153846153848 0.038461538461538464
0 0.31490384615384615 0.2776442307692308 0.028846153846153848 0.04807692307692308
0 0.5396634615384616 0.027644230769230768 0.02403846153846154 0.04326923076923077
0 0.17548076923076922 0.027644230769230768 0.02403846153846154 0.04326923076923077
0 0.5096153846153846 0.2800480769230769 0.028846153846153848 0.038461538461538464
0 0.1971153846153846 0.2800480769230769 0.028846153846153848 0.03365384615384615
0 0.9819711538461539 0.2824519230769231 0.028846153846153848 0.03365384615384615
0 0.671875 0.28725961538461536 0.02403846153846154 0.038461538461538464
0 0.8305288461538461 0.28725961538461536 0.03365384615384615 0.04807692307692308
0 0.014423076923076924 0.28725961538461536 0.019230769230769232 0.04807692307692308
0 0.5625 0.28966346153846156 0.02403846153846154 0.038461538461538464
0 0.6346153846153846 0.28966346153846156 0.02403846153846154 0.03365384615384615
0 0.3425480769230769 0.28966346153846156 0.028846153846153848 0.02403846153846154
0 0.5973557692307693 0.28966346153846156 0.019230769230769232 0.02403846153846154
0 0.39783653846153844 0.28966346153846156 0.03365384615384615 0.038461538461538464
0 0.2620192307692308 0.29447115384615385 0.03365384615384615 0.04807692307692308
0 0.7728365384615384 0.29447115384615385 0.03365384615384615 0.04807692307692308
0 0.12259615384615384 0.296875 0.028846153846153848 0.03365384615384615
0 0.4423076923076923 0.296875 0.02403846153846154 0.04326923076923077
0 0.4795673076923077 0.3004807692307692 0.028846153846153848 0.038461538461538464
0 0.9350961538461539 0.30528846153846156 0.019230769230769232 0.02403846153846154
0 0.6971153846153846 0.30528846153846156 0.02403846153846154 0.038461538461538464
0 0.5024038461538461 0.30528846153846156 0.028846153846153848 0.038461538461538464
0 0.8569711538461539 0.3076923076923077 0.03365384615384615 0.02403846153846154
0 0.6298076923076923 0.31009615384615385 0.028846153846153848 0.038461538461538464
0 0.8870192307692307 0.31009615384615385 0.028846153846153848 0.05048076923076923
0 0.9855769230769231 0.31009615384615385 0.028846153846153848 0.028846153846153848
0 0.21514423076923078 0.3125 0.02403846153846154 0.028846153846153848
0 0.8245192307692307 0.31490384615384615 0.03365384615384615 0.04807692307692308
0 0.9519230769230769 0.3173076923076923 0.028846153846153848 0.04326923076923077
0 0.1778846153846154 0.31971153846153844 0.028846153846153848 0.028846153846153848
0 0.921875 0.31971153846153844 0.02403846153846154 0.028846153846153848
0 0.03485576923076923 0.31971153846153844 0.028846153846153848 0.02403846153846154
0 0.4651442307692308 0.3245192307692308 0.028846153846153848 0.028846153846153848
0 0.3954326923076923 0.3269230769230769 0.03365384615384615 0.03365384615384615
0 0.9855769230769231 0.3269230769230769 0.028846153846153848 0.038461538461538464
0 0.765625 0.328125 0.028846153846153848 0.03365384615384615
0 0.6646634615384616 0.33052884615384615 0.04326923076923077 0.028846153846153848
0 0.703125 0.33052884615384615 0.03365384615384615 0.03365384615384615
0 0.3605769230769231 0.33052884615384615 0.03365384615384615 0.04326923076923077
0 0.6298076923076923 0.33052884615384615 0.02403846153846154 0.02403846153846154
0 0.5973557692307693 0.33052884615384615 0.028846153846153848 0.05048076923076923
0 0.18028846153846154 0.3329326923076923 0.028846153846153848 0.02403846153846154
0 0.3245192307692308 0.3329326923076923 0.028846153846153848 0.03365384615384615
0 0.6550480769230769 0.03245192307692308 0.02403846153846154 0.038461538461538464
0 0.25 0.33533653846153844 0.028846153846153848 0.038461538461538464
0 0.015625 0.33533653846153844 0.02403846153846154 0.03365384615384615
0 0.9122596153846154 0.33533653846153844 0.04326923076923077 0.02403846153846154
0 0.5528846153846154 0.33533653846153844 0.03365384615384615 0.04326923076923077
0 0.41225961538461536 0.33533653846153844 0.028846153846153848 0.038461538461538464
0 0.734375 0.33774038461538464 0.02403846153846154 0.02403846153846154
0 0.078125 0.3449519230769231 0.028846153846153848 0.04326923076923077
0 0.5300480769230769 0.34975961538461536 0.02403846153846154 0.038461538461538464
0 0.453125 0.3545673076923077 0.03365384615384615 0.05048076923076923
0 0.8473557692307693 0.3545673076923077 0.04807692307692308 0.06009615384615385
0 0.1502403846153846 0.3545673076923077 0.02403846153846154 0.028846153846153848
0 0.21514423076923078 0.359375 0.038461538461538464 0.038461538461538464
0 0.4855769230769231 0.359375 0.04326923076923077 0.055288461538461536
0 0.8978365384615384 0.3605769230769231 0.028846153846153848 0.038461538461538464
0 0.11778846153846154 0.3605769230769231 0.03365384615384615 0.04807692307692308
0 0.2620192307692308 0.3629807692307692 0.04326923076923077 0.038461538461538464
0 0.17548076923076922 0.3629807692307692 0.03365384615384615 0.05048076923076923
0 0.9399038461538461 0.3629807692307692 0.019230769230769232 0.03365384615384615
0 0.9675480769230769 0.36538461538461536 0.028846153846153848 0.04807692307692308
0 0.6502403846153846 0.36538461538461536 0.04326923076923077 0.04326923076923077
0 0.3798076923076923 0.36538461538461536 0.038461538461538464 0.04326923076923077
0 0.7644230769230769 0.3701923076923077 0.04807692307692308 0.04326923076923077
0 0.09254807692307693 0.3701923076923077 0.028846153846153848 0.038461538461538464
0 0.7223557692307693 0.3701923076923077 0.028846153846153848 0.038461538461538464
0 0.027644230769230768 0.3701923076923077 0.03365384615384615 0.038461538461538464
0 0.43028846153846156 0.037259615384615384 0.019230769230769232 0.019230769230769232
0 0.6105769230769231 0.37259615384615385 0.028846153846153848 0.04807692307692308
0 0.3401442307692308 0.375 0.03365384615384615 0.04326923076923077
0 0.515625 0.37740384615384615 0.028846153846153848 0.02403846153846154
0 0.42788461538461536 0.38221153846153844 0.04807692307692308 0.06490384615384616
0 0.5853365384615384 0.38221153846153844 0.02403846153846154 0.05048076923076923
0 0.30528846153846156 0.38461538461538464 0.04326923076923077 0.05048076923076923
0 0.06490384615384616 0.3870192307692308 0.038461538461538464 0.04326923076923077
0 0.1502403846153846 0.3894230769230769 0.03365384615384615 0.038461538461538464
0 0.9819711538461539 0.3894230769230769 0.036057692307692304 0.04807692307692308
0 0.9278846153846154 0.390625 0.02403846153846154 0.055288461538461536
0 0.35216346153846156 0.3954326923076923 0.03365384615384615 0.04326923076923077
0 0.19471153846153846 0.3954326923076923 0.038461538461538464 0.05048076923076923
0 0.5072115384615384 0.3954326923076923 0.028846153846153848 0.028846153846153848
0 0.40024038461538464 0.39783653846153844 0.028846153846153848 0.04807692307692308
0 0.5600961538461539 0.4026442307692308 0.04326923076923077 0.06971153846153846
0 0.8954326923076923 0.4026442307692308 0.02403846153846154 0.038461538461538464
0 0.2644230769230769 0.4050480769230769 0.038461538461538464 0.04326923076923077
0 0.6430288461538461 0.4050480769230769 0.038461538461538464 0.05048076923076923
0 0.8774038461538461 0.4098557692307692 0.014423076923076924 0.03365384615384615
0 0.03485576923076923 0.41225961538461536 0.038461538461538464 0.04326923076923077
0 0.11057692307692307 0.4170673076923077 0.04326923076923077 0.08173076923076923
0 0.9819711538461539 0.41947115384615385 0.03365384615384615 0.028846153846153848
0 0.8004807692307693 0.41947115384615385 0.038461538461538464 0.055288461538461536
0 0.8701923076923077 0.042067307692307696 0.02403846153846154 0.038461538461538464
0 0.08533653846153846 0.421875 0.04326923076923077 0.06009615384615385
0 0.8605769230769231 0.4254807692307692 0.04807692307692308 0.07692307692307693
0 0.9495192307692307 0.4254807692307692 0.03365384615384615 0.038461538461538464
0 0.6802884615384616 0.42788461538461536 0.04807692307692308 0.07451923076923077
0 0.4699519230769231 0.42788461538461536 0.04807692307692308 0.06490384615384616