0 0.2247596153846154 0.6766826923076923 0.021634615384615384 0.02403846153846154
0 0.5108173076923077 0.6598557692307693 0.01201923076923077 0.014423076923076924
0 0.24639423076923078 0.7067307692307693 0.028846153846153848 0.04567307692307692
0 0.21995192307692307 0.7139423076923077 0.04326923076923077 0.055288461538461536
0 0.040865384615384616 0.7391826923076923 0.03125 0.057692307692307696
0 0.15745192307692307 0.7403846153846154 0.03365384615384615 0.04567307692307692
0 0.5420673076923077 0.6911057692307693 0.01201923076923077 0.014423076923076924
0 0.13942307692307693 0.7548076923076923 0.016826923076923076 0.016826923076923076
0 0.06971153846153846 0.7644230769230769 0.016826923076923076 0.019230769230769232
0 0.5216346153846154 0.7043269230769231 0.016826923076923076 0.019230769230769232
0 0.1502403846153846 0.7596153846153846 0.016826923076923076 0.019230769230769232
0 0.2800480769230769 0.7463942307692307 0.01201923076923077 0.014423076923076924
0 0.12860576923076922 0.7668269230769231 0.016826923076923076 0.019230769230769232
0 0.3233173076923077 0.7391826923076923 0.01201923076923077 0.019230769230769232
0 0.3557692307692308 0.7355769230769231 0.016826923076923076 0.019230769230769232
0 0.08653846153846154 0.7728365384615384 0.01201923076923077 0.014423076923076924
0 0.140625 0.765625 0.016826923076923076 0.019230769230769232
0 0.33653846153846156 0.7379807692307693 0.016826923076923076 0.019230769230769232
0 0.3112980769230769 0.7415865384615384 0.016826923076923076 0.02403846153846154
0 0.3004807692307692 0.7427884615384616 0.01201923076923077 0.014423076923076924
0 0.5048076923076923 0.7163461538461539 0.01201923076923077 0.014423076923076924
0 0.3942307692307692 0.7319711538461539 0.01201923076923077 0.014423076923076924
0 0.43149038461538464 0.7271634615384616 0.01201923076923077 0.01201923076923077
0 0.4543269230769231 0.7235576923076923 0.016826923076923076 0.019230769230769232
0 0.28966346153846156 0.7487980769230769 0.01201923076923077 0.014423076923076924
0 0.5973557692307693 0.7055288461538461 0.016826923076923076 0.016826923076923076
0 0.38100961538461536 0.7367788461538461 0.01201923076923077 0.014423076923076924
0 0.47596153846153844 0.7235576923076923 0.016826923076923076 0.019230769230769232
0 0.578125 0.7091346153846154 0.01201923076923077 0.019230769230769232
0 0.11298076923076923 0.7764423076923077 0.01201923076923077 0.019230769230769232
0 0.41586538461538464 0.734375 0.01201923076923077 0.014423076923076924
0 0.4074519230769231 0.7379807692307693 0.01201923076923077 0.014423076923076924
0 0.1502403846153846 0.7740384615384616 0.016826923076923076 0.016826923076923076
0 0.6225961538461539 0.7067307692307693 0.016826923076923076 0.019230769230769232
0 0.5360576923076923 0.7223557692307693 0.01201923076923077 0.014423076923076924
0 0.3954326923076923 0.7415865384615384 0.01201923076923077 0.01201923076923077
0 0.37259615384615385 0.7451923076923077 0.016826923076923076 0.019230769230769232
0 0.44471153846153844 0.734375 0.01201923076923077 0.014423076923076924
0 0.48677884615384615 0.7283653846153846 0.01201923076923077 0.019230769230769232
0 0.4987980769230769 0.7271634615384616 0.01201923076923077 0.01201923076923077
0 0.5588942307692307 0.71875 0.01201923076923077 0.019230769230769232
0 0.5456730769230769 0.7211538461538461 0.016826923076923076 0.019230769230769232
0 0.6923076923076923 0.7019230769230769 0.01201923076923077 0.014423076923076924
0 0.6646634615384616 0.7067307692307693 0.021634615384615384 0.028846153846153848
0 0.3858173076923077 0.7451923076923077 0.01201923076923077 0.019230769230769232
0 0.5096153846153846 0.7307692307692307 0.016826923076923076 0.016826923076923076
0 0.7271634615384616 0.6995192307692307 0.016826923076923076 0.019230769230769232
0 0.7475961538461539 0.6971153846153846 0.01201923076923077 0.019230769230769232
0 0.640625 0.7115384615384616 0.016826923076923076 0.016826923076923076
0 0.5685096153846154 0.7223557692307693 0.01201923076923077 0.014423076923076924
0 0.6033653846153846 0.7175480769230769 0.01201923076923077 0.019230769230769232
0 0.47475961538461536 0.7355769230769231 0.01201923076923077 0.019230769230769232
0 0.703125 0.703125 0.021634615384615384 0.028846153846153848
0 0.8365384615384616 0.6850961538461539 0.01201923076923077 0.019230769230769232
0 0.36658653846153844 0.7524038461538461 0.016826923076923076 0.019230769230769232
0 0.5276442307692307 0.7307692307692307 0.01201923076923077 0.019230769230769232
0 0.8713942307692307 0.6838942307692307 0.016826923076923076 0.02403846153846154
0 0.7728365384615384 0.6983173076923077 0.016826923076923076 0.019230769230769232
0 0.8942307692307693 0.6814903846153846 0.016826923076923076 0.019230769230769232
0 0.43149038461538464 0.7463942307692307 0.01201923076923077 0.014423076923076924
0 0.7163461538461539 0.7067307692307693 0.01201923076923077 0.019230769230769232
0 0.7980769230769231 0.6959134615384616 0.021634615384615384 0.028846153846153848
0 0.4014423076923077 0.7512019230769231 0.016826923076923076 0.019230769230769232
0 0.8100961538461539 0.6947115384615384 0.016826923076923076 0.019230769230769232
0 0.8858173076923077 0.6838942307692307 0.019230769230769232 0.028846153846153848
0 0.6490384615384616 0.7163461538461539 0.016826923076923076 0.016826923076923076
0 0.8245192307692307 0.6923076923076923 0.01201923076923077 0.019230769230769232
0 0.6153846153846154 0.7211538461538461 0.01201923076923077 0.014423076923076924
0 0.8449519230769231 0.6923076923076923 0.016826923076923076 0.019230769230769232
0 0.765625 0.703125 0.016826923076923076 0.019230769230769232
0 0.6826923076923077 0.7175480769230769 0.01201923076923077 0.014423076923076924
0 0.9399038461538461 0.6814903846153846 0.016826923076923076 0.019230769230769232
0 0.7836538461538461 0.703125 0.016826923076923076 0.019230769230769232
0 0.9555288461538461 0.6814903846153846 0.021634615384615384 0.028846153846153848
0 0.9927884615384616 0.6754807692307693 0.014423076923076924 0.028846153846153848
0 0.9122596153846154 0.6899038461538461 0.016826923076923076 0.019230769230769232
0 0.9206730769230769 0.6887019230769231 0.01201923076923077 0.014423076923076924
0 0.9747596153846154 0.6814903846153846 0.01201923076923077 0.014423076923076924
0 0.3954326923076923 0.7620192307692307 0.01201923076923077 0.014423076923076924
0 0.9855769230769231 0.6814903846153846 0.016826923076923076 0.019230769230769232
0 0.7920673076923077 0.7091346153846154 0.01201923076923077 0.019230769230769232
0 0.9362980769230769 0.6911057692307693 0.016826923076923076 0.02403846153846154
0 0.10096153846153846 0.8245192307692307 0.01201923076923077 0.014423076923076924
0 0.11298076923076923 0.8221153846153846 0.016826923076923076 0.016826923076923076
0 0.16466346153846154 0.8245192307692307 0.01201923076923077 0.019230769230769232
0 0.39783653846153844 0.796875 0.01201923076923077 0.014423076923076924
0 0.2956730769230769 0.8112980769230769 0.01201923076923077 0.019230769230769232
0 0.11538461538461539 0.8365384615384616 0.016826923076923076 0.019230769230769232
0 0.3858173076923077 0.8016826923076923 0.016826923076923076 0.016826923076923076
0 0.4254807692307692 0.7956730769230769 0.016826923076923076 0.019230769230769232
0 0.40865384615384615 0.7980769230769231 0.016826923076923076 0.019230769230769232
0 0.43149038461538464 0.7992788461538461 0.016826923076923076 0.016826923076923076
0 0.11177884615384616 0.8497596153846154 0.016826923076923076 0.019230769230769232
0 0.5360576923076923 0.7896634615384616 0.016826923076923076 0.019230769230769232
0 0.3798076923076923 0.8137019230769231 0.016826923076923076 0.019230769230769232
0 0.5528846153846154 0.7896634615384616 0.016826923076923076 0.016826923076923076
0 0.5733173076923077 0.7872596153846154 0.016826923076923076 0.019230769230769232
0 0.4651442307692308 0.8028846153846154 0.016826923076923076 0.019230769230769232
0 0.49278846153846156 0.7980769230769231 0.021634615384615384 0.02403846153846154
0 0.5877403846153846 0.7848557692307693 0.016826923076923076 0.019230769230769232
0 0.15745192307692307 0.8449519230769231 0.016826923076923076 0.02403846153846154
0 0.13822115384615385 0.8509615384615384 0.016826923076923076 0.016826923076923076
0 0.4423076923076923 0.8076923076923077 0.016826923076923076 0.016826923076923076
0 0.5168269230769231 0.7980769230769231 0.021634615384615384 0.02403846153846154
0 0.6033653846153846 0.7848557692307693 0.01201923076923077 0.01201923076923077
0 0.5637019230769231 0.7920673076923077 0.01201923076923077 0.014423076923076924
0 0.34375 0.8233173076923077 0.016826923076923076 0.016826923076923076
0 0.3581730769230769 0.8209134615384616 0.01201923076923077 0.014423076923076924
0 0.47716346153846156 0.8064903846153846 0.016826923076923076 0.019230769230769232
0 0.32211538461538464 0.8305288461538461 0.019230769230769232 0.019230769230769232
0 0.6959134615384616 0.78125 0.021634615384615384 0.02403846153846154
0 0.6117788461538461 0.7920673076923077 0.016826923076923076 0.019230769230769232
0 0.6274038461538461 0.7908653846153846 0.016826923076923076 0.02403846153846154
0 0.5480769230769231 0.8040865384615384 0.016826923076923076 0.02403846153846154
0 0.4266826923076923 0.8209134615384616 0.021634615384615384 0.02403846153846154
0 0.31850961538461536 0.8389423076923077 0.016826923076923076 0.019230769230769232
0 0.30528846153846156 0.8425480769230769 0.016826923076923076 0.016826923076923076
0 0.8233173076923077 0.7704326923076923 0.016826923076923076 0.019230769230769232
0 0.4723557692307692 0.8197115384615384 0.016826923076923076 0.02403846153846154
0 0.13341346153846154 0.8665865384615384 0.016826923076923076 0.02403846153846154
0 0.8052884615384616 0.7752403846153846 0.019230769230769232 0.016826923076923076
0 0.7451923076923077 0.7836538461538461 0.019230769230769232 0.019230769230769232
0 0.48677884615384615 0.8197115384615384 0.016826923076923076 0.019230769230769232
0 0.9399038461538461 0.7560096153846154 0.028846153846153848 0.021634615384615384
0 0.14543269230769232 0.8701923076923077 0.021634615384615384 0.02403846153846154
0 0.390625 0.8353365384615384 0.016826923076923076 0.02403846153846154
0 0.4567307692307692 0.8269230769230769 0.016826923076923076 0.02403846153846154
0 0.8365384615384616 0.7776442307692307 0.016826923076923076 0.019230769230769232
0 0.3713942307692308 0.84375 0.021634615384615384 0.028846153846153848
0 0.5817307692307693 0.8137019230769231 0.019230769230769232 0.028846153846153848
0 0.7716346153846154 0.7872596153846154 0.021634615384615384 0.02403846153846154
0 0.4987980769230769 0.828125 0.019230769230769232 0.019230769230769232
0 0.609375 0.8125 0.019230769230769232 0.028846153846153848
0 0.30528846153846156 0.8569711538461539 0.019230769230769232 0.028846153846153848
0 0.12620192307692307 0.8822115384615384 0.03365384615384615 0.04567307692307692
0 0.34975961538461536 0.8509615384615384 0.026442307692307692 0.036057692307692304
0 0.5384615384615384 0.8257211538461539 0.021634615384615384 0.028846153846153848
0 0.8052884615384616 0.7908653846153846 0.026442307692307692 0.03125
0 0.9915865384615384 0.7644230769230769 0.016826923076923076 0.028846153846153848
0 0.8870192307692307 0.7788461538461539 0.016826923076923076 0.019230769230769232
0 0.7115384615384616 0.8040865384615384 0.016826923076923076 0.019230769230769232
0 0.4230769230769231 0.8473557692307693 0.021634615384615384 0.028846153846153848
0 0.46634615384615385 0.8413461538461539 0.026442307692307692 0.036057692307692304
0 0.5985576923076923 0.8221153846153846 0.021634615384615384 0.02403846153846154
0 0.6682692307692307 0.8149038461538461 0.026442307692307692 0.026442307692307692
0 0.8629807692307693 0.7872596153846154 0.021634615384615384 0.02403846153846154
0 0.10697115384615384 0.8966346153846154 0.05048076923076923 0.06490384615384616
0 0.9579326923076923 0.7764423076923077 0.019230769230769232 0.019230769230769232
0 0.5084134615384616 0.8425480769230769 0.019230769230769232 0.019230769230769232
0 0.9387019230769231 0.78125 0.021634615384615384 0.03365384615384615
0 0.5673076923076923 0.8341346153846154 0.021634615384615384 0.028846153846153848
0 0.921875 0.7896634615384616 0.021634615384615384 0.028846153846153848
0 0.9735576923076923 0.78125 0.019230769230769232 0.019230769230769232
0 0.6995192307692307 0.8233173076923077 0.026442307692307692 0.03125
0 0.40384615384615385 0.8641826923076923 0.026442307692307692 0.026442307692307692
0 0.7223557692307693 0.8221153846153846 0.026442307692307692 0.03125
0 0.328125 0.8774038461538461 0.026442307692307692 0.036057692307692304
0 0.9891826923076923 0.7848557692307693 0.021634615384615384 0.036057692307692304
0 0.5120192307692307 0.8557692307692307 0.021634615384615384 0.02403846153846154
0 0.3112980769230769 0.8870192307692307 0.019230769230769232 0.028846153846153848
0 0.6814903846153846 0.8377403846153846 0.021634615384615384 0.02403846153846154
0 0.6622596153846154 0.8401442307692307 0.021634615384615384 0.028846153846153848
0 0.7427884615384616 0.8305288461538461 0.026442307692307692 0.036057692307692304
0 0.6418269230769231 0.8461538461538461 0.03125 0.036057692307692304
0 0.8449519230769231 0.8209134615384616 0.03125 0.036057692307692304
0 0.8810096153846154 0.8149038461538461 0.026442307692307692 0.026442307692307692
0 0.9074519230769231 0.8137019230769231 0.026442307692307692 0.03125
0 0.5336538461538461 0.8665865384615384 0.016826923076923076 0.019230769230769232
0 0.3954326923076923 0.8858173076923077 0.026442307692307692 0.036057692307692304
0 0.4230769230769231 0.8894230769230769 0.026442307692307692 0.03125
0 0.47475961538461536 0.8846153846153846 0.028846153846153848 0.04567307692307692
0 0.7920673076923077 0.8473557692307693 0.028846153846153848 0.040865384615384616
0 0.5901442307692307 0.8762019230769231 0.03365384615384615 0.040865384615384616
0 0.5444711538461539 0.8846153846153846 0.021634615384615384 0.028846153846153848
0 0.7247596153846154 0.8629807692307693 0.03125 0.036057692307692304
0 0.5024038461538461 0.8966346153846154 0.05048076923076923 0.06490384615384616
0 0.6346153846153846 0.8798076923076923 0.03365384615384615 0.040865384615384616
0 0.6706730769230769 0.8822115384615384 0.03365384615384615 0.04567307692307692
0 0.8040865384615384 0.8641826923076923 0.03365384615384615 0.04567307692307692
0 0.5637019230769231 0.9026442307692307 0.038461538461538464 0.05048076923076923
0 0.3894230769230769 0.9266826923076923 0.04567307692307692 0.06009615384615385
0 0.4338942307692308 0.9278846153846154 0.04567307692307692 0.06009615384615385
0 0.20072115384615385 0.9627403846153846 0.05048076923076923 0.06490384615384616
0 0.9735576923076923 0.859375 0.03365384615384615 0.04567307692307692
0 0.6165865384615384 0.9483173076923077 0.06490384615384616 0.07692307692307693
0 0.09254807692307693 0.9915865384615384 0.06009615384615385 0.016826923076923076
0 0.8786057692307693 0.9158653846153846 0.055288461538461536 0.06971153846153846
0 0.39663461538461536 0.9747596153846154 0.07211538461538461 0.05048076923076923