0 0.5264423076923077 0.3713942307692308 0.016826923076923076 0.016826923076923076
0 0.5348557692307693 0.37259615384615385 0.02403846153846154 0.019230769230769232
0 0.4483173076923077 0.3894230769230769 0.02403846153846154 0.019230769230769232
0 0.515625 0.38221153846153844 0.014423076923076924 0.01201923076923077
0 0.4182692307692308 0.3954326923076923 0.02403846153846154 0.016826923076923076
0 0.47836538461538464 0.38822115384615385 0.02403846153846154 0.019230769230769232
0 0.2860576923076923 0.4110576923076923 0.019230769230769232 0.016826923076923076
0 0.4387019230769231 0.3954326923076923 0.019230769230769232 0.019230769230769232
0 0.2536057692307692 0.41466346153846156 0.03365384615384615 0.026442307692307692
0 0.6358173076923077 0.375 0.02403846153846154 0.02403846153846154
0 0.5528846153846154 0.38461538461538464 0.019230769230769232 0.016826923076923076
0 0.39903846153846156 0.40024038461538464 0.016826923076923076 0.016826923076923076
0 0.5973557692307693 0.3798076923076923 0.02403846153846154 0.02403846153846154
0 0.3137019230769231 0.4098557692307692 0.02403846153846154 0.02403846153846154
0 0.5264423076923077 0.3894230769230769 0.02403846153846154 0.019230769230769232
0 0.1310096153846154 0.4338942307692308 0.019230769230769232 0.016826923076923076
0 0.578125 0.3870192307692308 0.028846153846153848 0.016826923076923076
0 0.22596153846153846 0.4254807692307692 0.02403846153846154 0.019230769230769232
0 0.42908653846153844 0.4050480769230769 0.019230769230769232 0.019230769230769232
0 0.33052884615384615 0.41466346153846156 0.016826923076923076 0.02403846153846154
0 0.6237980769230769 0.38461538461538464 0.019230769230769232 0.019230769230769232
0 0.6550480769230769 0.38100961538461536 0.028846153846153848 0.026442307692307692
0 0.18389423076923078 0.43028846153846156 0.02403846153846154 0.019230769230769232
0 0.33774038461538464 0.4170673076923077 0.016826923076923076 0.016826923076923076
0 0.37740384615384615 0.41225961538461536 0.019230769230769232 0.019230769230769232
0 0.16346153846153846 0.4375 0.02403846153846154 0.02403846153846154
0 0.36538461538461536 0.41586538461538464 0.016826923076923076 0.019230769230769232
0 0.29447115384615385 0.4266826923076923 0.019230769230769232 0.019230769230769232
0 0.22355769230769232 0.4338942307692308 0.028846153846153848 0.026442307692307692
0 0.5528846153846154 0.4014423076923077 0.028846153846153848 0.021634615384615384
0 0.40865384615384615 0.41947115384615385 0.02403846153846154 0.02403846153846154
0 0.46033653846153844 0.41346153846153844 0.02403846153846154 0.019230769230769232
0 0.5673076923076923 0.4026442307692308 0.019230769230769232 0.02403846153846154
0 0.3545673076923077 0.4266826923076923 0.02403846153846154 0.02403846153846154
0 0.19831730769230768 0.44350961538461536 0.028846153846153848 0.026442307692307692
0 0.31971153846153844 0.4326923076923077 0.02403846153846154 0.02403846153846154
0 0.5324519230769231 0.4110576923076923 0.028846153846153848 0.021634615384615384
0 0.08653846153846154 0.46033653846153844 0.028846153846153848 0.016826923076923076
0 0.1201923076923077 0.4567307692307692 0.02403846153846154 0.02403846153846154
0 0.1045673076923077 0.46033653846153844 0.03125 0.03125
0 0.14423076923076922 0.4567307692307692 0.028846153846153848 0.026442307692307692
0 0.038461538461538464 0.47115384615384615 0.036057692307692304 0.03125
0 0.47716346153846156 0.4254807692307692 0.028846153846153848 0.021634615384615384
0 0.5889423076923077 0.41346153846153844 0.03365384615384615 0.026442307692307692
0 0.4326923076923077 0.43509615384615385 0.036057692307692304 0.036057692307692304
0 0.078125 0.4723557692307692 0.028846153846153848 0.026442307692307692
0 0.27884615384615385 0.45072115384615385 0.02403846153846154 0.02403846153846154
0 0.5504807692307693 0.42427884615384615 0.038461538461538464 0.026442307692307692
0 0.019230769230769232 0.49038461538461536 0.03125 0.040865384615384616
0 0.007211538461538462 0.49278846153846156 0.014423076923076924 0.02403846153846154
0 0.3076923076923077 0.46274038461538464 0.038461538461538464 0.026442307692307692
0 0.45913461538461536 0.44591346153846156 0.036057692307692304 0.03125
0 0.49158653846153844 0.44471153846153844 0.036057692307692304 0.03125
0 0.1466346153846154 0.48197115384615385 0.028846153846153848 0.026442307692307692
0 0.052884615384615384 0.4963942307692308 0.03125 0.03125
0 0.2283653846153846 0.48197115384615385 0.040865384615384616 0.036057692307692304
0 0.5432692307692307 0.453125 0.04567307692307692 0.04567307692307692
0 0.328125 0.49038461538461536 0.04567307692307692 0.036057692307692304
0 0.6959134615384616 0.4519230769230769 0.04567307692307692 0.04567307692307692
0 0.45072115384615385 0.47716346153846156 0.040865384615384616 0.036057692307692304
0 0.4098557692307692 0.48677884615384615 0.03365384615384615 0.026442307692307692
0 0.36899038461538464 0.49278846153846156 0.040865384615384616 0.040865384615384616
0 0.7884615384615384 0.4495192307692308 0.040865384615384616 0.04567307692307692
0 0.2776442307692308 0.5084134615384616 0.036057692307692304 0.040865384615384616
0 0.15264423076923078 0.5360576923076923 0.05048076923076923 0.04567307692307692
0 0.49278846153846156 0.5012019230769231 0.040865384615384616 0.036057692307692304
0 0.40384615384615385 0.5120192307692307 0.04567307692307692 0.040865384615384616
0 0.22716346153846154 0.5360576923076923 0.05048076923076923 0.040865384615384616
0 0.5288461538461539 0.5120192307692307 0.04567307692307692 0.04567307692307692
0 0.4495192307692308 0.5480769230769231 0.055288461538461536 0.055288461538461536
0 0.9651442307692307 0.5048076923076923 0.06490384615384616 0.06490384615384616
0 0.13701923076923078 0.6105769230769231 0.06009615384615385 0.055288461538461536
0 0.6694711538461539 0.5600961538461539 0.055288461538461536 0.06009615384615385
0 0.8137019230769231 0.5456730769230769 0.07692307692307693 0.07211538461538461
0 0.2536057692307692 0.6141826923076923 0.055288461538461536 0.04807692307692308
0 0.43990384615384615 0.5997596153846154 0.06490384615384616 0.06009615384615385
0 0.6502403846153846 0.59375 0.09134615384615384 0.08653846153846154
0 0.051682692307692304 0.6658653846153846 0.07692307692307693 0.07211538461538461
0 0.27403846153846156 0.6442307692307693 0.052884615384615384 0.03365384615384615
0 0.28125 0.6742788461538461 0.06490384615384616 0.055288461538461536
0 0.22235576923076922 0.6995192307692307 0.125 0.10336538461538461
0 0.1310096153846154 0.7475961538461539 0.08413461538461539 0.0625