0 0.20673076923076922 0.27884615384615385 0.004807692307692308 0.004807692307692308
0 0.22355769230769232 0.27884615384615385 0.007211538461538462 0.009615384615384616
0 0.25600961538461536 0.27403846153846156 0.007211538461538462 0.009615384615384616
0 0.4951923076923077 0.24639423076923078 0.06009615384615385 0.08173076923076923
0 0.2403846153846154 0.28125 0.004807692307692308 0.004807692307692308
0 0.21875 0.2920673076923077 0.01201923076923077 0.014423076923076924
0 0.21153846153846154 0.2956730769230769 0.01201923076923077 0.01201923076923077
0 0.17548076923076922 0.30288461538461536 0.019230769230769232 0.016826923076923076
0 0.054086538461538464 0.32211538461538464 0.016826923076923076 0.02403846153846154
0 0.234375 0.296875 0.021634615384615384 0.02403846153846154
0 0.2932692307692308 0.28846153846153844 0.01201923076923077 0.014423076923076924
0 0.078125 0.32091346153846156 0.01201923076923077 0.019230769230769232
0 0.1141826923076923 0.3161057692307692 0.016826923076923076 0.019230769230769232
0 0.13822115384615385 0.3137019230769231 0.03125 0.036057692307692304
0 0.2548076923076923 0.3004807692307692 0.026442307692307692 0.036057692307692304
0 0.27283653846153844 0.2980769230769231 0.02403846153846154 0.038461538461538464
0 0.18389423076923078 0.3125 0.016826923076923076 0.016826923076923076
0 0.7271634615384616 0.23677884615384615 0.057692307692307696 0.07932692307692307
0 0.1658653846153846 0.3173076923076923 0.03365384615384615 0.040865384615384616
0 0.037259615384615384 0.33533653846153844 0.01201923076923077 0.014423076923076924
0 0.013221153846153846 0.34615384615384615 0.01201923076923077 0.019230769230769232
0 0.8112980769230769 0.23677884615384615 0.0673076923076923 0.09375
0 0.004807692307692308 0.3545673076923077 0.009615384615384616 0.040865384615384616
0 0.052884615384615384 0.3485576923076923 0.019230769230769232 0.028846153846153848
0 0.31490384615384615 0.3112980769230769 0.04326923076923077 0.055288461538461536
0 0.22355769230769232 0.3293269230769231 0.026442307692307692 0.036057692307692304
0 0.11177884615384616 0.34975961538461536 0.016826923076923076 0.019230769230769232
0 0.5637019230769231 0.2860576923076923 0.0625 0.0889423076923077
0 0.37740384615384615 0.3125 0.038461538461538464 0.05048076923076923
0 0.4579326923076923 0.3016826923076923 0.057692307692307696 0.08413461538461539
0 0.05889423076923077 0.3581730769230769 0.019230769230769232 0.028846153846153848
0 0.08653846153846154 0.36899038461538464 0.04326923076923077 0.055288461538461536
0 0.020432692307692308 0.3786057692307692 0.016826923076923076 0.02403846153846154
0 0.1502403846153846 0.36658653846153844 0.038461538461538464 0.055288461538461536