0 0.6802884615384616 0.12139423076923077 0.009615384615384616 0.009615384615384616
0 0.90625 0.15144230769230768 0.009615384615384616 0.009615384615384616
0 0.5961538461538461 0.11538461538461539 0.004807692307692308 0.009615384615384616
0 0.7463942307692307 0.1346153846153846 0.004807692307692308 0.009615384615384616
0 0.5997596153846154 0.11899038461538461 0.004807692307692308 0.004807692307692308
0 0.7728365384615384 0.13942307692307693 0.009615384615384616 0.009615384615384616
0 0.71875 0.1346153846153846 0.009615384615384616 0.009615384615384616
0 0.9723557692307693 0.1658653846153846 0.004807692307692308 0.009615384615384616
0 0.7307692307692307 0.13581730769230768 0.01201923076923077 0.014423076923076924
0 0.29447115384615385 0.0829326923076923 0.007211538461538462 0.014423076923076924
0 0.9591346153846154 0.1658653846153846 0.009615384615384616 0.009615384615384616
0 0.20673076923076922 0.07451923076923077 0.004807692307692308 0.009615384615384616
0 0.45072115384615385 0.1045673076923077 0.009615384615384616 0.009615384615384616
0 0.5997596153846154 0.12259615384615384 0.004807692307692308 0.009615384615384616
0 0.9074519230769231 0.1622596153846154 0.004807692307692308 0.009615384615384616
0 0.8990384615384616 0.16105769230769232 0.009615384615384616 0.004807692307692308
0 0.8173076923076923 0.15384615384615385 0.009615384615384616 0.009615384615384616
0 0.9338942307692307 0.17067307692307693 0.009615384615384616 0.009615384615384616
0 0.6658653846153846 0.13822115384615385 0.009615384615384616 0.009615384615384616
0 0.7415865384615384 0.14903846153846154 0.01201923076923077 0.014423076923076924
0 0.5552884615384616 0.12620192307692307 0.01201923076923077 0.014423076923076924
0 0.2980769230769231 0.09735576923076923 0.01201923076923077 0.014423076923076924
0 0.6538461538461539 0.140625 0.01201923076923077 0.014423076923076924
0 0.1875 0.08653846153846154 0.004807692307692308 0.009615384615384616
0 0.625 0.13942307692307693 0.004807692307692308 0.004807692307692308
0 0.4855769230769231 0.125 0.009615384615384616 0.009615384615384616
0 0.18870192307692307 0.0889423076923077 0.009615384615384616 0.009615384615384616
0 0.42788461538461536 0.11778846153846154 0.009615384615384616 0.009615384615384616
0 0.9375 0.18269230769230768 0.009615384615384616 0.004807692307692308
0 0.921875 0.18389423076923078 0.01201923076923077 0.014423076923076924
0 0.640625 0.14903846153846154 0.01201923076923077 0.014423076923076924
0 0.38341346153846156 0.1201923076923077 0.01201923076923077 0.014423076923076924
0 0.5649038461538461 0.14182692307692307 0.01201923076923077 0.014423076923076924
0 0.953125 0.18990384615384615 0.009615384615384616 0.009615384615384616
0 0.5552884615384616 0.14302884615384615 0.01201923076923077 0.014423076923076924
0 0.6911057692307693 0.15985576923076922 0.014423076923076924 0.007211538461538462
0 0.7548076923076923 0.16947115384615385 0.009615384615384616 0.009615384615384616
0 0.35697115384615385 0.125 0.009615384615384616 0.009615384615384616
0 0.41225961538461536 0.13221153846153846 0.009615384615384616 0.009615384615384616
0 0.42908653846153844 0.13341346153846154 0.009615384615384616 0.004807692307692308
0 0.2920673076923077 0.1201923076923077 0.01201923076923077 0.014423076923076924
0 0.9026442307692307 0.19471153846153846 0.01201923076923077 0.014423076923076924
0 0.6899038461538461 0.16826923076923078 0.009615384615384616 0.009615384615384616
0 0.3173076923076923 0.125 0.016826923076923076 0.019230769230769232
0 0.7127403846153846 0.17427884615384615 0.01201923076923077 0.014423076923076924
0 0.7536057692307693 0.17908653846153846 0.01201923076923077 0.014423076923076924
0 0.6021634615384616 0.1622596153846154 0.016826923076923076 0.019230769230769232
0 0.8822115384615384 0.1971153846153846 0.009615384615384616 0.004807692307692308
0 0.7259615384615384 0.1778846153846154 0.009615384615384616 0.009615384615384616
0 0.35096153846153844 0.1346153846153846 0.016826923076923076 0.016826923076923076
0 0.7331730769230769 0.1814903846153846 0.009615384615384616 0.009615384615384616
0 0.6887019230769231 0.1778846153846154 0.009615384615384616 0.009615384615384616
0 0.38461538461538464 0.14302884615384615 0.016826923076923076 0.016826923076923076
0 0.4014423076923077 0.14543269230769232 0.01201923076923077 0.014423076923076924
0 0.65625 0.17668269230769232 0.009615384615384616 0.009615384615384616
0 0.43149038461538464 0.15144230769230768 0.016826923076923076 0.016826923076923076
0 0.6237980769230769 0.17548076923076922 0.01201923076923077 0.014423076923076924
0 0.24519230769230768 0.12860576923076922 0.016826923076923076 0.019230769230769232
0 0.265625 0.13341346153846154 0.016826923076923076 0.019230769230769232
0 0.734375 0.19110576923076922 0.01201923076923077 0.014423076923076924
0 0.35697115384615385 0.14423076923076922 0.016826923076923076 0.016826923076923076
0 0.9399038461538461 0.21875 0.016826923076923076 0.016826923076923076
0 0.5588942307692307 0.171875 0.016826923076923076 0.019230769230769232
0 0.7728365384615384 0.19831730769230768 0.009615384615384616 0.009615384615384616
0 0.6574519230769231 0.18629807692307693 0.01201923076923077 0.014423076923076924
0 0.6346153846153846 0.18629807692307693 0.016826923076923076 0.019230769230769232
0 0.5144230769230769 0.17067307692307693 0.016826923076923076 0.016826923076923076
0 0.4735576923076923 0.16706730769230768 0.009615384615384616 0.009615384615384616
0 0.3485576923076923 0.15264423076923078 0.01201923076923077 0.014423076923076924
0 0.48677884615384615 0.16947115384615385 0.016826923076923076 0.016826923076923076
0 0.28966346153846156 0.14423076923076922 0.016826923076923076 0.019230769230769232
0 0.6983173076923077 0.19471153846153846 0.004807692307692308 0.004807692307692308
0 0.7463942307692307 0.20072115384615385 0.009615384615384616 0.009615384615384616
0 0.4387019230769231 0.1658653846153846 0.016826923076923076 0.016826923076923076
0 0.6682692307692307 0.1935096153846154 0.01201923076923077 0.014423076923076924
0 0.33533653846153844 0.15504807692307693 0.01201923076923077 0.014423076923076924
0 0.3713942307692308 0.15985576923076922 0.01201923076923077 0.019230769230769232
0 0.6165865384615384 0.18990384615384615 0.01201923076923077 0.014423076923076924
0 0.65625 0.1971153846153846 0.016826923076923076 0.019230769230769232
0 0.5853365384615384 0.18870192307692307 0.016826923076923076 0.016826923076923076
0 0.7548076923076923 0.21153846153846154 0.01201923076923077 0.014423076923076924
0 0.46274038461538464 0.17548076923076922 0.016826923076923076 0.016826923076923076
0 0.5288461538461539 0.18389423076923078 0.016826923076923076 0.019230769230769232
0 0.7403846153846154 0.2127403846153846 0.01201923076923077 0.014423076923076924
0 0.6971153846153846 0.20673076923076922 0.01201923076923077 0.014423076923076924
0 0.46875 0.1814903846153846 0.016826923076923076 0.016826923076923076
0 0.6346153846153846 0.20192307692307693 0.01201923076923077 0.014423076923076924
0 0.6875 0.20793269230769232 0.016826923076923076 0.016826923076923076
0 0.47836538461538464 0.18509615384615385 0.01201923076923077 0.014423076923076924
0 0.2127403846153846 0.15264423076923078 0.016826923076923076 0.016826923076923076
0 0.3245192307692308 0.1658653846153846 0.016826923076923076 0.016826923076923076
0 0.40384615384615385 0.17548076923076922 0.016826923076923076 0.019230769230769232
0 0.5697115384615384 0.19591346153846154 0.009615384615384616 0.009615384615384616
0 0.25961538461538464 0.16105769230769232 0.016826923076923076 0.019230769230769232
0 0.35336538461538464 0.17427884615384615 0.016826923076923076 0.016826923076923076
0 0.5961538461538461 0.20673076923076922 0.01201923076923077 0.014423076923076924
0 0.6286057692307693 0.21033653846153846 0.016826923076923076 0.016826923076923076
0 0.39302884615384615 0.1814903846153846 0.016826923076923076 0.016826923076923076
0 0.6610576923076923 0.21754807692307693 0.016826923076923076 0.016826923076923076
0 0.6971153846153846 0.22115384615384615 0.016826923076923076 0.019230769230769232
0 0.9591346153846154 0.2536057692307692 0.016826923076923076 0.016826923076923076
0 0.6862980769230769 0.21995192307692307 0.016826923076923076 0.019230769230769232
0 0.7175480769230769 0.22596153846153846 0.016826923076923076 0.016826923076923076
0 0.5360576923076923 0.20552884615384615 0.016826923076923076 0.019230769230769232
0 0.2932692307692308 0.17548076923076922 0.016826923076923076 0.019230769230769232
0 0.9795673076923077 0.25961538461538464 0.016826923076923076 0.016826923076923076
0 0.4723557692307692 0.1971153846153846 0.016826923076923076 0.019230769230769232
0 0.5240384615384616 0.20673076923076922 0.016826923076923076 0.019230769230769232
0 0.5709134615384616 0.21153846153846154 0.01201923076923077 0.014423076923076924
0 0.6225961538461539 0.22115384615384615 0.016826923076923076 0.016826923076923076
0 0.6045673076923077 0.21875 0.01201923076923077 0.014423076923076924
0 0.9723557692307693 0.265625 0.016826923076923076 0.016826923076923076
0 0.38100961538461536 0.1935096153846154 0.016826923076923076 0.016826923076923076
0 0.6117788461538461 0.2247596153846154 0.016826923076923076 0.019230769230769232
0 0.7007211538461539 0.23557692307692307 0.016826923076923076 0.019230769230769232
0 0.9146634615384616 0.2620192307692308 0.016826923076923076 0.019230769230769232
0 0.45913461538461536 0.20552884615384615 0.01201923076923077 0.019230769230769232
0 0.7740384615384616 0.2439903846153846 0.01201923076923077 0.014423076923076924
0 0.8894230769230769 0.2608173076923077 0.016826923076923076 0.016826923076923076
0 0.6634615384615384 0.23317307692307693 0.01201923076923077 0.014423076923076924
0 0.6538461538461539 0.23197115384615385 0.016826923076923076 0.016826923076923076
0 0.7524038461538461 0.24639423076923078 0.016826923076923076 0.019230769230769232
0 0.390625 0.20192307692307693 0.019230769230769232 0.019230769230769232
0 0.36778846153846156 0.20192307692307693 0.016826923076923076 0.019230769230769232
0 0.9435096153846154 0.27283653846153844 0.016826923076923076 0.019230769230769232
0 0.5865384615384616 0.23076923076923078 0.016826923076923076 0.019230769230769232
0 0.4987980769230769 0.21995192307692307 0.016826923076923076 0.016826923076923076
0 0.5588942307692307 0.22956730769230768 0.016826923076923076 0.019230769230769232
0 0.9675480769230769 0.2800480769230769 0.016826923076923076 0.016826923076923076
0 0.25961538461538464 0.19591346153846154 0.016826923076923076 0.016826923076923076
0 0.3173076923076923 0.203125 0.016826923076923076 0.019230769230769232
0 0.7439903846153846 0.25721153846153844 0.016826923076923076 0.019230769230769232
0 0.40384615384615385 0.21634615384615385 0.016826923076923076 0.019230769230769232
0 0.46875 0.22596153846153846 0.016826923076923076 0.019230769230769232
0 0.609375 0.24278846153846154 0.016826923076923076 0.019230769230769232
0 0.3317307692307692 0.21153846153846154 0.016826923076923076 0.019230769230769232
0 0.7620192307692307 0.2644230769230769 0.016826923076923076 0.019230769230769232
0 0.9338942307692307 0.28725961538461536 0.016826923076923076 0.019230769230769232
0 0.6706730769230769 0.25961538461538464 0.019230769230769232 0.019230769230769232
0 0.2536057692307692 0.20793269230769232 0.016826923076923076 0.016826923076923076
0 0.9014423076923077 0.2920673076923077 0.016826923076923076 0.016826923076923076
0 0.7019230769230769 0.26802884615384615 0.021634615384615384 0.02403846153846154
0 0.578125 0.25240384615384615 0.019230769230769232 0.019230769230769232
0 0.5504807692307693 0.25240384615384615 0.021634615384615384 0.02403846153846154
0 0.8882211538461539 0.2980769230769231 0.019230769230769232 0.019230769230769232
0 0.3918269230769231 0.23677884615384615 0.016826923076923076 0.019230769230769232
0 0.42427884615384615 0.24158653846153846 0.016826923076923076 0.02403846153846154
0 0.5120192307692307 0.25240384615384615 0.016826923076923076 0.019230769230769232
0 0.31850961538461536 0.23076923076923078 0.016826923076923076 0.019230769230769232
0 0.38341346153846156 0.23918269230769232 0.019230769230769232 0.019230769230769232
0 0.2644230769230769 0.22355769230769232 0.016826923076923076 0.019230769230769232
0 0.7596153846153846 0.2848557692307692 0.016826923076923076 0.016826923076923076
0 0.17307692307692307 0.21514423076923078 0.021634615384615384 0.02403846153846154
0 0.9759615384615384 0.3161057692307692 0.016826923076923076 0.019230769230769232
0 0.07692307692307693 0.20552884615384615 0.021634615384615384 0.02403846153846154
0 0.04807692307692308 0.20192307692307693 0.021634615384615384 0.02403846153846154
0 0.46033653846153844 0.25240384615384615 0.021634615384615384 0.02403846153846154
0 0.6033653846153846 0.2704326923076923 0.019230769230769232 0.019230769230769232
0 0.9915865384615384 0.32211538461538464 0.016826923076923076 0.019230769230769232
0 0.22115384615384615 0.2283653846153846 0.019230769230769232 0.019230769230769232
0 0.5192307692307693 0.2644230769230769 0.016826923076923076 0.019230769230769232
0 0.27524038461538464 0.23677884615384615 0.016826923076923076 0.02403846153846154
0 0.09014423076923077 0.21394230769230768 0.019230769230769232 0.019230769230769232
0 0.6646634615384616 0.2860576923076923 0.019230769230769232 0.016826923076923076
0 0.671875 0.28966346153846156 0.016826923076923076 0.019230769230769232
0 0.6418269230769231 0.29086538461538464 0.016826923076923076 0.019230769230769232
0 0.11538461538461539 0.22596153846153846 0.021634615384615384 0.02403846153846154
0 0.3737980769230769 0.25841346153846156 0.016826923076923076 0.019230769230769232
0 0.7427884615384616 0.30288461538461536 0.019230769230769232 0.019230769230769232
0 0.38461538461538464 0.2620192307692308 0.021634615384615384 0.02403846153846154
0 0.15504807692307693 0.23557692307692307 0.021634615384615384 0.02403846153846154
0 0.7632211538461539 0.31009615384615385 0.019230769230769232 0.019230769230769232
0 0.8509615384615384 0.3233173076923077 0.01201923076923077 0.019230769230769232
0 0.3125 0.2608173076923077 0.026442307692307692 0.03125
0 0.5901442307692307 0.296875 0.016826923076923076 0.019230769230769232
0 0.5108173076923077 0.28725961538461536 0.021634615384615384 0.02403846153846154
0 0.5480769230769231 0.2920673076923077 0.021634615384615384 0.02403846153846154
0 0.9603365384615384 0.3425480769230769 0.016826923076923076 0.02403846153846154
0 0.7536057692307693 0.3173076923076923 0.016826923076923076 0.02403846153846154
0 0.9026442307692307 0.3401442307692308 0.016826923076923076 0.019230769230769232
0 0.71875 0.3173076923076923 0.016826923076923076 0.02403846153846154
0 0.19951923076923078 0.2536057692307692 0.016826923076923076 0.016826923076923076
0 0.6418269230769231 0.31009615384615385 0.026442307692307692 0.026442307692307692
0 0.4807692307692308 0.2932692307692308 0.021634615384615384 0.02403846153846154
0 0.9771634615384616 0.35336538461538464 0.016826923076923076 0.019230769230769232
0 0.41586538461538464 0.2848557692307692 0.021634615384615384 0.02403846153846154
0 0.18870192307692307 0.26322115384615385 0.021634615384615384 0.02403846153846154
0 0.24158653846153846 0.2692307692307692 0.021634615384615384 0.02403846153846154
0 0.0829326923076923 0.25240384615384615 0.026442307692307692 0.026442307692307692
0 0.8954326923076923 0.359375 0.019230769230769232 0.019230769230769232
0 0.44350961538461536 0.30408653846153844 0.026442307692307692 0.03125
0 0.96875 0.3713942307692308 0.021634615384615384 0.02403846153846154
0 0.5961538461538461 0.32572115384615385 0.021634615384615384 0.02403846153846154
0 0.4050480769230769 0.3016826923076923 0.026442307692307692 0.026442307692307692
0 0.0625 0.2620192307692308 0.021634615384615384 0.02403846153846154
0 0.9831730769230769 0.38221153846153844 0.021634615384615384 0.02403846153846154
0 0.6875 0.34615384615384615 0.016826923076923076 0.02403846153846154
0 0.5012019230769231 0.32572115384615385 0.021634615384615384 0.02403846153846154
0 0.3329326923076923 0.30528846153846156 0.021634615384615384 0.028846153846153848
0 0.3713942307692308 0.3112980769230769 0.021634615384615384 0.02403846153846154
0 0.21514423076923078 0.2920673076923077 0.026442307692307692 0.03125
0 0.7463942307692307 0.359375 0.021634615384615384 0.02403846153846154
0 0.3161057692307692 0.3088942307692308 0.021634615384615384 0.02403846153846154
0 0.28125 0.3076923076923077 0.026442307692307692 0.026442307692307692
0 0.5492788461538461 0.3425480769230769 0.021634615384615384 0.028846153846153848
0 0.5336538461538461 0.3401442307692308 0.021634615384615384 0.02403846153846154
0 0.140625 0.29447115384615385 0.03125 0.026442307692307692
0 0.9110576923076923 0.39663461538461536 0.021634615384615384 0.02403846153846154
0 0.39663461538461536 0.33653846153846156 0.016826923076923076 0.028846153846153848
0 0.24519230769230768 0.3173076923076923 0.021634615384615384 0.028846153846153848
0 0.6514423076923077 0.36778846153846156 0.016826923076923076 0.02403846153846154
0 0.6117788461538461 0.36778846153846156 0.021634615384615384 0.028846153846153848
0 0.6682692307692307 0.3786057692307692 0.021634615384615384 0.02403846153846154
0 0.3137019230769231 0.33533653846153844 0.026442307692307692 0.03125
0 0.12860576923076922 0.31850961538461536 0.03125 0.03125
0 0.7548076923076923 0.3954326923076923 0.021634615384615384 0.02403846153846154
0 0.21514423076923078 0.3317307692307692 0.021634615384615384 0.02403846153846154
0 0.7271634615384616 0.3942307692307692 0.021634615384615384 0.02403846153846154
0 0.9086538461538461 0.41947115384615385 0.026442307692307692 0.026442307692307692
0 0.4735576923076923 0.36899038461538464 0.026442307692307692 0.03125
0 0.9338942307692307 0.4254807692307692 0.021634615384615384 0.028846153846153848
0 0.9939903846153846 0.43990384615384615 0.01201923076923077 0.038461538461538464
0 0.04567307692307692 0.328125 0.026442307692307692 0.026442307692307692
0 0.3942307692307692 0.3713942307692308 0.026442307692307692 0.036057692307692304
0 0.8810096153846154 0.4362980769230769 0.021634615384615384 0.02403846153846154
0 0.65625 0.4182692307692308 0.026442307692307692 0.03125
0 0.953125 0.46274038461538464 0.026442307692307692 0.026442307692307692
0 0.0985576923076923 0.3641826923076923 0.026442307692307692 0.026442307692307692
0 0.3737980769230769 0.4014423076923077 0.026442307692307692 0.03125
0 0.5673076923076923 0.42908653846153844 0.03125 0.040865384615384616
0 0.7415865384615384 0.45072115384615385 0.026442307692307692 0.036057692307692304
0 0.6478365384615384 0.4483173076923077 0.026442307692307692 0.040865384615384616
0 0.18269230769230768 0.390625 0.036057692307692304 0.036057692307692304
0 0.49399038461538464 0.43149038461538464 0.03125 0.040865384615384616
0 0.7980769230769231 0.47115384615384615 0.021634615384615384 0.03365384615384615
0 0.3161057692307692 0.4170673076923077 0.026442307692307692 0.036057692307692304
0 0.10576923076923077 0.390625 0.03125 0.036057692307692304
0 0.23677884615384615 0.4098557692307692 0.03125 0.036057692307692304
0 0.375 0.4362980769230769 0.026442307692307692 0.036057692307692304
0 0.7211538461538461 0.4795673076923077 0.026442307692307692 0.03125
0 0.8810096153846154 0.5096153846153846 0.026442307692307692 0.03125
0 0.6322115384615384 0.4879807692307692 0.026442307692307692 0.036057692307692304
0 0.14903846153846154 0.43149038461538464 0.03125 0.03125
0 0.6177884615384616 0.4891826923076923 0.021634615384615384 0.028846153846153848
0 0.96875 0.5348557692307693 0.03125 0.040865384615384616
0 0.2644230769230769 0.45072115384615385 0.026442307692307692 0.040865384615384616
0 0.4230769230769231 0.4699519230769231 0.03125 0.040865384615384616
0 0.8425480769230769 0.5240384615384616 0.03125 0.03125
0 0.75 0.515625 0.026442307692307692 0.036057692307692304
0 0.47836538461538464 0.49038461538461536 0.03125 0.036057692307692304
0 0.7007211538461539 0.5216346153846154 0.03125 0.040865384615384616
0 0.8569711538461539 0.5516826923076923 0.026442307692307692 0.03125
0 0.5612980769230769 0.5168269230769231 0.03125 0.040865384615384616
0 0.328125 0.4891826923076923 0.038461538461538464 0.04567307692307692
0 0.203125 0.4735576923076923 0.036057692307692304 0.040865384615384616
0 0.9507211538461539 0.5697115384615384 0.026442307692307692 0.026442307692307692
0 0.040865384615384616 0.45913461538461536 0.036057692307692304 0.040865384615384616
0 0.6370192307692307 0.5372596153846154 0.03125 0.036057692307692304
0 0.4495192307692308 0.5168269230769231 0.036057692307692304 0.040865384615384616
0 0.27283653846153844 0.5024038461538461 0.026442307692307692 0.036057692307692304
0 0.7716346153846154 0.5709134615384616 0.036057692307692304 0.040865384615384616
0 0.9483173076923077 0.6033653846153846 0.026442307692307692 0.03125
0 0.5865384615384616 0.5757211538461539 0.036057692307692304 0.040865384615384616
0 0.2776442307692308 0.5504807692307693 0.038461538461538464 0.04567307692307692
0 0.07572115384615384 0.5336538461538461 0.036057692307692304 0.040865384615384616
0 0.8052884615384616 0.6334134615384616 0.026442307692307692 0.040865384615384616
0 0.9158653846153846 0.6646634615384616 0.03125 0.040865384615384616
0 0.39663461538461536 0.6033653846153846 0.03365384615384615 0.04567307692307692
0 0.18028846153846154 0.5793269230769231 0.038461538461538464 0.04567307692307692
0 0.6430288461538461 0.6454326923076923 0.038461538461538464 0.04567307692307692
0 0.7211538461538461 0.6682692307692307 0.038461538461538464 0.04567307692307692
0 0.49759615384615385 0.6466346153846154 0.04326923076923077 0.055288461538461536
0 0.8954326923076923 0.6995192307692307 0.036057692307692304 0.040865384615384616
0 0.0733173076923077 0.6081730769230769 0.04326923076923077 0.04567307692307692
0 0.2644230769230769 0.671875 0.04326923076923077 0.04567307692307692
0 0.3557692307692308 0.6862980769230769 0.038461538461538464 0.05048076923076923
0 0.8100961538461539 0.7427884615384616 0.04326923076923077 0.04567307692307692
0 0.6057692307692307 0.7199519230769231 0.038461538461538464 0.04567307692307692
0 0.4795673076923077 0.7091346153846154 0.03365384615384615 0.04567307692307692
0 0.9206730769230769 0.7848557692307693 0.04326923076923077 0.05048076923076923
0 0.6706730769230769 0.7752403846153846 0.036057692307692304 0.040865384615384616
0 0.5588942307692307 0.7644230769230769 0.04326923076923077 0.055288461538461536
0 0.007211538461538462 0.7175480769230769 0.014423076923076924 0.06971153846153846
0 0.14182692307692307 0.7379807692307693 0.052884615384615384 0.055288461538461536
0 0.36778846153846156 0.7776442307692307 0.052884615384615384 0.06009615384615385
0 0.06850961538461539 0.7475961538461539 0.04807692307692308 0.055288461538461536
0 0.7391826923076923 0.8317307692307693 0.04807692307692308 0.055288461538461536
0 0.36538461538461536 0.06129807692307692 0.009615384615384616 0.009615384615384616
0 0.9086538461538461 0.8834134615384616 0.04807692307692308 0.06009615384615385
0 0.35336538461538464 0.06129807692307692 0.009615384615384616 0.009615384615384616
0 0.5973557692307693 0.8545673076923077 0.052884615384615384 0.06009615384615385
0 0.4699519230769231 0.8617788461538461 0.04326923076923077 0.06009615384615385
0 0.6189903846153846 0.09975961538461539 0.007211538461538462 0.014423076923076924
0 0.2644230769230769 0.8629807692307693 0.06009615384615385 0.04807692307692308
0 0.5480769230769231 0.09254807692307693 0.01201923076923077 0.014423076923076924
0 0.8954326923076923 0.9471153846153846 0.057692307692307696 0.038461538461538464
0 0.75 0.11778846153846154 0.009615384615384616 0.009615384615384616
0 0.7331730769230769 0.11778846153846154 0.004807692307692308 0.004807692307692308
0 0.453125 0.08653846153846154 0.009615384615384616 0.009615384615384616
0 0.6262019230769231 0.10697115384615384 0.009615384615384616 0.009615384615384616
0 0.7079326923076923 0.11778846153846154 0.009615384615384616 0.009615384615384616
0 0.24639423076923078 0.06129807692307692 0.009615384615384616 0.009615384615384616
0 0.6706730769230769 0.11298076923076923 0.009615384615384616 0.009615384615384616
0 0.7175480769230769 0.11899038461538461 0.004807692307692308 0.004807692307692308
0 0.6658653846153846 0.11177884615384616 0.004807692307692308 0.004807692307692308
0 0.7800480769230769 0.12620192307692307 0.009615384615384616 0.009615384615384616
0 0.6887019230769231 0.11778846153846154 0.009615384615384616 0.009615384615384616
0 0.2764423076923077 0.0673076923076923 0.009615384615384616 0.009615384615384616
0 0.6754807692307693 0.11538461538461539 0.004807692307692308 0.009615384615384616
0 0.2512019230769231 0.06370192307692307 0.009615384615384616 0.009615384615384616
0 0.35096153846153844 0.07572115384615384 0.009615384615384616 0.009615384615384616
0 0.22115384615384615 0.06009615384615385 0.009615384615384616 0.009615384615384616
0 0.7427884615384616 0.12379807692307693 0.004807692307692308 0.004807692307692308
0 0.36538461538461536 0.08052884615384616 0.01201923076923077 0.014423076923076924
0 0.5829326923076923 0.10697115384615384 0.01201923076923077 0.014423076923076924
0 0.7319711538461539 0.125 0.009615384615384616 0.004807692307692308