0 0.44591346153846156 0.1814903846153846 0.038461538461538464 0.057692307692307696
0 0.3173076923076923 0.18389423076923078 0.04326923076923077 0.06009615384615385
0 0.18629807692307693 0.16706730769230768 0.038461538461538464 0.052884615384615384
0 0.6442307692307693 0.22596153846153846 0.04326923076923077 0.06490384615384616
0 0.9639423076923077 0.26802884615384615 0.04326923076923077 0.06490384615384616
0 0.5228365384615384 0.21634615384615385 0.038461538461538464 0.052884615384615384
0 0.3858173076923077 0.20192307692307693 0.04326923076923077 0.06490384615384616
0 0.24639423076923078 0.18389423076923078 0.04326923076923077 0.06490384615384616
0 0.8834134615384616 0.2644230769230769 0.038461538461538464 0.0625
0 0.5865384615384616 0.23076923076923078 0.04326923076923077 0.06009615384615385
0 0.7223557692307693 0.24759615384615385 0.038461538461538464 0.05048076923076923
0 0.7932692307692307 0.25841346153846156 0.038461538461538464 0.0625
0 0.11778846153846154 0.17548076923076922 0.038461538461538464 0.052884615384615384
0 0.2512019230769231 0.25 0.038461538461538464 0.052884615384615384
0 0.3317307692307692 0.2704326923076923 0.038461538461538464 0.057692307692307696
0 0.7235576923076923 0.31850961538461536 0.04326923076923077 0.06009615384615385
0 0.09615384615384616 0.24278846153846154 0.03365384615384615 0.057692307692307696
0 0.16706730769230768 0.25841346153846156 0.038461538461538464 0.057692307692307696
0 0.6201923076923077 0.32091346153846156 0.038461538461538464 0.0625
0 0.5324519230769231 0.3125 0.038461538461538464 0.057692307692307696
0 0.7788461538461539 0.35697115384615385 0.05048076923076923 0.07451923076923077
0 0.9074519230769231 0.3762019230769231 0.038461538461538464 0.057692307692307696
0 0.3317307692307692 0.019230769230769232 0.038461538461538464 0.038461538461538464
0 0.25240384615384615 0.016826923076923076 0.04326923076923077 0.03365384615384615
0 0.21634615384615385 0.34375 0.04326923076923077 0.06490384615384616
0 0.3389423076923077 0.3701923076923077 0.03365384615384615 0.052884615384615384
0 0.41947115384615385 0.3798076923076923 0.03365384615384615 0.057692307692307696
0 0.13822115384615385 0.3473557692307692 0.03365384615384615 0.057692307692307696
0 0.4579326923076923 0.3894230769230769 0.038461538461538464 0.05048076923076923
0 0.6802884615384616 0.41947115384615385 0.038461538461538464 0.057692307692307696
0 0.5841346153846154 0.4074519230769231 0.038461538461538464 0.057692307692307696
0 0.057692307692307696 0.3449519230769231 0.05048076923076923 0.06971153846153846
0 0.9122596153846154 0.09375 0.04326923076923077 0.06009615384615385
0 0.4963942307692308 0.46875 0.040865384615384616 0.0673076923076923
0 0.054086538461538464 0.4170673076923077 0.04326923076923077 0.06009615384615385
0 0.19230769230769232 0.4387019230769231 0.04326923076923077 0.06490384615384616
0 0.2548076923076923 0.44711538461538464 0.04326923076923077 0.06009615384615385
0 0.6165865384615384 0.49399038461538464 0.04326923076923077 0.06009615384615385
0 0.8449519230769231 0.5216346153846154 0.04807692307692308 0.06490384615384616
0 0.11177884615384616 0.4338942307692308 0.04326923076923077 0.06490384615384616
0 0.328125 0.46033653846153844 0.04807692307692308 0.06490384615384616
0 0.9807692307692307 0.5432692307692307 0.036057692307692304 0.08173076923076923
0 0.4375 0.47716346153846156 0.038461538461538464 0.057692307692307696
0 0.5540865384615384 0.4963942307692308 0.03365384615384615 0.057692307692307696
0 0.7764423076923077 0.5240384615384616 0.038461538461538464 0.0625
0 0.3858173076923077 0.4807692307692308 0.04567307692307692 0.06971153846153846
0 0.6887019230769231 0.5180288461538461 0.04567307692307692 0.06971153846153846
0 0.9074519230769231 0.5456730769230769 0.04326923076923077 0.06490384615384616
0 0.9939903846153846 0.10817307692307693 0.01201923076923077 0.0625
0 0.8545673076923077 0.09254807692307693 0.03365384615384615 0.057692307692307696
0 0.07451923076923077 0.5036057692307693 0.04567307692307692 0.06971153846153846
0 0.53125 0.057692307692307696 0.038461538461538464 0.057692307692307696
0 0.22235576923076922 0.546875 0.03365384615384615 0.057692307692307696
0 0.5420673076923077 0.5889423076923077 0.03365384615384615 0.0625
0 0.6935096153846154 0.6141826923076923 0.04326923076923077 0.06490384615384616
0 0.35697115384615385 0.5757211538461539 0.04326923076923077 0.06490384615384616
0 0.8954326923076923 0.6418269230769231 0.038461538461538464 0.052884615384615384
0 0.8461538461538461 0.640625 0.05048076923076923 0.07932692307692307
0 0.4795673076923077 0.6033653846153846 0.03365384615384615 0.057692307692307696
0 0.28365384615384615 0.6442307692307693 0.04567307692307692 0.06971153846153846
0 0.08653846153846154 0.6225961538461539 0.04326923076923077 0.06490384615384616
0 0.021634615384615384 0.6177884615384616 0.03365384615384615 0.0625
0 0.9519230769230769 0.7367788461538461 0.05048076923076923 0.06971153846153846
0 0.4387019230769231 0.6766826923076923 0.04567307692307692 0.07932692307692307
0 0.8966346153846154 0.7331730769230769 0.05048076923076923 0.07451923076923077
0 0.3605769230769231 0.6694711538461539 0.04326923076923077 0.055288461538461536
0 0.7427884615384616 0.71875 0.05048076923076923 0.06971153846153846
0 0.8125 0.7271634615384616 0.04567307692307692 0.06971153846153846
0 0.22355769230769232 0.6598557692307693 0.04567307692307692 0.07451923076923077
0 0.53125 0.6995192307692307 0.04567307692307692 0.06971153846153846
0 0.6117788461538461 0.7127403846153846 0.038461538461538464 0.0625
0 0.6790865384615384 0.7271634615384616 0.05048076923076923 0.06971153846153846
0 0.25721153846153844 0.7548076923076923 0.040865384615384616 0.07211538461538461
0 0.3317307692307692 0.7644230769230769 0.04567307692307692 0.07451923076923077
0 0.5793269230769231 0.8016826923076923 0.04567307692307692 0.07451923076923077
0 0.10817307692307693 0.7439903846153846 0.040865384615384616 0.07692307692307693
0 0.7271634615384616 0.828125 0.038461538461538464 0.052884615384615384
0 0.15745192307692307 0.7608173076923077 0.04567307692307692 0.07932692307692307
0 0.6742788461538461 0.8269230769230769 0.04567307692307692 0.07451923076923077
0 0.9290865384615384 0.8605769230769231 0.05048076923076923 0.06971153846153846
0 0.8713942307692307 0.8605769230769231 0.04326923076923077 0.06490384615384616
0 0.7896634615384616 0.8533653846153846 0.04326923076923077 0.06490384615384616
0 0.01201923076923077 0.7608173076923077 0.02403846153846154 0.06971153846153846
0 0.4795673076923077 0.8305288461538461 0.05048076923076923 0.07932692307692307
0 0.6177884615384616 0.09375 0.038461538461538464 0.0625
0 0.41346153846153844 0.8834134615384616 0.04807692307692308 0.06009615384615385
0 0.3449519230769231 0.8846153846153846 0.05048076923076923 0.06971153846153846
0 0.140625 0.8641826923076923 0.04567307692307692 0.08173076923076923
0 0.6514423076923077 0.9290865384615384 0.05048076923076923 0.06971153846153846
0 0.21634615384615385 0.8858173076923077 0.04567307692307692 0.08173076923076923
0 0.4879807692307692 0.9230769230769231 0.04326923076923077 0.06009615384615385
0 0.7860576923076923 0.9939903846153846 0.04326923076923077 0.01201923076923077
0 0.2692307692307692 0.9555288461538461 0.038461538461538464 0.04326923076923077
0 0.19471153846153846 0.9543269230769231 0.04326923076923077 0.02403846153846154
0 0.6105769230769231 0.9963942307692307 0.03365384615384615 0.007211538461538462
0 0.28725961538461536 0.078125 0.038461538461538464 0.057692307692307696
0 0.4675480769230769 0.09975961538461539 0.04567307692307692 0.06971153846153846
0 0.6286057692307693 0.13341346153846154 0.040865384615384616 0.0673076923076923
0 0.17668269230769232 0.078125 0.038461538461538464 0.0625
0 0.3485576923076923 0.10096153846153846 0.038461538461538464 0.057692307692307696
0 0.11057692307692307 0.07932692307692307 0.038461538461538464 0.057692307692307696
0 0.921875 0.1814903846153846 0.03365384615384615 0.052884615384615384
0 0.8521634615384616 0.17548076923076922 0.04326923076923077 0.05048076923076923
0 0.5769230769230769 0.14182692307692307 0.03365384615384615 0.057692307692307696
0 0.7740384615384616 0.17427884615384615 0.04326923076923077 0.06009615384615385