0 0.82109375 0.225 0.0828125 0.1203125
0 0.41875 0.01015625 0.065625 0.0203125
0 0.684375 0.2296875 0.078125 0.115625
0 0.18046875 0.16796875 0.075 0.1015625
0 0.11015625 0.16328125 0.096875 0.1453125
0 0.56640625 0.03671875 0.0734375 0.0734375
0 0.3015625 0.2671875 0.0578125 0.103125
0 0.54921875 0.31328125 0.065625 0.1
0 0.20390625 0.28359375 0.0671875 0.13125
0 0.64921875 0.3875 0.0796875 0.1296875
0 0.37109375 0.34765625 0.078125 0.1203125
0 0.85625 0.44296875 0.0859375 0.134375
0 0.21015625 0.0125 0.0828125 0.025
0 0.69453125 0.4359375 0.09375 0.153125
0 0.5171875 0.4046875 0.0765625 0.0796875
0 0.9609375 0.50390625 0.078125 0.1359375
0 0.865625 0.10625 0.090625 0.1078125
0 0.4953125 0.5015625 0.084375 0.125
0 0.36171875 0.4828125 0.0828125 0.1203125
0 0.16171875 0.52265625 0.0984375 0.1546875
0 0.95625 0.6703125 0.05625 0.1421875
0 0.675 0.09140625 0.0765625 0.1328125
0 0.68984375 0.7265625 0.103125 0.1328125
0 0.884375 0.77265625 0.109375 0.16875
0 0.57734375 0.74140625 0.0859375 0.1390625
0 0.16171875 0.715625 0.103125 0.1546875
0 0.3984375 0.86328125 0.090625 0.1390625
0 0.71015625 0.94921875 0.0953125 0.1015625
0 0.2140625 0.90546875 0.1078125 0.1109375
0 0.5359375 0.96015625 0.11875 0.0796875
0 0.4375 0.96953125 0.1 0.0609375
0 0.35859375 0.0875 0.08125 0.10625
0 0.49921875 0.11875 0.0890625 0.13125
0 0.61015625 0.140625 0.06875 0.1140625