0 0.054086538461538464 0.17067307692307693 0.028846153846153848 0.03365384615384615
0 0.37259615384615385 0.15144230769230768 0.03125 0.04326923076923077
0 0.4110576923076923 0.15504807692307693 0.04567307692307692 0.04567307692307692
0 0.4987980769230769 0.14903846153846154 0.052884615384615384 0.05048076923076923
0 0.18870192307692307 0.17307692307692307 0.028846153846153848 0.03365384615384615
0 0.7776442307692307 0.13221153846153846 0.02403846153846154 0.03365384615384615
0 0.8569711538461539 0.12740384615384615 0.026442307692307692 0.04326923076923077
0 0.09975961538461539 0.18028846153846154 0.040865384615384616 0.05048076923076923
0 0.8353365384615384 0.1310096153846154 0.03125 0.04326923076923077
0 0.7079326923076923 0.1466346153846154 0.03365384615384615 0.03365384615384615
0 0.5540865384615384 0.15745192307692307 0.026442307692307692 0.04807692307692308
0 0.2776442307692308 0.17668269230769232 0.038461538461538464 0.036057692307692304
0 0.7403846153846154 0.15144230769230768 0.03125 0.04807692307692308
0 0.8040865384615384 0.1502403846153846 0.019230769230769232 0.03365384615384615
0 0.06850961538461539 0.20072115384615385 0.036057692307692304 0.04326923076923077
0 0.15865384615384615 0.19591346153846154 0.03365384615384615 0.03365384615384615
0 0.203125 0.1935096153846154 0.028846153846153848 0.03365384615384615
0 0.3449519230769231 0.18509615384615385 0.03125 0.04326923076923077
0 0.2439903846153846 0.19230769230769232 0.03125 0.038461538461538464
0 0.41346153846153844 0.18990384615384615 0.036057692307692304 0.052884615384615384
0 0.5336538461538461 0.1935096153846154 0.05048076923076923 0.057692307692307696
0 0.004807692307692308 0.2403846153846154 0.009615384615384616 0.0673076923076923
0 0.2776442307692308 0.22716346153846154 0.04567307692307692 0.05048076923076923
0 0.7776442307692307 0.21153846153846154 0.036057692307692304 0.052884615384615384
0 0.359375 0.2439903846153846 0.040865384615384616 0.0625
0 0.20432692307692307 0.2548076923076923 0.05048076923076923 0.07211538461538461
0 0.7379807692307693 0.22115384615384615 0.040865384615384616 0.057692307692307696
0 0.4098557692307692 0.2439903846153846 0.055288461538461536 0.0673076923076923
0 0.02283653846153846 0.2824519230769231 0.04567307692307692 0.0625
0 0.9615384615384616 0.2283653846153846 0.04807692307692308 0.10096153846153846
0 0.0625 0.3076923076923077 0.055288461538461536 0.07211538461538461
0 0.9122596153846154 0.25841346153846156 0.06971153846153846 0.07932692307692307
0 0.2704326923076923 0.30528846153846156 0.055288461538461536 0.07692307692307693
0 0.4807692307692308 0.2932692307692308 0.05048076923076923 0.0625
0 0.5300480769230769 0.2920673076923077 0.06009615384615385 0.09134615384615384
0 0.17668269230769232 0.31850961538461536 0.06490384615384616 0.09134615384615384
0 0.7860576923076923 0.2800480769230769 0.04567307692307692 0.052884615384615384
0 0.3173076923076923 0.31971153846153844 0.05048076923076923 0.07211538461538461
0 0.84375 0.29086538461538464 0.0625 0.055288461538461536
0 0.7067307692307693 0.30528846153846156 0.05048076923076923 0.057692307692307696
0 0.43028846153846156 0.3269230769230769 0.040865384615384616 0.0673076923076923
0 0.0889423076923077 0.35697115384615385 0.055288461538461536 0.08173076923076923
0 0.4831730769230769 0.33413461538461536 0.055288461538461536 0.08653846153846154
0 0.8209134615384616 0.31009615384615385 0.05048076923076923 0.052884615384615384
0 0.9663461538461539 0.32211538461538464 0.04807692307692308 0.052884615384615384
0 0.038461538461538464 0.39783653846153844 0.055288461538461536 0.09134615384615384
0 0.8485576923076923 0.3401442307692308 0.057692307692307696 0.055288461538461536
0 0.008413461538461538 0.39903846153846156 0.016826923076923076 0.07692307692307693
0 0.22235576923076922 0.4014423076923077 0.06490384615384616 0.08173076923076923
0 0.7860576923076923 0.3641826923076923 0.06009615384615385 0.07451923076923077
0 0.16826923076923078 0.41346153846153844 0.08173076923076923 0.0985576923076923
0 0.44471153846153844 0.39903846153846156 0.06490384615384616 0.08653846153846154
0 0.6754807692307693 0.390625 0.06009615384615385 0.08653846153846154
0 0.5252403846153846 0.4026442307692308 0.06490384615384616 0.09134615384615384
0 0.8677884615384616 0.38822115384615385 0.04567307692307692 0.05048076923076923
0 0.9579326923076923 0.3870192307692308 0.06009615384615385 0.07451923076923077
0 0.7271634615384616 0.421875 0.06009615384615385 0.08173076923076923
0 0.640625 0.43509615384615385 0.08413461538461539 0.10336538461538461
0 0.15264423076923078 0.47115384615384615 0.08653846153846154 0.07451923076923077
0 0.34615384615384615 0.46033653846153844 0.055288461538461536 0.08173076923076923
0 0.051682692307692304 0.4963942307692308 0.06490384615384616 0.08173076923076923
0 0.8665865384615384 0.4423076923076923 0.06009615384615385 0.07932692307692307
0 0.7800480769230769 0.45072115384615385 0.08173076923076923 0.10817307692307693
0 0.09375 0.5012019230769231 0.055288461538461536 0.07692307692307693
0 0.5540865384615384 0.4735576923076923 0.07211538461538461 0.09615384615384616
0 0.9242788461538461 0.46033653846153844 0.06490384615384616 0.09134615384615384
0 0.15865384615384615 0.5264423076923077 0.07211538461538461 0.10096153846153846
0 0.4362980769230769 0.5204326923076923 0.08173076923076923 0.11538461538461539
0 0.8245192307692307 0.49278846153846156 0.08653846153846154 0.11538461538461539
0 0.7512019230769231 0.5 0.05048076923076923 0.0673076923076923
0 0.703125 0.5084134615384616 0.06490384615384616 0.09134615384615384
0 0.36538461538461536 0.5324519230769231 0.06009615384615385 0.09134615384615384
0 0.3076923076923077 0.5408653846153846 0.0673076923076923 0.10096153846153846
0 0.9675480769230769 0.49759615384615385 0.06490384615384616 0.09134615384615384
0 0.08173076923076923 0.5793269230769231 0.07211538461538461 0.11538461538461539
0 0.4855769230769231 0.5564903846153846 0.055288461538461536 0.09134615384615384
0 0.5372596153846154 0.5697115384615384 0.06490384615384616 0.09134615384615384
0 0.025240384615384616 0.6634615384615384 0.03365384615384615 0.0985576923076923
0 0.18269230769230768 0.6526442307692307 0.08173076923076923 0.125
0 0.9699519230769231 0.6033653846153846 0.06009615384615385 0.1201923076923077
0 0.23557692307692307 0.6911057692307693 0.09134615384615384 0.125
0 0.38221153846153844 0.7079326923076923 0.0985576923076923 0.10817307692307693