0 0.85703125 0.11953125 0.059375 0.0984375
0 0.0265625 0.15234375 0.053125 0.1171875
0 0.26328125 0.15390625 0.0734375 0.109375
0 0.4328125 0.16171875 0.0734375 0.1
0 0.56953125 0.17109375 0.06875 0.1125
0 0.97421875 0.21953125 0.028125 0.1296875
0 0.1234375 0.25625 0.0640625 0.1171875
0 0.75078125 0.2390625 0.06875 0.1125
0 0.5140625 0.028125 0.053125 0.05625
0 0.496875 0.28671875 0.0734375 0.1046875
0 0.3453125 0.32734375 0.0546875 0.0953125
0 0.65703125 0.3671875 0.06875 0.121875
0 0.01328125 0.459375 0.0265625 0.065625
0 0.17421875 0.45859375 0.0828125 0.1140625
0 0.86171875 0.45078125 0.0734375 0.11875
0 0.371875 0.553125 0.078125 0.1140625
0 0.1296875 0.65 0.0875 0.1234375
0 0.48671875 0.6625 0.0828125 0.128125
0 0.71953125 0.675 0.06875 0.121875
0 0.69375 0.0625 0.0578125 0.090625
0 0.96796875 0.72109375 0.0640625 0.1265625
0 0.34296875 0.8296875 0.10625 0.1328125
0 0.59375 0.8671875 0.0953125 0.0875
0 0.809375 0.86640625 0.0765625 0.0578125
0 0.96953125 0.0828125 0.0359375 0.103125