0 0.9771634615384616 0.42908653846153844 0.026442307692307692 0.03125
0 0.859375 0.45552884615384615 0.016826923076923076 0.019230769230769232
0 0.8737980769230769 0.453125 0.016826923076923076 0.021634615384615384
0 0.8173076923076923 0.46274038461538464 0.016826923076923076 0.016826923076923076
0 0.8894230769230769 0.453125 0.021634615384615384 0.026442307692307692
0 0.9447115384615384 0.44471153846153844 0.016826923076923076 0.021634615384615384
0 0.7067307692307693 0.4831730769230769 0.014423076923076924 0.021634615384615384
0 0.7776442307692307 0.47475961538461536 0.019230769230769232 0.021634615384615384
0 0.8389423076923077 0.46634615384615385 0.016826923076923076 0.021634615384615384
0 0.4423076923076923 0.5300480769230769 0.014423076923076924 0.021634615384615384
0 0.8052884615384616 0.47475961538461536 0.01201923076923077 0.016826923076923076
0 0.8677884615384616 0.46634615384615385 0.019230769230769232 0.021634615384615384
0 0.5444711538461539 0.5168269230769231 0.016826923076923076 0.021634615384615384
0 0.4831730769230769 0.5300480769230769 0.016826923076923076 0.021634615384615384
0 0.40625 0.5420673076923077 0.014423076923076924 0.016826923076923076
0 0.59375 0.5132211538461539 0.016826923076923076 0.021634615384615384
0 0.7475961538461539 0.4891826923076923 0.016826923076923076 0.021634615384615384
0 0.6454326923076923 0.5060096153846154 0.016826923076923076 0.021634615384615384
0 0.4675480769230769 0.5348557692307693 0.014423076923076924 0.016826923076923076
0 0.5096153846153846 0.5288461538461539 0.014423076923076924 0.021634615384615384
0 0.4230769230769231 0.5420673076923077 0.019230769230769232 0.019230769230769232
0 0.40024038461538464 0.5456730769230769 0.01201923076923077 0.014423076923076924
0 0.5240384615384616 0.5276442307692307 0.021634615384615384 0.02403846153846154
0 0.7884615384615384 0.48677884615384615 0.021634615384615384 0.028846153846153848
0 0.6646634615384616 0.5072115384615384 0.021634615384615384 0.026442307692307692
0 0.578125 0.5228365384615384 0.016826923076923076 0.019230769230769232
0 0.9254807692307693 0.46875 0.019230769230769232 0.021634615384615384
0 0.7620192307692307 0.4987980769230769 0.019230769230769232 0.021634615384615384
0 0.6346153846153846 0.5192307692307693 0.014423076923076924 0.021634615384615384
0 0.5865384615384616 0.5264423076923077 0.019230769230769232 0.021634615384615384
0 0.71875 0.5072115384615384 0.019230769230769232 0.021634615384615384
0 0.6129807692307693 0.5240384615384616 0.014423076923076924 0.016826923076923076
0 0.9711538461538461 0.5348557692307693 0.026442307692307692 0.03125
0 0.12620192307692307 0.671875 0.021634615384615384 0.03365384615384615
0 0.35096153846153844 0.6382211538461539 0.019230769230769232 0.026442307692307692
0 0.3858173076923077 0.6334134615384616 0.02403846153846154 0.026442307692307692
0 0.19471153846153846 0.6646634615384616 0.016826923076923076 0.026442307692307692
0 0.36658653846153844 0.6394230769230769 0.021634615384615384 0.019230769230769232
0 0.4963942307692308 0.6189903846153846 0.021634615384615384 0.03125
0 0.8100961538461539 0.5709134615384616 0.021634615384615384 0.026442307692307692
0 0.7572115384615384 0.5805288461538461 0.02403846153846154 0.026442307692307692
0 0.3317307692307692 0.6478365384615384 0.016826923076923076 0.019230769230769232
0 0.23918269230769232 0.6646634615384616 0.019230769230769232 0.028846153846153848
0 0.06971153846153846 0.6911057692307693 0.016826923076923076 0.026442307692307692
0 0.7788461538461539 0.578125 0.026442307692307692 0.03125
0 0.2620192307692308 0.6622596153846154 0.026442307692307692 0.03365384615384615
0 0.4567307692307692 0.6310096153846154 0.016826923076923076 0.014423076923076924
0 0.4170673076923077 0.6382211538461539 0.014423076923076924 0.01201923076923077
0 0.5697115384615384 0.6153846153846154 0.019230769230769232 0.02403846153846154
0 0.04927884615384615 0.6983173076923077 0.016826923076923076 0.026442307692307692
0 0.7475961538461539 0.5877403846153846 0.019230769230769232 0.028846153846153848
0 0.48197115384615385 0.6298076923076923 0.021634615384615384 0.026442307692307692
0 0.9074519230769231 0.5637019230769231 0.026442307692307692 0.028846153846153848
0 0.6177884615384616 0.609375 0.02403846153846154 0.03125
0 0.9459134615384616 0.5576923076923077 0.026442307692307692 0.026442307692307692
0 0.8353365384615384 0.5757211538461539 0.021634615384615384 0.026442307692307692
0 0.8509615384615384 0.5733173076923077 0.028846153846153848 0.03125
0 0.6334134615384616 0.609375 0.021634615384615384 0.02403846153846154
0 0.22115384615384615 0.6754807692307693 0.028846153846153848 0.036057692307692304
0 0.03485576923076923 0.7055288461538461 0.016826923076923076 0.021634615384615384
0 0.5997596153846154 0.6153846153846154 0.016826923076923076 0.021634615384615384
0 0.5288461538461539 0.6274038461538461 0.021634615384615384 0.026442307692307692
0 0.5444711538461539 0.6286057692307693 0.019230769230769232 0.021634615384615384
0 0.7103365384615384 0.6021634615384616 0.021634615384615384 0.026442307692307692
0 0.23557692307692307 0.6766826923076923 0.019230769230769232 0.02403846153846154
0 0.4266826923076923 0.6478365384615384 0.016826923076923076 0.02403846153846154
0 0.8665865384615384 0.5793269230769231 0.028846153846153848 0.03125
0 0.32091346153846156 0.6670673076923077 0.026442307692307692 0.026442307692307692
0 0.17067307692307693 0.6911057692307693 0.052884615384615384 0.06971153846153846
0 0.2956730769230769 0.6730769230769231 0.016826923076923076 0.02403846153846154
0 0.46274038461538464 0.6478365384615384 0.026442307692307692 0.03125
0 0.4182692307692308 0.6622596153846154 0.021634615384615384 0.028846153846153848
0 0.3641826923076923 0.6730769230769231 0.026442307692307692 0.03125
0 0.6899038461538461 0.6610576923076923 0.026442307692307692 0.028846153846153848