0 0.01015625 0.10546875 0.0203125 0.0265625
0 0.2015625 0.0640625 0.028125 0.028125
0 0.065625 0.09296875 0.0328125 0.028125
0 0.3 0.04609375 0.0328125 0.0328125
0 0.496875 0.1171875 0.0265625 0.04375
0 0.77109375 0.0640625 0.025 0.0359375
0 0.57265625 0.10625 0.03125 0.040625
0 0.3875 0.14765625 0.025 0.0359375
0 0.821875 0.05546875 0.0296875 0.0359375
0 0.3375 0.15859375 0.034375 0.0375
0 0.90625 0.03984375 0.0203125 0.034375
0 0.1953125 0.190625 0.0296875 0.0359375
0 0.678125 0.090625 0.03125 0.040625
0 0.62421875 0.10234375 0.03125 0.040625
0 0.2890625 0.17578125 0.03125 0.0453125
0 0.87109375 0.05234375 0.034375 0.0421875
0 0.153125 0.2046875 0.025 0.0359375
0 0.10625 0.2171875 0.0296875 0.0359375
0 0.05703125 0.2296875 0.0296875 0.0359375
0 0.0125 0.24140625 0.025 0.0359375
0 0.4359375 0.1515625 0.0296875 0.0359375
0 0.53046875 0.13203125 0.03125 0.0453125
0 0.7203125 0.09140625 0.028125 0.0328125
0 0.24296875 0.19296875 0.025 0.0359375
0 0.484375 0.1484375 0.03125 0.040625
0 0.915625 0.08515625 0.0125 0.0375
0 0.6796875 0.1328125 0.03125 0.040625
0 0.6234375 0.14453125 0.03125 0.0453125
0 0.77265625 0.115625 0.03125 0.040625
0 0.3453125 0.20859375 0.03125 0.0453125
0 0.29609375 0.21953125 0.03125 0.040625
0 0.8234375 0.10703125 0.034375 0.0421875
0 0.73046875 0.1265625 0.034375 0.0375
0 0.87421875 0.10078125 0.03125 0.040625
0 0.5390625 0.171875 0.03125 0.040625
0 0.24296875 0.2375 0.028125 0.0328125
0 0.38828125 0.20703125 0.03125 0.040625
0 0.19609375 0.25 0.0296875 0.0359375
0 0.47734375 0.19453125 0.025 0.0359375
0 0.1 0.275 0.034375 0.0375
0 0.58359375 0.1796875 0.0296875 0.0359375
0 0.159375 0.2765625 0.0296875 0.0359375
0 0.35546875 0.04375 0.025 0.0359375
0 0.19296875 0.28125 0.034375 0.0421875
0 0.29375 0.2640625 0.0265625 0.04375
0 0.0125 0.32421875 0.025 0.0421875
0 0.77890625 0.1609375 0.03125 0.040625
0 0.38671875 0.24453125 0.03125 0.0453125
0 0.046875 0.31875 0.03125 0.040625
0 0.92421875 0.13515625 0.0265625 0.0390625
0 0.8703125 0.14921875 0.0390625 0.0421875
0 0.24765625 0.28125 0.03125 0.0453125
0 0.63046875 0.2 0.025 0.0359375
0 0.14375 0.303125 0.03125 0.0453125
0 0.45859375 0.23671875 0.03125 0.0453125
0 0.5359375 0.2203125 0.03125 0.0453125
0 0.09453125 0.31640625 0.0296875 0.0359375
0 0.34375 0.265625 0.03125 0.040625
0 0.82421875 0.16328125 0.0296875 0.0359375
0 0.67421875 0.19765625 0.0296875 0.0359375
0 0.73046875 0.2046875 0.03125 0.0453125
0 0.2859375 0.3046875 0.03125 0.040625
0 0.78046875 0.20390625 0.0265625 0.0390625
0 0.18984375 0.33203125 0.0359375 0.046875
0 0.9234375 0.17578125 0.0234375 0.03125
0 0.14453125 0.34140625 0.0359375 0.046875
0 0.328125 0.30234375 0.03125 0.0453125
0 0.6765625 0.228125 0.025 0.0359375
0 0.4390625 0.28125 0.03125 0.0453125
0 0.6296875 0.240625 0.0359375 0.046875
0 0.0484375 0.36640625 0.034375 0.0421875
0 0.484375 0.27421875 0.034375 0.0375
0 0.38046875 0.29609375 0.0390625 0.0421875
0 0.23984375 0.32578125 0.03125 0.040625
0 0.82734375 0.20390625 0.0328125 0.0328125
0 0.00625 0.3796875 0.0125 0.0375
0 0.859375 0.19921875 0.03125 0.040625
0 0.57578125 0.265625 0.028125 0.0328125
0 0.5359375 0.2765625 0.025 0.0359375
0 0.6765625 0.26328125 0.0359375 0.046875
0 0.90703125 0.21953125 0.021875 0.0390625
0 0.52890625 0.3 0.03125 0.040625
0 0.73125 0.26171875 0.034375 0.0421875
0 0.140625 0.38984375 0.0265625 0.0390625
0 0.82890625 0.2453125 0.0328125 0.0328125
0 0.47421875 0.32109375 0.0328125 0.0328125
0 0.58046875 0.2984375 0.025 0.0359375
0 0.625 0.2890625 0.0375 0.0515625
0 0.04453125 0.41484375 0.0328125 0.05
0 0.23671875 0.37421875 0.03125 0.0453125
0 0.19296875 0.3828125 0.0296875 0.0359375
0 0.43203125 0.334375 0.03125 0.040625
0 0.09453125 0.40625 0.021875 0.0390625
0 0.34375 0.35390625 0.03125 0.040625
0 0.278125 0.36953125 0.03125 0.040625
0 0.384375 0.346875 0.03125 0.0453125
0 0.78125 0.26328125 0.0265625 0.0390625
0 0.0046875 0.44375 0.009375 0.040625
0 0.77578125 0.29453125 0.03125 0.040625
0 0.61953125 0.32734375 0.03125 0.040625
0 0.6765625 0.31796875 0.03125 0.040625
0 0.9171875 0.2671875 0.0296875 0.0359375
0 0.1875 0.421875 0.0296875 0.0359375
0 0.27578125 0.403125 0.0265625 0.0390625
0 0.04296875 0.4546875 0.03125 0.040625
0 0.83359375 0.2890625 0.034375 0.0421875
0 0.33125 0.3984375 0.0296875 0.0359375
0 0.8796875 0.28203125 0.025 0.0359375
0 0.571875 0.35 0.0265625 0.0390625
0 0.48828125 0.3671875 0.0265625 0.04375
0 0.38203125 0.3921875 0.0296875 0.0359375
0 0.72421875 0.31953125 0.0359375 0.046875
0 0.43515625 0.38359375 0.0328125 0.05
0 0.09296875 0.45625 0.03125 0.040625
0 0.53515625 0.36484375 0.0265625 0.04375
0 0.00625 0.48046875 0.0125 0.0453125
0 0.12578125 0.45390625 0.028125 0.028125
0 0.23671875 0.43046875 0.03125 0.040625
0 0.103125 0.11328125 0.0359375 0.046875
0 0.825 0.32734375 0.0390625 0.0421875
0 0.921875 0.31171875 0.0265625 0.0390625
0 0.33203125 0.43671875 0.03125 0.0453125
0 0.475 0.40625 0.03125 0.0453125
0 0.278125 0.4484375 0.025 0.0359375
0 0.87734375 0.3234375 0.034375 0.0421875
0 0.02734375 0.50546875 0.0296875 0.0359375
0 0.678125 0.3671875 0.034375 0.0421875
0 0.7734375 0.34921875 0.03125 0.0453125
0 0.571875 0.3921875 0.025 0.0359375
0 0.6265625 0.38046875 0.034375 0.0421875
0 0.078125 0.496875 0.0375 0.0515625
0 0.1328125 0.48515625 0.03125 0.040625
0 0.42265625 0.42578125 0.03125 0.0453125
0 0.52421875 0.4046875 0.0265625 0.0390625
0 0.7265625 0.3640625 0.0296875 0.0359375
0 0.18125 0.48203125 0.0296875 0.0359375
0 0.23828125 0.4703125 0.03125 0.040625
0 0.390625 0.0546875 0.025 0.0359375
0 0.37265625 0.44375 0.0296875 0.0359375
0 0.1984375 0.09765625 0.025 0.0359375
0 0.25546875 0.0859375 0.025 0.0359375
0 0.971875 0.35 0.0125 0.0421875
0 0.72734375 0.4 0.03125 0.0453125
0 0.7859375 0.3875 0.0375 0.0515625
0 0.63046875 0.42265625 0.0296875 0.0359375
0 0.53046875 0.44375 0.0359375 0.046875
0 0.67578125 0.41328125 0.0359375 0.046875
0 0.22734375 0.50859375 0.03125 0.0453125
0 0.8296875 0.3828125 0.0359375 0.046875
0 0.0296875 0.55546875 0.03125 0.0453125
0 0.12265625 0.53828125 0.03125 0.040625
0 0.5734375 0.4421875 0.03125 0.0453125
0 0.475 0.46328125 0.03125 0.040625
0 0.7171875 0.0046875 0.03125 0.009375
0 0.43515625 0.05 0.0328125 0.05
0 0.53671875 0.028125 0.034375 0.0421875
0 0.42578125 0.47578125 0.0328125 0.05
0 0.28359375 0.50859375 0.0296875 0.0359375
0 0.37734375 0.48828125 0.03125 0.0453125
0 0.1828125 0.53203125 0.034375 0.0375
0 0.334375 0.5 0.0296875 0.0359375
0 0.084375 0.571875 0.025 0.0359375
0 0.8953125 0.4015625 0.0375 0.0515625
0 0.6734375 0.009375 0.025 0.01875
0 0.95546875 0.39375 0.034375 0.0421875
0 0.7484375 0.44453125 0.0328125 0.05
0 0.69921875 0.4578125 0.03125 0.040625
0 0.24609375 0.55390625 0.03125 0.0453125
0 0.09765625 0.58828125 0.0328125 0.05
0 0.31484375 0.54140625 0.03125 0.040625
0 0.05 0.5984375 0.03125 0.040625
0 0.5828125 0.0234375 0.03125 0.040625
0 0.6046875 0.4828125 0.03125 0.040625
0 0.653125 0.471875 0.0265625 0.0390625
0 0.85 0.4328125 0.0375 0.0515625
0 0.45390625 0.5171875 0.0375 0.0515625
0 0.80546875 0.446875 0.03125 0.040625
0 0.19921875 0.57578125 0.0234375 0.03125
0 0.2984375 0.08359375 0.03125 0.040625
0 0.34296875 0.07421875 0.0296875 0.0359375
0 0.15 0.59140625 0.0375 0.0515625
0 0.48671875 0.04609375 0.0359375 0.046875
0 0.55703125 0.5234375 0.0265625 0.0390625
0 0.5125 0.53515625 0.0296875 0.0359375
0 0.73203125 0.490625 0.0265625 0.04375
0 0.87734375 0.459375 0.034375 0.0421875
0 0.984375 0.44140625 0.0265625 0.04375
0 0.21640625 0.60234375 0.0296875 0.0359375
0 0.26875 0.59140625 0.0296875 0.0359375
0 0.11875 0.6234375 0.034375 0.0375
0 0.62890625 0.5171875 0.025 0.0359375
0 0.6765625 0.50703125 0.03125 0.040625
0 0.921875 0.46015625 0.0296875 0.0359375
0 0.06640625 0.64140625 0.03125 0.0453125
0 0.325 0.5890625 0.0296875 0.0359375
0 0.3765625 0.578125 0.03125 0.040625
0 0.76640625 0.4953125 0.034375 0.0421875
0 0.43359375 0.56875 0.0359375 0.046875
0 0.0203125 0.15 0.025 0.0359375
0 0.25234375 0.63828125 0.03125 0.0453125
0 0.1890625 0.65390625 0.025 0.0359375
0 0.95078125 0.4921875 0.0359375 0.046875
0 0.05078125 0.14375 0.028125 0.028125
0 0.55 0.5796875 0.03125 0.0453125
0 0.2875 0.63515625 0.0296875 0.0359375
0 0.34375 0.6234375 0.03125 0.040625
0 0.75390625 0.5359375 0.034375 0.0375
0 0.14765625 0.66796875 0.03125 0.040625
0 0.453125 0.60234375 0.040625 0.046875
0 0.85546875 0.5171875 0.03125 0.0453125
0 0.80390625 0.528125 0.0359375 0.046875
0 0.7 0.55 0.0265625 0.04375
0 0.50546875 0.59375 0.0375 0.0515625
0 0.390625 0.621875 0.0328125 0.05
0 0.65859375 0.565625 0.034375 0.0421875
0 0.04609375 0.7 0.034375 0.0375
0 0.090625 0.690625 0.0296875 0.0359375
0 0.60078125 0.5828125 0.034375 0.0421875
0 0.9140625 0.5203125 0.034375 0.0421875
0 0.9796875 0.528125 0.0359375 0.046875
0 0.25 0.04921875 0.0265625 0.01875
0 0.571875 0.6171875 0.034375 0.0421875
0 0.3125 0.67265625 0.03125 0.040625
0 0.82890625 0.56484375 0.0359375 0.046875
0 0.2125 0.69609375 0.034375 0.0375
0 0.47578125 0.63984375 0.03125 0.0453125
0 0.67578125 0.6 0.025 0.0359375
0 0.37265625 0.6671875 0.034375 0.0421875
0 0.521875 0.63515625 0.034375 0.0375
0 0.10546875 0.72578125 0.03125 0.040625
0 0.88203125 0.5609375 0.034375 0.0375
0 0.06015625 0.7359375 0.034375 0.0375
0 0.6265625 0.61796875 0.03125 0.040625
0 0.76953125 0.5875 0.034375 0.0421875
0 0.42578125 0.6625 0.03125 0.040625
0 0.93046875 0.55546875 0.0296875 0.0359375
0 0.15703125 0.725 0.0265625 0.0390625
0 0.72421875 0.60859375 0.0265625 0.0390625
0 0.2609375 0.71171875 0.0265625 0.0390625
0 0.740625 0.62890625 0.034375 0.0421875
0 0.54375 0.6703125 0.03125 0.0453125
0 0.1390625 0.75859375 0.03125 0.0453125
0 0.28984375 0.7265625 0.0296875 0.0359375
0 0.809375 0.61875 0.0296875 0.0359375
0 0.5984375 0.66328125 0.025 0.0359375
0 0.99453125 0.5765625 0.0109375 0.05
0 0.1890625 0.75078125 0.03125 0.040625
0 0.6671875 0.6515625 0.03125 0.040625
0 0.24140625 0.7421875 0.0265625 0.0390625
0 0.0765625 0.7765625 0.028125 0.0328125
0 0.39296875 0.71171875 0.0234375 0.03125
0 0.49375 0.690625 0.03125 0.0453125
0 0.34375 0.725 0.0328125 0.05
0 0.946875 0.59921875 0.034375 0.0375
0 0.15234375 0.13359375 0.028125 0.0328125
0 0.45625 0.70546875 0.03125 0.040625
0 0.825 0.66015625 0.0296875 0.0359375
0 0.09765625 0.81484375 0.03125 0.0453125
0 0.15 0.80390625 0.03125 0.040625
0 0.41953125 0.74609375 0.03125 0.0453125
0 0.2640625 0.78203125 0.03125 0.0453125
0 0.77578125 0.67265625 0.034375 0.0421875
0 0.665625 0.69921875 0.025 0.0359375
0 0.35703125 0.7640625 0.0265625 0.0390625
0 0.9328125 0.6421875 0.03125 0.040625
0 0.21328125 0.8 0.0359375 0.046875
0 0.59140625 0.71953125 0.025 0.0359375
0 0.878125 0.66328125 0.040625 0.046875
0 0.30703125 0.784375 0.0296875 0.0359375
0 0.72578125 0.6953125 0.0296875 0.0359375
0 0.1875 0.13125 0.0296875 0.0359375
0 0.98828125 0.65078125 0.0234375 0.0359375
0 0.834375 0.70625 0.0359375 0.046875
0 0.7734375 0.71875 0.03125 0.040625
0 0.6109375 0.75390625 0.0296875 0.0359375
0 0.1515625 0.85390625 0.0296875 0.0359375
0 0.46015625 0.78828125 0.03125 0.0453125
0 0.31484375 0.82109375 0.03125 0.040625
0 0.5125 0.7796875 0.03125 0.0453125
0 0.2 0.84609375 0.0265625 0.0390625
0 0.10546875 0.8703125 0.0359375 0.046875
0 0.7234375 0.7390625 0.034375 0.0421875
0 0.2625 0.8390625 0.0375 0.0515625
0 0.6765625 0.75078125 0.0359375 0.046875
0 0.98046875 0.690625 0.025 0.0359375
0 0.5640625 0.7796875 0.0296875 0.0359375
0 0.92890625 0.7140625 0.0296875 0.0359375
0 0.2515625 0.86953125 0.0359375 0.046875
0 0.659375 0.78515625 0.028125 0.0328125
0 0.89375 0.7359375 0.0296875 0.0359375
0 0.71875 0.775 0.0234375 0.03125
0 0.859375 0.00625 0.025 0.0125
0 0.28828125 0.1171875 0.03125 0.040625
0 0.3546875 0.853125 0.03125 0.0453125
0 0.56171875 0.8109375 0.0265625 0.0390625
0 0.41015625 0.8453125 0.0296875 0.0359375
0 0.15 0.90078125 0.03125 0.0453125
0 0.09140625 0.91328125 0.0359375 0.046875
0 0.825 0.76015625 0.034375 0.0375
0 0.46328125 0.8390625 0.03125 0.040625
0 0.30078125 0.87890625 0.0265625 0.04375
0 0.20078125 0.90703125 0.03125 0.0453125
0 0.7765625 0.784375 0.034375 0.0375
0 0.18359375 0.9265625 0.0296875 0.0359375
0 0.51640625 0.85625 0.03125 0.040625
0 0.71796875 0.81328125 0.034375 0.0375
0 0.81796875 0.79453125 0.028125 0.0328125
0 0.35234375 0.89296875 0.0296875 0.0359375
0 0.67421875 0.03984375 0.0296875 0.0359375
0 0.87578125 0.78671875 0.03125 0.040625
0 0.59765625 0.8484375 0.03125 0.0453125
0 0.39453125 0.89609375 0.025 0.0359375
0 0.98359375 0.7734375 0.0296875 0.0359375
0 0.7625 0.82265625 0.0359375 0.046875
0 0.665625 0.84375 0.03125 0.040625
0 0.93359375 0.79140625 0.0296875 0.0359375
0 0.25625 0.93515625 0.0296875 0.0359375
0 0.29765625 0.9265625 0.025 0.0359375
0 0.7265625 0.03046875 0.03125 0.040625
0 0.82265625 0.8265625 0.034375 0.0375
0 0.38125 0.9203125 0.0375 0.034375
0 0.46015625 0.90390625 0.0375 0.0375
0 0.3390625 0.934375 0.0375 0.0375
0 0.665625 0.86484375 0.0359375 0.0296875
0 0.7125 0.8546875 0.0328125 0.0328125
0 0.22421875 0.9609375 0.0375 0.034375
0 0.61015625 0.88125 0.03125 0.0234375
0 0.88125 0.82421875 0.0359375 0.025
0 0.93984375 0.81171875 0.03125 0.0234375
0 0.28125 0.9515625 0.03125 0.0234375
0 0.190625 0.9734375 0.0265625 0.0234375
0 0.5171875 0.90390625 0.021875 0.021875
0 0.56484375 0.89375 0.021875 0.0171875
0 0.39453125 0.10390625 0.03125 0.040625
0 0.4421875 0.09375 0.03125 0.0453125
0 0.06015625 0.17734375 0.0359375 0.046875
0 0.15546875 0.071875 0.021875 0.021875
0 0.01171875 0.190625 0.0234375 0.0375
0 0.340625 0.11953125 0.0296875 0.0359375
0 0.5359375 0.078125 0.0296875 0.0359375
0 0.58359375 0.0703125 0.03125 0.0453125
0 0.24921875 0.14140625 0.028125 0.0328125
0 0.63671875 0.06328125 0.034375 0.0421875