0 0.6983173076923077 0.03485576923076923 0.016826923076923076 0.02403846153846154
0 0.46274038461538464 0.007211538461538462 0.021634615384615384 0.014423076923076924
0 0.45552884615384615 0.007211538461538462 0.026442307692307692 0.014423076923076924
0 0.4411057692307692 0.004807692307692308 0.021634615384615384 0.009615384615384616
0 0.47475961538461536 0.008413461538461538 0.03125 0.016826923076923076
0 0.9014423076923077 0.15985576923076922 0.021634615384615384 0.028846153846153848
0 0.39903846153846156 0.0889423076923077 0.021634615384615384 0.03365384615384615
0 0.4951923076923077 0.10216346153846154 0.021634615384615384 0.028846153846153848
0 0.24519230769230768 0.0673076923076923 0.021634615384615384 0.02403846153846154
0 0.4170673076923077 0.09134615384615384 0.021634615384615384 0.028846153846153848
0 0.31850961538461536 0.078125 0.021634615384615384 0.028846153846153848
0 0.5637019230769231 0.11177884615384616 0.021634615384615384 0.02403846153846154
0 0.9411057692307693 0.16706730769230768 0.026442307692307692 0.03125
0 0.6322115384615384 0.12379807692307693 0.021634615384615384 0.03365384615384615
0 0.15745192307692307 0.057692307692307696 0.021634615384615384 0.03365384615384615
0 0.19471153846153846 0.06370192307692307 0.021634615384615384 0.02403846153846154
0 0.07451923076923077 0.046875 0.026442307692307692 0.036057692307692304
0 0.5444711538461539 0.11538461538461539 0.021634615384615384 0.028846153846153848
0 0.22596153846153846 0.07091346153846154 0.021634615384615384 0.03365384615384615
0 0.8365384615384616 0.15625 0.021634615384615384 0.02403846153846154
0 0.6502403846153846 0.12980769230769232 0.026442307692307692 0.036057692307692304
0 0.3798076923076923 0.09254807692307693 0.026442307692307692 0.03125
0 0.0889423076923077 0.051682692307692304 0.021634615384615384 0.03365384615384615
0 0.8581730769230769 0.15985576923076922 0.019230769230769232 0.016826923076923076
0 0.5120192307692307 0.11057692307692307 0.016826923076923076 0.02403846153846154
0 0.7487980769230769 0.1466346153846154 0.021634615384615384 0.02403846153846154
0 0.47115384615384615 0.10817307692307693 0.016826923076923076 0.02403846153846154
0 0.1346153846153846 0.06009615384615385 0.019230769230769232 0.019230769230769232
0 0.2620192307692308 0.078125 0.021634615384615384 0.02403846153846154
0 0.9170673076923077 0.17307692307692307 0.021634615384615384 0.02403846153846154
0 0.6153846153846154 0.12980769230769232 0.026442307692307692 0.036057692307692304
0 0.27524038461538464 0.08533653846153846 0.021634615384615384 0.03365384615384615
0 0.6947115384615384 0.14423076923076922 0.026442307692307692 0.026442307692307692
0 0.671875 0.14302884615384615 0.021634615384615384 0.02403846153846154
0 0.7331730769230769 0.15144230769230768 0.021634615384615384 0.02403846153846154
0 0.4579326923076923 0.11298076923076923 0.01201923076923077 0.02403846153846154
0 0.8641826923076923 0.171875 0.021634615384615384 0.03365384615384615
0 0.8918269230769231 0.17668269230769232 0.021634615384615384 0.03365384615384615
0 0.5180288461538461 0.12379807692307693 0.021634615384615384 0.02403846153846154
0 0.953125 0.18509615384615385 0.021634615384615384 0.02403846153846154
0 0.3016826923076923 0.09375 0.021634615384615384 0.02403846153846154
0 0.23798076923076922 0.08413461538461539 0.026442307692307692 0.026442307692307692
0 0.9831730769230769 0.19110576923076922 0.021634615384615384 0.028846153846153848
0 0.4074519230769231 0.11057692307692307 0.026442307692307692 0.03125
0 0.3545673076923077 0.10336538461538461 0.026442307692307692 0.03125
0 0.14182692307692307 0.0733173076923077 0.019230769230769232 0.019230769230769232
0 0.7764423076923077 0.1622596153846154 0.026442307692307692 0.036057692307692304
0 0.8762019230769231 0.17908653846153846 0.016826923076923076 0.02403846153846154
0 0.8389423076923077 0.17427884615384615 0.021634615384615384 0.02403846153846154
0 0.203125 0.08413461538461539 0.021634615384615384 0.02403846153846154
0 0.0985576923076923 0.06971153846153846 0.021634615384615384 0.02403846153846154
0 0.0625 0.06971153846153846 0.009615384615384616 0.028846153846153848
0 0.2439903846153846 0.09254807692307693 0.021634615384615384 0.02403846153846154
0 0.16826923076923078 0.08173076923076923 0.021634615384615384 0.02403846153846154
0 0.7944711538461539 0.16947115384615385 0.021634615384615384 0.03365384615384615
0 0.11298076923076923 0.07451923076923077 0.021634615384615384 0.028846153846153848
0 0.8137019230769231 0.17307692307692307 0.021634615384615384 0.02403846153846154
0 0.4230769230769231 0.11778846153846154 0.026442307692307692 0.026442307692307692
0 0.4735576923076923 0.12740384615384615 0.021634615384615384 0.02403846153846154
0 0.48677884615384615 0.12860576923076922 0.021634615384615384 0.02403846153846154
0 0.39302884615384615 0.003605769230769231 0.021634615384615384 0.007211538461538462
0 0.8617788461538461 0.06009615384615385 0.016826923076923076 0.019230769230769232
0 0.8125 0.054086538461538464 0.016826923076923076 0.019230769230769232
0 0.9915865384615384 0.078125 0.016826923076923076 0.02403846153846154
0 0.1814903846153846 0.0889423076923077 0.021634615384615384 0.02403846153846154
0 0.6153846153846154 0.14903846153846154 0.019230769230769232 0.019230769230769232
0 0.71875 0.16466346153846154 0.026442307692307692 0.03125
0 0.5348557692307693 0.140625 0.026442307692307692 0.036057692307692304
0 0.44471153846153844 0.12860576923076922 0.021634615384615384 0.03365384615384615
0 0.08533653846153846 0.078125 0.019230769230769232 0.019230769230769232
0 0.9146634615384616 0.19471153846153846 0.021634615384615384 0.028846153846153848
0 0.5769230769230769 0.14783653846153846 0.026442307692307692 0.036057692307692304
0 0.5084134615384616 0.13822115384615385 0.021634615384615384 0.02403846153846154
0 0.6778846153846154 0.16466346153846154 0.03125 0.026442307692307692
0 0.28725961538461536 0.109375 0.021634615384615384 0.02403846153846154
0 0.9675480769230769 0.20793269230769232 0.02403846153846154 0.021634615384615384
0 0.9867788461538461 0.21033653846153846 0.019230769230769232 0.019230769230769232
0 0.9615384615384616 0.07451923076923077 0.019230769230769232 0.028846153846153848
0 0.4987980769230769 0.013221153846153846 0.021634615384615384 0.026442307692307692
0 0.7355769230769231 0.17548076923076922 0.026442307692307692 0.026442307692307692
0 0.12740384615384615 0.09254807692307693 0.021634615384615384 0.028846153846153848
0 0.9326923076923077 0.20552884615384615 0.026442307692307692 0.03125
0 0.32211538461538464 0.11899038461538461 0.026442307692307692 0.036057692307692304
0 0.6995192307692307 0.17548076923076922 0.026442307692307692 0.036057692307692304
0 0.6177884615384616 0.16346153846153846 0.021634615384615384 0.02403846153846154
0 0.8701923076923077 0.19831730769230768 0.016826923076923076 0.02403846153846154
0 0.40024038461538464 0.13221153846153846 0.021634615384615384 0.03365384615384615
0 0.0625 0.08774038461538461 0.019230769230769232 0.019230769230769232
0 0.8942307692307693 0.20432692307692307 0.021634615384615384 0.02403846153846154
0 0.8461538461538461 0.19831730769230768 0.021634615384615384 0.02403846153846154
0 0.25240384615384615 0.11658653846153846 0.03125 0.036057692307692304
0 0.3473557692307692 0.12980769230769232 0.03365384615384615 0.040865384615384616
0 0.11298076923076923 0.09735576923076923 0.021634615384615384 0.03365384615384615
0 0.2403846153846154 0.11778846153846154 0.021634615384615384 0.03365384615384615
0 0.203125 0.11298076923076923 0.019230769230769232 0.019230769230769232
0 0.22235576923076922 0.11538461538461539 0.03125 0.036057692307692304
0 0.4855769230769231 0.15264423076923078 0.026442307692307692 0.03125
0 0.8197115384615384 0.19951923076923078 0.026442307692307692 0.026442307692307692
0 0.15625 0.10817307692307693 0.016826923076923076 0.02403846153846154
0 0.4182692307692308 0.14543269230769232 0.026442307692307692 0.026442307692307692
0 0.28966346153846156 0.12740384615384615 0.019230769230769232 0.019230769230769232
0 0.16105769230769232 0.109375 0.021634615384615384 0.028846153846153848
0 0.5 0.15625 0.019230769230769232 0.03365384615384615
0 0.13822115384615385 0.10817307692307693 0.016826923076923076 0.02403846153846154
0 0.18269230769230768 0.1141826923076923 0.026442307692307692 0.036057692307692304
0 0.6862980769230769 0.1875 0.026442307692307692 0.036057692307692304
0 0.59375 0.17427884615384615 0.026442307692307692 0.03125
0 0.9891826923076923 0.22956730769230768 0.021634615384615384 0.03125
0 0.46634615384615385 0.15625 0.02403846153846154 0.04807692307692308
0 0.4110576923076923 0.14903846153846154 0.026442307692307692 0.026442307692307692
0 0.7848557692307693 0.20432692307692307 0.02403846153846154 0.021634615384615384
0 0.8004807692307693 0.20552884615384615 0.02403846153846154 0.021634615384615384
0 0.7163461538461539 0.19471153846153846 0.026442307692307692 0.036057692307692304
0 0.8197115384615384 0.055288461538461536 0.01201923076923077 0.014423076923076924
0 0.9086538461538461 0.06850961538461539 0.016826923076923076 0.019230769230769232
0 0.41466346153846156 0.004807692307692308 0.016826923076923076 0.009615384615384616
0 0.27524038461538464 0.1346153846153846 0.021634615384615384 0.028846153846153848
0 0.6358173076923077 0.18509615384615385 0.026442307692307692 0.036057692307692304
0 0.5276442307692307 0.17307692307692307 0.016826923076923076 0.019230769230769232
0 0.43990384615384615 0.15985576923076922 0.021634615384615384 0.03365384615384615
0 0.7379807692307693 0.20192307692307693 0.026442307692307692 0.036057692307692304
0 0.8521634615384616 0.21995192307692307 0.021634615384615384 0.028846153846153848
0 0.4855769230769231 0.16826923076923078 0.016826923076923076 0.019230769230769232
0 0.08533653846153846 0.11177884615384616 0.021634615384615384 0.02403846153846154
0 0.9759615384615384 0.23677884615384615 0.021634615384615384 0.03365384615384615
0 0.09735576923076923 0.11538461538461539 0.021634615384615384 0.02403846153846154
0 0.8269230769230769 0.21875 0.021634615384615384 0.028846153846153848
0 0.6069711538461539 0.1875 0.026442307692307692 0.036057692307692304
0 0.5504807692307693 0.17908653846153846 0.021634615384615384 0.028846153846153848
0 0.5697115384615384 0.02283653846153846 0.019230769230769232 0.028846153846153848
0 0.9338942307692307 0.07451923076923077 0.016826923076923076 0.02403846153846154
0 0.7800480769230769 0.052884615384615384 0.019230769230769232 0.019230769230769232
0 0.9627403846153846 0.23918269230769232 0.021634615384615384 0.02403846153846154
0 0.25 0.13942307692307693 0.019230769230769232 0.019230769230769232
0 0.5144230769230769 0.17908653846153846 0.021634615384615384 0.02403846153846154
0 0.36538461538461536 0.15865384615384615 0.026442307692307692 0.03125
0 0.6778846153846154 0.20192307692307693 0.021634615384615384 0.03365384615384615
0 0.8653846153846154 0.23076923076923078 0.026442307692307692 0.036057692307692304
0 0.06370192307692307 0.11778846153846154 0.028846153846153848 0.040865384615384616
0 0.1935096153846154 0.13701923076923078 0.021634615384615384 0.028846153846153848
0 0.8052884615384616 0.2247596153846154 0.021634615384615384 0.028846153846153848
0 0.3485576923076923 0.16105769230769232 0.021634615384615384 0.03365384615384615
0 0.8894230769230769 0.23918269230769232 0.03125 0.036057692307692304
0 0.21394230769230768 0.14423076923076922 0.021634615384615384 0.028846153846153848
0 0.44471153846153844 0.17668269230769232 0.03125 0.03125
0 0.41225961538461536 0.171875 0.026442307692307692 0.03125
0 0.13822115384615385 0.13341346153846154 0.026442307692307692 0.036057692307692304
0 0.4326923076923077 0.008413461538461538 0.019230769230769232 0.016826923076923076
0 0.15384615384615385 0.13822115384615385 0.021634615384615384 0.028846153846153848
0 0.6165865384615384 0.203125 0.019230769230769232 0.019230769230769232
0 0.38461538461538464 0.17067307692307693 0.028846153846153848 0.040865384615384616
0 0.7439903846153846 0.22115384615384615 0.02403846153846154 0.021634615384615384
0 0.7752403846153846 0.22596153846153846 0.026442307692307692 0.026442307692307692
0 0.5384615384615384 0.19471153846153846 0.026442307692307692 0.03125
0 0.17908653846153846 0.14423076923076922 0.021634615384615384 0.02403846153846154
0 0.6911057692307693 0.21634615384615385 0.026442307692307692 0.026442307692307692
0 0.11899038461538461 0.13581730769230768 0.03125 0.026442307692307692
0 0.08413461538461539 0.1310096153846154 0.021634615384615384 0.028846153846153848
0 0.765625 0.22716346153846154 0.021634615384615384 0.028846153846153848
0 0.47836538461538464 0.18629807692307693 0.021634615384615384 0.03365384615384615
0 0.9459134615384616 0.2548076923076923 0.03365384615384615 0.040865384615384616
0 0.4987980769230769 0.19110576923076922 0.02403846153846154 0.038461538461538464
0 0.09615384615384616 0.13942307692307693 0.026442307692307692 0.036057692307692304
0 0.31490384615384615 0.17067307692307693 0.03125 0.026442307692307692
0 0.3473557692307692 0.004807692307692308 0.021634615384615384 0.009615384615384616
0 0.5144230769230769 0.018028846153846152 0.016826923076923076 0.02403846153846154
0 0.25 0.16346153846153846 0.03125 0.03125
0 0.15865384615384615 0.15144230769230768 0.026442307692307692 0.03125
0 0.8353365384615384 0.24639423076923078 0.03125 0.036057692307692304
0 0.875 0.2548076923076923 0.021634615384615384 0.03365384615384615
0 0.7439903846153846 0.23677884615384615 0.026442307692307692 0.026442307692307692
0 0.9302884615384616 0.26322115384615385 0.021634615384615384 0.03365384615384615
0 0.7259615384615384 0.23677884615384615 0.03365384615384615 0.04567307692307692
0 0.6069711538461539 0.21995192307692307 0.026442307692307692 0.036057692307692304
0 0.7019230769230769 0.04447115384615385 0.021634615384615384 0.02403846153846154
0 0.23317307692307693 0.16947115384615385 0.03125 0.03125
0 0.5132211538461539 0.2091346153846154 0.021634615384615384 0.03365384615384615
0 0.46274038461538464 0.20192307692307693 0.026442307692307692 0.036057692307692304
0 0.15865384615384615 0.1622596153846154 0.021634615384615384 0.02403846153846154
0 0.5697115384615384 0.21995192307692307 0.026442307692307692 0.036057692307692304
0 0.9206730769230769 0.2692307692307692 0.021634615384615384 0.028846153846153848
0 0.5877403846153846 0.22235576923076922 0.03125 0.036057692307692304
0 0.4362980769230769 0.20072115384615385 0.026442307692307692 0.036057692307692304
0 0.3545673076923077 0.18990384615384615 0.03125 0.03125
0 0.2764423076923077 0.17908653846153846 0.038461538461538464 0.04567307692307692
0 0.6586538461538461 0.234375 0.040865384615384616 0.038461538461538464
0 0.0889423076923077 0.15504807692307693 0.026442307692307692 0.026442307692307692
0 0.6213942307692307 0.22956730769230768 0.028846153846153848 0.040865384615384616
0 0.8137019230769231 0.25841346153846156 0.02403846153846154 0.038461538461538464
0 0.5276442307692307 0.21875 0.02403846153846154 0.038461538461538464
0 0.3173076923076923 0.18870192307692307 0.026442307692307692 0.03125
0 0.7956730769230769 0.25841346153846156 0.03125 0.036057692307692304
0 0.6382211538461539 0.23677884615384615 0.026442307692307692 0.026442307692307692
0 0.40024038461538464 0.203125 0.03365384615384615 0.040865384615384616
0 0.30288461538461536 0.18990384615384615 0.021634615384615384 0.028846153846153848
0 0.057692307692307696 0.15504807692307693 0.021634615384615384 0.03365384615384615
0 0.7403846153846154 0.051682692307692304 0.016826923076923076 0.016826923076923076
0 0.9819711538461539 0.2848557692307692 0.026442307692307692 0.03125
0 0.18269230769230768 0.17307692307692307 0.028846153846153848 0.040865384615384616
0 0.6875 0.24639423076923078 0.026442307692307692 0.036057692307692304
0 0.8557692307692307 0.2692307692307692 0.026442307692307692 0.03125
0 0.0985576923076923 0.16346153846153846 0.026442307692307692 0.036057692307692304
0 0.9675480769230769 0.2848557692307692 0.026442307692307692 0.03125
0 0.11658653846153846 0.16826923076923078 0.026442307692307692 0.036057692307692304
0 0.171875 0.17548076923076922 0.021634615384615384 0.02403846153846154
0 0.4855769230769231 0.21995192307692307 0.021634615384615384 0.028846153846153848
0 0.7584134615384616 0.25841346153846156 0.021634615384615384 0.02403846153846154
0 0.8701923076923077 0.27403846153846156 0.016826923076923076 0.02403846153846154
0 0.7716346153846154 0.2608173076923077 0.028846153846153848 0.040865384615384616
0 0.9927884615384616 0.296875 0.014423076923076924 0.040865384615384616
0 0.9038461538461539 0.28365384615384615 0.03365384615384615 0.04567307692307692
0 0.9362980769230769 0.28846153846153844 0.026442307692307692 0.026442307692307692
0 0.8413461538461539 0.06610576923076923 0.021634615384615384 0.02403846153846154
0 0.5348557692307693 0.02283653846153846 0.021634615384615384 0.02403846153846154
0 0.21634615384615385 0.18990384615384615 0.03365384615384615 0.04567307692307692
0 0.13341346153846154 0.18028846153846154 0.021634615384615384 0.02403846153846154
0 0.07692307692307693 0.171875 0.021634615384615384 0.03365384615384615
0 0.8209134615384616 0.2764423076923077 0.028846153846153848 0.040865384615384616
0 0.33052884615384615 0.2091346153846154 0.03365384615384615 0.05048076923076923
0 0.05048076923076923 0.171875 0.014423076923076924 0.03365384615384615
0 0.5456730769230769 0.24158653846153846 0.021634615384615384 0.028846153846153848
0 0.9495192307692307 0.08173076923076923 0.016826923076923076 0.019230769230769232
0 0.7860576923076923 0.2776442307692308 0.026442307692307692 0.026442307692307692
0 0.8401442307692307 0.28846153846153844 0.02403846153846154 0.04326923076923077
0 0.1971153846153846 0.1971153846153846 0.036057692307692304 0.036057692307692304
0 0.5576923076923077 0.2536057692307692 0.028846153846153848 0.040865384615384616
0 0.7524038461538461 0.28125 0.021634615384615384 0.02403846153846154
0 0.7307692307692307 0.2776442307692308 0.028846153846153848 0.040865384615384616
0 0.5745192307692307 0.25600961538461536 0.028846153846153848 0.04567307692307692
0 0.7091346153846154 0.27403846153846156 0.028846153846153848 0.040865384615384616
0 0.9459134615384616 0.31009615384615385 0.026442307692307692 0.036057692307692304
0 0.12139423076923077 0.19471153846153846 0.026442307692307692 0.026442307692307692
0 0.4483173076923077 0.2403846153846154 0.021634615384615384 0.03365384615384615
0 0.8930288461538461 0.07572115384615384 0.016826923076923076 0.019230769230769232
0 0.4675480769230769 0.016826923076923076 0.026442307692307692 0.03365384615384615
0 0.9975961538461539 0.09134615384615384 0.004807692307692308 0.02403846153846154
0 0.36899038461538464 0.004807692307692308 0.01201923076923077 0.009615384615384616
0 0.09134615384615384 0.19230769230769232 0.03125 0.03125
0 0.6382211538461539 0.2692307692307692 0.03365384615384615 0.040865384615384616
0 0.6057692307692307 0.2644230769230769 0.02403846153846154 0.038461538461538464
0 0.16947115384615385 0.20552884615384615 0.026442307692307692 0.036057692307692304
0 0.3016826923076923 0.2247596153846154 0.021634615384615384 0.03365384615384615
0 0.22716346153846154 0.21634615384615385 0.038461538461538464 0.055288461538461536
0 0.14783653846153846 0.20552884615384615 0.03365384615384615 0.04567307692307692
0 0.9639423076923077 0.32211538461538464 0.03125 0.026442307692307692
0 0.6754807692307693 0.2824519230769231 0.026442307692307692 0.036057692307692304
0 0.8473557692307693 0.3088942307692308 0.03365384615384615 0.05048076923076923
0 0.328125 0.004807692307692308 0.021634615384615384 0.009615384615384616
0 0.8076923076923077 0.30288461538461536 0.026442307692307692 0.036057692307692304
0 0.4110576923076923 0.25 0.026442307692307692 0.036057692307692304
0 0.8701923076923077 0.3137019230769231 0.038461538461538464 0.055288461538461536
0 0.33774038461538464 0.2403846153846154 0.038461538461538464 0.055288461538461536
0 0.8377403846153846 0.3112980769230769 0.028846153846153848 0.040865384615384616
0 0.4807692307692308 0.2608173076923077 0.026442307692307692 0.036057692307692304
0 0.7403846153846154 0.29927884615384615 0.03365384615384615 0.05048076923076923
0 0.06490384615384616 0.20432692307692307 0.03365384615384615 0.04567307692307692
0 0.9182692307692307 0.3245192307692308 0.03365384615384615 0.04567307692307692
0 0.2548076923076923 0.23076923076923078 0.026442307692307692 0.026442307692307692
0 0.13341346153846154 0.21634615384615385 0.026442307692307692 0.036057692307692304
0 0.7704326923076923 0.30649038461538464 0.026442307692307692 0.036057692307692304
0 0.2776442307692308 0.23677884615384615 0.028846153846153848 0.04567307692307692
0 0.7980769230769231 0.06490384615384616 0.01201923076923077 0.02403846153846154
0 0.6502403846153846 0.2920673076923077 0.026442307692307692 0.03125
0 0.3954326923076923 0.2608173076923077 0.021634615384615384 0.028846153846153848
0 0.5829326923076923 0.28725961538461536 0.026442307692307692 0.036057692307692304
0 0.04447115384615385 0.21394230769230768 0.014423076923076924 0.04326923076923077
0 0.359375 0.25600961538461536 0.03365384615384615 0.05048076923076923
0 0.1935096153846154 0.23677884615384615 0.03365384615384615 0.04567307692307692
0 0.38100961538461536 0.007211538461538462 0.016826923076923076 0.014423076923076924
0 0.8810096153846154 0.33413461538461536 0.03365384615384615 0.052884615384615384
0 0.5180288461538461 0.2824519230769231 0.03365384615384615 0.040865384615384616
0 0.6045673076923077 0.29447115384615385 0.028846153846153848 0.04567307692307692
0 0.10336538461538461 0.22716346153846154 0.026442307692307692 0.036057692307692304
0 0.7872596153846154 0.3233173076923077 0.03365384615384615 0.040865384615384616
0 0.9927884615384616 0.35216346153846156 0.014423076923076924 0.036057692307692304
0 0.9579326923076923 0.35216346153846156 0.028846153846153848 0.04567307692307692
0 0.8161057692307693 0.33413461538461536 0.038461538461538464 0.05048076923076923
0 0.5540865384615384 0.2980769230769231 0.03365384615384615 0.052884615384615384
0 0.8028846153846154 0.06850961538461539 0.021634615384615384 0.02403846153846154
0 0.16826923076923078 0.24879807692307693 0.038461538461538464 0.040865384615384616
0 0.6382211538461539 0.3137019230769231 0.02403846153846154 0.038461538461538464
0 0.5877403846153846 0.3076923076923077 0.028846153846153848 0.04567307692307692
0 0.14423076923076922 0.24879807692307693 0.021634615384615384 0.028846153846153848
0 0.4795673076923077 0.2956730769230769 0.03365384615384615 0.040865384615384616
0 0.40625 0.2848557692307692 0.038461538461538464 0.05048076923076923
0 0.9350961538461539 0.36177884615384615 0.03365384615384615 0.05048076923076923
0 0.6526442307692307 0.046875 0.021634615384615384 0.03365384615384615
0 0.5997596153846154 0.039663461538461536 0.021634615384615384 0.028846153846153848
0 0.21995192307692307 0.2692307692307692 0.038461538461538464 0.05048076923076923
0 0.29927884615384615 0.2800480769230769 0.038461538461538464 0.05048076923076923
0 0.6875 0.33413461538461536 0.03365384615384615 0.05048076923076923
0 0.42908653846153844 0.30288461538461536 0.036057692307692304 0.036057692307692304
0 0.4855769230769231 0.025240384615384616 0.019230769230769232 0.028846153846153848
0 0.9110576923076923 0.3737980769230769 0.03365384615384615 0.040865384615384616
0 0.12860576923076922 0.26322115384615385 0.03365384615384615 0.05048076923076923
0 0.4831730769230769 0.3137019230769231 0.03365384615384615 0.05048076923076923
0 0.9831730769230769 0.38341346153846156 0.03365384615384615 0.04567307692307692
0 0.24519230769230768 0.2824519230769231 0.038461538461538464 0.05048076923076923
0 0.8497596153846154 0.36899038461538464 0.038461538461538464 0.05048076923076923
0 0.7223557692307693 0.3545673076923077 0.03365384615384615 0.05048076923076923
0 0.8774038461538461 0.08052884615384616 0.021634615384615384 0.02403846153846154
0 0.8653846153846154 0.07932692307692307 0.016826923076923076 0.02403846153846154
0 0.6394230769230769 0.046875 0.026442307692307692 0.03125
0 0.5552884615384616 0.036057692307692304 0.021634615384615384 0.028846153846153848
0 0.7019230769230769 0.3545673076923077 0.03365384615384615 0.04567307692307692
0 0.078125 0.27163461538461536 0.038461538461538464 0.04567307692307692
0 0.7259615384615384 0.0625 0.016826923076923076 0.019230769230769232
0 0.7115384615384616 0.06009615384615385 0.016826923076923076 0.019230769230769232
0 0.4266826923076923 0.33533653846153844 0.038461538461538464 0.04567307692307692
0 0.796875 0.07211538461538461 0.01201923076923077 0.01201923076923077
0 0.4014423076923077 0.019230769230769232 0.021634615384615384 0.03365384615384615
0 0.30408653846153844 0.008413461538461538 0.021634615384615384 0.016826923076923076
0 0.5709134615384616 0.04567307692307692 0.016826923076923076 0.019230769230769232
0 0.4951923076923077 0.03485576923076923 0.02403846153846154 0.021634615384615384
0 0.8557692307692307 0.08533653846153846 0.016826923076923076 0.02403846153846154
0 0.43028846153846156 0.025240384615384616 0.016826923076923076 0.019230769230769232
0 0.9074519230769231 0.09254807692307693 0.016826923076923076 0.02403846153846154
0 0.7596153846153846 0.07211538461538461 0.026442307692307692 0.026442307692307692
0 0.671875 0.05889423076923077 0.021634615384615384 0.02403846153846154
0 0.5408653846153846 0.040865384615384616 0.021634615384615384 0.02403846153846154
0 0.7379807692307693 0.07091346153846154 0.016826923076923076 0.019230769230769232
0 0.2512019230769231 0.008413461538461538 0.021634615384615384 0.016826923076923076
0 0.78125 0.07692307692307693 0.019230769230769232 0.019230769230769232
0 0.9975961538461539 0.10817307692307693 0.004807692307692308 0.02403846153846154
0 0.41466346153846156 0.025240384615384616 0.019230769230769232 0.019230769230769232
0 0.3894230769230769 0.021634615384615384 0.026442307692307692 0.026442307692307692
0 0.9507211538461539 0.10096153846153846 0.016826923076923076 0.019230769230769232
0 0.265625 0.010817307692307692 0.021634615384615384 0.021634615384615384
0 0.5841346153846154 0.051682692307692304 0.021634615384615384 0.02403846153846154
0 0.1875 0.002403846153846154 0.019230769230769232 0.004807692307692308
0 0.890625 0.09495192307692307 0.016826923076923076 0.019230769230769232
0 0.6526442307692307 0.06129807692307692 0.016826923076923076 0.019230769230769232
0 0.9206730769230769 0.10096153846153846 0.016826923076923076 0.02403846153846154
0 0.8305288461538461 0.0889423076923077 0.021634615384615384 0.02403846153846154
0 0.6069711538461539 0.057692307692307696 0.019230769230769232 0.019230769230769232
0 0.2860576923076923 0.01201923076923077 0.019230769230769232 0.019230769230769232
0 0.20793269230769232 0.007211538461538462 0.026442307692307692 0.014423076923076924
0 0.8173076923076923 0.08653846153846154 0.016826923076923076 0.02403846153846154
0 0.31971153846153844 0.018028846153846152 0.021634615384615384 0.02403846153846154
0 0.9314903846153846 0.1045673076923077 0.021634615384615384 0.028846153846153848
0 0.8653846153846154 0.09735576923076923 0.026442307692307692 0.036057692307692304
0 0.7800480769230769 0.08533653846153846 0.016826923076923076 0.019230769230769232
0 0.14423076923076922 0.002403846153846154 0.019230769230769232 0.004807692307692308
0 0.8028846153846154 0.09134615384615384 0.021634615384615384 0.02403846153846154
0 0.5072115384615384 0.04927884615384615 0.021634615384615384 0.02403846153846154
0 0.4543269230769231 0.042067307692307696 0.026442307692307692 0.026442307692307692
0 0.35096153846153844 0.027644230769230768 0.021634615384615384 0.02403846153846154
0 0.3713942307692308 0.030048076923076924 0.026442307692307692 0.03125
0 0.609375 0.06370192307692307 0.026442307692307692 0.03125
0 0.09975961538461539 0.004807692307692308 0.021634615384615384 0.009615384615384616
0 0.42427884615384615 0.039663461538461536 0.019230769230769232 0.019230769230769232
0 0.84375 0.09975961538461539 0.021634615384615384 0.02403846153846154
0 0.5504807692307693 0.057692307692307696 0.019230769230769232 0.019230769230769232
0 0.33653846153846156 0.027644230769230768 0.03125 0.036057692307692304
0 0.6875 0.07692307692307693 0.019230769230769232 0.028846153846153848
0 0.9651442307692307 0.11658653846153846 0.016826923076923076 0.02403846153846154
0 0.0829326923076923 0.003605769230769231 0.026442307692307692 0.007211538461538462
0 0.6742788461538461 0.07572115384615384 0.016826923076923076 0.02403846153846154
0 0.47716346153846156 0.04807692307692308 0.016826923076923076 0.02403846153846154
0 0.7055288461538461 0.08173076923076923 0.021634615384615384 0.02403846153846154
0 0.7860576923076923 0.09375 0.016826923076923076 0.02403846153846154
0 0.49278846153846156 0.052884615384615384 0.021634615384615384 0.02403846153846154
0 0.11899038461538461 0.007211538461538462 0.021634615384615384 0.014423076923076924
0 0.6322115384615384 0.07451923076923077 0.016826923076923076 0.019230769230769232
0 0.23677884615384615 0.021634615384615384 0.021634615384615384 0.02403846153846154
0 0.30408653846153844 0.030048076923076924 0.021634615384615384 0.02403846153846154
0 0.5192307692307693 0.06370192307692307 0.016826923076923076 0.019230769230769232
0 0.8173076923076923 0.10576923076923077 0.016826923076923076 0.02403846153846154
0 0.7367788461538461 0.09375 0.026442307692307692 0.026442307692307692
0 0.4639423076923077 0.055288461538461536 0.026442307692307692 0.026442307692307692
0 0.9795673076923077 0.12860576923076922 0.014423076923076924 0.028846153846153848
0 0.8942307692307693 0.11899038461538461 0.026442307692307692 0.026442307692307692
0 0.9134615384615384 0.12139423076923077 0.026442307692307692 0.026442307692307692
0 0.3894230769230769 0.04807692307692308 0.021634615384615384 0.02403846153846154
0 0.40865384615384615 0.05048076923076923 0.016826923076923076 0.02403846153846154
0 0.25841346153846156 0.028846153846153848 0.026442307692307692 0.03125
0 0.8701923076923077 0.11538461538461539 0.021634615384615384 0.028846153846153848
0 0.5324519230769231 0.06971153846153846 0.021634615384615384 0.02403846153846154
0 0.9411057692307693 0.12740384615384615 0.021634615384615384 0.02403846153846154
0 0.6189903846153846 0.08173076923076923 0.016826923076923076 0.019230769230769232
0 0.8028846153846154 0.10817307692307693 0.021634615384615384 0.02403846153846154
0 0.6586538461538461 0.08774038461538461 0.016826923076923076 0.02403846153846154
0 0.34375 0.04567307692307692 0.021634615384615384 0.028846153846153848
0 0.2704326923076923 0.036057692307692304 0.021634615384615384 0.028846153846153848
0 0.20552884615384615 0.026442307692307692 0.016826923076923076 0.02403846153846154
0 0.5709134615384616 0.078125 0.021634615384615384 0.02403846153846154
0 0.4411057692307692 0.06009615384615385 0.021634615384615384 0.02403846153846154
0 0.828125 0.04807692307692308 0.016826923076923076 0.016826923076923076
0 0.8798076923076923 0.057692307692307696 0.019230769230769232 0.019230769230769232
0 0.8016826923076923 0.046875 0.019230769230769232 0.019230769230769232
0 0.7439903846153846 0.039663461538461536 0.016826923076923076 0.019230769230769232
0 0.7295673076923077 0.10216346153846154 0.021634615384615384 0.028846153846153848
0 0.7175480769230769 0.10096153846153846 0.014423076923076924 0.028846153846153848
0 0.3762019230769231 0.052884615384615384 0.021634615384615384 0.028846153846153848
0 0.6899038461538461 0.09735576923076923 0.016826923076923076 0.016826923076923076
0 0.7475961538461539 0.1045673076923077 0.021634615384615384 0.03365384615384615
0 0.6442307692307693 0.09014423076923077 0.021634615384615384 0.028846153846153848
0 0.2127403846153846 0.03245192307692308 0.021634615384615384 0.02403846153846154
0 0.1622596153846154 0.025240384615384616 0.016826923076923076 0.02403846153846154
0 0.07211538461538461 0.016826923076923076 0.014423076923076924 0.03365384615384615
0 0.8185096153846154 0.11778846153846154 0.026442307692307692 0.026442307692307692
0 0.7055288461538461 0.10216346153846154 0.021634615384615384 0.02403846153846154
0 0.9855769230769231 0.140625 0.016826923076923076 0.02403846153846154
0 0.8365384615384616 0.12139423076923077 0.021634615384615384 0.02403846153846154
0 0.9447115384615384 0.13701923076923078 0.016826923076923076 0.02403846153846154
0 0.9074519230769231 0.1310096153846154 0.021634615384615384 0.02403846153846154
0 0.140625 0.02403846153846154 0.021634615384615384 0.028846153846153848
0 0.78125 0.11298076923076923 0.016826923076923076 0.019230769230769232
0 0.4987980769230769 0.0733173076923077 0.021634615384615384 0.02403846153846154
0 0.4807692307692308 0.0733173076923077 0.021634615384615384 0.03365384615384615
0 0.4567307692307692 0.07091346153846154 0.026442307692307692 0.026442307692307692
0 0.24158653846153846 0.039663461538461536 0.03125 0.03125
0 0.08052884615384616 0.018028846153846152 0.016826923076923076 0.019230769230769232
0 0.32572115384615385 0.051682692307692304 0.021634615384615384 0.02403846153846154
0 0.6021634615384616 0.09375 0.026442307692307692 0.026442307692307692
0 0.11057692307692307 0.02403846153846154 0.021634615384615384 0.028846153846153848
0 0.4266826923076923 0.06850961538461539 0.016826923076923076 0.02403846153846154
0 0.9735576923076923 0.07091346153846154 0.016826923076923076 0.019230769230769232
0 0.6778846153846154 0.030048076923076924 0.019230769230769232 0.019230769230769232
0 0.8461538461538461 0.052884615384615384 0.016826923076923076 0.019230769230769232
0 0.5564903846153846 0.013221153846153846 0.016826923076923076 0.019230769230769232
0 0.22596153846153846 0.040865384615384616 0.026442307692307692 0.026442307692307692
0 0.7980769230769231 0.12259615384615384 0.019230769230769232 0.016826923076923076
0 0.3004807692307692 0.052884615384615384 0.021634615384615384 0.02403846153846154
0 0.9495192307692307 0.14423076923076922 0.016826923076923076 0.016826923076923076
0 0.5180288461538461 0.08413461538461539 0.021634615384615384 0.02403846153846154
0 0.20072115384615385 0.039663461538461536 0.016826923076923076 0.016826923076923076
0 0.09495192307692307 0.02403846153846154 0.021634615384615384 0.028846153846153848
0 0.5420673076923077 0.08774038461538461 0.021634615384615384 0.02403846153846154
0 0.3918269230769231 0.06850961538461539 0.021634615384615384 0.028846153846153848
0 0.8389423076923077 0.13341346153846154 0.021634615384615384 0.02403846153846154
0 0.7692307692307693 0.12620192307692307 0.026442307692307692 0.03125
0 0.8185096153846154 0.13341346153846154 0.026442307692307692 0.03125
0 0.6826923076923077 0.1141826923076923 0.021634615384615384 0.028846153846153848
0 0.5769230769230769 0.09975961538461539 0.021634615384615384 0.028846153846153848
0 0.8293269230769231 0.13701923076923078 0.019230769230769232 0.016826923076923076
0 0.7487980769230769 0.12620192307692307 0.016826923076923076 0.02403846153846154
0 0.9170673076923077 0.06370192307692307 0.016826923076923076 0.019230769230769232
0 0.9807692307692307 0.07451923076923077 0.021634615384615384 0.02403846153846154
0 0.6322115384615384 0.025240384615384616 0.021634615384615384 0.02403846153846154
0 0.6983173076923077 0.11899038461538461 0.026442307692307692 0.036057692307692304
0 0.4651442307692308 0.08653846153846154 0.019230769230769232 0.019230769230769232
0 0.8509615384615384 0.14302884615384615 0.02403846153846154 0.016826923076923076
0 0.6598557692307693 0.11538461538461539 0.019230769230769232 0.019230769230769232
0 0.33774038461538464 0.07091346153846154 0.021634615384615384 0.028846153846153848
0 0.9206730769230769 0.15264423076923078 0.021634615384615384 0.02403846153846154
0 0.28365384615384615 0.0625 0.026442307692307692 0.026442307692307692
0 0.734375 0.12860576923076922 0.026442307692307692 0.026442307692307692
0 0.6081730769230769 0.11057692307692307 0.021634615384615384 0.028846153846153848
0 0.9915865384615384 0.16466346153846154 0.016826923076923076 0.019230769230769232
0 0.20673076923076922 0.056490384615384616 0.021634615384615384 0.028846153846153848
0 0.18629807692307693 0.054086538461538464 0.021634615384615384 0.03365384615384615
0 0.0673076923076923 0.037259615384615384 0.019230769230769232 0.028846153846153848
0 0.8822115384615384 0.15144230769230768 0.016826923076923076 0.02403846153846154
0 0.11057692307692307 0.04326923076923077 0.03125 0.03125
0 0.8004807692307693 0.140625 0.021634615384615384 0.028846153846153848
0 0.42908653846153844 0.08774038461538461 0.026442307692307692 0.036057692307692304
0 0.7848557692307693 0.140625 0.021634615384615384 0.028846153846153848
0 0.59375 0.1141826923076923 0.026442307692307692 0.026442307692307692