0 0.8052884615384616 0.14543269230769232 0.026442307692307692 0.036057692307692304
0 0.7788461538461539 0.14903846153846154 0.021634615384615384 0.02403846153846154
0 0.5288461538461539 0.11899038461538461 0.021634615384615384 0.03365384615384615
0 0.2608173076923077 0.09014423076923077 0.04807692307692308 0.055288461538461536
0 0.1778846153846154 0.08774038461538461 0.04807692307692308 0.055288461538461536
0 0.7920673076923077 0.16826923076923078 0.026442307692307692 0.036057692307692304
0 0.5 0.13221153846153846 0.03365384615384615 0.04567307692307692
0 0.6213942307692307 0.15144230769230768 0.036057692307692304 0.036057692307692304
0 0.4543269230769231 0.1346153846153846 0.038461538461538464 0.04567307692307692
0 0.3894230769230769 0.12860576923076922 0.04807692307692308 0.06009615384615385
0 0.9627403846153846 0.19951923076923078 0.05048076923076923 0.07451923076923077
0 0.84375 0.18990384615384615 0.04567307692307692 0.04326923076923077
0 0.1971153846153846 0.11298076923076923 0.04807692307692308 0.06490384615384616
0 0.5300480769230769 0.15384615384615385 0.04326923076923077 0.05048076923076923
0 0.7283653846153846 0.18269230769230768 0.04326923076923077 0.06009615384615385
0 0.31009615384615385 0.13942307692307693 0.06490384615384616 0.08413461538461539
0 0.7752403846153846 0.19591346153846154 0.04326923076923077 0.05048076923076923
0 0.6117788461538461 0.18028846153846154 0.028846153846153848 0.04567307692307692
0 0.5745192307692307 0.17668269230769232 0.04326923076923077 0.06009615384615385
0 0.9867788461538461 0.23197115384615385 0.026442307692307692 0.04567307692307692
0 0.6959134615384616 0.1971153846153846 0.052884615384615384 0.06009615384615385
0 0.6430288461538461 0.19591346153846154 0.038461538461538464 0.04567307692307692
0 0.8028846153846154 0.23197115384615385 0.06490384615384616 0.08413461538461539
0 0.23076923076923078 0.16466346153846154 0.0625 0.0985576923076923
0 0.5264423076923077 0.20432692307692307 0.04807692307692308 0.06009615384615385
0 0.08653846153846154 0.15985576923076922 0.04567307692307692 0.07451923076923077
0 0.3581730769230769 0.1935096153846154 0.038461538461538464 0.0625
0 0.9182692307692307 0.2644230769230769 0.04326923076923077 0.06490384615384616
0 0.16947115384615385 0.17427884615384615 0.06490384615384616 0.08173076923076923
0 0.125 0.16947115384615385 0.06971153846153846 0.0889423076923077
0 0.40024038461538464 0.203125 0.0985576923076923 0.13942307692307693
0 0.9663461538461539 0.27283653846153844 0.055288461538461536 0.06971153846153846
0 0.6646634615384616 0.24278846153846154 0.06490384615384616 0.08413461538461539
0 0.45913461538461536 0.21995192307692307 0.06971153846153846 0.08173076923076923
0 0.7644230769230769 0.2704326923076923 0.07932692307692307 0.09615384615384616
0 0.5456730769230769 0.2536057692307692 0.06009615384615385 0.0889423076923077
0 0.8425480769230769 0.2920673076923077 0.06490384615384616 0.08413461538461539
0 0.13341346153846154 0.22115384615384615 0.06490384615384616 0.08173076923076923
0 0.056490384615384616 0.23317307692307693 0.06490384615384616 0.09375
0 0.9807692307692307 0.38100961538461536 0.038461538461538464 0.11298076923076923
0 0.05889423076923077 0.31971153846153844 0.07451923076923077 0.08653846153846154
0 0.7980769230769231 0.41346153846153844 0.08653846153846154 0.11778846153846154
0 0.5612980769230769 0.3858173076923077 0.07211538461538461 0.11298076923076923
0 0.1466346153846154 0.3557692307692308 0.0625 0.0673076923076923
0 0.14423076923076922 0.41586538461538464 0.09134615384615384 0.12980769230769232
0 0.10096153846153846 0.030048076923076924 0.057692307692307696 0.06009615384615385
0 0.9879807692307693 0.140625 0.02403846153846154 0.055288461538461536