0 0.5793269230769231 0.8545673076923077 0.2692307692307692 0.18990384615384615
0 0.06490384615384616 0.8233173076923077 0.12980769230769232 0.12259615384615384
0 0.234375 0.06129807692307692 0.055288461538461536 0.038461538461538464
0 0.17908653846153846 0.057692307692307696 0.06490384615384616 0.05048076923076923
0 0.5913461538461539 0.11778846153846154 0.055288461538461536 0.038461538461538464
0 0.9927884615384616 0.17668269230769232 0.014423076923076924 0.026442307692307692
0 0.8293269230769231 0.15504807692307693 0.06971153846153846 0.040865384615384616
0 0.7175480769230769 0.14903846153846154 0.052884615384615384 0.03365384615384615
0 0.6286057692307693 0.13701923076923078 0.036057692307692304 0.03125
0 0.28725961538461536 0.0889423076923077 0.04567307692307692 0.03365384615384615
0 0.33413461538461536 0.10096153846153846 0.06009615384615385 0.04567307692307692
0 0.9110576923076923 0.18389423076923078 0.055288461538461536 0.04326923076923077
0 0.39663461538461536 0.12139423076923077 0.0889423076923077 0.052884615384615384
0 0.3112980769230769 0.11298076923076923 0.06490384615384616 0.04567307692307692
0 0.07091346153846154 0.08052884615384616 0.040865384615384616 0.052884615384615384
0 0.15745192307692307 0.1310096153846154 0.08173076923076923 0.06490384615384616
0 0.3870192307692308 0.17307692307692307 0.10576923076923077 0.07692307692307693
0 0.5096153846153846 0.20192307692307693 0.08413461538461539 0.06490384615384616
0 0.8978365384615384 0.2980769230769231 0.04567307692307692 0.028846153846153848
0 0.22596153846153846 0.23918269230769232 0.06490384615384616 0.04567307692307692
0 0.7283653846153846 0.3125 0.05048076923076923 0.038461538461538464
0 0.8413461538461539 0.33774038461538464 0.055288461538461536 0.038461538461538464
0 0.7620192307692307 0.3293269230769231 0.057692307692307696 0.03125
0 0.6442307692307693 0.3329326923076923 0.055288461538461536 0.04326923076923077
0 0.7752403846153846 0.35697115384615385 0.06009615384615385 0.040865384615384616
0 0.8762019230769231 0.3894230769230769 0.06971153846153846 0.05048076923076923
0 0.7752403846153846 0.3894230769230769 0.055288461538461536 0.038461538461538464
0 0.6454326923076923 0.3798076923076923 0.07451923076923077 0.055288461538461536
0 0.6983173076923077 0.3870192307692308 0.06009615384615385 0.04567307692307692
0 0.9867788461538461 0.45072115384615385 0.026442307692307692 0.05048076923076923
0 0.5889423076923077 0.4423076923076923 0.09134615384615384 0.04807692307692308
0 0.36538461538461536 0.4579326923076923 0.12980769230769232 0.09134615384615384
0 0.765625 0.5324519230769231 0.1201923076923077 0.09375
0 0.18629807692307693 0.453125 0.10336538461538461 0.0625
0 0.5637019230769231 0.5108173076923077 0.125 0.0985576923076923
0 0.8918269230769231 0.5877403846153846 0.125 0.0889423076923077
0 0.16466346153846154 0.5360576923076923 0.14182692307692307 0.11538461538461539
0 0.6514423076923077 0.6550480769230769 0.1658653846153846 0.12259615384615384
0 0.9026442307692307 0.7487980769230769 0.1466346153846154 0.10576923076923077