1 0.1625 0.29140625 0.0375 0.315625
1 0.1984375 0.28359375 0.02578125 0.334375
1 0.2796875 0.25625 0.03515625 0.35546875
1 0.32109375 0.240625 0.0375 0.396875
1 0.36953125 0.2375 0.0390625 0.390625
1 0.40390625 0.2484375 0.0328125 0.36796875
1 0.43203125 0.24609375 0.03046875 0.36015625
1 0.465625 0.2828125 0.028125 0.3015625
1 0.4953125 0.3171875 0.02109375 0.22734375
1 0.525 0.31875 0.01875 0.2171875
1 0.7671875 0.18046875 0.2515625 0.096875
1 0.759375 0.28828125 0.26328125 0.07578125
1 0.246875 0.64296875 0.303125 0.09453125
1 0.25546875 0.7546875 0.271875 0.08984375
